1.915936584472656250e+02 2.539785614013671875e+02 1.254343185424804688e+02 -2.916088998317718506e-01 8.272456526756286621e-01 -4.802385270595550537e-01 0.000000000000000000e+00 2.000000000000000000e+00
1.917906036376953125e+02 2.534198608398437500e+02 1.257586593627929688e+02 -2.882820963859558105e-01 8.345414400100708008e-01 -4.695040285587310791e-01 0.000000000000000000e+00 2.000000000000000000e+00
1.919788665771484375e+02 2.528748626708984375e+02 1.260652694702148438e+02 -2.914755344390869141e-01 8.411367535591125488e-01 -4.555556774139404297e-01 0.000000000000000000e+00 2.000000000000000000e+00
1.921609649658203125e+02 2.523493652343750000e+02 1.263498764038085938e+02 -3.023050427436828613e-01 8.468385338783264160e-01 -4.375798106193542480e-01 0.000000000000000000e+00 2.000000000000000000e+00
1.923409423828125000e+02 2.518451995849609375e+02 1.266103897094726562e+02 -3.199828863143920898e-01 8.513362407684326172e-01 -4.157371819019317627e-01 0.000000000000000000e+00 2.000000000000000000e+00
1.925235900878906250e+02 2.513592529296875000e+02 1.268476943969726562e+02 -3.404275774955749512e-01 8.544698953628540039e-01 -3.924160003662109375e-01 0.000000000000000000e+00 2.000000000000000000e+00
1.927129821777343750e+02 2.508838806152343750e+02 1.270660095214843750e+02 -3.571017384529113770e-01 8.565658926963806152e-01 -3.725227415561676025e-01 0.000000000000000000e+00 2.000000000000000000e+00
1.929112091064453125e+02 2.504084014892578125e+02 1.272727966308593750e+02 -3.643833100795745850e-01 8.582808971405029297e-01 -3.613566458225250244e-01 0.000000000000000000e+00 2.000000000000000000e+00
1.931178741455078125e+02 2.499216156005859375e+02 1.274777450561523438e+02 -3.592739403247833252e-01 8.599977493286132812e-01 -3.623893857002258301e-01 0.000000000000000000e+00 2.000000000000000000e+00
1.933299102783203125e+02 2.494140625000000000e+02 1.276916198730468750e+02 -3.421135842800140381e-01 8.609107136726379395e-01 -3.765514791011810303e-01 0.000000000000000000e+00 2.000000000000000000e+00
1.935419006347656250e+02 2.488805999755859375e+02 1.279249496459960938e+02 -3.161256015300750732e-01 8.591258525848388672e-01 -4.024516642093658447e-01 0.000000000000000000e+00 2.000000000000000000e+00
1.937472229003906250e+02 2.483226013183593750e+02 1.281863403320312500e+02 -2.840474545955657959e-01 8.523917198181152344e-01 -4.390277564525604248e-01 0.000000000000000000e+00 2.000000000000000000e+00
1.939384002685546875e+02 2.477489013671875000e+02 1.284818267822265625e+02 -2.471030056476593018e-01 8.386633992195129395e-01 -4.853697717189788818e-01 0.000000000000000000e+00 2.000000000000000000e+00
1.941078033447265625e+02 2.471739501953125000e+02 1.288145751953125000e+02 -2.054562270641326904e-01 8.155388236045837402e-01 -5.410028100013732910e-01 0.000000000000000000e+00 2.000000000000000000e+00
1.942484436035156250e+02 2.466156921386718750e+02 1.291849060058593750e+02 -1.589982509613037109e-01 7.806977629661560059e-01 -6.043431162834167480e-01 0.000000000000000000e+00 2.000000000000000000e+00
1.943553771972656250e+02 2.460906372070312500e+02 1.295913543701171875e+02 -1.085360944271087646e-01 7.328978776931762695e-01 -6.716252565383911133e-01 0.000000000000000000e+00 2.000000000000000000e+00
1.944265441894531250e+02 2.456100769042968750e+02 1.300317382812500000e+02 -5.768969282507896423e-02 6.743479967117309570e-01 -7.361566424369812012e-01 0.000000000000000000e+00 2.000000000000000000e+00
1.944635162353515625e+02 2.451779022216796875e+02 1.305035247802734375e+02 -1.200276799499988556e-02 6.118519306182861328e-01 -7.908811569213867188e-01 0.000000000000000000e+00 2.000000000000000000e+00
1.944711151123046875e+02 2.447905426025390625e+02 1.310042266845703125e+02 2.379108592867851257e-02 5.551093220710754395e-01 -8.314371109008789062e-01 0.000000000000000000e+00 2.000000000000000000e+00
1.944560241699218750e+02 2.444384307861328125e+02 1.315316162109375000e+02 4.738168045878410339e-02 5.120683908462524414e-01 -8.576368689537048340e-01 0.000000000000000000e+00 2.000000000000000000e+00
1.944255371093750000e+02 2.441089477539062500e+02 1.320834503173828125e+02 6.066546961665153503e-02 4.866682589054107666e-01 -8.714779019355773926e-01 0.000000000000000000e+00 2.000000000000000000e+00
1.943856048583984375e+02 2.437886047363281250e+02 1.326570892333984375e+02 6.691724807024002075e-02 4.790661633014678955e-01 -8.752244114875793457e-01 0.000000000000000000e+00 2.000000000000000000e+00
1.943403320312500000e+02 2.434644927978515625e+02 1.332492218017578125e+02 7.018031179904937744e-02 4.865060448646545410e-01 -8.708539605140686035e-01 0.000000000000000000e+00 2.000000000000000000e+00
1.942914733886718750e+02 2.431257934570312500e+02 1.338554992675781250e+02 7.315140962600708008e-02 5.053166151046752930e-01 -8.598278164863586426e-01 0.000000000000000000e+00 2.000000000000000000e+00
1.942391662597656250e+02 2.427644653320312500e+02 1.344703216552734375e+02 7.678411155939102173e-02 5.315822958946228027e-01 -8.435190916061401367e-01 0.000000000000000000e+00 2.000000000000000000e+00
1.941830291748046875e+02 2.423758239746093750e+02 1.350870208740234375e+02 8.080574870109558105e-02 5.619233846664428711e-01 -8.232329487800598145e-01 0.000000000000000000e+00 2.000000000000000000e+00
1.941229858398437500e+02 2.419582824707031250e+02 1.356987304687500000e+02 8.394695073366165161e-02 5.929121971130371094e-01 -8.008795380592346191e-01 0.000000000000000000e+00 2.000000000000000000e+00
1.940599517822265625e+02 2.415130767822265625e+02 1.363000946044921875e+02 8.474615961313247681e-02 6.219769716262817383e-01 -7.784361243247985840e-01 0.000000000000000000e+00 2.000000000000000000e+00
1.939959564208984375e+02 2.410433959960937500e+02 1.368879241943359375e+02 8.239283412694931030e-02 6.477350592613220215e-01 -7.573973536491394043e-01 0.000000000000000000e+00 2.000000000000000000e+00
1.939335784912109375e+02 2.405530090332031250e+02 1.374613342285156250e+02 7.639942318201065063e-02 6.694063544273376465e-01 -7.389574646949768066e-01 0.000000000000000000e+00 2.000000000000000000e+00
1.938757019042968750e+02 2.400458984375000000e+02 1.380211334228515625e+02 6.754751503467559814e-02 6.873952746391296387e-01 -7.231355905532836914e-01 0.000000000000000000e+00 2.000000000000000000e+00
1.938246002197265625e+02 2.395258636474609375e+02 1.385682067871093750e+02 5.787276104092597961e-02 7.030678987503051758e-01 -7.087639570236206055e-01 0.000000000000000000e+00 2.000000000000000000e+00
1.937810363769531250e+02 2.389966278076171875e+02 1.391017303466796875e+02 5.095037817955017090e-02 7.182425856590270996e-01 -6.939249038696289062e-01 0.000000000000000000e+00 2.000000000000000000e+00
1.937430877685546875e+02 2.384616699218750000e+02 1.396185760498046875e+02 5.098011717200279236e-02 7.350276708602905273e-01 -6.761177778244018555e-01 0.000000000000000000e+00 2.000000000000000000e+00
1.937058105468750000e+02 2.379242095947265625e+02 1.401129608154296875e+02 6.245452538132667542e-02 7.549858093261718750e-01 -6.527602076530456543e-01 0.000000000000000000e+00 2.000000000000000000e+00
1.936613616943359375e+02 2.373868865966796875e+02 1.405775299072265625e+02 -8.865137398242950439e-02 -7.780709862709045410e-01 6.218894124031066895e-01 0.000000000000000000e+00 2.000000000000000000e+00
1.936003265380859375e+02 2.368511962890625000e+02 1.410056915283203125e+02 -1.310995072126388550e-01 -8.022582530975341797e-01 5.824041962623596191e-01 0.000000000000000000e+00 2.000000000000000000e+00
1.935132141113281250e+02 2.363181152343750000e+02 1.413926849365234375e+02 -1.867346465587615967e-01 -8.237038254737854004e-01 5.353897213935852051e-01 0.000000000000000000e+00 2.000000000000000000e+00
1.933929901123046875e+02 2.357877960205078125e+02 1.417373809814453125e+02 -2.500641345977783203e-01 -8.383818864822387695e-01 4.843385815620422363e-01 0.000000000000000000e+00 2.000000000000000000e+00
1.932356719970703125e+02 2.352603607177734375e+02 1.420420837402343750e+02 -3.156901299953460693e-01 -8.438559770584106445e-01 4.338742196559906006e-01 0.000000000000000000e+00 2.000000000000000000e+00
1.930397033691406250e+02 2.347365264892578125e+02 1.423114166259765625e+02 -3.827223181724548340e-01 -8.393471240997314453e-01 3.860310316085815430e-01 0.000000000000000000e+00 2.000000000000000000e+00
1.928031921386718750e+02 2.342178344726562500e+02 1.425499725341796875e+02 -4.536857604980468750e-01 -8.238521814346313477e-01 3.397600054740905762e-01 0.000000000000000000e+00 2.000000000000000000e+00
1.925217895507812500e+02 2.337068328857421875e+02 1.427607116699218750e+02 -5.308037400245666504e-01 -7.956469058990478516e-01 2.918789088726043701e-01 0.000000000000000000e+00 2.000000000000000000e+00
1.921883544921875000e+02 2.332070312500000000e+02 1.429440612792968750e+02 -6.116069555282592773e-01 -7.536684870719909668e-01 2.406672537326812744e-01 0.000000000000000000e+00 2.000000000000000000e+00
1.917949218750000000e+02 2.327222137451171875e+02 1.430988769531250000e+02 -6.885163784027099609e-01 -7.003889679908752441e-01 1.881501674652099609e-01 0.000000000000000000e+00 2.000000000000000000e+00
1.913365478515625000e+02 2.322559356689453125e+02 1.432241363525390625e+02 -7.530253529548645020e-01 -6.430829167366027832e-01 1.392736583948135376e-01 0.000000000000000000e+00 2.000000000000000000e+00
1.908151397705078125e+02 2.318106536865234375e+02 1.433205718994140625e+02 -8.009067177772521973e-01 -5.905449986457824707e-01 9.902003407478332520e-02 0.000000000000000000e+00 2.000000000000000000e+00
1.902408752441406250e+02 2.313872222900390625e+02 1.433915710449218750e+02 -8.326984047889709473e-01 -5.493266582489013672e-01 6.966724991798400879e-02 0.000000000000000000e+00 2.000000000000000000e+00
1.896302642822265625e+02 2.309844055175781250e+02 1.434426574707031250e+02 -8.514265418052673340e-01 -5.220055580139160156e-01 5.082495138049125671e-02 0.000000000000000000e+00 2.000000000000000000e+00
1.890022125244140625e+02 2.305993499755859375e+02 1.434801483154296875e+02 -8.600966930389404297e-01 -5.085340738296508789e-01 4.033366590738296509e-02 0.000000000000000000e+00 2.000000000000000000e+00
1.883735656738281250e+02 2.302276611328125000e+02 1.435096282958984375e+02 -8.611834645271301270e-01 -5.070167183876037598e-01 3.601478785276412964e-02 0.000000000000000000e+00 2.000000000000000000e+00
1.877562103271484375e+02 2.298641967773437500e+02 1.435354461669921875e+02 -8.566358089447021484e-01 -5.146833062171936035e-01 3.572312742471694946e-02 0.000000000000000000e+00 2.000000000000000000e+00
1.871564941406250000e+02 2.295038757324218750e+02 1.435604553222656250e+02 -8.480414152145385742e-01 -5.285183191299438477e-01 3.865576162934303284e-02 0.000000000000000000e+00 2.000000000000000000e+00
1.865760345458984375e+02 2.291421203613281250e+02 1.435869140625000000e+02 -8.367146253585815430e-01 -5.458107590675354004e-01 4.471253976225852966e-02 0.000000000000000000e+00 2.000000000000000000e+00
1.860135192871093750e+02 2.287751770019531250e+02 1.436169738769531250e+02 -8.237504959106445312e-01 -5.643608570098876953e-01 5.414667725563049316e-02 0.000000000000000000e+00 2.000000000000000000e+00
1.854661407470703125e+02 2.284001617431640625e+02 1.436529541015625000e+02 -8.096264600753784180e-01 -5.830567479133605957e-01 6.745347380638122559e-02 0.000000000000000000e+00 2.000000000000000000e+00
1.849313507080078125e+02 2.280150299072265625e+02 1.436975097656250000e+02 -7.947779297828674316e-01 -6.010707616806030273e-01 8.391662687063217163e-02 0.000000000000000000e+00 2.000000000000000000e+00
1.844073333740234375e+02 2.276187286376953125e+02 1.437528381347656250e+02 -7.793340682983398438e-01 -6.182665824890136719e-01 1.019059717655181885e-01 0.000000000000000000e+00 2.000000000000000000e+00
1.838937683105468750e+02 2.272113037109375000e+02 1.438199920654296875e+02 -7.631568908691406250e-01 -6.351678967475891113e-01 1.189678832888603210e-01 0.000000000000000000e+00 2.000000000000000000e+00
1.833916320800781250e+02 2.267933807373046875e+02 1.438982696533203125e+02 -7.466905713081359863e-01 -6.518849134445190430e-01 1.322847604751586914e-01 0.000000000000000000e+00 2.000000000000000000e+00
1.829031066894531250e+02 2.263668823242187500e+02 1.439848175048828125e+02 -7.307408452033996582e-01 -6.683895587921142578e-01 1.388282626867294312e-01 0.000000000000000000e+00 2.000000000000000000e+00
1.824302825927734375e+02 2.259344024658203125e+02 1.440746459960937500e+02 -7.159963250160217285e-01 -6.845824718475341797e-01 1.367342472076416016e-01 0.000000000000000000e+00 2.000000000000000000e+00
1.819746856689453125e+02 2.254987945556640625e+02 1.441616516113281250e+02 -7.031238079071044922e-01 -6.998687386512756348e-01 1.257003098726272583e-01 0.000000000000000000e+00 2.000000000000000000e+00
1.815363159179687500e+02 2.250624542236328125e+02 1.442400207519531250e+02 -6.921272873878479004e-01 -7.137539386749267578e-01 1.073081120848655701e-01 0.000000000000000000e+00 2.000000000000000000e+00
1.811139068603515625e+02 2.246268463134765625e+02 1.443055114746093750e+02 -6.826353669166564941e-01 -7.258346676826477051e-01 8.469301462173461914e-02 0.000000000000000000e+00 2.000000000000000000e+00
1.807047271728515625e+02 2.241917724609375000e+02 1.443562774658203125e+02 -6.735936999320983887e-01 -7.365005016326904297e-01 6.195560470223426819e-02 0.000000000000000000e+00 2.000000000000000000e+00
1.803049163818359375e+02 2.237546234130859375e+02 1.443930511474609375e+02 -6.637909412384033203e-01 -7.467359304428100586e-01 4.203709959983825684e-02 0.000000000000000000e+00 2.000000000000000000e+00
1.799102478027343750e+02 2.233106384277343750e+02 1.444180450439453125e+02 -6.522521972656250000e-01 -7.575748562812805176e-01 2.544622682034969330e-02 0.000000000000000000e+00 2.000000000000000000e+00
1.795163879394531250e+02 2.228531799316406250e+02 1.444334106445312500e+02 -6.384612917900085449e-01 -7.695960402488708496e-01 9.442292153835296631e-03 0.000000000000000000e+00 2.000000000000000000e+00
1.791201934814453125e+02 2.223756103515625000e+02 1.444392700195312500e+02 -6.226452589035034180e-01 -7.824406623840332031e-01 -9.969366714358329773e-03 0.000000000000000000e+00 2.000000000000000000e+00
1.787208862304687500e+02 2.218738250732421875e+02 1.444328765869140625e+02 -6.226452589035034180e-01 -7.824406623840332031e-01 -9.969366714358329773e-03 0.000000000000000000e+00 2.000000000000000000e+00
