9.993965148925781250e+01 2.426677093505859375e+02 1.683406829833984375e+02 -4.726935923099517822e-01 -8.797370791435241699e-01 -5.121867358684539795e-02 0.000000000000000000e+00 1.000000000000000000e+00
1.000516052246093750e+02 2.428760681152343750e+02 1.683528137207031250e+02 -4.726541638374328613e-01 -8.797680139541625977e-01 -5.105246603488922119e-02 0.000000000000000000e+00 1.000000000000000000e+00
1.001979598999023438e+02 2.431484832763671875e+02 1.683686218261718750e+02 -4.726270437240600586e-01 -8.797833323478698730e-01 -5.103815719485282898e-02 0.000000000000000000e+00 1.000000000000000000e+00
1.003768463134765625e+02 2.434814758300781250e+02 1.683879394531250000e+02 -4.726120233535766602e-01 -8.797891736030578613e-01 -5.107619613409042358e-02 0.000000000000000000e+00 1.000000000000000000e+00
1.005832672119140625e+02 2.438657379150390625e+02 1.684102478027343750e+02 -4.726188778877258301e-01 -8.797852396965026855e-01 -5.108021199703216553e-02 0.000000000000000000e+00 1.000000000000000000e+00
1.008105697631835938e+02 2.442888641357421875e+02 1.684348144531250000e+02 -4.726639986038208008e-01 -8.797610998153686523e-01 -5.107943341135978699e-02 0.000000000000000000e+00 1.000000000000000000e+00
1.010520172119140625e+02 2.447382659912109375e+02 1.684609069824218750e+02 -4.726507961750030518e-01 -8.797662258148193359e-01 -5.111297592520713806e-02 0.000000000000000000e+00 1.000000000000000000e+00
1.013020477294921875e+02 2.452036590576171875e+02 1.684879455566406250e+02 -4.726039767265319824e-01 -8.797946572303771973e-01 -5.105635151267051697e-02 0.000000000000000000e+00 1.000000000000000000e+00
1.015567092895507812e+02 2.456777343750000000e+02 1.685154571533203125e+02 -4.726081490516662598e-01 -8.797901272773742676e-01 -5.109580606222152710e-02 0.000000000000000000e+00 1.000000000000000000e+00
1.018138580322265625e+02 2.461564331054687500e+02 1.685432586669921875e+02 -4.726171493530273438e-01 -8.797939419746398926e-01 -5.094761401414871216e-02 0.000000000000000000e+00 1.000000000000000000e+00
1.020726089477539062e+02 2.466381072998046875e+02 1.685711517333984375e+02 -4.725511670112609863e-01 -8.798369169235229492e-01 -5.081731081008911133e-02 0.000000000000000000e+00 1.000000000000000000e+00
1.023331222534179688e+02 2.471231536865234375e+02 1.685991668701171875e+02 -4.724162518978118896e-01 -8.799255490303039551e-01 -5.053487792611122131e-02 0.000000000000000000e+00 1.000000000000000000e+00
1.025964431762695312e+02 2.476136169433593750e+02 1.686273345947265625e+02 -4.726434350013732910e-01 -8.798399567604064941e-01 -4.989752545952796936e-02 0.000000000000000000e+00 1.000000000000000000e+00
1.028649902343750000e+02 2.481135253906250000e+02 1.686556854248046875e+02 -4.735176265239715576e-01 -8.794475793838500977e-01 -4.850776493549346924e-02 0.000000000000000000e+00 1.000000000000000000e+00
1.031421890258789062e+02 2.486283569335937500e+02 1.686840820312500000e+02 -4.754074513912200928e-01 -8.785355091094970703e-01 -4.650996997952461243e-02 0.000000000000000000e+00 1.000000000000000000e+00
1.034321365356445312e+02 2.491641693115234375e+02 1.687124481201171875e+02 -4.795570075511932373e-01 -8.764415979385375977e-01 -4.330344125628471375e-02 0.000000000000000000e+00 1.000000000000000000e+00
1.037390060424804688e+02 2.497250061035156250e+02 1.687401580810546875e+02 -4.871179759502410889e-01 -8.724779486656188965e-01 -3.870759904384613037e-02 0.000000000000000000e+00 1.000000000000000000e+00
1.040660247802734375e+02 2.503107299804687500e+02 1.687661437988281250e+02 -4.993018805980682373e-01 -8.658238649368286133e-01 -3.235335275530815125e-02 0.000000000000000000e+00 1.000000000000000000e+00
1.044145431518554688e+02 2.509150848388671875e+02 1.687887268066406250e+02 -5.172912478446960449e-01 -8.554814457893371582e-01 -2.368913777172565460e-02 0.000000000000000000e+00 1.000000000000000000e+00
1.047837295532226562e+02 2.515256347656250000e+02 1.688056335449218750e+02 -5.415576696395874023e-01 -8.405681848526000977e-01 -1.265890244394540787e-02 0.000000000000000000e+00 1.000000000000000000e+00
1.051708297729492188e+02 2.521264648437500000e+02 1.688146820068359375e+02 5.721532702445983887e-01 8.201454281806945801e-01 -1.435303362086415291e-03 0.000000000000000000e+00 1.000000000000000000e+00
1.055722808837890625e+02 2.527019195556640625e+02 1.688136749267578125e+02 6.071088910102844238e-01 7.944062948226928711e-01 -1.836998574435710907e-02 0.000000000000000000e+00 1.000000000000000000e+00
1.059842834472656250e+02 2.532410278320312500e+02 1.688012084960937500e+02 6.435669660568237305e-01 7.644317746162414551e-01 -3.828360140323638916e-02 0.000000000000000000e+00 1.000000000000000000e+00
1.064039306640625000e+02 2.537394866943359375e+02 1.687762451171875000e+02 6.781998872756958008e-01 7.322623133659362793e-01 -6.194195151329040527e-02 0.000000000000000000e+00 1.000000000000000000e+00
1.068294525146484375e+02 2.541989288330078125e+02 1.687373809814453125e+02 7.085347771644592285e-01 6.996759176254272461e-01 -9.182619303464889526e-02 0.000000000000000000e+00 1.000000000000000000e+00
1.072602539062500000e+02 2.546243438720703125e+02 1.686815490722656250e+02 7.333694100379943848e-01 6.668487787246704102e-01 -1.322202384471893311e-01 0.000000000000000000e+00 1.000000000000000000e+00
1.076963729858398438e+02 2.550209045410156250e+02 1.686029205322265625e+02 7.521669864654541016e-01 6.315066218376159668e-01 -1.882660686969757080e-01 0.000000000000000000e+00 1.000000000000000000e+00
1.081376800537109375e+02 2.553914184570312500e+02 1.684924621582031250e+02 7.628601193428039551e-01 5.900881886482238770e-01 -2.642732858657836914e-01 0.000000000000000000e+00 1.000000000000000000e+00
1.085825500488281250e+02 2.557355346679687500e+02 1.683383483886718750e+02 7.608398199081420898e-01 5.396771430969238281e-01 -3.603765070438385010e-01 0.000000000000000000e+00 1.000000000000000000e+00
1.090272445678710938e+02 2.560509643554687500e+02 1.681277160644531250e+02 7.408246994018554688e-01 4.787653088569641113e-01 -4.711290001869201660e-01 0.000000000000000000e+00 1.000000000000000000e+00
1.094654159545898438e+02 2.563341369628906250e+02 1.678490600585937500e+02 6.992332935333251953e-01 4.094437062740325928e-01 -5.860279202461242676e-01 0.000000000000000000e+00 1.000000000000000000e+00
1.098889694213867188e+02 2.565821533203125000e+02 1.674940795898437500e+02 6.377770304679870605e-01 3.371056616306304932e-01 -6.925317645072937012e-01 0.000000000000000000e+00 1.000000000000000000e+00
1.102894897460937500e+02 2.567938537597656250e+02 1.670591735839843750e+02 5.637740492820739746e-01 2.672211825847625732e-01 -7.815059423446655273e-01 0.000000000000000000e+00 1.000000000000000000e+00
1.106603469848632812e+02 2.569696350097656250e+02 1.665450897216796875e+02 4.865128993988037109e-01 2.054055631160736084e-01 -8.491841554641723633e-01 0.000000000000000000e+00 1.000000000000000000e+00
1.109978332519531250e+02 2.571121215820312500e+02 1.659560241699218750e+02 4.145108461380004883e-01 1.550409495830535889e-01 -8.967401981353759766e-01 0.000000000000000000e+00 1.000000000000000000e+00
1.113017578125000000e+02 2.572257995605468750e+02 1.652985229492187500e+02 3.528246879577636719e-01 1.173026487231254578e-01 -9.283075332641601562e-01 0.000000000000000000e+00 1.000000000000000000e+00
1.115748367309570312e+02 2.573165893554687500e+02 1.645800323486328125e+02 3.031847178936004639e-01 9.155365079641342163e-02 -9.485235810279846191e-01 0.000000000000000000e+00 1.000000000000000000e+00
1.118215255737304688e+02 2.573910827636718750e+02 1.638082580566406250e+02 2.649307250976562500e-01 7.655888795852661133e-02 -9.612233638763427734e-01 0.000000000000000000e+00 1.000000000000000000e+00
1.120466766357421875e+02 2.574561462402343750e+02 1.629913635253906250e+02 2.358037233352661133e-01 6.953941285610198975e-02 -9.693094491958618164e-01 0.000000000000000000e+00 1.000000000000000000e+00
1.122544708251953125e+02 2.575174255371093750e+02 1.621371917724609375e+02 2.132813334465026855e-01 6.753095239400863647e-02 -9.746541380882263184e-01 0.000000000000000000e+00 1.000000000000000000e+00
1.124478149414062500e+02 2.575786437988281250e+02 1.612536468505859375e+02 2.132813334465026855e-01 6.753095239400863647e-02 -9.746541380882263184e-01 0.000000000000000000e+00 1.000000000000000000e+00
