3.069700012207031250e+02 3.259251098632812500e+02 5.181262588500976562e+01 9.581149816513061523e-01 -2.389558553695678711e-01 -1.578477770090103149e-01 0.000000000000000000e+00 2.000000000000000000e+00
3.064596252441406250e+02 3.260523986816406250e+02 5.189670944213867188e+01 9.580508470535278320e-01 -2.394069880247116089e-01 -1.575528234243392944e-01 0.000000000000000000e+00 2.000000000000000000e+00
3.058374023437500000e+02 3.262078857421875000e+02 5.199903488159179688e+01 9.579292535781860352e-01 -2.402288168668746948e-01 -1.570404320955276489e-01 0.000000000000000000e+00 2.000000000000000000e+00
3.051227111816406250e+02 3.263871154785156250e+02 5.211619949340820312e+01 9.578402042388916016e-01 -2.412851303815841675e-01 -1.559602320194244385e-01 0.000000000000000000e+00 2.000000000000000000e+00
3.043419189453125000e+02 3.265838012695312500e+02 5.224333190917968750e+01 9.577302932739257812e-01 -2.429033815860748291e-01 -1.541121304035186768e-01 0.000000000000000000e+00 2.000000000000000000e+00
3.035229797363281250e+02 3.267915039062500000e+02 5.237511062622070312e+01 9.577561616897583008e-01 -2.447403967380523682e-01 -1.510142385959625244e-01 0.000000000000000000e+00 2.000000000000000000e+00
3.026904602050781250e+02 3.270042419433593750e+02 5.250637817382812500e+01 9.582207202911376953e-01 -2.458878457546234131e-01 -1.461239755153656006e-01 0.000000000000000000e+00 2.000000000000000000e+00
3.018627319335937500e+02 3.272166442871093750e+02 5.263260269165039062e+01 9.595049619674682617e-01 -2.451358586549758911e-01 -1.387752890586853027e-01 0.000000000000000000e+00 2.000000000000000000e+00
3.010513000488281250e+02 3.274239501953125000e+02 5.274996185302734375e+01 9.622284770011901855e-01 -2.400557696819305420e-01 -1.284116357564926147e-01 0.000000000000000000e+00 2.000000000000000000e+00
3.002605895996093750e+02 3.276212158203125000e+02 5.285548400878906250e+01 9.666661620140075684e-01 -2.288888543844223022e-01 -1.147456988692283630e-01 0.000000000000000000e+00 2.000000000000000000e+00
2.994894714355468750e+02 3.278038024902343750e+02 5.294701766967773438e+01 9.727225303649902344e-01 -2.102069854736328125e-01 -9.810150414705276489e-02 0.000000000000000000e+00 2.000000000000000000e+00
2.987332458496093750e+02 3.279672241210937500e+02 5.302328491210937500e+01 9.795677065849304199e-01 -1.845979243516921997e-01 -7.981762290000915527e-02 0.000000000000000000e+00 2.000000000000000000e+00
2.979850769042968750e+02 3.281082153320312500e+02 5.308424758911132812e+01 9.860023856163024902e-01 -1.549357473850250244e-01 -6.159743666648864746e-02 0.000000000000000000e+00 2.000000000000000000e+00
2.972385253906250000e+02 3.282255249023437500e+02 5.313088607788085938e+01 9.911842942237854004e-01 -1.244831308722496033e-01 -4.535967484116554260e-02 0.000000000000000000e+00 2.000000000000000000e+00
2.964888916015625000e+02 3.283196716308593750e+02 5.316519165039062500e+01 9.948807954788208008e-01 -9.563226252794265747e-02 -3.265896067023277283e-02 0.000000000000000000e+00 2.000000000000000000e+00
2.957329711914062500e+02 3.283923339843750000e+02 5.319000625610351562e+01 9.973402023315429688e-01 -6.878208369016647339e-02 -2.411651797592639923e-02 0.000000000000000000e+00 2.000000000000000000e+00
2.949683227539062500e+02 3.284450683593750000e+02 5.320849609375000000e+01 9.988934397697448730e-01 -4.277436807751655579e-02 -1.955091021955013275e-02 0.000000000000000000e+00 2.000000000000000000e+00
2.941922302246093750e+02 3.284783020019531250e+02 5.322368621826171875e+01 9.997095465660095215e-01 -1.593885384500026703e-02 -1.807593367993831635e-02 0.000000000000000000e+00 2.000000000000000000e+00
2.934017028808593750e+02 3.284909057617187500e+02 5.323797988891601562e+01 9.997461438179016113e-01 1.286951452493667603e-02 -1.849284954369068146e-02 0.000000000000000000e+00 2.000000000000000000e+00
2.925932922363281250e+02 3.284804992675781250e+02 5.325293350219726562e+01 9.988826513290405273e-01 4.290379211306571960e-02 -1.981589011847972870e-02 0.000000000000000000e+00 2.000000000000000000e+00
2.917641296386718750e+02 3.284448852539062500e+02 5.326938247680664062e+01 9.971076250076293945e-01 7.288756966590881348e-02 -2.153455652296543121e-02 0.000000000000000000e+00 2.000000000000000000e+00
2.909132995605468750e+02 3.283826904296875000e+02 5.328775787353515625e+01 9.946146011352539062e-01 1.010109260678291321e-01 -2.320709452033042908e-02 0.000000000000000000e+00 2.000000000000000000e+00
2.900415649414062500e+02 3.282941589355468750e+02 5.330809783935546875e+01 9.917519688606262207e-01 1.258687525987625122e-01 -2.418689616024494171e-02 0.000000000000000000e+00 2.000000000000000000e+00
2.891513977050781250e+02 3.281811828613281250e+02 5.332980728149414062e+01 9.887012839317321777e-01 1.480869799852371216e-01 -2.323749475181102753e-02 0.000000000000000000e+00 2.000000000000000000e+00
2.882457275390625000e+02 3.280455322265625000e+02 5.335109329223632812e+01 9.855784177780151367e-01 1.681353896856307983e-01 -1.912302896380424500e-02 0.000000000000000000e+00 2.000000000000000000e+00
2.873265991210937500e+02 3.278887329101562500e+02 5.336892700195312500e+01 9.823457002639770508e-01 1.867337822914123535e-01 -1.128504704684019089e-02 0.000000000000000000e+00 2.000000000000000000e+00
2.863941650390625000e+02 3.277114868164062500e+02 5.337963867187500000e+01 9.790263175964355469e-01 2.037325799465179443e-01 -6.740108365193009377e-04 0.000000000000000000e+00 2.000000000000000000e+00
2.854466552734375000e+02 3.275143127441406250e+02 5.338029098510742188e+01 9.757820367813110352e-01 2.185065597295761108e-01 1.020874921232461929e-02 0.000000000000000000e+00 2.000000000000000000e+00
2.844815063476562500e+02 3.272981872558593750e+02 5.337019348144531250e+01 9.728945493698120117e-01 2.305199950933456421e-01 1.835052669048309326e-02 0.000000000000000000e+00 2.000000000000000000e+00
2.834969787597656250e+02 3.270649108886718750e+02 5.335162353515625000e+01 9.707937836647033691e-01 2.389400899410247803e-01 2.160871960222721100e-02 0.000000000000000000e+00 2.000000000000000000e+00
2.824938964843750000e+02 3.268180236816406250e+02 5.332929611206054688e+01 9.696270823478698730e-01 2.437887936830520630e-01 1.975201256573200226e-02 0.000000000000000000e+00 2.000000000000000000e+00
2.814768676757812500e+02 3.265623168945312500e+02 5.330857849121093750e+01 9.692100882530212402e-01 2.458434700965881348e-01 1.388560328632593155e-02 0.000000000000000000e+00 2.000000000000000000e+00
2.804536132812500000e+02 3.263027648925781250e+02 5.329391860961914062e+01 9.693582057952880859e-01 2.455742210149765015e-01 6.179245188832283020e-03 0.000000000000000000e+00 2.000000000000000000e+00
2.794338989257812500e+02 3.260444335937500000e+02 5.328741836547851562e+01 9.697789549827575684e-01 2.439815700054168701e-01 -1.268439460545778275e-03 0.000000000000000000e+00 2.000000000000000000e+00
2.784277038574218750e+02 3.257912902832031250e+02 5.328873443603515625e+01 9.702975749969482422e-01 2.418146878480911255e-01 -6.946492940187454224e-03 0.000000000000000000e+00 2.000000000000000000e+00
2.774435424804687500e+02 3.255460205078125000e+02 5.329578018188476562e+01 9.706425666809082031e-01 2.403301149606704712e-01 -9.716955944895744324e-03 0.000000000000000000e+00 2.000000000000000000e+00
2.764870910644531250e+02 3.253092041015625000e+02 5.330535507202148438e+01 9.703671932220458984e-01 2.414554208517074585e-01 -9.319065138697624207e-03 0.000000000000000000e+00 2.000000000000000000e+00
2.755619812011718750e+02 3.250790100097656250e+02 5.331423950195312500e+01 9.691570401191711426e-01 2.463649809360504150e-01 -6.233680061995983124e-03 0.000000000000000000e+00 2.000000000000000000e+00
2.746694030761718750e+02 3.248521118164062500e+02 5.331998062133789062e+01 9.666293859481811523e-01 2.561691403388977051e-01 -2.225655829533934593e-03 0.000000000000000000e+00 2.000000000000000000e+00
2.738095397949218750e+02 3.246242370605468750e+02 5.332196044921875000e+01 9.627227783203125000e-01 2.704899013042449951e-01 1.373900013277307153e-04 0.000000000000000000e+00 2.000000000000000000e+00
2.729808959960937500e+02 3.243914184570312500e+02 5.332184219360351562e+01 9.577286839485168457e-01 2.876620590686798096e-01 -2.493704436346888542e-03 0.000000000000000000e+00 2.000000000000000000e+00
2.721809692382812500e+02 3.241511535644531250e+02 5.332392501831054688e+01 9.521155357360839844e-01 3.054649233818054199e-01 -1.293094828724861145e-02 0.000000000000000000e+00 2.000000000000000000e+00
2.714065856933593750e+02 3.239027099609375000e+02 5.333444213867187500e+01 9.469682574272155762e-01 3.196837902069091797e-01 -3.245649486780166626e-02 0.000000000000000000e+00 2.000000000000000000e+00
2.706531982421875000e+02 3.236483764648437500e+02 5.336026382446289062e+01 9.429112076759338379e-01 3.276296257972717285e-01 -5.981036648154258728e-02 0.000000000000000000e+00 2.000000000000000000e+00
2.699161376953125000e+02 3.233922729492187500e+02 5.340701675415039062e+01 9.402859807014465332e-01 3.278061151504516602e-01 -9.168104827404022217e-02 0.000000000000000000e+00 2.000000000000000000e+00
2.691909790039062500e+02 3.231394653320312500e+02 5.347772216796875000e+01 9.390076398849487305e-01 3.209626078605651855e-01 -1.234810054302215576e-01 0.000000000000000000e+00 2.000000000000000000e+00
2.684745788574218750e+02 3.228945922851562500e+02 5.357192993164062500e+01 9.391273856163024902e-01 3.086911141872406006e-01 -1.508294343948364258e-01 0.000000000000000000e+00 2.000000000000000000e+00
2.677654418945312500e+02 3.226614990234375000e+02 5.368582153320312500e+01 9.400331974029541016e-01 2.953360974788665771e-01 -1.706286370754241943e-01 0.000000000000000000e+00 2.000000000000000000e+00
2.670645141601562500e+02 3.224412841796875000e+02 5.381304931640625000e+01 9.414017200469970703e-01 2.842273712158203125e-01 -1.815972328186035156e-01 0.000000000000000000e+00 2.000000000000000000e+00
2.663744506835937500e+02 3.222329406738281250e+02 5.394616317749023438e+01 9.425730705261230469e-01 2.785319983959197998e-01 -1.843257695436477661e-01 0.000000000000000000e+00 2.000000000000000000e+00
2.656987304687500000e+02 3.220332641601562500e+02 5.407830429077148438e+01 9.430882930755615234e-01 2.791810631752014160e-01 -1.806722730398178101e-01 0.000000000000000000e+00 2.000000000000000000e+00
2.650401916503906250e+02 3.218383178710937500e+02 5.420446395874023438e+01 9.427359104156494141e-01 2.849191427230834961e-01 -1.734070628881454468e-01 0.000000000000000000e+00 2.000000000000000000e+00
2.643999023437500000e+02 3.216448059082031250e+02 5.432223892211914062e+01 9.414528608322143555e-01 2.940657734870910645e-01 -1.648993939161300659e-01 0.000000000000000000e+00 2.000000000000000000e+00
2.637763671875000000e+02 3.214500427246093750e+02 5.443145370483398438e+01 9.396815299987792969e-01 3.037573099136352539e-01 -1.572583764791488647e-01 0.000000000000000000e+00 2.000000000000000000e+00
2.631666870117187500e+02 3.212529602050781250e+02 5.453348541259765625e+01 9.379832744598388672e-01 3.117541372776031494e-01 -1.516465991735458374e-01 0.000000000000000000e+00 2.000000000000000000e+00
2.625670166015625000e+02 3.210536499023437500e+02 5.463043594360351562e+01 9.366019368171691895e-01 3.175640404224395752e-01 -1.480873525142669678e-01 0.000000000000000000e+00 2.000000000000000000e+00
2.619736938476562500e+02 3.208524780273437500e+02 5.472424697875976562e+01 9.357393383979797363e-01 3.210006058216094971e-01 -1.461184769868850708e-01 0.000000000000000000e+00 2.000000000000000000e+00
2.613839721679687500e+02 3.206501770019531250e+02 5.481633377075195312e+01 9.352525472640991211e-01 3.228790163993835449e-01 -1.450929790735244751e-01 0.000000000000000000e+00 2.000000000000000000e+00
2.607957763671875000e+02 3.204471130371093750e+02 5.490758514404296875e+01 9.349305033683776855e-01 3.238594233989715576e-01 -1.449831575155258179e-01 0.000000000000000000e+00 2.000000000000000000e+00
2.602079772949218750e+02 3.202434997558593750e+02 5.499873733520507812e+01 9.346166253089904785e-01 3.244880437850952148e-01 -1.455994248390197754e-01 0.000000000000000000e+00 2.000000000000000000e+00
2.596191406250000000e+02 3.200390625000000000e+02 5.509046936035156250e+01 9.342161417007446289e-01 3.249174952507019043e-01 -1.472033858299255371e-01 0.000000000000000000e+00 2.000000000000000000e+00
2.590276489257812500e+02 3.198333435058593750e+02 5.518367004394531250e+01 9.335714578628540039e-01 3.253745734691619873e-01 -1.502523273229598999e-01 0.000000000000000000e+00 2.000000000000000000e+00
2.584310913085937500e+02 3.196254272460937500e+02 5.527968215942382812e+01 9.324631094932556152e-01 3.260774910449981689e-01 -1.555183231830596924e-01 0.000000000000000000e+00 2.000000000000000000e+00
2.578261413574218750e+02 3.194138793945312500e+02 5.538057708740234375e+01 9.308444261550903320e-01 3.267872631549835205e-01 -1.635201871395111084e-01 0.000000000000000000e+00 2.000000000000000000e+00
2.572088623046875000e+02 3.191971740722656250e+02 5.548901367187500000e+01 9.288019537925720215e-01 3.270334899425506592e-01 -1.742873787879943848e-01 0.000000000000000000e+00 2.000000000000000000e+00
2.565752868652343750e+02 3.189740905761718750e+02 5.560790252685546875e+01 9.263927340507507324e-01 3.267302811145782471e-01 -1.871996074914932251e-01 0.000000000000000000e+00 2.000000000000000000e+00
2.559226074218750000e+02 3.187438964843750000e+02 5.573979187011718750e+01 9.239572882652282715e-01 3.254811465740203857e-01 -2.009104043245315552e-01 0.000000000000000000e+00 2.000000000000000000e+00
2.552500000000000000e+02 3.185069580078125000e+02 5.588604736328125000e+01 9.217526912689208984e-01 3.233191072940826416e-01 -2.140950411558151245e-01 0.000000000000000000e+00 2.000000000000000000e+00
2.545593719482421875e+02 3.182647094726562500e+02 5.604645919799804688e+01 9.201647043228149414e-01 3.200919330120086670e-01 -2.254731208086013794e-01 0.000000000000000000e+00 2.000000000000000000e+00
2.538547363281250000e+02 3.180195922851562500e+02 5.621912002563476562e+01 9.193250536918640137e-01 3.161599040031433105e-01 -2.342742532491683960e-01 0.000000000000000000e+00 2.000000000000000000e+00
2.531411895751953125e+02 3.177742004394531250e+02 5.640095520019531250e+01 9.192753434181213379e-01 3.117606937885284424e-01 -2.402878254652023315e-01 0.000000000000000000e+00 2.000000000000000000e+00
2.524243621826171875e+02 3.175310974121093750e+02 5.658832550048828125e+01 9.200793504714965820e-01 3.066931068897247314e-01 -2.437076419591903687e-01 0.000000000000000000e+00 2.000000000000000000e+00
2.517086944580078125e+02 3.172925415039062500e+02 5.677788925170898438e+01 9.214155077934265137e-01 3.016985952854156494e-01 -2.448905408382415771e-01 0.000000000000000000e+00 2.000000000000000000e+00
2.509970855712890625e+02 3.170595397949218750e+02 5.696701812744140625e+01 9.232336282730102539e-01 2.965362966060638428e-01 -2.443480938673019409e-01 0.000000000000000000e+00 2.000000000000000000e+00
2.502911376953125000e+02 3.168327941894531250e+02 5.715385818481445312e+01 9.253214597702026367e-01 2.916587591171264648e-01 -2.423124611377716064e-01 0.000000000000000000e+00 2.000000000000000000e+00
2.495914154052734375e+02 3.166122436523437500e+02 5.733709335327148438e+01 9.276580810546875000e-01 2.869727909564971924e-01 -2.389499694108963013e-01 0.000000000000000000e+00 2.000000000000000000e+00
2.488983001708984375e+02 3.163978271484375000e+02 5.751562881469726562e+01 9.302045106887817383e-01 2.826414406299591064e-01 -2.341652810573577881e-01 0.000000000000000000e+00 2.000000000000000000e+00
2.482124176025390625e+02 3.161894226074218750e+02 5.768828964233398438e+01 9.328300952911376953e-01 2.791644632816314697e-01 -2.278054654598236084e-01 0.000000000000000000e+00 2.000000000000000000e+00
2.475345916748046875e+02 3.159865722656250000e+02 5.785382080078125000e+01 9.357204437255859375e-01 2.758554816246032715e-01 -2.198430150747299194e-01 0.000000000000000000e+00 2.000000000000000000e+00
2.468651428222656250e+02 3.157892150878906250e+02 5.801110458374023438e+01 9.387711286544799805e-01 2.727397978305816650e-01 -2.105272561311721802e-01 0.000000000000000000e+00 2.000000000000000000e+00
2.462031707763671875e+02 3.155968933105468750e+02 5.815955734252929688e+01 9.420865178108215332e-01 2.687363028526306152e-01 -2.006333917379379272e-01 0.000000000000000000e+00 2.000000000000000000e+00
2.455460815429687500e+02 3.154094543457031250e+02 5.829949569702148438e+01 9.456558227539062500e-01 2.629586458206176758e-01 -1.912791877985000610e-01 0.000000000000000000e+00 2.000000000000000000e+00
2.448907775878906250e+02 3.152272338867187500e+02 5.843204498291015625e+01 9.496663212776184082e-01 2.535387277603149414e-01 -1.839888840913772583e-01 0.000000000000000000e+00 2.000000000000000000e+00
2.442344207763671875e+02 3.150520019531250000e+02 5.855920791625976562e+01 9.540322422981262207e-01 2.398002743721008301e-01 -1.797728985548019409e-01 0.000000000000000000e+00 2.000000000000000000e+00
2.435753936767578125e+02 3.148863525390625000e+02 5.868339157104492188e+01 9.589352011680603027e-01 2.201768755912780762e-01 -1.787888407707214355e-01 0.000000000000000000e+00 2.000000000000000000e+00
2.429126892089843750e+02 3.147341918945312500e+02 5.880694961547851562e+01 9.641989469528198242e-01 1.939855515956878662e-01 -1.808038353919982910e-01 0.000000000000000000e+00 2.000000000000000000e+00
2.422449645996093750e+02 3.145998535156250000e+02 5.893215942382812500e+01 9.695381522178649902e-01 1.612500995397567749e-01 -1.843750327825546265e-01 0.000000000000000000e+00 2.000000000000000000e+00
2.415697174072265625e+02 3.144875488281250000e+02 5.906056976318359375e+01 9.743657708168029785e-01 1.231051236391067505e-01 -1.882991045713424683e-01 0.000000000000000000e+00 2.000000000000000000e+00
2.408827667236328125e+02 3.144007568359375000e+02 5.919332504272460938e+01 9.778780937194824219e-01 8.158180862665176392e-02 -1.926107406616210938e-01 0.000000000000000000e+00 2.000000000000000000e+00
2.401797027587890625e+02 3.143421020507812500e+02 5.933180618286132812e+01 9.792726039886474609e-01 3.950312733650207520e-02 -1.986571401357650757e-01 0.000000000000000000e+00 2.000000000000000000e+00
2.394564666748046875e+02 3.143129272460937500e+02 5.947852325439453125e+01 9.779077172279357910e-01 -1.361709553748369217e-03 -2.090324312448501587e-01 0.000000000000000000e+00 2.000000000000000000e+00
2.387113189697265625e+02 3.143139648437500000e+02 5.963780212402343750e+01 9.733636379241943359e-01 -3.841715306043624878e-02 -2.260251194238662720e-01 0.000000000000000000e+00 2.000000000000000000e+00
2.379442901611328125e+02 3.143442382812500000e+02 5.981591415405273438e+01 9.656226634979248047e-01 -7.080035656690597534e-02 -2.501201331615447998e-01 0.000000000000000000e+00 2.000000000000000000e+00
2.371563873291015625e+02 3.144020080566406250e+02 6.002000045776367188e+01 9.551151394844055176e-01 -9.736558049917221069e-02 -2.797769606113433838e-01 0.000000000000000000e+00 2.000000000000000000e+00
2.363498992919921875e+02 3.144842224121093750e+02 6.025624084472656250e+01 9.429422020912170410e-01 -1.180099099874496460e-01 -3.113416731357574463e-01 0.000000000000000000e+00 2.000000000000000000e+00
2.355274047851562500e+02 3.145871582031250000e+02 6.052781295776367188e+01 9.305244088172912598e-01 -1.327425241470336914e-01 -3.413263857364654541e-01 0.000000000000000000e+00 2.000000000000000000e+00
2.346926574707031250e+02 3.147062377929687500e+02 6.083400726318359375e+01 9.189850091934204102e-01 -1.423666924238204956e-01 -3.676931560039520264e-01 0.000000000000000000e+00 2.000000000000000000e+00
2.338511047363281250e+02 3.148366088867187500e+02 6.117071914672851562e+01 9.087157845497131348e-01 -1.477433890104293823e-01 -3.903940021991729736e-01 0.000000000000000000e+00 2.000000000000000000e+00
2.330100097656250000e+02 3.149733581542968750e+02 6.153206253051757812e+01 8.991914987564086914e-01 -1.500439494848251343e-01 -4.110248982906341553e-01 0.000000000000000000e+00 2.000000000000000000e+00
2.321782379150390625e+02 3.151121520996093750e+02 6.191226959228515625e+01 8.891730308532714844e-01 -1.503811180591583252e-01 -4.321536123752593994e-01 0.000000000000000000e+00 2.000000000000000000e+00
2.313660583496093750e+02 3.152495117187500000e+02 6.230700302124023438e+01 8.772926926612854004e-01 -1.502269655466079712e-01 -4.558391869068145752e-01 0.000000000000000000e+00 2.000000000000000000e+00
2.305829772949218750e+02 3.153836059570312500e+02 6.271389007568359375e+01 8.623556494712829590e-01 -1.510855704545974731e-01 -4.832347929477691650e-01 0.000000000000000000e+00 2.000000000000000000e+00
2.298371124267578125e+02 3.155142822265625000e+02 6.313184738159179688e+01 8.440871834754943848e-01 -1.536101102828979492e-01 -5.137321352958679199e-01 0.000000000000000000e+00 2.000000000000000000e+00
2.291331329345703125e+02 3.156423950195312500e+02 6.356030654907226562e+01 8.233848214149475098e-01 -1.567972302436828613e-01 -5.453915596008300781e-01 0.000000000000000000e+00 2.000000000000000000e+00
2.284714355468750000e+02 3.157684020996093750e+02 6.399860000610351562e+01 8.024812340736389160e-01 -1.586574167013168335e-01 -5.751969814300537109e-01 0.000000000000000000e+00 2.000000000000000000e+00
2.278481445312500000e+02 3.158916320800781250e+02 6.444535827636718750e+01 7.841120958328247070e-01 -1.560870409011840820e-01 -6.006704568862915039e-01 0.000000000000000000e+00 2.000000000000000000e+00
2.272559204101562500e+02 3.160095214843750000e+02 6.489903259277343750e+01 7.709031105041503906e-01 -1.467051804065704346e-01 -6.198273301124572754e-01 0.000000000000000000e+00 2.000000000000000000e+00
2.266853485107421875e+02 3.161181030273437500e+02 6.535778808593750000e+01 7.641503810882568359e-01 -1.306717842817306519e-01 -6.316637396812438965e-01 0.000000000000000000e+00 2.000000000000000000e+00
2.261264038085937500e+02 3.162136840820312500e+02 6.581982421875000000e+01 7.632154822349548340e-01 -1.106103360652923584e-01 -6.366062760353088379e-01 0.000000000000000000e+00 2.000000000000000000e+00
2.255702819824218750e+02 3.162942810058593750e+02 6.628369140625000000e+01 7.666391730308532715e-01 -9.052442014217376709e-02 -6.356647610664367676e-01 0.000000000000000000e+00 2.000000000000000000e+00
2.250099639892578125e+02 3.163604431152343750e+02 6.674828338623046875e+01 7.723193764686584473e-01 -7.516026496887207031e-02 -6.307723522186279297e-01 0.000000000000000000e+00 2.000000000000000000e+00
2.244411163330078125e+02 3.164158020019531250e+02 6.721287536621093750e+01 7.784862518310546875e-01 -6.731966137886047363e-02 -6.240409612655639648e-01 0.000000000000000000e+00 2.000000000000000000e+00
2.238623504638671875e+02 3.164658508300781250e+02 6.767681884765625000e+01 7.839160561561584473e-01 -6.884814053773880005e-02 -6.170377135276794434e-01 0.000000000000000000e+00 2.000000000000000000e+00
2.232747650146484375e+02 3.165174560546875000e+02 6.813932037353515625e+01 7.878048419952392578e-01 -7.924256473779678345e-02 -6.108061671257019043e-01 0.000000000000000000e+00 2.000000000000000000e+00
2.226816253662109375e+02 3.165771179199218750e+02 6.859919738769531250e+01 7.899261116981506348e-01 -9.775961190462112427e-02 -6.053591966629028320e-01 0.000000000000000000e+00 2.000000000000000000e+00
2.220873413085937500e+02 3.166506652832031250e+02 6.905462646484375000e+01 7.903173565864562988e-01 -1.224478408694267273e-01 -6.003373861312866211e-01 0.000000000000000000e+00 2.000000000000000000e+00
2.214966278076171875e+02 3.167421875000000000e+02 6.950334167480468750e+01 7.891956567764282227e-01 -1.511986255645751953e-01 -5.952386856079101562e-01 0.000000000000000000e+00 2.000000000000000000e+00
2.209137878417968750e+02 3.168538513183593750e+02 6.994293975830078125e+01 7.865986227989196777e-01 -1.819478124380111694e-01 -5.900487899780273438e-01 0.000000000000000000e+00 2.000000000000000000e+00
2.203425140380859375e+02 3.169859924316406250e+02 7.037146759033203125e+01 7.825123071670532227e-01 -2.131805270910263062e-01 -5.850030779838562012e-01 0.000000000000000000e+00 2.000000000000000000e+00
2.197855529785156250e+02 3.171377258300781250e+02 7.078784942626953125e+01 7.767624258995056152e-01 -2.439172565937042236e-01 -5.806415081024169922e-01 0.000000000000000000e+00 2.000000000000000000e+00
2.192452087402343750e+02 3.173074035644531250e+02 7.119176483154296875e+01 7.691169381141662598e-01 -2.745193243026733398e-01 -5.771466493606567383e-01 0.000000000000000000e+00 2.000000000000000000e+00
2.187228851318359375e+02 3.174938354492187500e+02 7.158371734619140625e+01 7.591115832328796387e-01 -3.059831261634826660e-01 -5.745642185211181641e-01 0.000000000000000000e+00 2.000000000000000000e+00
2.182196350097656250e+02 3.176966857910156250e+02 7.196462249755859375e+01 7.462359666824340820e-01 -3.396371304988861084e-01 -5.725193619728088379e-01 0.000000000000000000e+00 2.000000000000000000e+00
2.177361907958984375e+02 3.179167175292968750e+02 7.233552551269531250e+01 7.299431562423706055e-01 -3.761377930641174316e-01 -5.707042813301086426e-01 0.000000000000000000e+00 2.000000000000000000e+00
2.172733612060546875e+02 3.181552124023437500e+02 7.269738769531250000e+01 7.093600034713745117e-01 -4.161244928836822510e-01 -5.689014196395874023e-01 0.000000000000000000e+00 2.000000000000000000e+00
2.168322601318359375e+02 3.184139709472656250e+02 7.305114746093750000e+01 6.837745308876037598e-01 -4.591278731822967529e-01 -5.671454668045043945e-01 0.000000000000000000e+00 2.000000000000000000e+00
2.164142608642578125e+02 3.186946411132812500e+02 7.339785003662109375e+01 6.528692245483398438e-01 -5.041494369506835938e-01 -5.653274655342102051e-01 0.000000000000000000e+00 2.000000000000000000e+00
2.160205230712890625e+02 3.189986877441406250e+02 7.373879241943359375e+01 6.174550652503967285e-01 -5.493421554565429688e-01 -5.630030035972595215e-01 0.000000000000000000e+00 2.000000000000000000e+00
2.156511993408203125e+02 3.193272705078125000e+02 7.407554626464843750e+01 5.797944068908691406e-01 -5.922065377235412598e-01 -5.595800280570983887e-01 0.000000000000000000e+00 2.000000000000000000e+00
2.153047943115234375e+02 3.196810913085937500e+02 7.440987396240234375e+01 5.430978536605834961e-01 -6.304144859313964844e-01 -5.546369552612304688e-01 0.000000000000000000e+00 2.000000000000000000e+00
2.149780273437500000e+02 3.200603942871093750e+02 7.474358367919921875e+01 5.106288790702819824e-01 -6.623955368995666504e-01 -5.481699705123901367e-01 0.000000000000000000e+00 2.000000000000000000e+00
2.146668090820312500e+02 3.204641113281250000e+02 7.507768249511718750e+01 4.860186278820037842e-01 -6.874182224273681641e-01 -5.396684408187866211e-01 0.000000000000000000e+00 2.000000000000000000e+00
2.143662261962890625e+02 3.208892517089843750e+02 7.541144561767578125e+01 4.696856737136840820e-01 -7.068807482719421387e-01 -5.288808345794677734e-01 0.000000000000000000e+00 2.000000000000000000e+00
2.140722045898437500e+02 3.213317565917968750e+02 7.574252319335937500e+01 4.630929529666900635e-01 -7.214924097061157227e-01 -5.147752761840820312e-01 0.000000000000000000e+00 2.000000000000000000e+00
2.137806396484375000e+02 3.217860107421875000e+02 7.606662750244140625e+01 4.691722393035888672e-01 -7.315066456794738770e-01 -4.947477877140045166e-01 0.000000000000000000e+00 2.000000000000000000e+00
2.134857482910156250e+02 3.222457885742187500e+02 7.637759399414062500e+01 4.933935999870300293e-01 -7.347612380981445312e-01 -4.654982388019561768e-01 0.000000000000000000e+00 2.000000000000000000e+00
2.131784820556640625e+02 3.227033691406250000e+02 7.666748809814453125e+01 5.425435900688171387e-01 -7.260754704475402832e-01 -4.224463999271392822e-01 0.000000000000000000e+00 2.000000000000000000e+00
2.128453674316406250e+02 3.231491699218750000e+02 7.692686462402343750e+01 6.200118064880371094e-01 -6.965835690498352051e-01 -3.610495328903198242e-01 0.000000000000000000e+00 2.000000000000000000e+00
2.124701385498046875e+02 3.235707397460937500e+02 7.714537048339843750e+01 7.201104760169982910e-01 -6.352588534355163574e-01 -2.790824174880981445e-01 0.000000000000000000e+00 2.000000000000000000e+00
2.120367126464843750e+02 3.239530944824218750e+02 7.731334686279296875e+01 8.243904709815979004e-01 -5.363262891769409180e-01 -1.809267848730087280e-01 0.000000000000000000e+00 2.000000000000000000e+00
2.115348358154296875e+02 3.242796020507812500e+02 7.742349243164062500e+01 9.103211760520935059e-01 -4.063551425933837891e-01 -7.868234813213348389e-02 0.000000000000000000e+00 2.000000000000000000e+00
2.109639129638671875e+02 3.245344543457031250e+02 7.747283935546875000e+01 9.650209546089172363e-01 -2.618172168731689453e-01 1.364557910710573196e-02 0.000000000000000000e+00 2.000000000000000000e+00
2.103347930908203125e+02 3.247051391601562500e+02 7.746394348144531250e+01 9.891725778579711914e-01 -1.167617738246917725e-01 8.890587836503982544e-02 0.000000000000000000e+00 2.000000000000000000e+00
2.096675109863281250e+02 3.247839050292968750e+02 7.740396881103515625e+01 9.889069199562072754e-01 2.251444011926651001e-02 1.468202918767929077e-01 0.000000000000000000e+00 2.000000000000000000e+00
2.089865722656250000e+02 3.247684020996093750e+02 7.730287170410156250e+01 9.694117903709411621e-01 1.550352871417999268e-01 1.902755945920944214e-01 0.000000000000000000e+00 2.000000000000000000e+00
2.083160247802734375e+02 3.246611633300781250e+02 7.717125701904296875e+01 9.338286519050598145e-01 2.800662517547607422e-01 2.225462794303894043e-01 0.000000000000000000e+00 2.000000000000000000e+00
2.076757812500000000e+02 3.244691467285156250e+02 7.701867675781250000e+01 8.846157193183898926e-01 3.959017992019653320e-01 2.464076280593872070e-01 0.000000000000000000e+00 2.000000000000000000e+00
2.070800781250000000e+02 3.242025451660156250e+02 7.685274505615234375e+01 8.242006897926330566e-01 5.009023547172546387e-01 2.641781866550445557e-01 0.000000000000000000e+00 2.000000000000000000e+00
2.065381622314453125e+02 3.238731994628906250e+02 7.667904663085937500e+01 7.552021741867065430e-01 5.938480496406555176e-01 2.775143384933471680e-01 0.000000000000000000e+00 2.000000000000000000e+00
2.060545959472656250e+02 3.234929504394531250e+02 7.650135040283203125e+01 6.809032559394836426e-01 6.737600564956665039e-01 2.870855927467346191e-01 0.000000000000000000e+00 2.000000000000000000e+00
2.056298828125000000e+02 3.230726928710937500e+02 7.632228088378906250e+01 6.048679351806640625e-01 7.405771017074584961e-01 2.927119135856628418e-01 0.000000000000000000e+00 2.000000000000000000e+00
2.052605895996093750e+02 3.226205444335937500e+02 7.614356994628906250e+01 5.328721404075622559e-01 7.934178113937377930e-01 2.941693067550659180e-01 0.000000000000000000e+00 2.000000000000000000e+00
2.049389648437500000e+02 3.221416625976562500e+02 7.596601867675781250e+01 4.704887568950653076e-01 8.328837156295776367e-01 2.914536595344543457e-01 0.000000000000000000e+00 2.000000000000000000e+00
2.046551055908203125e+02 3.216391601562500000e+02 7.579017639160156250e+01 4.216204881668090820e-01 8.606464862823486328e-01 2.855236530303955078e-01 0.000000000000000000e+00 2.000000000000000000e+00
2.043985900878906250e+02 3.211155395507812500e+02 7.561646270751953125e+01 3.856274783611297607e-01 8.796817660331726074e-01 2.783012390136718750e-01 0.000000000000000000e+00 2.000000000000000000e+00
2.041606750488281250e+02 3.205728149414062500e+02 7.544476318359375000e+01 3.591390550136566162e-01 8.928761482238769531e-01 2.716455459594726562e-01 0.000000000000000000e+00 2.000000000000000000e+00
2.039352569580078125e+02 3.200123901367187500e+02 7.527426147460937500e+01 3.379292786121368408e-01 9.023526906967163086e-01 2.675134241580963135e-01 0.000000000000000000e+00 2.000000000000000000e+00
2.037189788818359375e+02 3.194348754882812500e+02 7.510305023193359375e+01 3.191480934619903564e-01 9.092454314231872559e-01 2.672398686408996582e-01 0.000000000000000000e+00 2.000000000000000000e+00
2.035102386474609375e+02 3.188401794433593750e+02 7.492826080322265625e+01 3.011949658393859863e-01 9.141938090324401855e-01 2.711665332317352295e-01 0.000000000000000000e+00 2.000000000000000000e+00
2.033083648681640625e+02 3.182274475097656250e+02 7.474651336669921875e+01 2.838925719261169434e-01 9.176321029663085938e-01 2.781299054622650146e-01 0.000000000000000000e+00 2.000000000000000000e+00
2.031132965087890625e+02 3.175969238281250000e+02 7.455540466308593750e+01 2.677195966243743896e-01 9.197257161140441895e-01 2.871076166629791260e-01 0.000000000000000000e+00 2.000000000000000000e+00
2.029251403808593750e+02 3.169505310058593750e+02 7.435362243652343750e+01 2.529066503047943115e-01 9.211014509201049805e-01 2.959904968738555908e-01 0.000000000000000000e+00 2.000000000000000000e+00
2.027444763183593750e+02 3.162925415039062500e+02 7.414218139648437500e+01 2.397549897432327271e-01 9.227345585823059082e-01 3.017920255661010742e-01 0.000000000000000000e+00 2.000000000000000000e+00
2.025718688964843750e+02 3.156282348632812500e+02 7.392491149902343750e+01 2.274311035871505737e-01 9.264216423034667969e-01 3.000301718711853027e-01 0.000000000000000000e+00 2.000000000000000000e+00
2.024085083007812500e+02 3.149627990722656250e+02 7.370940399169921875e+01 2.147456556558609009e-01 9.341232180595397949e-01 2.851281762123107910e-01 0.000000000000000000e+00 2.000000000000000000e+00
2.022559661865234375e+02 3.142992553710937500e+02 7.350686645507812500e+01 1.992994844913482666e-01 9.473071694374084473e-01 2.507764399051666260e-01 0.000000000000000000e+00 2.000000000000000000e+00
2.021169891357421875e+02 3.136386718750000000e+02 7.333199310302734375e+01 1.774524152278900146e-01 9.654110074043273926e-01 1.910294294357299805e-01 0.000000000000000000e+00 2.000000000000000000e+00
2.019960327148437500e+02 3.129806213378906250e+02 7.320178222656250000e+01 1.457695364952087402e-01 9.839959144592285156e-01 1.024852618575096130e-01 0.000000000000000000e+00 2.000000000000000000e+00
2.018989105224609375e+02 3.123250122070312500e+02 7.313349914550781250e+01 1.025914102792739868e-01 9.946339726448059082e-01 -1.334758941084146500e-02 0.000000000000000000e+00 2.000000000000000000e+00
2.018316497802734375e+02 3.116729125976562500e+02 7.314225006103515625e+01 4.984107241034507751e-02 9.878571033477783203e-01 -1.471537202596664429e-01 0.000000000000000000e+00 2.000000000000000000e+00
2.017990722656250000e+02 3.110272216796875000e+02 7.323843383789062500e+01 -5.182230845093727112e-03 9.586436152458190918e-01 -2.845620512962341309e-01 0.000000000000000000e+00 2.000000000000000000e+00
2.018025054931640625e+02 3.103921203613281250e+02 7.342695617675781250e+01 -5.277640745043754578e-02 9.107175469398498535e-01 -4.096438586711883545e-01 0.000000000000000000e+00 2.000000000000000000e+00
2.018384857177734375e+02 3.097712402343750000e+02 7.370623016357421875e+01 -8.443957567214965820e-02 8.548833131790161133e-01 -5.119028091430664062e-01 0.000000000000000000e+00 2.000000000000000000e+00
2.018981933593750000e+02 3.091667480468750000e+02 7.406819915771484375e+01 -9.629736840724945068e-02 8.025336861610412598e-01 -5.887839794158935547e-01 0.000000000000000000e+00 2.000000000000000000e+00
2.019686584472656250e+02 3.085794982910156250e+02 7.449903869628906250e+01 -8.857798576354980469e-02 7.609802484512329102e-01 -6.426997184753417969e-01 0.000000000000000000e+00 2.000000000000000000e+00
2.020350036621093750e+02 3.080095214843750000e+02 7.498042297363281250e+01 -6.502713263034820557e-02 7.317676544189453125e-01 -6.784450411796569824e-01 0.000000000000000000e+00 2.000000000000000000e+00
2.020840454101562500e+02 3.074576416015625000e+02 7.549208831787109375e+01 -3.016715310513973236e-02 7.130975723266601562e-01 -7.004154920578002930e-01 0.000000000000000000e+00 2.000000000000000000e+00
2.021065673828125000e+02 3.069252624511718750e+02 7.601499938964843750e+01 1.039035618305206299e-02 7.015166282653808594e-01 -7.125773429870605469e-01 0.000000000000000000e+00 2.000000000000000000e+00
2.020989990234375000e+02 3.064142761230468750e+02 7.653404235839843750e+01 5.163348838686943054e-02 6.942124366760253906e-01 -7.179157137870788574e-01 0.000000000000000000e+00 2.000000000000000000e+00
2.020626525878906250e+02 3.059255981445312500e+02 7.703940582275390625e+01 8.931130915880203247e-02 6.891657710075378418e-01 -7.190786600112915039e-01 0.000000000000000000e+00 2.000000000000000000e+00
2.020020599365234375e+02 3.054580383300781250e+02 7.752725982666015625e+01 1.214073151350021362e-01 6.858930587768554688e-01 -7.175032496452331543e-01 0.000000000000000000e+00 2.000000000000000000e+00
2.019225616455078125e+02 3.050089111328125000e+02 7.799708557128906250e+01 1.490444540977478027e-01 6.849067807197570801e-01 -7.132239937782287598e-01 0.000000000000000000e+00 2.000000000000000000e+00
2.018280334472656250e+02 3.045745239257812500e+02 7.844943237304687500e+01 1.753047555685043335e-01 6.872560381889343262e-01 -7.049449682235717773e-01 0.000000000000000000e+00 2.000000000000000000e+00
2.017199859619140625e+02 3.041509399414062500e+02 7.888391876220703125e+01 2.032718062400817871e-01 6.929535865783691406e-01 -6.917339563369750977e-01 0.000000000000000000e+00 2.000000000000000000e+00
2.015979156494140625e+02 3.037348022460937500e+02 7.929932403564453125e+01 2.339619398117065430e-01 7.021458745002746582e-01 -6.724975109100341797e-01 0.000000000000000000e+00 2.000000000000000000e+00
2.014606475830078125e+02 3.033228454589843750e+02 7.969388580322265625e+01 2.656867802143096924e-01 7.141542434692382812e-01 -6.476065516471862793e-01 0.000000000000000000e+00 2.000000000000000000e+00
2.013077392578125000e+02 3.029118347167968750e+02 8.006659698486328125e+01 2.934260368347167969e-01 7.284040451049804688e-01 -6.191353797912597656e-01 0.000000000000000000e+00 2.000000000000000000e+00
2.011411743164062500e+02 3.024983520507812500e+02 8.041805267333984375e+01 3.121509552001953125e-01 7.440949678421020508e-01 -5.906643867492675781e-01 0.000000000000000000e+00 2.000000000000000000e+00
2.009655914306640625e+02 3.020798034667968750e+02 8.075029754638671875e+01 3.185816407203674316e-01 7.608180642127990723e-01 -5.653862357139587402e-01 0.000000000000000000e+00 2.000000000000000000e+00
2.007875061035156250e+02 3.016545104980468750e+02 8.106634521484375000e+01 3.124553263187408447e-01 7.780755758285522461e-01 -5.449495911598205566e-01 0.000000000000000000e+00 2.000000000000000000e+00
2.006139373779296875e+02 3.012222900390625000e+02 8.136906433105468750e+01 2.970292866230010986e-01 7.944772243499755859e-01 -5.296976566314697266e-01 0.000000000000000000e+00 2.000000000000000000e+00
2.004502105712890625e+02 3.007843627929687500e+02 8.166104125976562500e+01 2.760595381259918213e-01 8.090159893035888672e-01 -5.189261436462402344e-01 0.000000000000000000e+00 2.000000000000000000e+00
2.002991943359375000e+02 3.003417968750000000e+02 8.194491577148437500e+01 2.541588246822357178e-01 8.207404613494873047e-01 -5.116525888442993164e-01 0.000000000000000000e+00 2.000000000000000000e+00
2.001608123779296875e+02 2.998949279785156250e+02 8.222349548339843750e+01 2.340123802423477173e-01 8.294640779495239258e-01 -5.071760416030883789e-01 0.000000000000000000e+00 2.000000000000000000e+00
2.000331726074218750e+02 2.994425048828125000e+02 8.250012969970703125e+01 2.165909558534622192e-01 8.354064226150512695e-01 -5.051577687263488770e-01 0.000000000000000000e+00 2.000000000000000000e+00
1.999136047363281250e+02 2.989813232421875000e+02 8.277899932861328125e+01 2.016268819570541382e-01 8.391585350036621094e-01 -5.051330924034118652e-01 0.000000000000000000e+00 2.000000000000000000e+00
1.997995910644531250e+02 2.985068054199218750e+02 8.306463623046875000e+01 1.879536658525466919e-01 8.411875963211059570e-01 -5.070275068283081055e-01 0.000000000000000000e+00 2.000000000000000000e+00
1.996893310546875000e+02 2.980133361816406250e+02 8.336207580566406250e+01 1.756306737661361694e-01 8.415181636810302734e-01 -5.108827352523803711e-01 0.000000000000000000e+00 2.000000000000000000e+00
1.995813598632812500e+02 2.974960021972656250e+02 8.367614746093750000e+01 1.645380854606628418e-01 8.403346538543701172e-01 -5.164929032325744629e-01 0.000000000000000000e+00 2.000000000000000000e+00
1.994746398925781250e+02 2.969509582519531250e+02 8.401114654541015625e+01 1.555154174566268921e-01 8.376610875129699707e-01 -5.235826373100280762e-01 0.000000000000000000e+00 2.000000000000000000e+00
1.993679656982421875e+02 2.963763732910156250e+02 8.437029266357421875e+01 1.490633487701416016e-01 8.335490822792053223e-01 -5.319550633430480957e-01 0.000000000000000000e+00 2.000000000000000000e+00
1.992600555419921875e+02 2.957729492187500000e+02 8.475538635253906250e+01 1.450512856245040894e-01 8.283768296241760254e-01 -5.410655736923217773e-01 0.000000000000000000e+00 2.000000000000000000e+00
1.991498413085937500e+02 2.951435241699218750e+02 8.516650390625000000e+01 1.436643898487091064e-01 8.225755691528320312e-01 -5.502089858055114746e-01 0.000000000000000000e+00 2.000000000000000000e+00
1.990361480712890625e+02 2.944925537109375000e+02 8.560192871093750000e+01 1.447133272886276245e-01 8.164858818054199219e-01 -5.589354038238525391e-01 0.000000000000000000e+00 2.000000000000000000e+00
1.989179687500000000e+02 2.938257751464843750e+02 8.605838012695312500e+01 1.484597325325012207e-01 8.106976151466369629e-01 -5.663294792175292969e-01 0.000000000000000000e+00 2.000000000000000000e+00
1.987940368652343750e+02 2.931490173339843750e+02 8.653114318847656250e+01 1.552712917327880859e-01 8.055837750434875488e-01 -5.717741847038269043e-01 0.000000000000000000e+00 2.000000000000000000e+00
1.986627960205078125e+02 2.924681091308593750e+02 8.701442718505859375e+01 1.655594557523727417e-01 8.015711307525634766e-01 -5.745204687118530273e-01 0.000000000000000000e+00 2.000000000000000000e+00
1.985223541259765625e+02 2.917881469726562500e+02 8.750178527832031250e+01 1.797756105661392212e-01 7.990508675575256348e-01 -5.737580657005310059e-01 0.000000000000000000e+00 2.000000000000000000e+00
1.983704223632812500e+02 2.911128540039062500e+02 8.798667907714843750e+01 1.979420334100723267e-01 7.981874942779541016e-01 -5.689602494239807129e-01 0.000000000000000000e+00 2.000000000000000000e+00
1.982048034667968750e+02 2.904450073242187500e+02 8.846273040771484375e+01 2.199378162622451782e-01 7.989260554313659668e-01 -5.597718954086303711e-01 0.000000000000000000e+00 2.000000000000000000e+00
1.980234375000000000e+02 2.897861938476562500e+02 8.892433166503906250e+01 2.448443472385406494e-01 8.009250760078430176e-01 -5.464158654212951660e-01 0.000000000000000000e+00 2.000000000000000000e+00
1.978251342773437500e+02 2.891375122070312500e+02 8.936688232421875000e+01 2.716771662235260010e-01 8.035721778869628906e-01 -5.295878052711486816e-01 0.000000000000000000e+00 2.000000000000000000e+00
1.976095275878906250e+02 2.884997863769531250e+02 8.978717041015625000e+01 2.990726828575134277e-01 8.061531782150268555e-01 -5.105610489845275879e-01 0.000000000000000000e+00 2.000000000000000000e+00
1.973774566650390625e+02 2.878742370605468750e+02 9.018334960937500000e+01 3.254882395267486572e-01 8.081949949264526367e-01 -4.907935261726379395e-01 0.000000000000000000e+00 2.000000000000000000e+00
1.971311798095703125e+02 2.872627258300781250e+02 9.055470275878906250e+01 3.494552969932556152e-01 8.097565770149230957e-01 -4.713546931743621826e-01 0.000000000000000000e+00 2.000000000000000000e+00
1.968742980957031250e+02 2.866674804687500000e+02 9.090119171142578125e+01 3.701832890510559082e-01 8.109145164489746094e-01 -4.531909525394439697e-01 0.000000000000000000e+00 2.000000000000000000e+00
1.966113586425781250e+02 2.860914916992187500e+02 9.122309112548828125e+01 3.868643343448638916e-01 8.123546838760375977e-01 -4.363664984703063965e-01 0.000000000000000000e+00 2.000000000000000000e+00
1.963475799560546875e+02 2.855375976562500000e+02 9.152062225341796875e+01 3.999817073345184326e-01 8.142727613449096680e-01 -4.206833541393280029e-01 0.000000000000000000e+00 2.000000000000000000e+00
1.960874023437500000e+02 2.850079345703125000e+02 9.179426574707031250e+01 4.096441268920898438e-01 8.167699575424194336e-01 -4.062987267971038818e-01 0.000000000000000000e+00 2.000000000000000000e+00
1.958342285156250000e+02 2.845031433105468750e+02 9.204537200927734375e+01 4.164261519908905029e-01 8.196126222610473633e-01 -3.934774100780487061e-01 0.000000000000000000e+00 2.000000000000000000e+00
1.955894622802734375e+02 2.840213928222656250e+02 9.227664947509765625e+01 4.213584661483764648e-01 8.216096758842468262e-01 -3.839459717273712158e-01 0.000000000000000000e+00 2.000000000000000000e+00
1.953524780273437500e+02 2.835592956542968750e+02 9.249259185791015625e+01 4.244972467422485352e-01 8.219185471534729004e-01 -3.798052072525024414e-01 0.000000000000000000e+00 2.000000000000000000e+00
1.951213836669921875e+02 2.831118469238281250e+02 9.269935607910156250e+01 4.265860021114349365e-01 8.188375234603881836e-01 -3.840956687927246094e-01 0.000000000000000000e+00 2.000000000000000000e+00
1.948931274414062500e+02 2.826737060546875000e+02 9.290487670898437500e+01 4.278395473957061768e-01 8.107184767723083496e-01 -3.996107578277587891e-01 0.000000000000000000e+00 2.000000000000000000e+00
1.946642913818359375e+02 2.822400817871093750e+02 9.311861419677734375e+01 4.285343885421752930e-01 7.958054542541503906e-01 -4.278458952903747559e-01 0.000000000000000000e+00 2.000000000000000000e+00
1.944316101074218750e+02 2.818079833984375000e+02 9.335092163085937500e+01 4.282959103584289551e-01 7.731767892837524414e-01 -4.677183032035827637e-01 0.000000000000000000e+00 2.000000000000000000e+00
1.941928100585937500e+02 2.813768920898437500e+02 9.361170196533203125e+01 4.267588555812835693e-01 7.425211668014526367e-01 -5.162743330001831055e-01 0.000000000000000000e+00 2.000000000000000000e+00
1.939471130371093750e+02 2.809494018554687500e+02 9.390893554687500000e+01 4.236184060573577881e-01 7.048661112785339355e-01 -5.689562559127807617e-01 0.000000000000000000e+00 2.000000000000000000e+00
1.936954956054687500e+02 2.805307312011718750e+02 9.424687957763671875e+01 4.186529219150543213e-01 6.625624299049377441e-01 -6.210802793502807617e-01 0.000000000000000000e+00 2.000000000000000000e+00
1.934403991699218750e+02 2.801270141601562500e+02 9.462532043457031250e+01 4.124166667461395264e-01 6.181942224502563477e-01 -6.691401004791259766e-01 0.000000000000000000e+00 2.000000000000000000e+00
1.931847686767578125e+02 2.797438354492187500e+02 9.504007720947265625e+01 4.058524072170257568e-01 5.748559832572937012e-01 -7.105099558830261230e-01 0.000000000000000000e+00 2.000000000000000000e+00
1.929308319091796875e+02 2.793841552734375000e+02 9.548463439941406250e+01 4.005587995052337646e-01 5.354690551757812500e-01 -7.435224056243896484e-01 0.000000000000000000e+00 2.000000000000000000e+00
1.926788482666015625e+02 2.790473022460937500e+02 9.595236968994140625e+01 3.980303108692169189e-01 5.023556947708129883e-01 -7.676005959510803223e-01 0.000000000000000000e+00 2.000000000000000000e+00
1.924273529052734375e+02 2.787298889160156250e+02 9.643737792968750000e+01 3.993584811687469482e-01 4.767799675464630127e-01 -7.830669283866882324e-01 0.000000000000000000e+00 2.000000000000000000e+00
1.921736755371093750e+02 2.784270324707031250e+02 9.693479156494140625e+01 4.041319787502288818e-01 4.587082862854003906e-01 -7.913684248924255371e-01 0.000000000000000000e+00 2.000000000000000000e+00
1.919152679443359375e+02 2.781337280273437500e+02 9.744080352783203125e+01 4.112064838409423828e-01 4.472880363464355469e-01 -7.942560911178588867e-01 0.000000000000000000e+00 2.000000000000000000e+00
1.916504211425781250e+02 2.778456420898437500e+02 9.795236206054687500e+01 4.187625646591186523e-01 4.413596093654632568e-01 -7.936242818832397461e-01 0.000000000000000000e+00 2.000000000000000000e+00
1.913786773681640625e+02 2.775592346191406250e+02 9.846736145019531250e+01 4.244492053985595703e-01 4.409159421920776367e-01 -7.908451557159423828e-01 0.000000000000000000e+00 2.000000000000000000e+00
1.911009979248046875e+02 2.772707824707031250e+02 9.898474121093750000e+01 4.267896711826324463e-01 4.449676573276519775e-01 -7.873082756996154785e-01 0.000000000000000000e+00 2.000000000000000000e+00
1.908194122314453125e+02 2.769772033691406250e+02 9.950418853759765625e+01 4.252401292324066162e-01 4.531454443931579590e-01 -7.834730744361877441e-01 0.000000000000000000e+00 2.000000000000000000e+00
1.905368957519531250e+02 2.766761474609375000e+02 1.000247039794921875e+02 4.200173616409301758e-01 4.645059704780578613e-01 -7.796278595924377441e-01 0.000000000000000000e+00 2.000000000000000000e+00
1.902572784423828125e+02 2.763669128417968750e+02 1.005437240600585938e+02 4.120892882347106934e-01 4.778295159339904785e-01 -7.757973074913024902e-01 0.000000000000000000e+00 2.000000000000000000e+00
1.899850616455078125e+02 2.760512695312500000e+02 1.010561981201171875e+02 4.026540517807006836e-01 4.917919337749481201e-01 -7.720170617103576660e-01 0.000000000000000000e+00 2.000000000000000000e+00
1.897246551513671875e+02 2.757332153320312500e+02 1.015554809570312500e+02 -3.924616575241088867e-01 -5.061358213424682617e-01 7.679845690727233887e-01 0.000000000000000000e+00 2.000000000000000000e+00
1.894794769287109375e+02 2.754170227050781250e+02 1.020352554321289062e+02 -3.818396627902984619e-01 -5.196495056152343750e-01 7.643054723739624023e-01 0.000000000000000000e+00 2.000000000000000000e+00
1.892515106201171875e+02 2.751067810058593750e+02 1.024915618896484375e+02 -3.707284331321716309e-01 -5.320606827735900879e-01 7.612304687500000000e-01 0.000000000000000000e+00 2.000000000000000000e+00
1.890409545898437500e+02 2.748045959472656250e+02 1.029239044189453125e+02 -3.585400581359863281e-01 -5.426247715950012207e-01 7.596099376678466797e-01 0.000000000000000000e+00 2.000000000000000000e+00
1.888466491699218750e+02 2.745105285644531250e+02 1.033355636596679688e+02 -3.438619971275329590e-01 -5.512879490852355957e-01 7.601582407951354980e-01 0.000000000000000000e+00 2.000000000000000000e+00
1.886668243408203125e+02 2.742222290039062500e+02 1.037330932617187500e+02 -3.244655132293701172e-01 -5.574662089347839355e-01 7.641684412956237793e-01 0.000000000000000000e+00 2.000000000000000000e+00
1.885002136230468750e+02 2.739359741210937500e+02 1.041254882812500000e+02 -2.980907261371612549e-01 -5.615307688713073730e-01 7.718971371650695801e-01 0.000000000000000000e+00 2.000000000000000000e+00
1.883468933105468750e+02 2.736471557617187500e+02 1.045225067138671875e+02 -2.637332677841186523e-01 -5.634671449661254883e-01 7.829110026359558105e-01 0.000000000000000000e+00 2.000000000000000000e+00
1.882082824707031250e+02 2.733510131835937500e+02 1.049339828491210938e+02 -2.235277593135833740e-01 -5.635791420936584473e-01 7.952445745468139648e-01 0.000000000000000000e+00 2.000000000000000000e+00
1.880861053466796875e+02 2.730429687500000000e+02 1.053686523437500000e+02 -1.825900226831436157e-01 -5.620074868202209473e-01 8.067269921302795410e-01 0.000000000000000000e+00 2.000000000000000000e+00
1.879812164306640625e+02 2.727201232910156250e+02 1.058320770263671875e+02 -1.474607288837432861e-01 -5.593616366386413574e-01 8.157020807266235352e-01 0.000000000000000000e+00 2.000000000000000000e+00
1.878920440673828125e+02 2.723818664550781250e+02 1.063253479003906250e+02 -1.234770193696022034e-01 -5.565038919448852539e-01 8.216184377670288086e-01 0.000000000000000000e+00 2.000000000000000000e+00
1.878140258789062500e+02 2.720302429199218750e+02 1.068444824218750000e+02 -1.137438341975212097e-01 -5.537158846855163574e-01 8.249006867408752441e-01 0.000000000000000000e+00 2.000000000000000000e+00
1.877399902343750000e+02 2.716698303222656250e+02 1.073814086914062500e+02 -1.180984973907470703e-01 -5.508022904396057129e-01 8.262381553649902344e-01 0.000000000000000000e+00 2.000000000000000000e+00
1.876621246337890625e+02 2.713066711425781250e+02 1.079261703491210938e+02 -1.341245472431182861e-01 -5.465639233589172363e-01 8.266066312789916992e-01 0.000000000000000000e+00 2.000000000000000000e+00
1.875738830566406250e+02 2.709470825195312500e+02 1.084700012207031250e+02 -1.569668650627136230e-01 -5.398214459419250488e-01 8.270152211189270020e-01 0.000000000000000000e+00 2.000000000000000000e+00
1.874718170166015625e+02 2.705960693359375000e+02 1.090077590942382812e+02 -1.804056912660598755e-01 -5.292471051216125488e-01 8.290665745735168457e-01 0.000000000000000000e+00 2.000000000000000000e+00
1.873561401367187500e+02 2.702567138671875000e+02 1.095393600463867188e+02 -1.978664398193359375e-01 -5.147126913070678711e-01 8.342181444168090820e-01 0.000000000000000000e+00 2.000000000000000000e+00
1.872306823730468750e+02 2.699303588867187500e+02 1.100682983398437500e+02 -2.044385522603988647e-01 -4.975130856037139893e-01 8.430217504501342773e-01 0.000000000000000000e+00 2.000000000000000000e+00
1.871017303466796875e+02 2.696165466308593750e+02 1.106000442504882812e+02 -1.980483531951904297e-01 -4.797015786170959473e-01 8.547884225845336914e-01 0.000000000000000000e+00 2.000000000000000000e+00
1.869765930175781250e+02 2.693134460449218750e+02 1.111401443481445312e+02 -1.798288971185684204e-01 -4.637982547283172607e-01 8.674979805946350098e-01 0.000000000000000000e+00 2.000000000000000000e+00
1.868619232177734375e+02 2.690177001953125000e+02 1.116933135986328125e+02 -1.525948196649551392e-01 -4.517878890037536621e-01 8.789781332015991211e-01 0.000000000000000000e+00 2.000000000000000000e+00
1.867629089355468750e+02 2.687245483398437500e+02 1.122636566162109375e+02 -1.200573220849037170e-01 -4.452660381793975830e-01 8.873130083084106445e-01 0.000000000000000000e+00 2.000000000000000000e+00
1.866829528808593750e+02 2.684280090332031250e+02 1.128545913696289062e+02 -8.615238219499588013e-02 -4.444115459918975830e-01 8.916704654693603516e-01 0.000000000000000000e+00 2.000000000000000000e+00
1.866236267089843750e+02 2.681219787597656250e+02 1.134686126708984375e+02 -5.380566418170928955e-02 -4.494129419326782227e-01 8.917022943496704102e-01 0.000000000000000000e+00 2.000000000000000000e+00
1.865851898193359375e+02 2.678009338378906250e+02 1.141056137084960938e+02 -2.450069412589073181e-02 -4.601259529590606689e-01 8.875154852867126465e-01 0.000000000000000000e+00 2.000000000000000000e+00
1.865670776367187500e+02 2.674607849121093750e+02 1.147617111206054688e+02 2.596406033262610435e-03 -4.769738912582397461e-01 8.789136409759521484e-01 0.000000000000000000e+00 2.000000000000000000e+00
1.865690460205078125e+02 2.670991821289062500e+02 1.154280319213867188e+02 3.057979978621006012e-02 -4.993440508842468262e-01 8.658639788627624512e-01 0.000000000000000000e+00 2.000000000000000000e+00
1.865924987792968750e+02 2.667162170410156250e+02 1.160920944213867188e+02 6.255298107862472534e-02 -5.258123278617858887e-01 8.482974767684936523e-01 0.000000000000000000e+00 2.000000000000000000e+00
1.866403198242187500e+02 2.663142395019531250e+02 1.167406082153320312e+02 1.009412109851837158e-01 -5.547000765800476074e-01 8.259047865867614746e-01 0.000000000000000000e+00 2.000000000000000000e+00
1.867162628173828125e+02 2.658969116210937500e+02 1.173619766235351562e+02 1.452717483043670654e-01 -5.834558606147766113e-01 7.990465164184570312e-01 0.000000000000000000e+00 2.000000000000000000e+00
1.868229370117187500e+02 2.654684753417968750e+02 1.179487228393554688e+02 1.903307139873504639e-01 -6.115089654922485352e-01 7.680044770240783691e-01 0.000000000000000000e+00 2.000000000000000000e+00
1.869589843750000000e+02 2.650313720703125000e+02 1.184976882934570312e+02 2.276909947395324707e-01 -6.400377154350280762e-01 7.338314056396484375e-01 0.000000000000000000e+00 2.000000000000000000e+00
1.871177825927734375e+02 2.645849914550781250e+02 1.190094833374023438e+02 2.500675618648529053e-01 -6.716189980506896973e-01 6.974195837974548340e-01 0.000000000000000000e+00 2.000000000000000000e+00
1.872888946533203125e+02 2.641254272460937500e+02 1.194867019653320312e+02 2.555328309535980225e-01 -7.074871063232421875e-01 6.589119434356689453e-01 0.000000000000000000e+00 2.000000000000000000e+00
1.874617156982421875e+02 2.636469421386718750e+02 1.199323348999023438e+02 2.507453560829162598e-01 -7.452155351638793945e-01 6.178839206695556641e-01 0.000000000000000000e+00 2.000000000000000000e+00
1.876306610107421875e+02 2.631448364257812500e+02 1.203486480712890625e+02 2.473531365394592285e-01 -7.799227833747863770e-01 5.749233961105346680e-01 0.000000000000000000e+00 2.000000000000000000e+00
1.877979278564453125e+02 2.626174316406250000e+02 1.207374267578125000e+02 2.563180327415466309e-01 -8.072652816772460938e-01 5.316238403320312500e-01 0.000000000000000000e+00 2.000000000000000000e+00
1.879727020263671875e+02 2.620669860839843750e+02 1.210999221801757812e+02 2.820513844490051270e-01 -8.249416351318359375e-01 4.898146092891693115e-01 0.000000000000000000e+00 2.000000000000000000e+00
1.881670684814453125e+02 2.614985046386718750e+02 1.214374618530273438e+02 3.208300471305847168e-01 -8.325161933898925781e-01 4.516468346118927002e-01 0.000000000000000000e+00 2.000000000000000000e+00
1.883906860351562500e+02 2.609182434082031250e+02 1.217522583007812500e+02 3.626755774021148682e-01 -8.321401476860046387e-01 4.195344448089599609e-01 0.000000000000000000e+00 2.000000000000000000e+00
1.886462707519531250e+02 2.603318176269531250e+02 1.220479125976562500e+02 3.978994786739349365e-01 -8.274658918380737305e-01 3.962022662162780762e-01 0.000000000000000000e+00 2.000000000000000000e+00
1.889288787841796875e+02 2.597441101074218750e+02 1.223293151855468750e+02 4.200257360935211182e-01 -8.225575089454650879e-01 3.833763897418975830e-01 0.000000000000000000e+00 2.000000000000000000e+00
1.892278289794921875e+02 2.591586608886718750e+02 1.226021804809570312e+02 4.279776811599731445e-01 -8.192327618598937988e-01 3.816972970962524414e-01 0.000000000000000000e+00 2.000000000000000000e+00
1.895308532714843750e+02 2.585786132812500000e+02 1.228724365234375000e+02 4.233523607254028320e-01 -8.177333474159240723e-01 3.899808228015899658e-01 0.000000000000000000e+00 2.000000000000000000e+00
1.898274078369140625e+02 2.580057983398437500e+02 1.231456146240234375e+02 4.099292755126953125e-01 -8.167692422866821289e-01 4.060124754905700684e-01 0.000000000000000000e+00 2.000000000000000000e+00
1.901108703613281250e+02 2.574410095214843750e+02 1.234263687133789062e+02 3.913026154041290283e-01 -8.154515027999877930e-01 4.265220761299133301e-01 0.000000000000000000e+00 2.000000000000000000e+00
1.903788146972656250e+02 2.568826293945312500e+02 1.237184295654296875e+02 3.706834018230438232e-01 -8.133702278137207031e-01 4.483554363250732422e-01 0.000000000000000000e+00 2.000000000000000000e+00
1.906317596435546875e+02 2.563276062011718750e+02 1.240243759155273438e+02 3.502729833126068115e-01 -8.108178973197937012e-01 4.689170420169830322e-01 0.000000000000000000e+00 2.000000000000000000e+00
1.908721160888671875e+02 2.557712249755859375e+02 1.243461456298828125e+02 3.305299282073974609e-01 -8.091665506362915039e-01 4.857977628707885742e-01 0.000000000000000000e+00 2.000000000000000000e+00
1.911024169921875000e+02 2.552074279785156250e+02 1.246846313476562500e+02 3.126024901866912842e-01 -8.090420961380004883e-01 4.977253675460815430e-01 0.000000000000000000e+00 2.000000000000000000e+00
1.913250122070312500e+02 2.546313323974609375e+02 1.250390472412109375e+02 2.981148660182952881e-01 -8.106044530868530273e-01 5.040318369865417480e-01 0.000000000000000000e+00 2.000000000000000000e+00
1.915422973632812500e+02 2.540405120849609375e+02 1.254064178466796875e+02 2.890912294387817383e-01 -8.135236501693725586e-01 5.045843720436096191e-01 0.000000000000000000e+00 2.000000000000000000e+00
1.917569885253906250e+02 2.534363555908203125e+02 1.257811431884765625e+02 2.871031165122985840e-01 -8.173855543136596680e-01 4.994522929191589355e-01 0.000000000000000000e+00 2.000000000000000000e+00
1.919721221923828125e+02 2.528238677978515625e+02 1.261553955078125000e+02 2.924790680408477783e-01 -8.216471076011657715e-01 4.892362058162689209e-01 0.000000000000000000e+00 2.000000000000000000e+00
1.921905059814453125e+02 2.522103729248046875e+02 1.265206909179687500e+02 3.034623563289642334e-01 -8.260251283645629883e-01 4.749665260314941406e-01 0.000000000000000000e+00 2.000000000000000000e+00
1.924136810302734375e+02 2.516028900146484375e+02 1.268699951171875000e+02 3.162397146224975586e-01 -8.303734660148620605e-01 4.587726891040802002e-01 0.000000000000000000e+00 2.000000000000000000e+00
1.926409149169921875e+02 2.510062255859375000e+02 1.271996459960937500e+02 3.260318040847778320e-01 -8.346588611602783203e-01 4.439006447792053223e-01 0.000000000000000000e+00 2.000000000000000000e+00
1.928689575195312500e+02 2.504224243164062500e+02 1.275101318359375000e+02 3.287721872329711914e-01 -8.388006091117858887e-01 4.339613318443298340e-01 0.000000000000000000e+00 2.000000000000000000e+00
1.930927276611328125e+02 2.498515167236328125e+02 1.278054962158203125e+02 3.229953348636627197e-01 -8.418877124786376953e-01 4.323182404041290283e-01 0.000000000000000000e+00 2.000000000000000000e+00
1.933067779541015625e+02 2.492935943603515625e+02 1.280919952392578125e+02 3.097841441631317139e-01 -8.431267738342285156e-01 4.395123124122619629e-01 0.000000000000000000e+00 2.000000000000000000e+00
1.935069274902343750e+02 2.487488555908203125e+02 1.283759613037109375e+02 2.922410070896148682e-01 -8.411003947257995605e-01 4.551322162151336670e-01 0.000000000000000000e+00 2.000000000000000000e+00
1.936911926269531250e+02 2.482185211181640625e+02 1.286629333496093750e+02 2.733502686023712158e-01 -8.345810174942016602e-01 4.782825410366058350e-01 0.000000000000000000e+00 2.000000000000000000e+00
1.938596954345703125e+02 2.477040557861328125e+02 1.289577636718750000e+02 2.549159228801727295e-01 -8.217637538909912109e-01 5.096295475959777832e-01 0.000000000000000000e+00 2.000000000000000000e+00
1.940135345458984375e+02 2.472081298828125000e+02 1.292653198242187500e+02 2.365130484104156494e-01 -8.004382848739624023e-01 5.507813096046447754e-01 0.000000000000000000e+00 2.000000000000000000e+00
1.941535644531250000e+02 2.467342224121093750e+02 1.295914154052734375e+02 2.156204283237457275e-01 -7.678810358047485352e-01 6.032135486602783203e-01 0.000000000000000000e+00 2.000000000000000000e+00
1.942792205810546875e+02 2.462867279052734375e+02 1.299429473876953125e+02 1.892295181751251221e-01 -7.219744324684143066e-01 6.655412912368774414e-01 0.000000000000000000e+00 2.000000000000000000e+00
1.943884582519531250e+02 2.458699493408203125e+02 1.303271484375000000e+02 1.554791033267974854e-01 -6.635730266571044922e-01 7.317767143249511719e-01 0.000000000000000000e+00 2.000000000000000000e+00
1.944782714843750000e+02 2.454866333007812500e+02 1.307498626708984375e+02 1.153380572795867920e-01 -5.985264778137207031e-01 7.927567362785339355e-01 0.000000000000000000e+00 2.000000000000000000e+00
1.945457305908203125e+02 2.451365661621093750e+02 1.312135314941406250e+02 7.292643189430236816e-02 -5.369179844856262207e-01 8.404765129089355469e-01 0.000000000000000000e+00 2.000000000000000000e+00
1.945893859863281250e+02 2.448151550292968750e+02 1.317166595458984375e+02 3.317180275917053223e-02 -4.878410100936889648e-01 8.723019361495971680e-01 0.000000000000000000e+00 2.000000000000000000e+00
1.946098175048828125e+02 2.445146789550781250e+02 1.322539367675781250e+02 3.609811828937381506e-04 -4.557507634162902832e-01 8.901073932647705078e-01 0.000000000000000000e+00 2.000000000000000000e+00
1.946100463867187500e+02 2.442257080078125000e+02 1.328183135986328125e+02 -2.257969789206981659e-02 -4.404914975166320801e-01 8.974727392196655273e-01 0.000000000000000000e+00 2.000000000000000000e+00
1.945953369140625000e+02 2.439387512207031250e+02 1.334029693603515625e+02 -3.399751707911491394e-02 -4.394544661045074463e-01 8.976212739944458008e-01 0.000000000000000000e+00 2.000000000000000000e+00
1.945726318359375000e+02 2.436452636718750000e+02 1.340024414062500000e+02 -3.425914421677589417e-02 -4.488528370857238770e-01 8.929487466812133789e-01 0.000000000000000000e+00 2.000000000000000000e+00
1.945492248535156250e+02 2.433385925292968750e+02 1.346125335693359375e+02 -2.471318468451499939e-02 -4.657855033874511719e-01 8.845524787902832031e-01 0.000000000000000000e+00 2.000000000000000000e+00
1.945319976806640625e+02 2.430139007568359375e+02 1.352291412353515625e+02 -8.253101259469985962e-03 -4.881181418895721436e-01 8.727385401725769043e-01 0.000000000000000000e+00 2.000000000000000000e+00
1.945261535644531250e+02 2.426682586669921875e+02 1.358471374511718750e+02 1.129386201500892639e-02 -5.149275064468383789e-01 8.571593165397644043e-01 0.000000000000000000e+00 2.000000000000000000e+00
1.945342254638671875e+02 2.423002319335937500e+02 1.364597625732421875e+02 3.040262125432491302e-02 -5.460327863693237305e-01 8.372119069099426270e-01 0.000000000000000000e+00 2.000000000000000000e+00
1.945559997558593750e+02 2.419091644287109375e+02 1.370593719482421875e+02 4.551427066326141357e-02 -5.807611942291259766e-01 8.128006458282470703e-01 0.000000000000000000e+00 2.000000000000000000e+00
1.945884857177734375e+02 2.414946441650390625e+02 1.376395111083984375e+02 5.357860773801803589e-02 -6.183370947837829590e-01 7.840844988822937012e-01 0.000000000000000000e+00 2.000000000000000000e+00
1.946264953613281250e+02 2.410559844970703125e+02 1.381957550048828125e+02 5.263824015855789185e-02 -6.572210788726806641e-01 7.518574595451354980e-01 0.000000000000000000e+00 2.000000000000000000e+00
1.946636352539062500e+02 2.405922698974609375e+02 1.387262420654296875e+02 4.257307201623916626e-02 -6.953240036964416504e-01 7.174342870712280273e-01 0.000000000000000000e+00 2.000000000000000000e+00
1.946936035156250000e+02 2.401028137207031250e+02 1.392312622070312500e+02 2.505437098443508148e-02 -7.306694984436035156e-01 6.822714805603027344e-01 0.000000000000000000e+00 2.000000000000000000e+00
1.947112579345703125e+02 2.395879516601562500e+02 1.397120208740234375e+02 2.269922988489270210e-03 -7.617212533950805664e-01 6.479008197784423828e-01 0.000000000000000000e+00 2.000000000000000000e+00
1.947128601074218750e+02 2.390503082275390625e+02 1.401693267822265625e+02 -2.400569431483745575e-02 -7.883097529411315918e-01 6.148101091384887695e-01 0.000000000000000000e+00 2.000000000000000000e+00
1.946959533691406250e+02 2.384951171875000000e+02 1.406023254394531250e+02 -5.318506434559822083e-02 -8.108420372009277344e-01 5.828434228897094727e-01 0.000000000000000000e+00 2.000000000000000000e+00
1.946589355468750000e+02 2.379307556152343750e+02 1.410079956054687500e+02 -8.667579293251037598e-02 -8.297684788703918457e-01 5.513362288475036621e-01 0.000000000000000000e+00 2.000000000000000000e+00
1.946000823974609375e+02 2.373673400878906250e+02 1.413823547363281250e+02 -1.260791867971420288e-01 -8.454130887985229492e-01 5.190189480781555176e-01 0.000000000000000000e+00 2.000000000000000000e+00
1.945177764892578125e+02 2.368154449462890625e+02 1.417211761474609375e+02 -1.735479533672332764e-01 -8.574775457382202148e-01 4.843690991401672363e-01 0.000000000000000000e+00 2.000000000000000000e+00
1.944101715087890625e+02 2.362837829589843750e+02 1.420214996337890625e+02 -2.288402169942855835e-01 -8.645972609519958496e-01 4.473295509815216064e-01 0.000000000000000000e+00 2.000000000000000000e+00
1.942762451171875000e+02 2.357777862548828125e+02 1.422832946777343750e+02 -2.907519638538360596e-01 -8.653981089591979980e-01 4.081048071384429932e-01 0.000000000000000000e+00 2.000000000000000000e+00
1.941151580810546875e+02 2.352983245849609375e+02 1.425093994140625000e+02 -3.568625450134277344e-01 -8.587194085121154785e-01 3.677637279033660889e-01 0.000000000000000000e+00 2.000000000000000000e+00
1.939258422851562500e+02 2.348427734375000000e+02 1.427044982910156250e+02 -4.268520474433898926e-01 -8.434153199195861816e-01 3.262636661529541016e-01 0.000000000000000000e+00 2.000000000000000000e+00
1.937049102783203125e+02 2.344062347412109375e+02 1.428733673095703125e+02 -5.028013586997985840e-01 -8.171591162681579590e-01 2.818542718887329102e-01 0.000000000000000000e+00 2.000000000000000000e+00
1.934447937011718750e+02 2.339834899902343750e+02 1.430191802978515625e+02 -5.850627422332763672e-01 -7.770265936851501465e-01 2.322309911251068115e-01 0.000000000000000000e+00 2.000000000000000000e+00
1.931333007812500000e+02 2.335697937011718750e+02 1.431428222656250000e+02 -6.688089370727539062e-01 -7.218710184097290039e-01 1.777552664279937744e-01 0.000000000000000000e+00 2.000000000000000000e+00
1.927551879882812500e+02 2.331616821289062500e+02 1.432433166503906250e+02 -7.443985342979431152e-01 -6.563107371330261230e-01 1.229918822646141052e-01 0.000000000000000000e+00 2.000000000000000000e+00
1.922953643798828125e+02 2.327562713623046875e+02 1.433192901611328125e+02 -8.029127717018127441e-01 -5.913367867469787598e-01 7.517860084772109985e-02 0.000000000000000000e+00 2.000000000000000000e+00
1.917442169189453125e+02 2.323503570556640625e+02 1.433708953857421875e+02 -8.419932126998901367e-01 -5.380296111106872559e-01 3.964133933186531067e-02 0.000000000000000000e+00 2.000000000000000000e+00
1.911021728515625000e+02 2.319400939941406250e+02 1.434011230468750000e+02 -8.639227151870727539e-01 -5.032934546470642090e-01 1.825369149446487427e-02 0.000000000000000000e+00 2.000000000000000000e+00
1.903814392089843750e+02 2.315202178955078125e+02 1.434163513183593750e+02 -8.726350069046020508e-01 -4.882780015468597412e-01 9.631203487515449524e-03 0.000000000000000000e+00 2.000000000000000000e+00
1.896044616699218750e+02 2.310854644775390625e+02 1.434249267578125000e+02 -8.709605932235717773e-01 -4.912115335464477539e-01 1.178246643394231796e-02 0.000000000000000000e+00 2.000000000000000000e+00
1.888002471923828125e+02 2.306318969726562500e+02 1.434358062744140625e+02 -8.610137104988098145e-01 -5.081027150154113770e-01 2.206718549132347107e-02 0.000000000000000000e+00 2.000000000000000000e+00
1.879988861083984375e+02 2.301589965820312500e+02 1.434563446044921875e+02 -8.446968197822570801e-01 -5.339048504829406738e-01 3.785339742898941040e-02 0.000000000000000000e+00 2.000000000000000000e+00
1.872269744873046875e+02 2.296710968017578125e+02 1.434909362792968750e+02 -8.243197202682495117e-01 -5.632990598678588867e-01 5.649006366729736328e-02 0.000000000000000000e+00 2.000000000000000000e+00
1.865044403076171875e+02 2.291773529052734375e+02 1.435404510498046875e+02 -8.024643659591674805e-01 -5.918716192245483398e-01 7.575556635856628418e-02 0.000000000000000000e+00 2.000000000000000000e+00
1.858435211181640625e+02 2.286898803710937500e+02 1.436028442382812500e+02 -7.813831567764282227e-01 -6.168909668922424316e-01 9.426476806402206421e-02 0.000000000000000000e+00 2.000000000000000000e+00
1.852487945556640625e+02 2.282203521728515625e+02 1.436745910644531250e+02 -7.627248764038085938e-01 -6.371135711669921875e-01 1.110721826553344727e-01 0.000000000000000000e+00 2.000000000000000000e+00
1.847180786132812500e+02 2.277770385742187500e+02 1.437518768310546875e+02 -7.474380135536193848e-01 -6.523383855819702148e-01 1.256622374057769775e-01 0.000000000000000000e+00 2.000000000000000000e+00
1.842434082031250000e+02 2.273627624511718750e+02 1.438316802978515625e+02 -7.356135845184326172e-01 -6.632465720176696777e-01 1.377560347318649292e-01 0.000000000000000000e+00 2.000000000000000000e+00
1.838139190673828125e+02 2.269755249023437500e+02 1.439121093750000000e+02 -7.273393273353576660e-01 -6.703528761863708496e-01 1.469841450452804565e-01 0.000000000000000000e+00 2.000000000000000000e+00
1.834172058105468750e+02 2.266098937988281250e+02 1.439922790527343750e+02 -7.220820784568786621e-01 -6.746168732643127441e-01 1.532632708549499512e-01 0.000000000000000000e+00 2.000000000000000000e+00
1.830420837402343750e+02 2.262594299316406250e+02 1.440718994140625000e+02 -7.189342379570007324e-01 -6.770804524421691895e-01 1.571485549211502075e-01 0.000000000000000000e+00 2.000000000000000000e+00
1.826798553466796875e+02 2.259182891845703125e+02 1.441510772705078125e+02 -7.176556587219238281e-01 -6.779758930206298828e-01 1.591196209192276001e-01 0.000000000000000000e+00 2.000000000000000000e+00
1.823244018554687500e+02 2.255824890136718750e+02 1.442298889160156250e+02 -7.169699668884277344e-01 -6.784880757331848145e-01 1.600248813629150391e-01 0.000000000000000000e+00 2.000000000000000000e+00
1.819727325439453125e+02 2.252496948242187500e+02 1.443083801269531250e+02 -7.166742086410522461e-01 -6.786823272705078125e-01 1.605252474546432495e-01 0.000000000000000000e+00 2.000000000000000000e+00
1.816238708496093750e+02 2.249193267822265625e+02 1.443865203857421875e+02 -7.165837287902832031e-01 -6.787438392639160156e-01 1.606692820787429810e-01 0.000000000000000000e+00 2.000000000000000000e+00
1.812785644531250000e+02 2.245922546386718750e+02 1.444639434814453125e+02 -7.165194749832153320e-01 -6.788113117218017578e-01 1.606709361076354980e-01 0.000000000000000000e+00 2.000000000000000000e+00
1.809396209716796875e+02 2.242711486816406250e+02 1.445399475097656250e+02 -7.166190743446350098e-01 -6.787089109420776367e-01 1.606589555740356445e-01 0.000000000000000000e+00 2.000000000000000000e+00
1.806122436523437500e+02 2.239610900878906250e+02 1.446133422851562500e+02 -7.165594696998596191e-01 -6.787729859352111816e-01 1.606546491384506226e-01 0.000000000000000000e+00 2.000000000000000000e+00
1.803040771484375000e+02 2.236691741943359375e+02 1.446824340820312500e+02 -7.165330052375793457e-01 -6.787940263748168945e-01 1.606837213039398193e-01 0.000000000000000000e+00 2.000000000000000000e+00
1.800242156982421875e+02 2.234040527343750000e+02 1.447451934814453125e+02 -7.165755033493041992e-01 -6.787471175193786621e-01 1.606918275356292725e-01 0.000000000000000000e+00 2.000000000000000000e+00
1.797817077636718750e+02 2.231743469238281250e+02 1.447995758056640625e+02 -7.166501283645629883e-01 -6.786851882934570312e-01 1.606208682060241699e-01 0.000000000000000000e+00 2.000000000000000000e+00
1.795832519531250000e+02 2.229864044189453125e+02 1.448440551757812500e+02 -7.164366841316223145e-01 -6.789038777351379395e-01 1.606489419937133789e-01 0.000000000000000000e+00 2.000000000000000000e+00
1.794315032958984375e+02 2.228426055908203125e+02 1.448780822753906250e+02 -5.834025740623474121e-01 -7.869107127189636230e-01 -2.010296434164047241e-01 0.000000000000000000e+00 2.000000000000000000e+00
1.779229888916015625e+02 2.208078765869140625e+02 1.443582763671875000e+02 -5.766127705574035645e-01 -8.075709342956542969e-01 -1.238822788000106812e-01 0.000000000000000000e+00 2.000000000000000000e+00
1.775350646972656250e+02 2.202645721435546875e+02 1.442749328613281250e+02 -5.656907558441162109e-01 -8.036958575248718262e-01 -1.845721155405044556e-01 0.000000000000000000e+00 2.000000000000000000e+00
1.771623840332031250e+02 2.197350921630859375e+02 1.441533355712890625e+02 -5.579769611358642578e-01 -7.896604537963867188e-01 -2.551433145999908447e-01 0.000000000000000000e+00 2.000000000000000000e+00
1.768088989257812500e+02 2.192348327636718750e+02 1.439916992187500000e+02 -5.534686446189880371e-01 -7.637123465538024902e-01 -3.322887718677520752e-01 0.000000000000000000e+00 2.000000000000000000e+00
1.764752960205078125e+02 2.187745056152343750e+02 1.437914123535156250e+02 -5.516811609268188477e-01 -7.257898449897766113e-01 -4.109464585781097412e-01 0.000000000000000000e+00 2.000000000000000000e+00
1.761589965820312500e+02 2.183583831787109375e+02 1.435558013916015625e+02 -5.516731142997741699e-01 -6.784253716468811035e-01 -4.851760864257812500e-01 0.000000000000000000e+00 2.000000000000000000e+00
1.758555603027343750e+02 2.179852294921875000e+02 1.432889404296875000e+02 -5.531929731369018555e-01 -6.255803108215332031e-01 -5.501151084899902344e-01 0.000000000000000000e+00 2.000000000000000000e+00
1.755593719482421875e+02 2.176502838134765625e+02 1.429944000244140625e+02 -5.554568767547607422e-01 -5.725106596946716309e-01 -6.030749082565307617e-01 0.000000000000000000e+00 2.000000000000000000e+00
1.752651519775390625e+02 2.173470306396484375e+02 1.426749572753906250e+02 -5.587325096130371094e-01 -5.221986770629882812e-01 -6.443031430244445801e-01 0.000000000000000000e+00 2.000000000000000000e+00
1.749678497314453125e+02 2.170691680908203125e+02 1.423321228027343750e+02 -5.640165805816650391e-01 -4.757210612297058105e-01 -6.749628186225891113e-01 0.000000000000000000e+00 2.000000000000000000e+00
1.746619873046875000e+02 2.168111877441406250e+02 1.419660949707031250e+02 -5.728275179862976074e-01 -4.329953491687774658e-01 -6.959767341613769531e-01 0.000000000000000000e+00 2.000000000000000000e+00
1.743408203125000000e+02 2.165684204101562500e+02 1.415758819580078125e+02 -5.868656635284423828e-01 -3.930365741252899170e-01 -7.078919410705566406e-01 0.000000000000000000e+00 2.000000000000000000e+00
1.739961700439453125e+02 2.163376007080078125e+02 1.411601562500000000e+02 -6.064484119415283203e-01 -3.543713390827178955e-01 -7.117874622344970703e-01 0.000000000000000000e+00 2.000000000000000000e+00
1.736193084716796875e+02 2.161173858642578125e+02 1.407178344726562500e+02 -6.306242346763610840e-01 -3.168238997459411621e-01 -7.084742188453674316e-01 0.000000000000000000e+00 2.000000000000000000e+00
1.732023925781250000e+02 2.159079284667968750e+02 1.402494506835937500e+02 -6.577087640762329102e-01 -2.805630564689636230e-01 -6.990733742713928223e-01 0.000000000000000000e+00 2.000000000000000000e+00
1.727402038574218750e+02 2.157107696533203125e+02 1.397581939697265625e+02 -6.849502325057983398e-01 -2.467744648456573486e-01 -6.855257153511047363e-01 0.000000000000000000e+00 2.000000000000000000e+00
1.722317199707031250e+02 2.155275726318359375e+02 1.392492828369140625e+02 -7.105579376220703125e-01 -2.164540737867355347e-01 -6.695184707641601562e-01 0.000000000000000000e+00 2.000000000000000000e+00
1.716798248291015625e+02 2.153594512939453125e+02 1.387292633056640625e+02 -7.344244122505187988e-01 -1.903155744075775146e-01 -6.514604687690734863e-01 0.000000000000000000e+00 2.000000000000000000e+00
1.710898132324218750e+02 2.152065582275390625e+02 1.382059020996093750e+02 -7.576673626899719238e-01 -1.671636402606964111e-01 -6.308695673942565918e-01 0.000000000000000000e+00 2.000000000000000000e+00
1.704671630859375000e+02 2.150691833496093750e+02 1.376874542236328125e+02 -7.824169993400573730e-01 -1.461420506238937378e-01 -6.053645014762878418e-01 0.000000000000000000e+00 2.000000000000000000e+00
1.698155822753906250e+02 2.149474792480468750e+02 1.371833190917968750e+02 -8.106121420860290527e-01 -1.254347711801528931e-01 -5.719912648200988770e-01 0.000000000000000000e+00 2.000000000000000000e+00
1.691359710693359375e+02 2.148423156738281250e+02 1.367037658691406250e+02 -8.426494598388671875e-01 -1.051474362611770630e-01 -5.280963778495788574e-01 0.000000000000000000e+00 2.000000000000000000e+00
1.684274597167968750e+02 2.147539062500000000e+02 1.362597351074218750e+02 -8.766177296638488770e-01 -8.696230500936508179e-02 -4.732641279697418213e-01 0.000000000000000000e+00 2.000000000000000000e+00
1.676893005371093750e+02 2.146806793212890625e+02 1.358612213134765625e+02 -9.089355468750000000e-01 -7.453289628028869629e-02 -4.102206528186798096e-01 0.000000000000000000e+00 2.000000000000000000e+00
1.669233856201171875e+02 2.146178741455078125e+02 1.355155487060546875e+02 -9.361199736595153809e-01 -7.222527265548706055e-02 -3.441844284534454346e-01 0.000000000000000000e+00 2.000000000000000000e+00
1.661350708007812500e+02 2.145570526123046875e+02 1.352257080078125000e+02 -9.561118483543395996e-01 -8.261033147573471069e-02 -2.811152040958404541e-01 0.000000000000000000e+00 2.000000000000000000e+00
1.653329467773437500e+02 2.144877471923828125e+02 1.349898681640625000e+02 -9.685463905334472656e-01 -1.054425910115242004e-01 -2.253879010677337646e-01 0.000000000000000000e+00 2.000000000000000000e+00
1.645268859863281250e+02 2.143999938964843750e+02 1.348022918701171875e+02 -9.742660522460937500e-01 -1.376297622919082642e-01 -1.785036623477935791e-01 0.000000000000000000e+00 2.000000000000000000e+00
1.637245483398437500e+02 2.142866516113281250e+02 1.346552886962890625e+02 -9.748203158378601074e-01 -1.735986620187759399e-01 -1.399602890014648438e-01 0.000000000000000000e+00 2.000000000000000000e+00
1.629294891357421875e+02 2.141450653076171875e+02 1.345411376953125000e+02 -9.723272323608398438e-01 -2.074431031942367554e-01 -1.074571460485458374e-01 0.000000000000000000e+00 2.000000000000000000e+00
1.621411132812500000e+02 2.139768676757812500e+02 1.344540100097656250e+02 -9.689462780952453613e-01 -2.346008867025375366e-01 -7.813748717308044434e-02 0.000000000000000000e+00 2.000000000000000000e+00
1.613564300537109375e+02 2.137868804931640625e+02 1.343907318115234375e+02 -9.659078717231750488e-01 -2.540752291679382324e-01 -4.967720061540603638e-02 0.000000000000000000e+00 2.000000000000000000e+00
1.605740661621093750e+02 2.135810852050781250e+02 1.343504943847656250e+02 -9.632762670516967773e-01 -2.677227556705474854e-01 -2.057369425892829895e-02 0.000000000000000000e+00 2.000000000000000000e+00
1.597967681884765625e+02 2.133650512695312500e+02 1.343338928222656250e+02 -9.602211117744445801e-01 -2.790340185165405273e-01 1.074681337922811508e-02 0.000000000000000000e+00 2.000000000000000000e+00
1.590319213867187500e+02 2.131427917480468750e+02 1.343424530029296875e+02 -9.555129408836364746e-01 -2.912606000900268555e-01 4.649884253740310669e-02 0.000000000000000000e+00 2.000000000000000000e+00
1.582891082763671875e+02 2.129163665771484375e+02 1.343786010742187500e+02 -9.477233886718750000e-01 -3.065895438194274902e-01 8.844904601573944092e-02 0.000000000000000000e+00 2.000000000000000000e+00
1.575762634277343750e+02 2.126857604980468750e+02 1.344451293945312500e+02 -9.356155395507812500e-01 -3.252899050712585449e-01 1.371499300003051758e-01 0.000000000000000000e+00 2.000000000000000000e+00
1.568967437744140625e+02 2.124495086669921875e+02 1.345447387695312500e+02 -9.185171723365783691e-01 -3.461768627166748047e-01 1.910180002450942993e-01 0.000000000000000000e+00 2.000000000000000000e+00
1.562487182617187500e+02 2.122052764892578125e+02 1.346795043945312500e+02 -8.973701596260070801e-01 -3.668948709964752197e-01 2.451835870742797852e-01 0.000000000000000000e+00 2.000000000000000000e+00
1.556266937255859375e+02 2.119509582519531250e+02 1.348494567871093750e+02 -8.743744492530822754e-01 -3.856100738048553467e-01 2.945746183395385742e-01 0.000000000000000000e+00 2.000000000000000000e+00
1.550244903564453125e+02 2.116853790283203125e+02 1.350523376464843750e+02 -8.521198630332946777e-01 -4.018736183643341064e-01 3.352450430393218994e-01 0.000000000000000000e+00 2.000000000000000000e+00
1.544369049072265625e+02 2.114082641601562500e+02 1.352835083007812500e+02 -8.324272632598876953e-01 -4.159494340419769287e-01 3.661297261714935303e-01 0.000000000000000000e+00 2.000000000000000000e+00
1.538599395751953125e+02 2.111199645996093750e+02 1.355372772216796875e+02 -8.161408901214599609e-01 -4.283221065998077393e-01 3.878842890262603760e-01 0.000000000000000000e+00 2.000000000000000000e+00
1.532899017333984375e+02 2.108208007812500000e+02 1.358081970214843750e+02 -8.030220866203308105e-01 -4.397594630718231201e-01 4.022029340267181396e-01 0.000000000000000000e+00 2.000000000000000000e+00
1.527231903076171875e+02 2.105104522705078125e+02 1.360920410156250000e+02 -7.925680875778198242e-01 -4.506876766681671143e-01 4.107511639595031738e-01 0.000000000000000000e+00 2.000000000000000000e+00
1.521560058593750000e+02 2.101879272460937500e+02 1.363859863281250000e+02 -7.842193245887756348e-01 -4.614706635475158691e-01 4.147829413414001465e-01 0.000000000000000000e+00 2.000000000000000000e+00
1.515849609375000000e+02 2.098518981933593750e+02 1.366880187988281250e+02 -7.769795060157775879e-01 -4.728474318981170654e-01 4.155937135219573975e-01 0.000000000000000000e+00 2.000000000000000000e+00
1.510088806152343750e+02 2.095013122558593750e+02 1.369961547851562500e+02 -7.703595757484436035e-01 -4.857838749885559082e-01 4.129891991615295410e-01 0.000000000000000000e+00 2.000000000000000000e+00
1.504285278320312500e+02 2.091353454589843750e+02 1.373072814941406250e+02 -7.643222212791442871e-01 -5.008768439292907715e-01 4.061206877231597900e-01 0.000000000000000000e+00 2.000000000000000000e+00
1.498466033935546875e+02 2.087539978027343750e+02 1.376164855957031250e+02 -7.591001987457275391e-01 -5.187668204307556152e-01 3.932529091835021973e-01 0.000000000000000000e+00 2.000000000000000000e+00
1.492671508789062500e+02 2.083580017089843750e+02 1.379166717529296875e+02 -7.551095485687255859e-01 -5.392806529998779297e-01 3.728081881999969482e-01 0.000000000000000000e+00 2.000000000000000000e+00
1.486942749023437500e+02 2.079488677978515625e+02 1.381995086669921875e+02 -7.523497939109802246e-01 -5.619052648544311523e-01 3.438491225242614746e-01 0.000000000000000000e+00 2.000000000000000000e+00
1.481317443847656250e+02 2.075287322998046875e+02 1.384566040039062500e+02 -7.507154941558837891e-01 -5.855289101600646973e-01 3.059118688106536865e-01 0.000000000000000000e+00 2.000000000000000000e+00
1.475819702148437500e+02 2.070999298095703125e+02 1.386806335449218750e+02 -7.491460442543029785e-01 -6.089982390403747559e-01 2.605790197849273682e-01 0.000000000000000000e+00 2.000000000000000000e+00
1.470456848144531250e+02 2.066639709472656250e+02 1.388671722412109375e+02 -7.465491294860839844e-01 -6.310203075408935547e-01 2.108976840972900391e-01 0.000000000000000000e+00 2.000000000000000000e+00
1.465213165283203125e+02 2.062207489013671875e+02 1.390153045654296875e+02 -7.420794367790222168e-01 -6.506479382514953613e-01 1.611688733100891113e-01 0.000000000000000000e+00 2.000000000000000000e+00
1.460056304931640625e+02 2.057686004638671875e+02 1.391273040771484375e+02 -7.359082698822021484e-01 -6.673113107681274414e-01 1.146063283085823059e-01 0.000000000000000000e+00 2.000000000000000000e+00
1.454940795898437500e+02 2.053047332763671875e+02 1.392069702148437500e+02 -7.289758324623107910e-01 -6.807367205619812012e-01 7.205448299646377563e-02 0.000000000000000000e+00 2.000000000000000000e+00
1.449821777343750000e+02 2.048267059326171875e+02 1.392575683593750000e+02 -7.226311564445495605e-01 -6.905170679092407227e-01 3.147266060113906860e-02 0.000000000000000000e+00 2.000000000000000000e+00
1.444664611816406250e+02 2.043339080810546875e+02 1.392800292968750000e+02 -7.179535031318664551e-01 -6.960094571113586426e-01 -1.065674517303705215e-02 0.000000000000000000e+00 2.000000000000000000e+00
1.439452667236328125e+02 2.038286437988281250e+02 1.392722930908203125e+02 -7.150021195411682129e-01 -6.967648863792419434e-01 -5.736430361866950989e-02 0.000000000000000000e+00 2.000000000000000000e+00
1.434188232421875000e+02 2.033156280517578125e+02 1.392300567626953125e+02 -7.132598161697387695e-01 -6.922991275787353516e-01 -1.094638183712959290e-01 0.000000000000000000e+00 2.000000000000000000e+00
1.428886871337890625e+02 2.028010711669921875e+02 1.391486968994140625e+02 -7.118173837661743164e-01 -6.826627850532531738e-01 -1.651889979839324951e-01 0.000000000000000000e+00 2.000000000000000000e+00
1.423566894531250000e+02 2.022908630371093750e+02 1.390252380371093750e+02 -7.100101113319396973e-01 -6.688598394393920898e-01 -2.202546745538711548e-01 0.000000000000000000e+00 2.000000000000000000e+00
1.418240814208984375e+02 2.017891235351562500e+02 1.388600158691406250e+02 -7.078531980514526367e-01 -6.525828838348388672e-01 -2.703320086002349854e-01 0.000000000000000000e+00 2.000000000000000000e+00
1.412911682128906250e+02 2.012978210449218750e+02 1.386564941406250000e+02 -7.057692408561706543e-01 -6.356543898582458496e-01 -3.127829730510711670e-01 0.000000000000000000e+00 2.000000000000000000e+00
1.407574310302734375e+02 2.008171081542968750e+02 1.384199523925781250e+02 -7.042121291160583496e-01 -6.194843053817749023e-01 -3.468782901763916016e-01 0.000000000000000000e+00 2.000000000000000000e+00
1.402219848632812500e+02 2.003460845947265625e+02 1.381562042236328125e+02 -7.031399011611938477e-01 -6.046380400657653809e-01 -3.741752803325653076e-01 0.000000000000000000e+00 2.000000000000000000e+00
1.396842346191406250e+02 1.998836669921875000e+02 1.378700408935546875e+02 -7.024884223937988281e-01 -5.908222794532775879e-01 -3.967859745025634766e-01 0.000000000000000000e+00 2.000000000000000000e+00
1.391441802978515625e+02 1.994294586181640625e+02 1.375650024414062500e+02 -7.016204595565795898e-01 -5.778248310089111328e-01 -4.169498980045318604e-01 0.000000000000000000e+00 2.000000000000000000e+00
1.386028137207031250e+02 1.989836120605468750e+02 1.372432861328125000e+02 -7.003060579299926758e-01 -5.653644204139709473e-01 -4.358148872852325439e-01 0.000000000000000000e+00 2.000000000000000000e+00
1.380617980957031250e+02 1.985468444824218750e+02 1.369066009521484375e+02 -6.983883380889892578e-01 -5.539201498031616211e-01 -4.532397687435150146e-01 0.000000000000000000e+00 2.000000000000000000e+00
1.375234680175781250e+02 1.981198730468750000e+02 1.365572357177734375e+02 -6.960598230361938477e-01 -5.441346764564514160e-01 -4.684209823608398438e-01 0.000000000000000000e+00 2.000000000000000000e+00
1.369901275634765625e+02 1.977029418945312500e+02 1.361983184814453125e+02 -6.937509179115295410e-01 -5.371137261390686035e-01 -4.798108339309692383e-01 0.000000000000000000e+00 2.000000000000000000e+00
1.364640045166015625e+02 1.972956085205078125e+02 1.358344421386718750e+02 -6.924896836280822754e-01 -5.342389941215515137e-01 -4.848162829875946045e-01 0.000000000000000000e+00 2.000000000000000000e+00
1.359463958740234375e+02 1.968962860107421875e+02 1.354720611572265625e+02 -6.937521696090698242e-01 -5.365177392959594727e-01 -4.804754555225372314e-01 0.000000000000000000e+00 2.000000000000000000e+00
1.354371490478515625e+02 1.965024566650390625e+02 1.351193695068359375e+02 -6.989763975143432617e-01 -5.442280173301696777e-01 -4.639481008052825928e-01 0.000000000000000000e+00 2.000000000000000000e+00
1.349342956542968750e+02 1.961109313964843750e+02 1.347855987548828125e+02 -7.091319561004638672e-01 -5.561513900756835938e-01 -4.333908259868621826e-01 0.000000000000000000e+00 2.000000000000000000e+00
1.344337310791015625e+02 1.957183532714843750e+02 1.344796752929687500e+02 -7.240275144577026367e-01 -5.694144964218139648e-01 -3.892958164215087891e-01 0.000000000000000000e+00 2.000000000000000000e+00
1.339299774169921875e+02 1.953221740722656250e+02 1.342088165283203125e+02 -7.426530122756958008e-01 -5.798619389533996582e-01 -3.350024223327636719e-01 0.000000000000000000e+00 2.000000000000000000e+00
1.334163208007812500e+02 1.949211120605468750e+02 1.339771118164062500e+02 -7.635881304740905762e-01 -5.837872028350830078e-01 -2.759086191654205322e-01 0.000000000000000000e+00 2.000000000000000000e+00
1.328860473632812500e+02 1.945157012939453125e+02 1.337855072021484375e+02 -7.855610251426696777e-01 -5.791257619857788086e-01 -2.179617583751678467e-01 0.000000000000000000e+00 2.000000000000000000e+00
1.323338470458984375e+02 1.941086120605468750e+02 1.336322937011718750e+02 -8.076611757278442383e-01 -5.661424398422241211e-01 -1.648214012384414673e-01 0.000000000000000000e+00 2.000000000000000000e+00
1.317568359375000000e+02 1.937041473388671875e+02 1.335145416259765625e+02 -8.290746808052062988e-01 -5.465881228446960449e-01 -1.177991628646850586e-01 0.000000000000000000e+00 2.000000000000000000e+00
1.311554412841796875e+02 1.933076629638671875e+02 1.334290924072265625e+02 -8.489556908607482910e-01 -5.229663848876953125e-01 -7.602805644273757935e-02 0.000000000000000000e+00 2.000000000000000000e+00
1.305337066650390625e+02 1.929246673583984375e+02 1.333734130859375000e+02 -8.665754795074462891e-01 -4.975733160972595215e-01 -3.831329196691513062e-02 0.000000000000000000e+00 2.000000000000000000e+00
1.298983306884765625e+02 1.925598449707031250e+02 1.333453216552734375e+02 -8.812792301177978516e-01 -4.725824594497680664e-01 -3.584139980375766754e-03 0.000000000000000000e+00 2.000000000000000000e+00
1.292567596435546875e+02 1.922158050537109375e+02 1.333427124023437500e+02 -8.927652239799499512e-01 -4.496335983276367188e-01 2.828138135373592377e-02 0.000000000000000000e+00 2.000000000000000000e+00
1.286156463623046875e+02 1.918929138183593750e+02 1.333630218505859375e+02 -9.008378982543945312e-01 -4.304363131523132324e-01 5.670741945505142212e-02 0.000000000000000000e+00 2.000000000000000000e+00
1.279793548583984375e+02 1.915888824462890625e+02 1.334030761718750000e+02 -9.056570529937744141e-01 -4.160863161087036133e-01 8.159329742193222046e-02 0.000000000000000000e+00 2.000000000000000000e+00
1.273496475219726562e+02 1.912995758056640625e+02 1.334598083496093750e+02 -9.077078104019165039e-01 -4.067483842372894287e-01 1.030645444989204407e-01 0.000000000000000000e+00 2.000000000000000000e+00
1.267262268066406250e+02 1.910202178955078125e+02 1.335305938720703125e+02 -9.073950052261352539e-01 -4.022092819213867188e-01 1.219101026654243469e-01 0.000000000000000000e+00 2.000000000000000000e+00
1.261079330444335938e+02 1.907461547851562500e+02 1.336136627197265625e+02 -9.055595397949218750e-01 -4.007235169410705566e-01 1.392216682434082031e-01 0.000000000000000000e+00 2.000000000000000000e+00
1.254937744140625000e+02 1.904743804931640625e+02 1.337080841064453125e+02 -9.028077721595764160e-01 -4.009593725204467773e-01 1.554657518863677979e-01 0.000000000000000000e+00 2.000000000000000000e+00
1.248836975097656250e+02 1.902034301757812500e+02 1.338131408691406250e+02 -8.999625444412231445e-01 -4.012016355991363525e-01 1.706009358167648315e-01 0.000000000000000000e+00 2.000000000000000000e+00
1.242787857055664062e+02 1.899337615966796875e+02 1.339278106689453125e+02 -8.974999189376831055e-01 -4.007833898067474365e-01 1.840285062789916992e-01 0.000000000000000000e+00 2.000000000000000000e+00
1.236812210083007812e+02 1.896669158935546875e+02 1.340503387451171875e+02 -8.955475091934204102e-01 -4.002609848976135254e-01 1.943858414888381958e-01 0.000000000000000000e+00 2.000000000000000000e+00
1.230948638916015625e+02 1.894048461914062500e+02 1.341776123046875000e+02 -8.940883278846740723e-01 -4.003857970237731934e-01 2.007419615983963013e-01 0.000000000000000000e+00 2.000000000000000000e+00
1.225233764648437500e+02 1.891489257812500000e+02 1.343059234619140625e+02 -8.924881219863891602e-01 -4.033512771129608154e-01 2.019224017858505249e-01 0.000000000000000000e+00 2.000000000000000000e+00
1.219714889526367188e+02 1.888995056152343750e+02 1.344307861328125000e+02 -8.894747495651245117e-01 -4.127999246120452881e-01 1.960380226373672485e-01 0.000000000000000000e+00 2.000000000000000000e+00
1.214455947875976562e+02 1.886554412841796875e+02 1.345466918945312500e+02 -8.824955224990844727e-01 -4.346461594104766846e-01 1.796782910823822021e-01 0.000000000000000000e+00 2.000000000000000000e+00
1.209555358886718750e+02 1.884140777587890625e+02 1.346464691162109375e+02 -8.661864399909973145e-01 -4.778638482093811035e-01 1.461750715970993042e-01 0.000000000000000000e+00 2.000000000000000000e+00
1.205157394409179688e+02 1.881714477539062500e+02 1.347206878662109375e+02 -8.281583786010742188e-01 -5.542060136795043945e-01 8.372186124324798584e-02 0.000000000000000000e+00 2.000000000000000000e+00
1.201447372436523438e+02 1.879231719970703125e+02 1.347581939697265625e+02 -7.368845343589782715e-01 -6.754161119461059570e-01 -2.853534556925296783e-02 0.000000000000000000e+00 2.000000000000000000e+00
1.198622131347656250e+02 1.876642150878906250e+02 1.347472534179687500e+02 -5.315018296241760254e-01 -8.216047883033752441e-01 -2.060855627059936523e-01 0.000000000000000000e+00 2.000000000000000000e+00
1.196844558715820312e+02 1.873894348144531250e+02 1.346783294677734375e+02 -1.952668428421020508e-01 -8.952425718307495117e-01 -4.005141854286193848e-01 0.000000000000000000e+00 2.000000000000000000e+00
1.196199722290039062e+02 1.870937957763671875e+02 1.345460662841796875e+02 1.234203502535820007e-01 -8.477548360824584961e-01 -5.158286094665527344e-01 0.000000000000000000e+00 2.000000000000000000e+00
1.196667404174804688e+02 1.867725524902343750e+02 1.343506011962890625e+02 3.216061592102050781e-01 -7.673621177673339844e-01 -5.547296404838562012e-01 0.000000000000000000e+00 2.000000000000000000e+00
1.198135452270507812e+02 1.864222717285156250e+02 1.340973815917968750e+02 4.268530905246734619e-01 -7.085075974464416504e-01 -5.619727373123168945e-01 0.000000000000000000e+00 2.000000000000000000e+00
1.200426330566406250e+02 1.860420227050781250e+02 1.337957763671875000e+02 4.811574220657348633e-01 -6.747574806213378906e-01 -5.596337318420410156e-01 0.000000000000000000e+00 2.000000000000000000e+00
1.203338241577148438e+02 1.856336669921875000e+02 1.334570922851562500e+02 5.088808536529541016e-01 -6.578363180160522461e-01 -5.552401542663574219e-01 0.000000000000000000e+00 2.000000000000000000e+00
1.206671371459960938e+02 1.852027893066406250e+02 1.330934143066406250e+02 5.227122902870178223e-01 -6.503661274909973145e-01 -5.511767268180847168e-01 0.000000000000000000e+00 2.000000000000000000e+00
1.210238418579101562e+02 1.847589721679687500e+02 1.327172851562500000e+02 5.294324159622192383e-01 -6.476051807403564453e-01 -5.480044484138488770e-01 0.000000000000000000e+00 2.000000000000000000e+00
1.213863983154296875e+02 1.843154907226562500e+02 1.323420104980468750e+02 5.325994491577148438e-01 -6.468500494956970215e-01 -5.458230972290039062e-01 0.000000000000000000e+00 2.000000000000000000e+00
1.217379302978515625e+02 1.838885498046875000e+02 1.319817504882812500e+02 5.340822935104370117e-01 -6.467835903167724609e-01 -5.444511175155639648e-01 0.000000000000000000e+00 2.000000000000000000e+00
1.220625305175781250e+02 1.834954528808593750e+02 1.316508483886718750e+02 5.344112515449523926e-01 -6.472254991531372070e-01 -5.436026453971862793e-01 0.000000000000000000e+00 2.000000000000000000e+00
1.223459854125976562e+02 1.831521606445312500e+02 1.313625183105468750e+02 5.345712304115295410e-01 -6.474407315254211426e-01 -5.431888103485107422e-01 0.000000000000000000e+00 2.000000000000000000e+00
1.225788345336914062e+02 1.828701477050781250e+02 1.311259155273437500e+02 5.345712304115295410e-01 -6.474407315254211426e-01 -5.431888103485107422e-01 0.000000000000000000e+00 2.000000000000000000e+00
