6.755075073242187500e+01 2.241301269531250000e+02 1.735299377441406250e+02 -6.278284788131713867e-01 7.684087753295898438e-01 1.240139082074165344e-01 0.000000000000000000e+00 2.000000000000000000e+00
6.784769439697265625e+01 2.237666931152343750e+02 1.734712829589843750e+02 -6.278203725814819336e-01 7.684181332588195801e-01 1.239963024854660034e-01 0.000000000000000000e+00 2.000000000000000000e+00
6.821065521240234375e+01 2.233224487304687500e+02 1.733995971679687500e+02 -6.278187632560729980e-01 7.684178948402404785e-01 1.240062415599822998e-01 0.000000000000000000e+00 2.000000000000000000e+00
6.862951660156250000e+01 2.228097839355468750e+02 1.733168640136718750e+02 -6.278130412101745605e-01 7.684187889099121094e-01 1.240296363830566406e-01 0.000000000000000000e+00 2.000000000000000000e+00
6.909069824218750000e+01 2.222453155517578125e+02 1.732257537841796875e+02 -6.278354525566101074e-01 7.684017419815063477e-01 1.240221858024597168e-01 0.000000000000000000e+00 2.000000000000000000e+00
6.958058166503906250e+01 2.216457519531250000e+02 1.731289825439453125e+02 -6.278162598609924316e-01 7.684189081192016602e-01 1.240128576755523682e-01 0.000000000000000000e+00 2.000000000000000000e+00
7.008786773681640625e+01 2.210248565673828125e+02 1.730287780761718750e+02 -6.278193593025207520e-01 7.684110403060913086e-01 1.240455135703086853e-01 0.000000000000000000e+00 2.000000000000000000e+00
7.060459899902343750e+01 2.203924102783203125e+02 1.729266815185546875e+02 -6.277967691421508789e-01 7.684276103973388672e-01 1.240573525428771973e-01 0.000000000000000000e+00 2.000000000000000000e+00
7.112566375732421875e+01 2.197546234130859375e+02 1.728237152099609375e+02 -6.277284026145935059e-01 7.684663534164428711e-01 1.241632401943206787e-01 0.000000000000000000e+00 2.000000000000000000e+00
7.164807891845703125e+01 2.191150817871093750e+02 1.727203826904296875e+02 -6.276311874389648438e-01 7.684957385063171387e-01 1.244725957512855530e-01 0.000000000000000000e+00 2.000000000000000000e+00
7.216980743408203125e+01 2.184762573242187500e+02 1.726169128417968750e+02 -6.273458600044250488e-01 7.686313390731811523e-01 1.250723749399185181e-01 0.000000000000000000e+00 2.000000000000000000e+00
7.268849182128906250e+01 2.178407592773437500e+02 1.725135040283203125e+02 -6.268566250801086426e-01 7.688486576080322266e-01 1.261840909719467163e-01 0.000000000000000000e+00 2.000000000000000000e+00
7.320159912109375000e+01 2.172114257812500000e+02 1.724102172851562500e+02 -6.260477900505065918e-01 7.691948413848876953e-01 1.280759125947952271e-01 0.000000000000000000e+00 2.000000000000000000e+00
7.370550537109375000e+01 2.165923004150390625e+02 1.723071289062500000e+02 -6.247102022171020508e-01 7.697863578796386719e-01 1.310196071863174438e-01 0.000000000000000000e+00 2.000000000000000000e+00
7.419580078125000000e+01 2.159881439208984375e+02 1.722042999267578125e+02 -6.229206919670104980e-01 7.705242037773132324e-01 1.351380348205566406e-01 0.000000000000000000e+00 2.000000000000000000e+00
7.466817474365234375e+01 2.154038391113281250e+02 1.721018218994140625e+02 -6.206044554710388184e-01 7.714285850524902344e-01 1.405277252197265625e-01 0.000000000000000000e+00 2.000000000000000000e+00
7.511791229248046875e+01 2.148448028564453125e+02 1.719999847412109375e+02 -6.179929375648498535e-01 7.723327279090881348e-01 1.469246596097946167e-01 0.000000000000000000e+00 2.000000000000000000e+00
7.554202270507812500e+01 2.143147735595703125e+02 1.718991546630859375e+02 -6.156017184257507324e-01 7.728404998779296875e-01 1.541170477867126465e-01 0.000000000000000000e+00 2.000000000000000000e+00
7.593770599365234375e+01 2.138180236816406250e+02 1.718000946044921875e+02 -6.139325499534606934e-01 7.726223468780517578e-01 1.616834551095962524e-01 0.000000000000000000e+00 2.000000000000000000e+00
7.630069732666015625e+01 2.133612060546875000e+02 1.717044982910156250e+02 -6.126093268394470215e-01 7.715174555778503418e-01 1.716699451208114624e-01 0.000000000000000000e+00 2.000000000000000000e+00
7.662408447265625000e+01 2.129539337158203125e+02 1.716138763427734375e+02 -6.129379868507385254e-01 7.681420445442199707e-01 1.851076781749725342e-01 0.000000000000000000e+00 2.000000000000000000e+00
7.689712524414062500e+01 2.126117553710937500e+02 1.715314178466796875e+02 -6.143003702163696289e-01 7.609156370162963867e-01 2.089077085256576538e-01 0.000000000000000000e+00 2.000000000000000000e+00
7.710688781738281250e+01 2.123519287109375000e+02 1.714600830078125000e+02 -6.132471561431884766e-01 7.442199587821960449e-01 2.646971344947814941e-01 0.000000000000000000e+00 2.000000000000000000e+00
7.724291992187500000e+01 2.121868438720703125e+02 1.714013671875000000e+02 -5.714727044105529785e-01 6.807667613029479980e-01 4.582309126853942871e-01 0.000000000000000000e+00 2.000000000000000000e+00
7.730255889892578125e+01 2.121157989501953125e+02 1.713535461425781250e+02 1.620370894670486450e-01 -7.815293967723846436e-02 9.836849570274353027e-01 0.000000000000000000e+00 2.000000000000000000e+00
7.729544067382812500e+01 2.121192321777343750e+02 1.713103332519531250e+02 6.317839026451110840e-01 -4.919789433479309082e-01 5.990039706230163574e-01 0.000000000000000000e+00 2.000000000000000000e+00
7.724382781982421875e+01 2.121594238281250000e+02 1.712613983154296875e+02 6.686415672302246094e-01 -2.976754307746887207e-01 6.814013123512268066e-01 0.000000000000000000e+00 2.000000000000000000e+00
7.717826080322265625e+01 2.121886138916015625e+02 1.711945800781250000e+02 4.395828843116760254e-01 2.444597780704498291e-01 8.642953038215637207e-01 0.000000000000000000e+00 2.000000000000000000e+00
7.712999725341796875e+01 2.121617736816406250e+02 1.710996856689453125e+02 3.856496512889862061e-02 6.628186106681823730e-01 7.477862238883972168e-01 0.000000000000000000e+00 2.000000000000000000e+00
7.712339019775390625e+01 2.120482177734375000e+02 1.709715728759765625e+02 -1.775050610303878784e-01 7.836791872978210449e-01 5.952637791633605957e-01 0.000000000000000000e+00 2.000000000000000000e+00
7.717130279541015625e+01 2.118366851806640625e+02 1.708108978271484375e+02 -2.780500948429107666e-01 8.162373900413513184e-01 5.064036846160888672e-01 0.000000000000000000e+00 2.000000000000000000e+00
7.727468872070312500e+01 2.115331878662109375e+02 1.706226043701171875e+02 -3.285284340381622314e-01 8.268262147903442383e-01 4.565384089946746826e-01 0.000000000000000000e+00 2.000000000000000000e+00
7.742516326904296875e+01 2.111544799804687500e+02 1.704134979248046875e+02 -3.533599972724914551e-01 8.313768506050109863e-01 4.288932383060455322e-01 0.000000000000000000e+00 2.000000000000000000e+00
7.760972595214843750e+01 2.107202453613281250e+02 1.701894836425781250e+02 -3.627611398696899414e-01 8.347464799880981445e-01 4.142494499683380127e-01 0.000000000000000000e+00 2.000000000000000000e+00
7.781527709960937500e+01 2.102472534179687500e+02 1.699547576904296875e+02 -3.630760312080383301e-01 8.385440111160278320e-01 4.062260687351226807e-01 0.000000000000000000e+00 2.000000000000000000e+00
7.803206634521484375e+01 2.097465667724609375e+02 1.697122039794921875e+02 -3.577472269535064697e-01 8.434869647026062012e-01 4.006828069686889648e-01 0.000000000000000000e+00 2.000000000000000000e+00
7.825328826904296875e+01 2.092249755859375000e+02 1.694644317626953125e+02 -3.513278961181640625e-01 8.493446111679077148e-01 3.939320147037506104e-01 0.000000000000000000e+00 2.000000000000000000e+00
7.847650909423828125e+01 2.086853332519531250e+02 1.692141418457031250e+02 -3.473798334598541260e-01 8.551935553550720215e-01 3.846703767776489258e-01 0.000000000000000000e+00 2.000000000000000000e+00
7.870223236083984375e+01 2.081296386718750000e+02 1.689641876220703125e+02 -3.484165370464324951e-01 8.598498702049255371e-01 3.731812238693237305e-01 0.000000000000000000e+00 2.000000000000000000e+00
7.893215179443359375e+01 2.075622253417968750e+02 1.687179260253906250e+02 -3.555399179458618164e-01 8.620650768280029297e-01 3.611582815647125244e-01 0.000000000000000000e+00 2.000000000000000000e+00
7.916872406005859375e+01 2.069886169433593750e+02 1.684776153564453125e+02 -3.695575892925262451e-01 8.614108562469482422e-01 3.484229147434234619e-01 0.000000000000000000e+00 2.000000000000000000e+00
7.941365814208984375e+01 2.064176940917968750e+02 1.682466888427734375e+02 -3.898982405662536621e-01 8.583000898361206055e-01 3.336170315742492676e-01 0.000000000000000000e+00 2.000000000000000000e+00
7.966799163818359375e+01 2.058578186035156250e+02 1.680290679931640625e+02 -4.145473241806030273e-01 8.539027571678161621e-01 3.146436810493469238e-01 0.000000000000000000e+00 2.000000000000000000e+00
7.993189239501953125e+01 2.053142242431640625e+02 1.678287658691406250e+02 -4.396663010120391846e-01 8.499534130096435547e-01 2.902975976467132568e-01 0.000000000000000000e+00 2.000000000000000000e+00
8.020454406738281250e+01 2.047871398925781250e+02 1.676487426757812500e+02 -4.604071378707885742e-01 8.479596376419067383e-01 2.626588344573974609e-01 0.000000000000000000e+00 2.000000000000000000e+00
8.048399353027343750e+01 2.042724609375000000e+02 1.674893188476562500e+02 -4.726117849349975586e-01 8.487955927848815918e-01 2.370319664478302002e-01 0.000000000000000000e+00 2.000000000000000000e+00
8.076705932617187500e+01 2.037640838623046875e+02 1.673473510742187500e+02 -4.738681018352508545e-01 8.525784015655517578e-01 2.203614860773086548e-01 0.000000000000000000e+00 2.000000000000000000e+00
8.104934692382812500e+01 2.032561950683593750e+02 1.672160797119140625e+02 -4.644990563392639160e-01 8.588511943817138672e-01 2.159058600664138794e-01 0.000000000000000000e+00 2.000000000000000000e+00
8.132559204101562500e+01 2.027454223632812500e+02 1.670876770019531250e+02 -4.449488520622253418e-01 8.671436905860900879e-01 2.237906157970428467e-01 0.000000000000000000e+00 2.000000000000000000e+00
8.158995819091796875e+01 2.022302093505859375e+02 1.669547119140625000e+02 -4.154401123523712158e-01 8.773512244224548340e-01 2.401341944932937622e-01 0.000000000000000000e+00 2.000000000000000000e+00
8.183686065673828125e+01 2.017087860107421875e+02 1.668119964599609375e+02 -3.751229047775268555e-01 8.899722099304199219e-01 2.592916786670684814e-01 0.000000000000000000e+00 2.000000000000000000e+00
8.206143188476562500e+01 2.011759948730468750e+02 1.666567687988281250e+02 -3.234336972236633301e-01 9.056243300437927246e-01 2.742903232574462891e-01 0.000000000000000000e+00 2.000000000000000000e+00
8.225936889648437500e+01 2.006217651367187500e+02 1.664889068603515625e+02 -2.614111900329589844e-01 9.237308502197265625e-01 2.799741923809051514e-01 0.000000000000000000e+00 2.000000000000000000e+00
8.242633056640625000e+01 2.000317840576171875e+02 1.663100891113281250e+02 -1.948270201683044434e-01 9.420096874237060547e-01 2.732400000095367432e-01 0.000000000000000000e+00 2.000000000000000000e+00
8.255889129638671875e+01 1.993908386230468750e+02 1.661241760253906250e+02 -1.295585185289382935e-01 9.581492543220520020e-01 2.552737891674041748e-01 0.000000000000000000e+00 2.000000000000000000e+00
8.265405273437500000e+01 1.986870727539062500e+02 1.659366760253906250e+02 -7.232604175806045532e-02 9.707518815994262695e-01 2.289315015077590942e-01 0.000000000000000000e+00 2.000000000000000000e+00
8.271143341064453125e+01 1.979169158935546875e+02 1.657550506591796875e+02 -2.915660291910171509e-02 9.799396991729736328e-01 1.971498727798461914e-01 0.000000000000000000e+00 2.000000000000000000e+00
8.273609161376953125e+01 1.970881652832031250e+02 1.655883178710937500e+02 -6.202885881066322327e-03 9.869268536567687988e-01 1.610494703054428101e-01 0.000000000000000000e+00 2.000000000000000000e+00
8.274154663085937500e+01 1.962202301025390625e+02 1.654466857910156250e+02 -1.028985809534788132e-02 9.928247928619384766e-01 1.191348358988761902e-01 0.000000000000000000e+00 2.000000000000000000e+00
8.275065612792968750e+01 1.953412933349609375e+02 1.653412170410156250e+02 -5.021317675709724426e-02 9.964022040367126465e-01 6.827292591333389282e-02 0.000000000000000000e+00 2.000000000000000000e+00
8.279393005371093750e+01 1.944825897216796875e+02 1.652823791503906250e+02 -1.345819383859634399e-01 9.908909201622009277e-01 4.785467870533466339e-03 0.000000000000000000e+00 2.000000000000000000e+00
8.290378570556640625e+01 1.936737518310546875e+02 1.652784729003906250e+02 -2.655477821826934814e-01 9.614771008491516113e-01 -7.103597372770309448e-02 0.000000000000000000e+00 2.000000000000000000e+00
8.310707855224609375e+01 1.929376831054687500e+02 1.653328552246093750e+02 -4.269520640373229980e-01 8.917940258979797363e-01 -1.497173905372619629e-01 0.000000000000000000e+00 2.000000000000000000e+00
8.341828918457031250e+01 1.922876434326171875e+02 1.654419860839843750e+02 -5.837140679359436035e-01 7.833445668220520020e-01 -2.136568725109100342e-01 0.000000000000000000e+00 2.000000000000000000e+00
8.383612060546875000e+01 1.917269134521484375e+02 1.655949249267578125e+02 -7.064953446388244629e-01 6.618542075157165527e-01 -2.506259679794311523e-01 0.000000000000000000e+00 2.000000000000000000e+00
8.434505462646484375e+01 1.912501373291015625e+02 1.657754669189453125e+02 -7.902929782867431641e-01 5.540690422058105469e-01 -2.616192698478698730e-01 0.000000000000000000e+00 2.000000000000000000e+00
8.492080688476562500e+01 1.908464813232421875e+02 1.659660644531250000e+02 -8.439703583717346191e-01 4.724520742893218994e-01 -2.539745867252349854e-01 0.000000000000000000e+00 2.000000000000000000e+00
8.553718566894531250e+01 1.905014343261718750e+02 1.661515502929687500e+02 -8.774724602699279785e-01 4.177445471286773682e-01 -2.356513142585754395e-01 0.000000000000000000e+00 2.000000000000000000e+00
8.617166900634765625e+01 1.901993713378906250e+02 1.663219451904296875e+02 -8.975713849067687988e-01 3.859781622886657715e-01 -2.130410224199295044e-01 0.000000000000000000e+00 2.000000000000000000e+00
8.680824279785156250e+01 1.899256286621093750e+02 1.664730377197265625e+02 9.081200957298278809e-01 -3.729836046695709229e-01 1.902658641338348389e-01 0.000000000000000000e+00 2.000000000000000000e+00
8.743791961669921875e+01 1.896670074462890625e+02 1.666049652099609375e+02 9.115144610404968262e-01 -3.752812445163726807e-01 1.682419180870056152e-01 0.000000000000000000e+00 2.000000000000000000e+00
8.805703735351562500e+01 1.894121093750000000e+02 1.667192382812500000e+02 9.084843397140502930e-01 -3.916189372539520264e-01 1.459137946367263794e-01 0.000000000000000000e+00 2.000000000000000000e+00
8.866506195068359375e+01 1.891500091552734375e+02 1.668168945312500000e+02 8.986912369728088379e-01 -4.217952489852905273e-01 1.201779693365097046e-01 0.000000000000000000e+00 2.000000000000000000e+00
8.926160430908203125e+01 1.888700256347656250e+02 1.668966674804687500e+02 8.806172609329223633e-01 -4.654099047183990479e-01 8.891968429088592529e-02 0.000000000000000000e+00 2.000000000000000000e+00
8.984657287597656250e+01 1.885608673095703125e+02 1.669557342529296875e+02 8.518487811088562012e-01 -5.212575197219848633e-01 5.142328515648841858e-02 0.000000000000000000e+00 2.000000000000000000e+00
9.041833496093750000e+01 1.882109985351562500e+02 1.669902496337890625e+02 8.113507032394409180e-01 -5.844630599021911621e-01 1.062700524926185608e-02 0.000000000000000000e+00 2.000000000000000000e+00
9.097402954101562500e+01 1.878106994628906250e+02 1.669975280761718750e+02 7.614769935607910156e-01 -6.475805044174194336e-01 -2.814907766878604889e-02 0.000000000000000000e+00 2.000000000000000000e+00
9.151022338867187500e+01 1.873547058105468750e+02 1.669777069091796875e+02 7.081207036972045898e-01 -7.035558223724365234e-01 -5.978489294648170471e-02 0.000000000000000000e+00 2.000000000000000000e+00
9.202386474609375000e+01 1.868443756103515625e+02 1.669343414306640625e+02 6.582872271537780762e-01 -7.483431100845336914e-01 -8.148989826440811157e-02 0.000000000000000000e+00 2.000000000000000000e+00
9.251284790039062500e+01 1.862884979248046875e+02 1.668738098144531250e+02 6.169977188110351562e-01 -7.814052700996398926e-01 -9.337905049324035645e-02 0.000000000000000000e+00 2.000000000000000000e+00
9.297682952880859375e+01 1.857008819580078125e+02 1.668035888671875000e+02 5.872778892517089844e-01 -8.034884929656982422e-01 -9.752424061298370361e-02 0.000000000000000000e+00 2.000000000000000000e+00
9.341806793212890625e+01 1.850971984863281250e+02 1.667303161621093750e+02 5.698624849319458008e-01 -8.159803152084350586e-01 -9.712338447570800781e-02 0.000000000000000000e+00 2.000000000000000000e+00
9.384109497070312500e+01 1.844914703369140625e+02 1.666582183837890625e+02 5.637704133987426758e-01 -8.203988671302795410e-01 -9.543902426958084106e-02 0.000000000000000000e+00 2.000000000000000000e+00
9.425211334228515625e+01 1.838933563232421875e+02 1.665886383056640625e+02 5.670552849769592285e-01 -8.181706666946411133e-01 -9.510589390993118286e-02 0.000000000000000000e+00 2.000000000000000000e+00
9.465814971923828125e+01 1.833075103759765625e+02 1.665205383300781250e+02 5.764121413230895996e-01 -8.112466931343078613e-01 -9.812144190073013306e-02 0.000000000000000000e+00 2.000000000000000000e+00
9.506519317626953125e+01 1.827346343994140625e+02 1.664512481689453125e+02 5.879801511764526367e-01 -8.019872903823852539e-01 -1.053359061479568481e-01 0.000000000000000000e+00 2.000000000000000000e+00
9.547675323486328125e+01 1.821732788085937500e+02 1.663775177001953125e+02 5.989806652069091797e-01 -7.921994924545288086e-01 -1.167999058961868286e-01 0.000000000000000000e+00 2.000000000000000000e+00
9.589344024658203125e+01 1.816221771240234375e+02 1.662962646484375000e+02 6.065977215766906738e-01 -7.838337421417236328e-01 -1.328303366899490356e-01 0.000000000000000000e+00 2.000000000000000000e+00
9.631230163574218750e+01 1.810809326171875000e+02 1.662045440673828125e+02 6.100742816925048828e-01 -7.775160670280456543e-01 -1.525717228651046753e-01 0.000000000000000000e+00 2.000000000000000000e+00
9.672829437255859375e+01 1.805507659912109375e+02 1.661005096435546875e+02 6.112668514251708984e-01 -7.721902132034301758e-01 -1.734215021133422852e-01 0.000000000000000000e+00 2.000000000000000000e+00
9.713688659667968750e+01 1.800346069335937500e+02 1.659845886230468750e+02 6.146995425224304199e-01 -7.654735445976257324e-01 -1.902490705251693726e-01 0.000000000000000000e+00 2.000000000000000000e+00
9.753701782226562500e+01 1.795363311767578125e+02 1.658607482910156250e+02 6.276924610137939453e-01 -7.534286379814147949e-01 -1.958253830671310425e-01 0.000000000000000000e+00 2.000000000000000000e+00
9.793426513671875000e+01 1.790595092773437500e+02 1.657368164062500000e+02 6.570978164672851562e-01 -7.314608693122863770e-01 -1.821740418672561646e-01 0.000000000000000000e+00 2.000000000000000000e+00
9.834044647216796875e+01 1.786073608398437500e+02 1.656242065429687500e+02 7.034266591072082520e-01 -6.957312226295471191e-01 -1.454273015260696411e-01 0.000000000000000000e+00 2.000000000000000000e+00
9.877073669433593750e+01 1.781817779541015625e+02 1.655352478027343750e+02 7.583715319633483887e-01 -6.457234621047973633e-01 -8.895941078662872314e-02 0.000000000000000000e+00 2.000000000000000000e+00
9.923798370361328125e+01 1.777839355468750000e+02 1.654804382324218750e+02 8.090240359306335449e-01 -5.872812867164611816e-01 -2.409931086003780365e-02 0.000000000000000000e+00 2.000000000000000000e+00
9.974715423583984375e+01 1.774143218994140625e+02 1.654652709960937500e+02 8.475190997123718262e-01 -5.294580459594726562e-01 3.722104057669639587e-02 0.000000000000000000e+00 2.000000000000000000e+00
1.002929840087890625e+02 1.770733337402343750e+02 1.654892425537109375e+02 8.730522394180297852e-01 -4.796135723590850830e-01 8.803730458021163940e-02 0.000000000000000000e+00 2.000000000000000000e+00
1.008616409301757812e+02 1.767609405517578125e+02 1.655465850830078125e+02 8.887569904327392578e-01 -4.404862821102142334e-01 1.268184781074523926e-01 0.000000000000000000e+00 2.000000000000000000e+00
1.014356689453125000e+02 1.764764404296875000e+02 1.656284942626953125e+02 8.980270028114318848e-01 -4.116296172142028809e-01 1.552691310644149780e-01 0.000000000000000000e+00 2.000000000000000000e+00
1.019996871948242188e+02 1.762179107666015625e+02 1.657260131835937500e+02 9.032758474349975586e-01 -3.915485441684722900e-01 1.754493713378906250e-01 0.000000000000000000e+00 2.000000000000000000e+00
1.025445632934570312e+02 1.759817199707031250e+02 1.658318481445312500e+02 9.062568545341491699e-01 -3.779296278953552246e-01 1.893876194953918457e-01 0.000000000000000000e+00 2.000000000000000000e+00
1.030678710937500000e+02 1.757634887695312500e+02 1.659412078857421875e+02 9.078128337860107422e-01 -3.694050312042236328e-01 1.985342651605606079e-01 0.000000000000000000e+00 2.000000000000000000e+00
1.035721130371093750e+02 1.755583038330078125e+02 1.660514831542968750e+02 9.086286425590515137e-01 -3.643228113651275635e-01 2.041146904230117798e-01 0.000000000000000000e+00 2.000000000000000000e+00
1.040621948242187500e+02 1.753618011474609375e+02 1.661615753173828125e+02 9.090360999107360840e-01 -3.614691495895385742e-01 2.073488086462020874e-01 0.000000000000000000e+00 2.000000000000000000e+00
1.045432434082031250e+02 1.751705169677734375e+02 1.662713012695312500e+02 9.091380834579467773e-01 -3.604355454444885254e-01 2.086962312459945679e-01 0.000000000000000000e+00 2.000000000000000000e+00
1.050189132690429688e+02 1.749819335937500000e+02 1.663804931640625000e+02 9.091840386390686035e-01 -3.598792254924774170e-01 2.094547599554061890e-01 0.000000000000000000e+00 2.000000000000000000e+00
1.054912948608398438e+02 1.747949523925781250e+02 1.664893188476562500e+02 9.092318415641784668e-01 -3.596084117889404297e-01 2.097124755382537842e-01 0.000000000000000000e+00 2.000000000000000000e+00
1.059607391357421875e+02 1.746092834472656250e+02 1.665975952148437500e+02 9.092524647712707520e-01 -3.594691157341003418e-01 2.098619192838668823e-01 0.000000000000000000e+00 2.000000000000000000e+00
1.064256286621093750e+02 1.744254913330078125e+02 1.667048950195312500e+02 9.092161655426025391e-01 -3.595339059829711914e-01 2.099079787731170654e-01 0.000000000000000000e+00 2.000000000000000000e+00
1.068820037841796875e+02 1.742450256347656250e+02 1.668102569580078125e+02 9.092578887939453125e-01 -3.594660162925720215e-01 2.098432779312133789e-01 0.000000000000000000e+00 2.000000000000000000e+00
1.073227386474609375e+02 1.740707855224609375e+02 1.669119720458984375e+02 9.092264175415039062e-01 -3.595576584339141846e-01 2.098227739334106445e-01 0.000000000000000000e+00 2.000000000000000000e+00
1.077376480102539062e+02 1.739067077636718750e+02 1.670077209472656250e+02 9.092448353767395020e-01 -3.595301210880279541e-01 2.097903341054916382e-01 0.000000000000000000e+00 2.000000000000000000e+00
1.081144714355468750e+02 1.737577056884765625e+02 1.670946655273437500e+02 9.092235565185546875e-01 -3.595088720321655273e-01 2.099188566207885742e-01 0.000000000000000000e+00 2.000000000000000000e+00
1.084410247802734375e+02 1.736285858154296875e+02 1.671700592041015625e+02 9.092472791671752930e-01 -3.594819307327270508e-01 2.098622471094131470e-01 0.000000000000000000e+00 2.000000000000000000e+00
1.087081756591796875e+02 1.735229644775390625e+02 1.672317199707031250e+02 9.092369079589843750e-01 -3.595533668994903564e-01 2.097847312688827515e-01 0.000000000000000000e+00 2.000000000000000000e+00
1.089125289916992188e+02 1.734421539306640625e+02 1.672788696289062500e+02 9.984254240989685059e-01 8.310846053063869476e-03 5.547666177153587341e-02 0.000000000000000000e+00 2.000000000000000000e+00
1.197095947265625000e+02 1.735320281982421875e+02 1.678787994384765625e+02 6.954490542411804199e-01 -5.969253182411193848e-01 -4.000384807586669922e-01 0.000000000000000000e+00 2.000000000000000000e+00
1.201059570312500000e+02 1.731918182373046875e+02 1.676508026123046875e+02 6.609106659889221191e-01 -6.033515930175781250e-01 -4.462777674198150635e-01 0.000000000000000000e+00 2.000000000000000000e+00
1.204746780395507812e+02 1.728552093505859375e+02 1.674018249511718750e+02 6.471316814422607422e-01 -5.941270589828491211e-01 -4.777381122112274170e-01 0.000000000000000000e+00 2.000000000000000000e+00
1.208361816406250000e+02 1.725233154296875000e+02 1.671349487304687500e+02 6.537882685661315918e-01 -5.746219158172607422e-01 -4.923113584518432617e-01 0.000000000000000000e+00 2.000000000000000000e+00
1.212089920043945312e+02 1.721956481933593750e+02 1.668542175292968750e+02 6.750275492668151855e-01 -5.520098805427551270e-01 -4.895128309726715088e-01 0.000000000000000000e+00 2.000000000000000000e+00
1.216076660156250000e+02 1.718696289062500000e+02 1.665651092529296875e+02 7.034354209899902344e-01 -5.327222347259521484e-01 -4.705164432525634766e-01 0.000000000000000000e+00 2.000000000000000000e+00
1.220412826538085938e+02 1.715412445068359375e+02 1.662750701904296875e+02 7.317579388618469238e-01 -5.213191509246826172e-01 -4.390405416488647461e-01 0.000000000000000000e+00 2.000000000000000000e+00
1.225121841430664062e+02 1.712057647705078125e+02 1.659925384521484375e+02 7.555363774299621582e-01 -5.192745327949523926e-01 -3.993979394435882568e-01 0.000000000000000000e+00 2.000000000000000000e+00
1.230157318115234375e+02 1.708596801757812500e+02 1.657263488769531250e+02 7.718291878700256348e-01 -5.262889266014099121e-01 -3.567908704280853271e-01 0.000000000000000000e+00 2.000000000000000000e+00
1.235412292480468750e+02 1.705013580322265625e+02 1.654834289550781250e+02 7.802202105522155762e-01 -5.406844019889831543e-01 -3.145106434822082520e-01 0.000000000000000000e+00 2.000000000000000000e+00
1.240749206542968750e+02 1.701315155029296875e+02 1.652682952880859375e+02 7.816290259361267090e-01 -5.598307847976684570e-01 -2.750374674797058105e-01 0.000000000000000000e+00 2.000000000000000000e+00
1.246030502319335938e+02 1.697532501220703125e+02 1.650824584960937500e+02 7.775335907936096191e-01 -5.813140273094177246e-01 -2.398238927125930786e-01 0.000000000000000000e+00 2.000000000000000000e+00
1.251151199340820312e+02 1.693704071044921875e+02 1.649245147705078125e+02 7.700101137161254883e-01 -6.024401783943176270e-01 -2.101195007562637329e-01 0.000000000000000000e+00 2.000000000000000000e+00
1.256045684814453125e+02 1.689874725341796875e+02 1.647909545898437500e+02 7.614547014236450195e-01 -6.207475662231445312e-01 -1.867060959339141846e-01 0.000000000000000000e+00 2.000000000000000000e+00
1.260675659179687500e+02 1.686100311279296875e+02 1.646774291992187500e+02 7.535917758941650391e-01 -6.351065039634704590e-01 -1.695262938737869263e-01 0.000000000000000000e+00 2.000000000000000000e+00
1.265007934570312500e+02 1.682449188232421875e+02 1.645799713134765625e+02 7.475695013999938965e-01 -6.450966596603393555e-01 -1.580821722745895386e-01 0.000000000000000000e+00 2.000000000000000000e+00
1.268992538452148438e+02 1.679010772705078125e+02 1.644957122802734375e+02 7.434792518615722656e-01 -6.515334844589233398e-01 -1.508070230484008789e-01 0.000000000000000000e+00 2.000000000000000000e+00
1.272555236816406250e+02 1.675888671875000000e+02 1.644234466552734375e+02 7.409646511077880859e-01 -6.552668213844299316e-01 -1.469581127166748047e-01 0.000000000000000000e+00 2.000000000000000000e+00
1.275613403320312500e+02 1.673184204101562500e+02 1.643627929687500000e+02 7.395895719528198242e-01 -6.572920680046081543e-01 -1.448255330324172974e-01 0.000000000000000000e+00 2.000000000000000000e+00
1.278102264404296875e+02 1.670972290039062500e+02 1.643140563964843750e+02 7.388191223144531250e-01 -6.584171652793884277e-01 -1.436427831649780273e-01 0.000000000000000000e+00 2.000000000000000000e+00
1.280000762939453125e+02 1.669280395507812500e+02 1.642771453857421875e+02 7.388191223144531250e-01 -6.584171652793884277e-01 -1.436427831649780273e-01 0.000000000000000000e+00 2.000000000000000000e+00
