2.960189819335937500e+02 1.463416900634765625e+02 1.551667938232421875e+02 5.183823108673095703e-01 -8.032921552658081055e-01 2.932600975036621094e-01 0.000000000000000000e+00 1.000000000000000000e+00
2.959005737304687500e+02 1.465251770019531250e+02 1.550998077392578125e+02 5.201040506362915039e-01 -8.004742264747619629e-01 2.978805601596832275e-01 0.000000000000000000e+00 1.000000000000000000e+00
2.957451171875000000e+02 1.467644348144531250e+02 1.550107727050781250e+02 5.231887698173522949e-01 -7.953720092773437500e-01 3.060341775417327881e-01 0.000000000000000000e+00 1.000000000000000000e+00
2.955536193847656250e+02 1.470555572509765625e+02 1.548987579345703125e+02 5.284069776535034180e-01 -7.859514355659484863e-01 3.210396468639373779e-01 0.000000000000000000e+00 1.000000000000000000e+00
2.953296203613281250e+02 1.473887329101562500e+02 1.547626647949218750e+02 5.371204018592834473e-01 -7.692254781723022461e-01 3.461125195026397705e-01 0.000000000000000000e+00 1.000000000000000000e+00
2.950771484375000000e+02 1.477503051757812500e+02 1.545999755859375000e+02 5.495319962501525879e-01 -7.417294383049011230e-01 3.845155239105224609e-01 0.000000000000000000e+00 1.000000000000000000e+00
2.947991943359375000e+02 1.481254730224609375e+02 1.544054870605468750e+02 5.646986961364746094e-01 -6.999928951263427734e-01 4.371787607669830322e-01 0.000000000000000000e+00 1.000000000000000000e+00
2.944966125488281250e+02 1.485005493164062500e+02 1.541712341308593750e+02 5.799839496612548828e-01 -6.433985829353332520e-01 4.996568858623504639e-01 0.000000000000000000e+00 1.000000000000000000e+00
2.941685180664062500e+02 1.488645172119140625e+02 1.538885803222656250e+02 5.915243625640869141e-01 -5.753182172775268555e-01 5.648963451385498047e-01 0.000000000000000000e+00 1.000000000000000000e+00
2.938143005371093750e+02 1.492090301513671875e+02 1.535503082275390625e+02 5.971404910087585449e-01 -5.037802457809448242e-01 6.242024898529052734e-01 0.000000000000000000e+00 1.000000000000000000e+00
2.934348449707031250e+02 1.495291595458984375e+02 1.531536560058593750e+02 5.969111919403076172e-01 -4.356538355350494385e-01 6.737231016159057617e-01 0.000000000000000000e+00 1.000000000000000000e+00
2.930339355468750000e+02 1.498217620849609375e+02 1.527011566162109375e+02 5.910969972610473633e-01 -3.727862238883972168e-01 7.152865529060363770e-01 0.000000000000000000e+00 1.000000000000000000e+00
2.926193847656250000e+02 1.500832061767578125e+02 1.521995086669921875e+02 5.793693661689758301e-01 -3.115604519844055176e-01 7.531674504280090332e-01 0.000000000000000000e+00 1.000000000000000000e+00
2.922023315429687500e+02 1.503074798583984375e+02 1.516573486328125000e+02 5.594205260276794434e-01 -2.438472807407379150e-01 7.922039628028869629e-01 0.000000000000000000e+00 1.000000000000000000e+00
2.917965087890625000e+02 1.504843750000000000e+02 1.510826568603515625e+02 5.266690254211425781e-01 -1.601790934801101685e-01 8.348426818847656250e-01 0.000000000000000000e+00 1.000000000000000000e+00
2.914172668457031250e+02 1.505997161865234375e+02 1.504815063476562500e+02 4.759032428264617920e-01 -5.446515232324600220e-02 8.778095841407775879e-01 0.000000000000000000e+00 1.000000000000000000e+00
2.910796813964843750e+02 1.506383514404296875e+02 1.498588256835937500e+02 4.046895503997802734e-01 7.111060619354248047e-02 9.116851091384887695e-01 0.000000000000000000e+00 1.000000000000000000e+00
2.907964172363281250e+02 1.505885772705078125e+02 1.492206878662109375e+02 3.166009187698364258e-01 2.041900604963302612e-01 9.263207912445068359e-01 0.000000000000000000e+00 1.000000000000000000e+00
2.905760803222656250e+02 1.504464721679687500e+02 1.485760192871093750e+02 2.212311178445816040e-01 3.289513289928436279e-01 9.180674552917480469e-01 0.000000000000000000e+00 1.000000000000000000e+00
2.904221801757812500e+02 1.502176361083984375e+02 1.479373626708984375e+02 1.284604668617248535e-01 4.349618554115295410e-01 8.912385106086730957e-01 0.000000000000000000e+00 1.000000000000000000e+00
2.903330688476562500e+02 1.499159088134765625e+02 1.473191223144531250e+02 4.401223734021186829e-02 5.201001763343811035e-01 8.529704809188842773e-01 0.000000000000000000e+00 1.000000000000000000e+00
2.903028564453125000e+02 1.495588836669921875e+02 1.467335968017578125e+02 -2.878496609628200531e-02 5.862447619438171387e-01 8.096224069595336914e-01 0.000000000000000000e+00 1.000000000000000000e+00
2.903222656250000000e+02 1.491635894775390625e+02 1.461876831054687500e+02 -8.866471797227859497e-02 6.361924409866333008e-01 7.664187550544738770e-01 0.000000000000000000e+00 1.000000000000000000e+00
2.903808593750000000e+02 1.487431640625000000e+02 1.456811981201171875e+02 -1.352887749671936035e-01 6.725227832794189453e-01 7.276056408882141113e-01 0.000000000000000000e+00 1.000000000000000000e+00
2.904687805175781250e+02 1.483061065673828125e+02 1.452083435058593750e+02 -1.697602570056915283e-01 6.975551247596740723e-01 6.961309313774108887e-01 0.000000000000000000e+00 1.000000000000000000e+00
2.905779113769531250e+02 1.478576812744140625e+02 1.447608337402343750e+02 -1.973944306373596191e-01 7.145439386367797852e-01 6.711649894714355469e-01 0.000000000000000000e+00 1.000000000000000000e+00
2.907037963867187500e+02 1.474019927978515625e+02 1.443328094482421875e+02 -2.275012582540512085e-01 7.271274924278259277e-01 6.477103233337402344e-01 0.000000000000000000e+00 1.000000000000000000e+00
2.908471679687500000e+02 1.469437561035156250e+02 1.439246215820312500e+02 -2.715664803981781006e-01 7.383523583412170410e-01 6.173227429389953613e-01 0.000000000000000000e+00 1.000000000000000000e+00
2.910142822265625000e+02 1.464893951416015625e+02 1.435447387695312500e+02 -3.426883816719055176e-01 7.491357326507568359e-01 5.668864250183105469e-01 0.000000000000000000e+00 1.000000000000000000e+00
2.912175903320312500e+02 1.460449523925781250e+02 1.432084197998046875e+02 -4.484999477863311768e-01 7.533715963363647461e-01 4.809148311614990234e-01 0.000000000000000000e+00 1.000000000000000000e+00
2.914728393554687500e+02 1.456161956787109375e+02 1.429347229003906250e+02 -5.814581513404846191e-01 7.358692884445190430e-01 3.469912409782409668e-01 0.000000000000000000e+00 1.000000000000000000e+00
2.917950134277343750e+02 1.452084655761718750e+02 1.427424621582031250e+02 -7.113605737686157227e-01 6.815434098243713379e-01 1.716532111167907715e-01 0.000000000000000000e+00 1.000000000000000000e+00
2.921932678222656250e+02 1.448269042968750000e+02 1.426463623046875000e+02 -8.044266700744628906e-01 5.939077138900756836e-01 -1.309423241764307022e-02 0.000000000000000000e+00 1.000000000000000000e+00
2.926666564941406250e+02 1.444774017333984375e+02 1.426540679931640625e+02 -8.518233299255371094e-01 4.928760230541229248e-01 -1.773984730243682861e-01 0.000000000000000000e+00 1.000000000000000000e+00
2.932021789550781250e+02 1.441675415039062500e+02 1.427655944824218750e+02 -8.644678592681884766e-01 3.935458958148956299e-01 -3.127568662166595459e-01 0.000000000000000000e+00 1.000000000000000000e+00
2.937780456542968750e+02 1.439053802490234375e+02 1.429739379882812500e+02 -8.540509343147277832e-01 3.007103502750396729e-01 -4.244647324085235596e-01 0.000000000000000000e+00 1.000000000000000000e+00
2.943683776855468750e+02 1.436975250244140625e+02 1.432673339843750000e+02 -8.275443315505981445e-01 2.143691182136535645e-01 -5.188605785369873047e-01 0.000000000000000000e+00 1.000000000000000000e+00
2.949497070312500000e+02 1.435469360351562500e+02 1.436318206787109375e+02 -7.892967462539672852e-01 1.358018368482589722e-01 -5.988059639930725098e-01 0.000000000000000000e+00 1.000000000000000000e+00
2.955057678222656250e+02 1.434512634277343750e+02 1.440536804199218750e+02 -7.441362142562866211e-01 6.860460340976715088e-02 -6.644957661628723145e-01 0.000000000000000000e+00 1.000000000000000000e+00
2.960284423828125000e+02 1.434030761718750000e+02 1.445204162597656250e+02 -6.981215476989746094e-01 1.723622344434261322e-02 -7.157717943191528320e-01 0.000000000000000000e+00 1.000000000000000000e+00
2.965173034667968750e+02 1.433910064697265625e+02 1.450216369628906250e+02 -6.567788124084472656e-01 -1.547875441610813141e-02 -7.539243698120117188e-01 0.000000000000000000e+00 1.000000000000000000e+00
2.969769897460937500e+02 1.434018402099609375e+02 1.455493164062500000e+02 -6.240201592445373535e-01 -2.860581874847412109e-02 -7.808844447135925293e-01 0.000000000000000000e+00 1.000000000000000000e+00
2.974147033691406250e+02 1.434219055175781250e+02 1.460970611572265625e+02 -6.032620072364807129e-01 -2.174171060323715210e-02 -7.972466349601745605e-01 0.000000000000000000e+00 1.000000000000000000e+00
2.978393554687500000e+02 1.434372100830078125e+02 1.466582641601562500e+02 -5.973661541938781738e-01 5.654669366776943207e-03 -8.019486665725708008e-01 0.000000000000000000e+00 1.000000000000000000e+00
2.982616882324218750e+02 1.434332122802734375e+02 1.472252349853515625e+02 -6.080672144889831543e-01 5.383525043725967407e-02 -7.920581102371215820e-01 0.000000000000000000e+00 1.000000000000000000e+00
2.986929016113281250e+02 1.433950347900390625e+02 1.477869262695312500e+02 -6.350184082984924316e-01 1.221024245023727417e-01 -7.627860307693481445e-01 0.000000000000000000e+00 1.000000000000000000e+00
2.991444396972656250e+02 1.433082122802734375e+02 1.483293151855468750e+02 -6.735063195228576660e-01 2.064673453569412231e-01 -7.097609043121337891e-01 0.000000000000000000e+00 1.000000000000000000e+00
2.996257629394531250e+02 1.431606597900390625e+02 1.488365478515625000e+02 -7.143133878707885742e-01 2.974969148635864258e-01 -6.334445476531982422e-01 0.000000000000000000e+00 1.000000000000000000e+00
3.001422424316406250e+02 1.429455566406250000e+02 1.492945556640625000e+02 -7.481552958488464355e-01 3.830240964889526367e-01 -5.418082475662231445e-01 0.000000000000000000e+00 1.000000000000000000e+00
3.006947631835937500e+02 1.426626892089843750e+02 1.496946868896484375e+02 -7.698736190795898438e-01 4.533494710922241211e-01 -4.491868019104003906e-01 0.000000000000000000e+00 1.000000000000000000e+00
3.012789306640625000e+02 1.423186950683593750e+02 1.500355224609375000e+02 -7.804284095764160156e-01 5.049853920936584473e-01 -3.686749935150146484e-01 0.000000000000000000e+00 1.000000000000000000e+00
3.018865356445312500e+02 1.419255371093750000e+02 1.503225555419921875e+02 -7.833778262138366699e-01 5.405908226966857910e-01 -3.067259788513183594e-01 0.000000000000000000e+00 1.000000000000000000e+00
3.025068359375000000e+02 1.414974822998046875e+02 1.505654296875000000e+02 -7.822108864784240723e-01 5.647914409637451172e-01 -2.629767656326293945e-01 0.000000000000000000e+00 1.000000000000000000e+00
3.031285400390625000e+02 1.410485839843750000e+02 1.507744445800781250e+02 -7.787674069404602051e-01 5.824559926986694336e-01 -2.329513579607009888e-01 0.000000000000000000e+00 1.000000000000000000e+00
3.037411804199218750e+02 1.405903778076171875e+02 1.509577026367187500e+02 -7.738520503044128418e-01 5.972606539726257324e-01 -2.107908725738525391e-01 0.000000000000000000e+00 1.000000000000000000e+00
3.043364257812500000e+02 1.401309661865234375e+02 1.511198425292968750e+02 -7.681941390037536621e-01 6.109129786491394043e-01 -1.914762258529663086e-01 0.000000000000000000e+00 1.000000000000000000e+00
3.049099121093750000e+02 1.396748962402343750e+02 1.512627868652343750e+02 -7.626506686210632324e-01 6.237070560455322266e-01 -1.713286340236663818e-01 0.000000000000000000e+00 1.000000000000000000e+00
3.054618530273437500e+02 1.392235107421875000e+02 1.513867797851562500e+02 -7.587126493453979492e-01 6.339243650436401367e-01 -1.499836146831512451e-01 0.000000000000000000e+00 1.000000000000000000e+00
3.059976196289062500e+02 1.387758636474609375e+02 1.514926910400390625e+02 -7.580501437187194824e-01 6.393122673034667969e-01 -1.289953738451004028e-01 0.000000000000000000e+00 1.000000000000000000e+00
3.065264892578125000e+02 1.383298339843750000e+02 1.515826873779296875e+02 -7.618038654327392578e-01 6.382227540016174316e-01 -1.110246405005455017e-01 0.000000000000000000e+00 1.000000000000000000e+00
3.070597229003906250e+02 1.378831024169921875e+02 1.516604003906250000e+02 -7.697459459304809570e-01 6.306337118148803711e-01 -9.895570576190948486e-02 0.000000000000000000e+00 1.000000000000000000e+00
3.076078491210937500e+02 1.374340362548828125e+02 1.517308654785156250e+02 -7.809666395187377930e-01 6.174803376197814941e-01 -9.385634213685989380e-02 0.000000000000000000e+00 1.000000000000000000e+00
3.081784362792968750e+02 1.369828948974609375e+02 1.517994384765625000e+02 -7.934361100196838379e-01 6.012989878654479980e-01 -9.433294832706451416e-02 0.000000000000000000e+00 1.000000000000000000e+00
3.087748413085937500e+02 1.365309143066406250e+02 1.518703460693359375e+02 -8.060682415962219238e-01 5.837953090667724609e-01 -9.714429825544357300e-02 0.000000000000000000e+00 1.000000000000000000e+00
3.093967590332031250e+02 1.360804901123046875e+02 1.519452972412109375e+02 -8.181473612785339355e-01 5.664350390434265137e-01 -9.892504662275314331e-02 0.000000000000000000e+00 1.000000000000000000e+00
3.100408630371093750e+02 1.356345520019531250e+02 1.520231781005859375e+02 -8.298045396804809570e-01 5.495324730873107910e-01 -9.715204685926437378e-02 0.000000000000000000e+00 1.000000000000000000e+00
3.107020263671875000e+02 1.351967010498046875e+02 1.521005859375000000e+02 -8.414909839630126953e-01 5.326668024063110352e-01 -9.032748639583587646e-02 0.000000000000000000e+00 1.000000000000000000e+00
3.113745422363281250e+02 1.347709960937500000e+02 1.521727752685546875e+02 -8.537654280662536621e-01 5.146646499633789062e-01 -7.877128571271896362e-02 0.000000000000000000e+00 1.000000000000000000e+00
3.120526123046875000e+02 1.343622436523437500e+02 1.522353363037109375e+02 -8.669287562370300293e-01 4.943462610244750977e-01 -6.368914246559143066e-02 0.000000000000000000e+00 1.000000000000000000e+00
3.127311706542968750e+02 1.339753112792968750e+02 1.522851867675781250e+02 -8.810464143753051758e-01 4.706475138664245605e-01 -4.741494357585906982e-02 0.000000000000000000e+00 1.000000000000000000e+00
3.134068298339843750e+02 1.336143798828125000e+02 1.523215484619140625e+02 -8.957881927490234375e-01 4.432308673858642578e-01 -3.331460431218147278e-02 0.000000000000000000e+00 1.000000000000000000e+00
3.140780639648437500e+02 1.332822570800781250e+02 1.523465118408203125e+02 -9.106024503707885742e-01 4.125803112983703613e-01 -2.409683726727962494e-02 0.000000000000000000e+00 1.000000000000000000e+00
3.147457885742187500e+02 1.329797210693359375e+02 1.523641815185546875e+02 -9.244753122329711914e-01 3.805380761623382568e-01 -2.315527386963367462e-02 0.000000000000000000e+00 1.000000000000000000e+00
3.154122619628906250e+02 1.327053833007812500e+02 1.523808746337890625e+02 -9.364019632339477539e-01 3.494021296501159668e-01 -3.270497918128967285e-02 0.000000000000000000e+00 1.000000000000000000e+00
3.160802612304687500e+02 1.324561309814453125e+02 1.524042053222656250e+02 -9.453703761100769043e-01 3.215452134609222412e-01 -5.369813740253448486e-02 0.000000000000000000e+00 1.000000000000000000e+00
3.167526550292968750e+02 1.322274322509765625e+02 1.524423980712890625e+02 -9.504716396331787109e-01 2.989954948425292969e-01 -8.488413691520690918e-02 0.000000000000000000e+00 1.000000000000000000e+00
3.174316406250000000e+02 1.320138397216796875e+02 1.525030364990234375e+02 -9.512363076210021973e-01 2.828570902347564697e-01 -1.230502203106880188e-01 0.000000000000000000e+00 1.000000000000000000e+00
3.181187438964843750e+02 1.318095245361328125e+02 1.525919189453125000e+02 -9.479076862335205078e-01 2.734101414680480957e-01 -1.634559929370880127e-01 0.000000000000000000e+00 1.000000000000000000e+00
3.188148803710937500e+02 1.316087341308593750e+02 1.527119598388671875e+02 -9.415629506111145020e-01 2.701796591281890869e-01 -2.011520862579345703e-01 0.000000000000000000e+00 1.000000000000000000e+00
3.195198364257812500e+02 1.314064483642578125e+02 1.528625640869140625e+02 -9.337267279624938965e-01 2.722169458866119385e-01 -2.324915528297424316e-01 0.000000000000000000e+00 1.000000000000000000e+00
3.202321166992187500e+02 1.311987915039062500e+02 1.530399169921875000e+02 -9.258112907409667969e-01 2.781452238559722900e-01 -2.559463977813720703e-01 0.000000000000000000e+00 1.000000000000000000e+00
3.209493103027343750e+02 1.309833221435546875e+02 1.532381896972656250e+02 -9.186196327209472656e-01 2.864101529121398926e-01 -2.722262144088745117e-01 0.000000000000000000e+00 1.000000000000000000e+00
3.216677551269531250e+02 1.307593231201171875e+02 1.534510955810546875e+02 9.123851656913757324e-01 -2.951387763023376465e-01 2.836307585239410400e-01 0.000000000000000000e+00 1.000000000000000000e+00
3.223827209472656250e+02 1.305280456542968750e+02 1.536733551025390625e+02 9.067903161048889160e-01 -3.030154109001159668e-01 2.931090891361236572e-01 0.000000000000000000e+00 1.000000000000000000e+00
3.230880737304687500e+02 1.302923431396484375e+02 1.539013519287109375e+02 9.014549255371093750e-01 -3.087544143199920654e-01 3.033969402313232422e-01 0.000000000000000000e+00 1.000000000000000000e+00
3.237761535644531250e+02 1.300566711425781250e+02 1.541329345703125000e+02 8.956906199455261230e-01 -3.120188117027282715e-01 3.168321251869201660e-01 0.000000000000000000e+00 1.000000000000000000e+00
3.244377441406250000e+02 1.298262023925781250e+02 1.543669586181640625e+02 8.889936208724975586e-01 -3.127892315387725830e-01 3.344445526599884033e-01 0.000000000000000000e+00 1.000000000000000000e+00
3.250641479492187500e+02 1.296058044433593750e+02 1.546026153564453125e+02 8.806363344192504883e-01 -3.117685019969940186e-01 3.567631840705871582e-01 0.000000000000000000e+00 1.000000000000000000e+00
3.256488952636718750e+02 1.293987884521484375e+02 1.548395080566406250e+02 8.705999255180358887e-01 -3.094141185283660889e-01 3.825162351131439209e-01 0.000000000000000000e+00 1.000000000000000000e+00
3.261902465820312500e+02 1.292063903808593750e+02 1.550773620605468750e+02 8.590985536575317383e-01 -3.059803247451782227e-01 4.102751314640045166e-01 0.000000000000000000e+00 1.000000000000000000e+00
3.266914978027343750e+02 1.290278625488281250e+02 1.553167419433593750e+02 8.469286561012268066e-01 -3.015767335891723633e-01 4.379078149795532227e-01 0.000000000000000000e+00 1.000000000000000000e+00
3.271603393554687500e+02 1.288609161376953125e+02 1.555591583251953125e+02 8.354532718658447266e-01 -2.947233319282531738e-01 4.638493061065673828e-01 0.000000000000000000e+00 1.000000000000000000e+00
3.276075439453125000e+02 1.287031555175781250e+02 1.558074493408203125e+02 8.251789212226867676e-01 -2.832949161529541016e-01 4.886959493160247803e-01 0.000000000000000000e+00 1.000000000000000000e+00
3.280443115234375000e+02 1.285532073974609375e+02 1.560661163330078125e+02 8.157824873924255371e-01 -2.644848525524139404e-01 5.143410563468933105e-01 0.000000000000000000e+00 1.000000000000000000e+00
3.284808349609375000e+02 1.284116821289062500e+02 1.563413391113281250e+02 8.056887388229370117e-01 -2.361577898263931274e-01 5.432265996932983398e-01 0.000000000000000000e+00 1.000000000000000000e+00
3.289248352050781250e+02 1.282815399169921875e+02 1.566407012939453125e+02 7.930226922035217285e-01 -1.987864077091217041e-01 5.758463144302368164e-01 0.000000000000000000e+00 1.000000000000000000e+00
3.293808288574218750e+02 1.281672363281250000e+02 1.569718170166015625e+02 7.756186723709106445e-01 -1.554823219776153564e-01 6.117523908615112305e-01 0.000000000000000000e+00 1.000000000000000000e+00
3.298494873046875000e+02 1.280732879638671875e+02 1.573414611816406250e+02 7.526330351829528809e-01 -1.121147125959396362e-01 6.488248705863952637e-01 0.000000000000000000e+00 1.000000000000000000e+00
3.303278503417968750e+02 1.280020294189453125e+02 1.577538452148437500e+02 7.241652011871337891e-01 -7.533539831638336182e-02 6.854993104934692383e-01 0.000000000000000000e+00 1.000000000000000000e+00
3.308093872070312500e+02 1.279519348144531250e+02 1.582096710205078125e+02 6.919518113136291504e-01 -5.039614439010620117e-02 7.201825380325317383e-01 0.000000000000000000e+00 1.000000000000000000e+00
3.312854919433593750e+02 1.279172592163085938e+02 1.587052001953125000e+02 6.581127047538757324e-01 -4.013386368751525879e-02 7.518489956855773926e-01 0.000000000000000000e+00 1.000000000000000000e+00
3.317470092773437500e+02 1.278891143798828125e+02 1.592324523925781250e+02 6.246086955070495605e-01 -4.457614198327064514e-02 7.796646356582641602e-01 0.000000000000000000e+00 1.000000000000000000e+00
3.321860656738281250e+02 1.278577804565429688e+02 1.597805023193359375e+02 5.936541557312011719e-01 -6.152980402112007141e-02 8.023644685745239258e-01 0.000000000000000000e+00 1.000000000000000000e+00
3.325974731445312500e+02 1.278151397705078125e+02 1.603365478515625000e+02 5.674096941947937012e-01 -8.722940087318420410e-02 8.188023567199707031e-01 0.000000000000000000e+00 1.000000000000000000e+00
3.329801025390625000e+02 1.277563171386718750e+02 1.608887023925781250e+02 5.480230450630187988e-01 -1.170138120651245117e-01 8.282381892204284668e-01 0.000000000000000000e+00 1.000000000000000000e+00
3.333373107910156250e+02 1.276800460815429688e+02 1.614285583496093750e+02 5.379574894905090332e-01 -1.455045789480209351e-01 8.303193449974060059e-01 0.000000000000000000e+00 1.000000000000000000e+00
3.336771240234375000e+02 1.275881347656250000e+02 1.619530487060546875e+02 5.379434823989868164e-01 -1.675559580326080322e-01 8.261609077453613281e-01 0.000000000000000000e+00 1.000000000000000000e+00
3.340102233886718750e+02 1.274843826293945312e+02 1.624646148681640625e+02 5.464649200439453125e-01 -1.795047819614410400e-01 8.180183768272399902e-01 0.000000000000000000e+00 1.000000000000000000e+00
3.343479309082031250e+02 1.273734512329101562e+02 1.629701385498046875e+02 5.604701638221740723e-01 -1.801927834749221802e-01 8.083339333534240723e-01 0.000000000000000000e+00 1.000000000000000000e+00
3.346998291015625000e+02 1.272603149414062500e+02 1.634776611328125000e+02 5.759837031364440918e-01 -1.709752082824707031e-01 7.993811964988708496e-01 0.000000000000000000e+00 1.000000000000000000e+00
3.350716857910156250e+02 1.271499328613281250e+02 1.639937438964843750e+02 5.905330181121826172e-01 -1.547228544950485229e-01 7.920426726341247559e-01 0.000000000000000000e+00 1.000000000000000000e+00
3.354650573730468750e+02 1.270468673706054688e+02 1.645213470458984375e+02 6.032107472419738770e-01 -1.341174244880676270e-01 7.862247824668884277e-01 0.000000000000000000e+00 1.000000000000000000e+00
3.358779602050781250e+02 1.269550628662109375e+02 1.650595245361328125e+02 6.140215992927551270e-01 -1.108796000480651855e-01 7.814621925354003906e-01 0.000000000000000000e+00 1.000000000000000000e+00
3.363062438964843750e+02 1.268777236938476562e+02 1.656045989990234375e+02 6.231131553649902344e-01 -8.553191274404525757e-02 7.774408459663391113e-01 0.000000000000000000e+00 1.000000000000000000e+00
3.367453918457031250e+02 1.268174438476562500e+02 1.661525115966796875e+02 6.302847266197204590e-01 -5.804119631648063660e-02 7.741915583610534668e-01 0.000000000000000000e+00 1.000000000000000000e+00
3.371916198730468750e+02 1.267763519287109375e+02 1.667006225585937500e+02 6.349644660949707031e-01 -2.753782458603382111e-02 7.720502614974975586e-01 0.000000000000000000e+00 1.000000000000000000e+00
3.376412658691406250e+02 1.267568511962890625e+02 1.672473449707031250e+02 6.363707780838012695e-01 7.105341181159019470e-03 7.713506817817687988e-01 0.000000000000000000e+00 1.000000000000000000e+00
3.380908813476562500e+02 1.267618713378906250e+02 1.677923278808593750e+02 6.333673000335693359e-01 4.740376397967338562e-02 7.723980545997619629e-01 0.000000000000000000e+00 1.000000000000000000e+00
3.385360412597656250e+02 1.267951889038085938e+02 1.683352050781250000e+02 6.250359416007995605e-01 9.540807455778121948e-02 7.747434377670288086e-01 0.000000000000000000e+00 1.000000000000000000e+00
3.389705810546875000e+02 1.268615188598632812e+02 1.688738250732421875e+02 6.101418733596801758e-01 1.538456082344055176e-01 7.772119641304016113e-01 0.000000000000000000e+00 1.000000000000000000e+00
3.393862915039062500e+02 1.269663391113281250e+02 1.694033660888671875e+02 5.865099430084228516e-01 2.261360287666320801e-01 7.777330279350280762e-01 0.000000000000000000e+00 1.000000000000000000e+00
3.397731018066406250e+02 1.271154785156250000e+02 1.699162902832031250e+02 5.514485836029052734e-01 3.148612082004547119e-01 7.725069522857666016e-01 0.000000000000000000e+00 1.000000000000000000e+00
3.401209716796875000e+02 1.273141021728515625e+02 1.704036102294921875e+02 5.009321570396423340e-01 4.202221930027008057e-01 7.566242814064025879e-01 0.000000000000000000e+00 1.000000000000000000e+00
3.404208068847656250e+02 1.275656280517578125e+02 1.708564910888671875e+02 4.333587884902954102e-01 5.362935662269592285e-01 7.242853641510009766e-01 0.000000000000000000e+00 1.000000000000000000e+00
3.406673278808593750e+02 1.278707046508789062e+02 1.712685089111328125e+02 3.521199822425842285e-01 6.492090225219726562e-01 6.741951704025268555e-01 0.000000000000000000e+00 1.000000000000000000e+00
3.408601074218750000e+02 1.282261352539062500e+02 1.716376190185546875e+02 2.680053114891052246e-01 7.435654997825622559e-01 6.126038432121276855e-01 0.000000000000000000e+00 1.000000000000000000e+00
3.410039978027343750e+02 1.286253509521484375e+02 1.719665222167968750e+02 1.942245513200759888e-01 8.111513257026672363e-01 5.516433715820312500e-01 0.000000000000000000e+00 1.000000000000000000e+00
3.411079101562500000e+02 1.290593261718750000e+02 1.722616577148437500e+02 1.380859464406967163e-01 8.537718653678894043e-01 5.020017623901367188e-01 0.000000000000000000e+00 1.000000000000000000e+00
3.411821594238281250e+02 1.295184020996093750e+02 1.725315856933593750e+02 1.010775342583656311e-01 8.782978057861328125e-01 4.673074483871459961e-01 0.000000000000000000e+00 1.000000000000000000e+00
3.412368774414062500e+02 1.299938659667968750e+02 1.727845611572265625e+02 7.885573804378509521e-02 8.915017247200012207e-01 4.461013972759246826e-01 0.000000000000000000e+00 1.000000000000000000e+00
3.412797851562500000e+02 1.304789581298828125e+02 1.730272979736328125e+02 6.736298650503158569e-02 8.980520367622375488e-01 4.347008764743804932e-01 0.000000000000000000e+00 1.000000000000000000e+00
3.413165588378906250e+02 1.309692077636718750e+02 1.732646026611328125e+02 6.211351975798606873e-02 9.010645747184753418e-01 4.292139112949371338e-01 0.000000000000000000e+00 1.000000000000000000e+00
3.413505249023437500e+02 1.314619445800781250e+02 1.734993133544921875e+02 6.103358790278434753e-02 9.022101759910583496e-01 4.269564151763916016e-01 0.000000000000000000e+00 1.000000000000000000e+00
3.413839416503906250e+02 1.319559173583984375e+02 1.737330780029296875e+02 6.321534514427185059e-02 9.023767709732055664e-01 4.262862205505371094e-01 0.000000000000000000e+00 1.000000000000000000e+00
3.414186096191406250e+02 1.324507904052734375e+02 1.739668579101562500e+02 6.924919784069061279e-02 9.017100334167480469e-01 4.267592728137969971e-01 0.000000000000000000e+00 1.000000000000000000e+00
3.414566955566406250e+02 1.329467163085937500e+02 1.742015686035156250e+02 8.035925030708312988e-02 9.004816412925720215e-01 4.274052381515502930e-01 0.000000000000000000e+00 1.000000000000000000e+00
3.415011291503906250e+02 1.334446258544921875e+02 1.744378967285156250e+02 9.840225428342819214e-02 8.982555866241455078e-01 4.283151030540466309e-01 0.000000000000000000e+00 1.000000000000000000e+00
3.415560302734375000e+02 1.339457855224609375e+02 1.746768646240234375e+02 1.242496743798255920e-01 8.945922851562500000e-01 4.292629361152648926e-01 0.000000000000000000e+00 1.000000000000000000e+00
3.416263122558593750e+02 1.344518127441406250e+02 1.749196777343750000e+02 1.574981510639190674e-01 8.890571594238281250e-01 4.298508167266845703e-01 0.000000000000000000e+00 1.000000000000000000e+00
3.417171020507812500e+02 1.349643096923828125e+02 1.751674652099609375e+02 1.945367604494094849e-01 8.818033933639526367e-01 4.296257197856903076e-01 0.000000000000000000e+00 1.000000000000000000e+00
3.418318786621093750e+02 1.354845733642578125e+02 1.754209442138671875e+02 2.315946668386459351e-01 8.733080625534057617e-01 4.285988807678222656e-01 0.000000000000000000e+00 1.000000000000000000e+00
3.419720458984375000e+02 1.360131225585937500e+02 1.756803436279296875e+02 2.646792829036712646e-01 8.647698163986206055e-01 4.267528951168060303e-01 0.000000000000000000e+00 1.000000000000000000e+00
3.421362609863281250e+02 1.365496520996093750e+02 1.759451141357421875e+02 2.911466062068939209e-01 8.572382330894470215e-01 4.247071444988250732e-01 0.000000000000000000e+00 1.000000000000000000e+00
3.423208007812500000e+02 1.370930023193359375e+02 1.762143096923828125e+02 3.103432655334472656e-01 8.514783382415771484e-01 4.226958751678466797e-01 0.000000000000000000e+00 1.000000000000000000e+00
3.425207519531250000e+02 1.376416015625000000e+02 1.764866485595703125e+02 3.229367733001708984e-01 8.475041389465332031e-01 4.212463200092315674e-01 0.000000000000000000e+00 1.000000000000000000e+00
3.427311706542968750e+02 1.381938171386718750e+02 1.767611236572265625e+02 3.303658962249755859e-01 8.452193737030029297e-01 4.200744926929473877e-01 0.000000000000000000e+00 1.000000000000000000e+00
3.429479064941406250e+02 1.387483215332031250e+02 1.770367126464843750e+02 3.343310952186584473e-01 8.439612388610839844e-01 4.194664359092712402e-01 0.000000000000000000e+00 1.000000000000000000e+00
3.431680603027343750e+02 1.393040618896484375e+02 1.773129272460937500e+02 3.362331390380859375e-01 8.433585762977600098e-01 4.191580116748809814e-01 0.000000000000000000e+00 1.000000000000000000e+00
3.433898620605468750e+02 1.398603973388671875e+02 1.775894317626953125e+02 3.373585641384124756e-01 8.427492380142211914e-01 4.194793403148651123e-01 0.000000000000000000e+00 1.000000000000000000e+00
3.436125793457031250e+02 1.404167633056640625e+02 1.778663635253906250e+02 3.385941982269287109e-01 8.417019248008728027e-01 4.205852150917053223e-01 0.000000000000000000e+00 1.000000000000000000e+00
3.438361511230468750e+02 1.409725341796875000e+02 1.781440734863281250e+02 3.403163552284240723e-01 8.394669890403747559e-01 4.236506223678588867e-01 0.000000000000000000e+00 1.000000000000000000e+00
3.440608520507812500e+02 1.415268096923828125e+02 1.784237976074218750e+02 3.440475463867187500e-01 8.347451090812683105e-01 4.299207627773284912e-01 0.000000000000000000e+00 1.000000000000000000e+00
3.442880249023437500e+02 1.420779876708984375e+02 1.787076721191406250e+02 3.504920899868011475e-01 8.258628845214843750e-01 4.417078197002410889e-01 0.000000000000000000e+00 1.000000000000000000e+00
3.445195007324218750e+02 1.426234130859375000e+02 1.789993896484375000e+02 3.607932329177856445e-01 8.106774687767028809e-01 4.611186385154724121e-01 0.000000000000000000e+00 1.000000000000000000e+00
3.447581481933593750e+02 1.431596374511718750e+02 1.793043975830078125e+02 3.748235404491424561e-01 7.875252962112426758e-01 4.891944527626037598e-01 0.000000000000000000e+00 1.000000000000000000e+00
3.450066833496093750e+02 1.436818237304687500e+02 1.796287689208984375e+02 3.912771344184875488e-01 7.555254101753234863e-01 5.254365205764770508e-01 0.000000000000000000e+00 1.000000000000000000e+00
3.452673339843750000e+02 1.441851196289062500e+02 1.799787902832031250e+02 4.078505039215087891e-01 7.162441611289978027e-01 5.662615895271301270e-01 0.000000000000000000e+00 1.000000000000000000e+00
3.455405273437500000e+02 1.446648864746093750e+02 1.803580932617187500e+02 4.217309057712554932e-01 6.736143827438354492e-01 6.069487333297729492e-01 0.000000000000000000e+00 1.000000000000000000e+00
3.458235473632812500e+02 1.451169433593750000e+02 1.807654113769531250e+02 4.312370419502258301e-01 6.328549981117248535e-01 6.430622935295104980e-01 0.000000000000000000e+00 1.000000000000000000e+00
3.461097717285156250e+02 1.455369873046875000e+02 1.811922302246093750e+02 4.363037645816802979e-01 5.981122255325317383e-01 6.722357273101806641e-01 0.000000000000000000e+00 1.000000000000000000e+00
3.463890991210937500e+02 1.459199066162109375e+02 1.816226043701171875e+02 4.378894865512847900e-01 5.713310241699218750e-01 6.941424012184143066e-01 0.000000000000000000e+00 1.000000000000000000e+00
3.466493225097656250e+02 1.462594299316406250e+02 1.820351104736328125e+02 4.374468326568603516e-01 5.522075295448303223e-01 7.097232937812805176e-01 0.000000000000000000e+00 1.000000000000000000e+00
3.468786621093750000e+02 1.465489349365234375e+02 1.824071960449218750e+02 4.357845783233642578e-01 5.393790602684020996e-01 7.205290198326110840e-01 0.000000000000000000e+00 1.000000000000000000e+00
3.470681457519531250e+02 1.467834625244140625e+02 1.827204895019531250e+02 4.357845783233642578e-01 5.393790602684020996e-01 7.205290198326110840e-01 0.000000000000000000e+00 1.000000000000000000e+00
