2.372540435791015625e+02 1.679096984863281250e+02 1.711882171630859375e+02 7.840063571929931641e-01 -5.875585675239562988e-01 2.002721875905990601e-01 0.000000000000000000e+00 2.000000000000000000e+00
2.368786773681640625e+02 1.681910095214843750e+02 1.710923309326171875e+02 7.834693789482116699e-01 -5.891399979591369629e-01 1.977115720510482788e-01 0.000000000000000000e+00 2.000000000000000000e+00
2.364297790527343750e+02 1.685285644531250000e+02 1.709790496826171875e+02 7.831833362579345703e-01 -5.908237695693969727e-01 1.937814801931381226e-01 0.000000000000000000e+00 2.000000000000000000e+00
2.359255065917968750e+02 1.689089813232421875e+02 1.708542785644531250e+02 7.834277749061584473e-01 -5.923461914062500000e-01 1.880608648061752319e-01 0.000000000000000000e+00 2.000000000000000000e+00
2.353872985839843750e+02 1.693159179687500000e+02 1.707250823974609375e+02 7.843971848487854004e-01 -5.934884548187255859e-01 1.802569925785064697e-01 0.000000000000000000e+00 2.000000000000000000e+00
2.348344573974609375e+02 1.697342071533203125e+02 1.705980377197265625e+02 7.863205671310424805e-01 -5.937681794166564941e-01 1.707029342651367188e-01 0.000000000000000000e+00 2.000000000000000000e+00
2.342803802490234375e+02 1.701526031494140625e+02 1.704777526855468750e+02 7.890265583992004395e-01 -5.931088328361511230e-01 1.601845920085906982e-01 0.000000000000000000e+00 2.000000000000000000e+00
2.337318572998046875e+02 1.705649261474609375e+02 1.703663940429687500e+02 7.920385599136352539e-01 -5.916682481765747070e-01 1.503446847200393677e-01 0.000000000000000000e+00 2.000000000000000000e+00
2.331904602050781250e+02 1.709693603515625000e+02 1.702636260986328125e+02 7.947922348976135254e-01 -5.898401141166687012e-01 1.428076773881912231e-01 0.000000000000000000e+00 2.000000000000000000e+00
2.326547698974609375e+02 1.713669128417968750e+02 1.701673736572265625e+02 7.966481447219848633e-01 -5.882104039192199707e-01 1.391411423683166504e-01 0.000000000000000000e+00 2.000000000000000000e+00
2.321223754882812500e+02 1.717600097656250000e+02 1.700743865966796875e+02 7.972369194030761719e-01 -5.871375203132629395e-01 1.402953714132308960e-01 0.000000000000000000e+00 2.000000000000000000e+00
2.315913696289062500e+02 1.721510772705078125e+02 1.699809417724609375e+02 7.963515520095825195e-01 -5.868262648582458496e-01 1.464893668889999390e-01 0.000000000000000000e+00 2.000000000000000000e+00
2.310599060058593750e+02 1.725427093505859375e+02 1.698831787109375000e+02 7.940057516098022461e-01 -5.872564315795898438e-01 1.571140587329864502e-01 0.000000000000000000e+00 2.000000000000000000e+00
2.305270538330078125e+02 1.729368133544921875e+02 1.697777404785156250e+02 7.903207540512084961e-01 -5.882711410522460938e-01 1.712602376937866211e-01 0.000000000000000000e+00 2.000000000000000000e+00
2.299928131103515625e+02 1.733344726562500000e+02 1.696619720458984375e+02 7.856034636497497559e-01 -5.896899700164794922e-01 1.873312145471572876e-01 0.000000000000000000e+00 2.000000000000000000e+00
2.294578552246093750e+02 1.737360229492187500e+02 1.695344085693359375e+02 7.799952626228332520e-01 -5.916152596473693848e-01 2.039576172828674316e-01 0.000000000000000000e+00 2.000000000000000000e+00
2.289237976074218750e+02 1.741410980224609375e+02 1.693947601318359375e+02 7.737976312637329102e-01 -5.940604209899902344e-01 2.198394984006881714e-01 0.000000000000000000e+00 2.000000000000000000e+00
2.283929443359375000e+02 1.745486450195312500e+02 1.692439422607421875e+02 7.669880986213684082e-01 -5.973110795021057129e-01 2.344112992286682129e-01 0.000000000000000000e+00 2.000000000000000000e+00
2.278675689697265625e+02 1.749577941894531250e+02 1.690833740234375000e+02 7.592316269874572754e-01 -6.020266413688659668e-01 2.472473531961441040e-01 0.000000000000000000e+00 2.000000000000000000e+00
2.273495788574218750e+02 1.753685302734375000e+02 1.689146881103515625e+02 7.498338222503662109e-01 -6.090151667594909668e-01 2.585532963275909424e-01 0.000000000000000000e+00 2.000000000000000000e+00
2.268405456542968750e+02 1.757819671630859375e+02 1.687391662597656250e+02 7.381825447082519531e-01 -6.190050244331359863e-01 2.681775689125061035e-01 0.000000000000000000e+00 2.000000000000000000e+00
2.263416137695312500e+02 1.762003479003906250e+02 1.685579071044921875e+02 7.233206629753112793e-01 -6.326875686645507812e-01 2.766110897064208984e-01 0.000000000000000000e+00 2.000000000000000000e+00
2.258543853759765625e+02 1.766265258789062500e+02 1.683715820312500000e+02 7.050254344940185547e-01 -6.499520540237426758e-01 2.837277948856353760e-01 0.000000000000000000e+00 2.000000000000000000e+00
2.253808898925781250e+02 1.770630340576171875e+02 1.681810302734375000e+02 6.834305524826049805e-01 -6.699950695037841797e-01 2.898780107498168945e-01 0.000000000000000000e+00 2.000000000000000000e+00
2.249237213134765625e+02 1.775112152099609375e+02 1.679871215820312500e+02 6.590330004692077637e-01 -6.917553544044494629e-01 2.952119410037994385e-01 0.000000000000000000e+00 2.000000000000000000e+00
2.244851837158203125e+02 1.779715270996093750e+02 1.677906799316406250e+02 6.335425972938537598e-01 -7.131885290145874023e-01 2.999764084815979004e-01 0.000000000000000000e+00 2.000000000000000000e+00
2.240664367675781250e+02 1.784429168701171875e+02 1.675924072265625000e+02 6.102212071418762207e-01 -7.318890094757080078e-01 3.032632768154144287e-01 0.000000000000000000e+00 2.000000000000000000e+00
2.236657257080078125e+02 1.789235229492187500e+02 1.673932647705078125e+02 5.920701026916503906e-01 -7.462642788887023926e-01 3.042082786560058594e-01 0.000000000000000000e+00 2.000000000000000000e+00
2.232788543701171875e+02 1.794111480712890625e+02 1.671944885253906250e+02 5.835090279579162598e-01 -7.544456124305725098e-01 3.005480766296386719e-01 0.000000000000000000e+00 2.000000000000000000e+00
2.228981475830078125e+02 1.799033813476562500e+02 1.669983978271484375e+02 5.894716382026672363e-01 -7.538489699363708496e-01 2.902326583862304688e-01 0.000000000000000000e+00 2.000000000000000000e+00
2.225126495361328125e+02 1.803963775634765625e+02 1.668085937500000000e+02 6.143797039985656738e-01 -7.409254908561706543e-01 2.712324857711791992e-01 0.000000000000000000e+00 2.000000000000000000e+00
2.221080169677734375e+02 1.808843536376953125e+02 1.666299591064453125e+02 6.607994437217712402e-01 -7.102776169776916504e-01 2.425895929336547852e-01 0.000000000000000000e+00 2.000000000000000000e+00
2.216670227050781250e+02 1.813583679199218750e+02 1.664680633544921875e+02 7.259721755981445312e-01 -6.565476655960083008e-01 2.047183811664581299e-01 0.000000000000000000e+00 2.000000000000000000e+00
2.211715850830078125e+02 1.818064270019531250e+02 1.663283538818359375e+02 8.002536892890930176e-01 -5.778867006301879883e-01 1.601284295320510864e-01 0.000000000000000000e+00 2.000000000000000000e+00
2.206057586669921875e+02 1.822150268554687500e+02 1.662151336669921875e+02 8.698059320449829102e-01 -4.801661968231201172e-01 1.134815141558647156e-01 0.000000000000000000e+00 2.000000000000000000e+00
2.199593505859375000e+02 1.825718688964843750e+02 1.661307983398437500e+02 9.235047101974487305e-01 -3.770842254161834717e-01 7.033134996891021729e-02 0.000000000000000000e+00 2.000000000000000000e+00
2.192300415039062500e+02 1.828696594238281250e+02 1.660752563476562500e+02 9.584055542945861816e-01 -2.832903861999511719e-01 3.471865132451057434e-02 0.000000000000000000e+00 2.000000000000000000e+00
2.184250946044921875e+02 1.831075897216796875e+02 1.660460968017578125e+02 9.784175157546997070e-01 -2.065038979053497314e-01 7.440960966050624847e-03 0.000000000000000000e+00 2.000000000000000000e+00
2.175583343505859375e+02 1.832905273437500000e+02 1.660395050048828125e+02 9.889758825302124023e-01 -1.475282460451126099e-01 -1.273565553128719330e-02 0.000000000000000000e+00 2.000000000000000000e+00
2.166471405029296875e+02 1.834264526367187500e+02 1.660512390136718750e+02 9.943644404411315918e-01 -1.021882221102714539e-01 -2.823004312813282013e-02 0.000000000000000000e+00 2.000000000000000000e+00
2.157097930908203125e+02 1.835227813720703125e+02 1.660778503417968750e+02 9.970711469650268555e-01 -6.440603733062744141e-02 -4.124302789568901062e-02 0.000000000000000000e+00 2.000000000000000000e+00
2.147639617919921875e+02 1.835838775634765625e+02 1.661169738769531250e+02 9.981738924980163574e-01 -2.844036184251308441e-02 -5.329116433858871460e-02 0.000000000000000000e+00 2.000000000000000000e+00
2.138262329101562500e+02 1.836105957031250000e+02 1.661670379638671875e+02 9.978430271148681641e-01 1.005685422569513321e-02 -6.487003713846206665e-02 0.000000000000000000e+00 2.000000000000000000e+00
2.129117889404296875e+02 1.836013793945312500e+02 1.662264862060546875e+02 9.957354664802551270e-01 5.319018289446830750e-02 -7.537729293107986450e-02 0.000000000000000000e+00 2.000000000000000000e+00
2.120345611572265625e+02 1.835545196533203125e+02 1.662928924560546875e+02 9.914025664329528809e-01 1.010490357875823975e-01 -8.312685787677764893e-02 0.000000000000000000e+00 2.000000000000000000e+00
2.112039947509765625e+02 1.834698638916015625e+02 1.663625335693359375e+02 9.845889210700988770e-01 1.522188931703567505e-01 -8.610458672046661377e-02 0.000000000000000000e+00 2.000000000000000000e+00
2.104238891601562500e+02 1.833492584228515625e+02 1.664307556152343750e+02 9.754592180252075195e-01 2.041371315717697144e-01 -8.250626921653747559e-02 0.000000000000000000e+00 2.000000000000000000e+00
2.096896514892578125e+02 1.831956024169921875e+02 1.664928588867187500e+02 9.650849699974060059e-01 2.518865764141082764e-01 -7.186243683099746704e-02 0.000000000000000000e+00 2.000000000000000000e+00
2.089894409179687500e+02 1.830128479003906250e+02 1.665449981689453125e+02 9.553200006484985352e-01 2.901732623577117920e-01 -5.624175071716308594e-02 0.000000000000000000e+00 2.000000000000000000e+00
2.083064880371093750e+02 1.828054046630859375e+02 1.665852050781250000e+02 9.482579231262207031e-01 3.150134980678558350e-01 -3.966773673892021179e-02 0.000000000000000000e+00 2.000000000000000000e+00
2.076229248046875000e+02 1.825783233642578125e+02 1.666138000488281250e+02 9.450522065162658691e-01 3.258409500122070312e-01 -2.653320692479610443e-02 0.000000000000000000e+00 2.000000000000000000e+00
2.069234619140625000e+02 1.823371582031250000e+02 1.666334381103515625e+02 9.455375671386718750e-01 3.248862028121948242e-01 -2.018976770341396332e-02 0.000000000000000000e+00 2.000000000000000000e+00
2.061981353759765625e+02 1.820879364013671875e+02 1.666489257812500000e+02 9.485208392143249512e-01 3.159435391426086426e-01 -2.208805270493030548e-02 0.000000000000000000e+00 2.000000000000000000e+00
2.054432830810546875e+02 1.818365020751953125e+02 1.666665039062500000e+02 9.524759054183959961e-01 3.028781116008758545e-01 -3.247245773673057556e-02 0.000000000000000000e+00 2.000000000000000000e+00
2.046609344482421875e+02 1.815877227783203125e+02 1.666931762695312500e+02 9.559180140495300293e-01 2.892014384269714355e-01 -5.082527548074722290e-02 0.000000000000000000e+00 2.000000000000000000e+00
2.038570861816406250e+02 1.813445281982421875e+02 1.667359161376953125e+02 9.579252600669860840e-01 2.769174575805664062e-01 -7.547094672918319702e-02 0.000000000000000000e+00 2.000000000000000000e+00
2.030391998291015625e+02 1.811080932617187500e+02 1.668003540039062500e+02 9.579259157180786133e-01 2.672823667526245117e-01 -1.045848876237869263e-01 0.000000000000000000e+00 2.000000000000000000e+00
2.022154541015625000e+02 1.808782501220703125e+02 1.668902893066406250e+02 9.560131430625915527e-01 2.603873610496520996e-01 -1.350452303886413574e-01 0.000000000000000000e+00 2.000000000000000000e+00
2.013930969238281250e+02 1.806542663574218750e+02 1.670064544677734375e+02 9.526234865188598633e-01 2.561341226100921631e-01 -1.640235185623168945e-01 0.000000000000000000e+00 2.000000000000000000e+00
2.005776977539062500e+02 1.804350280761718750e+02 1.671468505859375000e+02 9.485860466957092285e-01 2.541571259498596191e-01 -1.886493861675262451e-01 0.000000000000000000e+00 2.000000000000000000e+00
1.997725372314453125e+02 1.802192993164062500e+02 1.673069763183593750e+02 9.446520209312438965e-01 2.542881667613983154e-01 -2.072926312685012817e-01 0.000000000000000000e+00 2.000000000000000000e+00
1.989790649414062500e+02 1.800057067871093750e+02 1.674810943603515625e+02 9.414391517639160156e-01 2.563366293907165527e-01 -2.190526276826858521e-01 0.000000000000000000e+00 2.000000000000000000e+00
1.981976928710937500e+02 1.797929534912109375e+02 1.676629028320312500e+02 9.392225146293640137e-01 2.601992189884185791e-01 -2.239585667848587036e-01 0.000000000000000000e+00 2.000000000000000000e+00
1.974277496337890625e+02 1.795796508789062500e+02 1.678464965820312500e+02 9.380319714546203613e-01 2.655887305736541748e-01 -2.226177901029586792e-01 0.000000000000000000e+00 2.000000000000000000e+00
1.966699676513671875e+02 1.793650970458984375e+02 1.680263366699218750e+02 9.378948211669921875e-01 2.718733549118041992e-01 -2.154950648546218872e-01 0.000000000000000000e+00 2.000000000000000000e+00
1.959257049560546875e+02 1.791493530273437500e+02 1.681973419189453125e+02 9.385874271392822266e-01 2.789848148822784424e-01 -2.030302137136459351e-01 0.000000000000000000e+00 2.000000000000000000e+00
1.951967468261718750e+02 1.789326782226562500e+02 1.683550262451171875e+02 9.400489926338195801e-01 2.863854765892028809e-01 -1.851791590452194214e-01 0.000000000000000000e+00 2.000000000000000000e+00
1.944842681884765625e+02 1.787156219482421875e+02 1.684953765869140625e+02 9.421194791793823242e-01 2.933338284492492676e-01 -1.623768061399459839e-01 0.000000000000000000e+00 2.000000000000000000e+00
1.937869873046875000e+02 1.784985198974609375e+02 1.686155548095703125e+02 9.445586204528808594e-01 2.988245189189910889e-01 -1.360623240470886230e-01 0.000000000000000000e+00 2.000000000000000000e+00
1.931008911132812500e+02 1.782814636230468750e+02 1.687143859863281250e+02 9.472123384475708008e-01 3.016930520534515381e-01 -1.084908097982406616e-01 0.000000000000000000e+00 2.000000000000000000e+00
1.924189300537109375e+02 1.780642547607421875e+02 1.687924957275390625e+02 9.501149058341979980e-01 3.007205724716186523e-01 -8.275725692510604858e-02 0.000000000000000000e+00 2.000000000000000000e+00
1.917320404052734375e+02 1.778468475341796875e+02 1.688523254394531250e+02 9.534871578216552734e-01 2.950865030288696289e-01 -6.153335049748420715e-02 0.000000000000000000e+00 2.000000000000000000e+00
1.910300445556640625e+02 1.776295928955078125e+02 1.688976287841796875e+02 9.574321508407592773e-01 2.849277853965759277e-01 -4.625829681754112244e-02 0.000000000000000000e+00 2.000000000000000000e+00
1.903033447265625000e+02 1.774133300781250000e+02 1.689327392578125000e+02 9.619148969650268555e-01 2.708020508289337158e-01 -3.722730651497840881e-02 0.000000000000000000e+00 2.000000000000000000e+00
1.895443725585937500e+02 1.771996612548828125e+02 1.689621124267578125e+02 9.667227864265441895e-01 2.537116408348083496e-01 -3.282432630658149719e-02 0.000000000000000000e+00 2.000000000000000000e+00
1.887489471435546875e+02 1.769909057617187500e+02 1.689891204833984375e+02 9.713790416717529297e-01 2.353885918855667114e-01 -3.185696899890899658e-02 0.000000000000000000e+00 2.000000000000000000e+00
1.879175109863281250e+02 1.767894287109375000e+02 1.690163879394531250e+02 9.755429625511169434e-01 2.172911614179611206e-01 -3.317211568355560303e-02 0.000000000000000000e+00 2.000000000000000000e+00
1.870541381835937500e+02 1.765971221923828125e+02 1.690457458496093750e+02 9.788700342178344727e-01 2.011429816484451294e-01 -3.680860996246337891e-02 0.000000000000000000e+00 2.000000000000000000e+00
1.861666870117187500e+02 1.764147644042968750e+02 1.690791168212890625e+02 9.811331629753112793e-01 1.881964206695556641e-01 -4.427076503634452820e-02 0.000000000000000000e+00 2.000000000000000000e+00
1.852654724121093750e+02 1.762418975830078125e+02 1.691197814941406250e+02 9.822311401367187500e-01 1.785030812025070190e-01 -5.795382708311080933e-02 0.000000000000000000e+00 2.000000000000000000e+00
1.843613586425781250e+02 1.760775909423828125e+02 1.691731262207031250e+02 9.817637801170349121e-01 1.718262284994125366e-01 -8.133677393198013306e-02 0.000000000000000000e+00 2.000000000000000000e+00
1.834660644531250000e+02 1.759208984375000000e+02 1.692472991943359375e+02 9.790604114532470703e-01 1.666562110185623169e-01 -1.169032454490661621e-01 0.000000000000000000e+00 2.000000000000000000e+00
1.825901794433593750e+02 1.757718048095703125e+02 1.693518829345703125e+02 9.732217788696289062e-01 1.603925228118896484e-01 -1.646621823310852051e-01 0.000000000000000000e+00 2.000000000000000000e+00
1.817415313720703125e+02 1.756319427490234375e+02 1.694954681396484375e+02 9.640797972679138184e-01 1.495413035154342651e-01 -2.195164263248443604e-01 0.000000000000000000e+00 2.000000000000000000e+00
1.809224853515625000e+02 1.755048980712890625e+02 1.696819610595703125e+02 9.536038637161254883e-01 1.305132061243057251e-01 -2.713040709495544434e-01 0.000000000000000000e+00 2.000000000000000000e+00
1.801282348632812500e+02 1.753961944580078125e+02 1.699079284667968750e+02 9.463862776756286621e-01 1.015660166740417480e-01 -3.066551387310028076e-01 0.000000000000000000e+00 2.000000000000000000e+00
1.793460998535156250e+02 1.753122558593750000e+02 1.701613616943359375e+02 9.465373158454895020e-01 6.319183111190795898e-02 -3.163447082042694092e-01 0.000000000000000000e+00 2.000000000000000000e+00
1.785594024658203125e+02 1.752597351074218750e+02 1.704242858886718750e+02 9.542738795280456543e-01 1.868402399122714996e-02 -2.983492314815521240e-01 0.000000000000000000e+00 2.000000000000000000e+00
1.777520141601562500e+02 1.752439270019531250e+02 1.706767120361328125e+02 9.654261469841003418e-01 -2.715623565018177032e-02 -2.592585682868957520e-01 0.000000000000000000e+00 2.000000000000000000e+00
1.769139099121093750e+02 1.752675018310546875e+02 1.709017791748046875e+02 9.752157330513000488e-01 -7.009555399417877197e-02 -2.098591476678848267e-01 0.000000000000000000e+00 2.000000000000000000e+00
1.760437316894531250e+02 1.753300476074218750e+02 1.710890350341796875e+02 9.811487197875976562e-01 -1.081037148833274841e-01 -1.601895987987518311e-01 0.000000000000000000e+00 2.000000000000000000e+00
1.751489562988281250e+02 1.754286346435546875e+02 1.712351226806640625e+02 9.830812811851501465e-01 -1.412528157234191895e-01 -1.166137754917144775e-01 0.000000000000000000e+00 2.000000000000000000e+00
1.742418212890625000e+02 1.755589752197265625e+02 1.713427276611328125e+02 9.818487167358398438e-01 -1.712173372507095337e-01 -8.159498870372772217e-02 0.000000000000000000e+00 2.000000000000000000e+00
1.733347778320312500e+02 1.757171478271484375e+02 1.714181060791015625e+02 9.782868027687072754e-01 -1.996965408325195312e-01 -5.546386539936065674e-02 0.000000000000000000e+00 2.000000000000000000e+00
1.724374694824218750e+02 1.759003143310546875e+02 1.714689788818359375e+02 9.729993939399719238e-01 -2.277881056070327759e-01 -3.721257299184799194e-02 0.000000000000000000e+00 2.000000000000000000e+00
1.715557403564453125e+02 1.761067352294921875e+02 1.715027008056640625e+02 9.664443731307983398e-01 -2.555867433547973633e-01 -2.570394426584243774e-02 0.000000000000000000e+00 2.000000000000000000e+00
1.706928710937500000e+02 1.763349304199218750e+02 1.715256500244140625e+02 9.590152502059936523e-01 -2.827149927616119385e-01 -1.902621798217296600e-02 0.000000000000000000e+00 2.000000000000000000e+00
1.698514556884765625e+02 1.765829772949218750e+02 1.715423431396484375e+02 9.511905908584594727e-01 -3.082312047481536865e-01 -1.516648195683956146e-02 0.000000000000000000e+00 2.000000000000000000e+00
1.690341949462890625e+02 1.768478088378906250e+02 1.715553741455078125e+02 9.434986710548400879e-01 -3.311480283737182617e-01 -1.229509990662336349e-02 0.000000000000000000e+00 2.000000000000000000e+00
1.682438201904296875e+02 1.771252136230468750e+02 1.715656738281250000e+02 9.365331530570983887e-01 -3.504709303379058838e-01 -8.701295591890811920e-03 0.000000000000000000e+00 2.000000000000000000e+00
1.674817810058593750e+02 1.774103851318359375e+02 1.715727539062500000e+02 9.309674501419067383e-01 -3.650848865509033203e-01 -3.556335344910621643e-03 0.000000000000000000e+00 2.000000000000000000e+00
1.667468109130859375e+02 1.776986083984375000e+02 1.715755615234375000e+02 9.273791909217834473e-01 -3.741070032119750977e-01 3.417591098695993423e-03 0.000000000000000000e+00 2.000000000000000000e+00
1.660346374511718750e+02 1.779859008789062500e+02 1.715729370117187500e+02 9.264497160911560059e-01 -3.762295246124267578e-01 1.192383747547864914e-02 0.000000000000000000e+00 2.000000000000000000e+00
1.653375244140625000e+02 1.782689971923828125e+02 1.715639648437500000e+02 9.284090399742126465e-01 -3.709056973457336426e-01 2.203683555126190186e-02 0.000000000000000000e+00 2.000000000000000000e+00
1.646445312500000000e+02 1.785458526611328125e+02 1.715475158691406250e+02 9.332284331321716309e-01 -3.577470183372497559e-01 3.319343924522399902e-02 0.000000000000000000e+00 2.000000000000000000e+00
1.639422607421875000e+02 1.788150634765625000e+02 1.715225372314453125e+02 9.401498436927795410e-01 -3.378092646598815918e-01 4.475681111216545105e-02 0.000000000000000000e+00 2.000000000000000000e+00
1.632159576416015625e+02 1.790760345458984375e+02 1.714879608154296875e+02 9.482210874557495117e-01 -3.127122223377227783e-01 5.556847527623176575e-02 0.000000000000000000e+00 2.000000000000000000e+00
1.624512329101562500e+02 1.793282318115234375e+02 1.714431457519531250e+02 9.560760855674743652e-01 -2.856869697570800781e-01 6.558544188737869263e-02 0.000000000000000000e+00 2.000000000000000000e+00
1.616382293701171875e+02 1.795711669921875000e+02 1.713873748779296875e+02 9.628353118896484375e-01 -2.594125270843505859e-01 7.518883794546127319e-02 0.000000000000000000e+00 2.000000000000000000e+00
1.607739868164062500e+02 1.798040161132812500e+02 1.713198852539062500e+02 9.680538177490234375e-01 -2.359599769115447998e-01 8.482168614864349365e-02 0.000000000000000000e+00 2.000000000000000000e+00
1.598632049560546875e+02 1.800260162353515625e+02 1.712400817871093750e+02 9.717028737068176270e-01 -2.162891775369644165e-01 9.493406116962432861e-02 0.000000000000000000e+00 2.000000000000000000e+00
1.589170532226562500e+02 1.802366180419921875e+02 1.711476440429687500e+02 9.741411209106445312e-01 -1.999799907207489014e-01 1.051525026559829712e-01 0.000000000000000000e+00 2.000000000000000000e+00
1.579481811523437500e+02 1.804355163574218750e+02 1.710430603027343750e+02 9.758393168449401855e-01 -1.863708794116973877e-01 1.140331476926803589e-01 0.000000000000000000e+00 2.000000000000000000e+00
1.569661102294921875e+02 1.806230773925781250e+02 1.709282989501953125e+02 9.773720502853393555e-01 -1.743959337472915649e-01 1.197073683142662048e-01 0.000000000000000000e+00 2.000000000000000000e+00
1.559743041992187500e+02 1.808000488281250000e+02 1.708068237304687500e+02 9.792025685310363770e-01 -1.627983748912811279e-01 1.210750639438629150e-01 0.000000000000000000e+00 2.000000000000000000e+00
1.549708862304687500e+02 1.809668731689453125e+02 1.706827545166015625e+02 9.813730120658874512e-01 -1.507453322410583496e-01 1.190914586186408997e-01 0.000000000000000000e+00 2.000000000000000000e+00
1.539518890380859375e+02 1.811233978271484375e+02 1.705590972900390625e+02 9.836691617965698242e-01 -1.374856233596801758e-01 1.161578968167304993e-01 0.000000000000000000e+00 2.000000000000000000e+00
1.529159545898437500e+02 1.812681884765625000e+02 1.704367675781250000e+02 9.858353734016418457e-01 -1.225328072905540466e-01 1.145181134343147278e-01 0.000000000000000000e+00 2.000000000000000000e+00
1.518686523437500000e+02 1.813983612060546875e+02 1.703151092529296875e+02 9.878684878349304199e-01 -1.050491780042648315e-01 1.143699139356613159e-01 0.000000000000000000e+00 2.000000000000000000e+00
1.508223114013671875e+02 1.815096282958984375e+02 1.701939697265625000e+02 9.899688959121704102e-01 -8.411308377981185913e-02 1.135188266634941101e-01 0.000000000000000000e+00 2.000000000000000000e+00
1.497954254150390625e+02 1.815968780517578125e+02 1.700762176513671875e+02 9.925178289413452148e-01 -5.852594599127769470e-02 1.071595326066017151e-01 0.000000000000000000e+00 2.000000000000000000e+00
1.488079681396484375e+02 1.816551055908203125e+02 1.699696044921875000e+02 9.956850409507751465e-01 -2.694350667297840118e-02 8.879926800727844238e-02 0.000000000000000000e+00 2.000000000000000000e+00
1.478775634765625000e+02 1.816802825927734375e+02 1.698866271972656250e+02 9.985942840576171875e-01 1.187981944531202316e-02 5.165600031614303589e-02 0.000000000000000000e+00 2.000000000000000000e+00
1.470156402587890625e+02 1.816700286865234375e+02 1.698420410156250000e+02 9.982520341873168945e-01 5.824244767427444458e-02 -1.003781519830226898e-02 0.000000000000000000e+00 2.000000000000000000e+00
1.462250366210937500e+02 1.816239013671875000e+02 1.698499908447265625e+02 9.892296791076660156e-01 1.096783131361007690e-01 -9.692938625812530518e-02 0.000000000000000000e+00 2.000000000000000000e+00
1.455004425048828125e+02 1.815435638427734375e+02 1.699209899902343750e+02 9.664203524589538574e-01 1.594524234533309937e-01 -2.015108913183212280e-01 0.000000000000000000e+00 2.000000000000000000e+00
1.448304138183593750e+02 1.814330139160156250e+02 1.700606994628906250e+02 9.303056597709655762e-01 1.976601332426071167e-01 -3.089691400527954102e-01 0.000000000000000000e+00 2.000000000000000000e+00
1.441996459960937500e+02 1.812989959716796875e+02 1.702701873779296875e+02 8.884481191635131836e-01 2.168150097131729126e-01 -4.045382738113403320e-01 0.000000000000000000e+00 2.000000000000000000e+00
1.435924530029296875e+02 1.811508178710937500e+02 1.705466613769531250e+02 8.502942919731140137e-01 2.147666066884994507e-01 -4.804944396018981934e-01 0.000000000000000000e+00 2.000000000000000000e+00
1.429949188232421875e+02 1.809998931884765625e+02 1.708843231201171875e+02 8.215468525886535645e-01 1.944150477647781372e-01 -5.359696745872497559e-01 0.000000000000000000e+00 2.000000000000000000e+00
1.423956451416015625e+02 1.808580780029296875e+02 1.712752838134765625e+02 8.030508160591125488e-01 1.619016677141189575e-01 -5.734956264495849609e-01 0.000000000000000000e+00 2.000000000000000000e+00
1.417865295410156250e+02 1.807352752685546875e+02 1.717102813720703125e+02 7.931379079818725586e-01 1.242647394537925720e-01 -5.962302684783935547e-01 0.000000000000000000e+00 2.000000000000000000e+00
1.411624450683593750e+02 1.806374969482421875e+02 1.721794281005859375e+02 7.897174954414367676e-01 8.790712803602218628e-02 -6.071397066116333008e-01 0.000000000000000000e+00 2.000000000000000000e+00
1.405210571289062500e+02 1.805661010742187500e+02 1.726725311279296875e+02 7.908781170845031738e-01 5.759604275226593018e-02 -6.092572808265686035e-01 0.000000000000000000e+00 2.000000000000000000e+00
1.398625183105468750e+02 1.805181427001953125e+02 1.731798400878906250e+02 7.951355576515197754e-01 3.543664142489433289e-02 -6.053954958915710449e-01 0.000000000000000000e+00 2.000000000000000000e+00
1.391890563964843750e+02 1.804881286621093750e+02 1.736925964355468750e+02 8.014361858367919922e-01 2.121317386627197266e-02 -5.977039337158203125e-01 0.000000000000000000e+00 2.000000000000000000e+00
1.385047760009765625e+02 1.804700164794921875e+02 1.742029266357421875e+02 8.091361522674560547e-01 1.304827630519866943e-02 -5.874763131141662598e-01 0.000000000000000000e+00 2.000000000000000000e+00
1.378140411376953125e+02 1.804588775634765625e+02 1.747044372558593750e+02 8.177145123481750488e-01 8.570563048124313354e-03 -5.755601525306701660e-01 0.000000000000000000e+00 2.000000000000000000e+00
1.371210632324218750e+02 1.804516143798828125e+02 1.751921997070312500e+02 8.267099857330322266e-01 5.378784146159887314e-03 -5.626025795936584473e-01 0.000000000000000000e+00 2.000000000000000000e+00
1.364292144775390625e+02 1.804471130371093750e+02 1.756630249023437500e+02 8.359141349792480469e-01 1.242181635461747646e-03 -5.488588809967041016e-01 0.000000000000000000e+00 2.000000000000000000e+00
1.357412414550781250e+02 1.804460906982421875e+02 1.761147460937500000e+02 8.450672626495361328e-01 -5.504646338522434235e-03 -5.346317291259765625e-01 0.000000000000000000e+00 2.000000000000000000e+00
1.350595703125000000e+02 1.804505310058593750e+02 1.765460052490234375e+02 8.536594510078430176e-01 -1.641690172255039215e-02 -5.205727815628051758e-01 0.000000000000000000e+00 2.000000000000000000e+00
1.343875274658203125e+02 1.804634552001953125e+02 1.769558258056640625e+02 8.611041307449340820e-01 -3.284218534827232361e-02 -5.073668360710144043e-01 0.000000000000000000e+00 2.000000000000000000e+00
1.337294006347656250e+02 1.804885559082031250e+02 1.773435974121093750e+02 8.664823174476623535e-01 -5.560468882322311401e-02 -4.961013197898864746e-01 0.000000000000000000e+00 2.000000000000000000e+00
1.330897827148437500e+02 1.805296020507812500e+02 1.777098083496093750e+02 8.688099384307861328e-01 -8.529500663280487061e-02 -4.877438843250274658e-01 0.000000000000000000e+00 2.000000000000000000e+00
1.324729003906250000e+02 1.805901641845703125e+02 1.780561218261718750e+02 8.672166466712951660e-01 -1.214706823229789734e-01 -4.828873276710510254e-01 0.000000000000000000e+00 2.000000000000000000e+00
1.318809356689453125e+02 1.806730804443359375e+02 1.783857421875000000e+02 8.612925410270690918e-01 -1.622604280710220337e-01 -4.815045297145843506e-01 0.000000000000000000e+00 2.000000000000000000e+00
1.313130798339843750e+02 1.807800598144531250e+02 1.787032012939453125e+02 8.513681292533874512e-01 -2.040827572345733643e-01 -4.832416176795959473e-01 0.000000000000000000e+00 2.000000000000000000e+00
1.307650756835937500e+02 1.809114227294921875e+02 1.790142517089843750e+02 8.389288187026977539e-01 -2.415250241756439209e-01 -4.877131581306457520e-01 0.000000000000000000e+00 2.000000000000000000e+00
1.302297668457031250e+02 1.810655364990234375e+02 1.793254547119140625e+02 8.260817527770996094e-01 -2.699867784976959229e-01 -4.946675598621368408e-01 0.000000000000000000e+00 2.000000000000000000e+00
1.296980895996093750e+02 1.812393035888671875e+02 1.796438293457031250e+02 8.146680593490600586e-01 -2.864029407501220703e-01 -5.042709708213806152e-01 0.000000000000000000e+00 2.000000000000000000e+00
1.291608428955078125e+02 1.814281768798828125e+02 1.799763793945312500e+02 8.054642677307128906e-01 -2.909843921661376953e-01 -5.162900090217590332e-01 0.000000000000000000e+00 2.000000000000000000e+00
1.286108703613281250e+02 1.816268615722656250e+02 1.803289031982421875e+02 7.985786199569702148e-01 -2.862954735755920410e-01 -5.294402241706848145e-01 0.000000000000000000e+00 2.000000000000000000e+00
1.280441131591796875e+02 1.818300476074218750e+02 1.807046508789062500e+02 7.941020727157592773e-01 -2.757025361061096191e-01 -5.416548252105712891e-01 0.000000000000000000e+00 2.000000000000000000e+00
1.274600219726562500e+02 1.820328369140625000e+02 1.811030578613281250e+02 7.924208045005798340e-01 -2.619864642620086670e-01 -5.508469343185424805e-01 0.000000000000000000e+00 2.000000000000000000e+00
1.268602676391601562e+02 1.822311248779296875e+02 1.815199737548828125e+02 7.939640283584594727e-01 -2.468443959951400757e-01 -5.555977821350097656e-01 0.000000000000000000e+00 2.000000000000000000e+00
1.262479553222656250e+02 1.824214935302734375e+02 1.819484558105468750e+02 7.988944053649902344e-01 -2.304733097553253174e-01 -5.555626153945922852e-01 0.000000000000000000e+00 2.000000000000000000e+00
1.256260528564453125e+02 1.826009063720703125e+02 1.823809356689453125e+02 8.062625527381896973e-01 -2.124591618776321411e-01 -5.520884990692138672e-01 0.000000000000000000e+00 2.000000000000000000e+00
1.249974288940429688e+02 1.827665557861328125e+02 1.828113861083984375e+02 8.147505521774291992e-01 -1.920182853937149048e-01 -5.470928549766540527e-01 0.000000000000000000e+00 2.000000000000000000e+00
1.243651351928710938e+02 1.829155731201171875e+02 1.832359619140625000e+02 8.226594924926757812e-01 -1.679221242666244507e-01 -5.431699752807617188e-01 0.000000000000000000e+00 2.000000000000000000e+00
1.237330932617187500e+02 1.830445861816406250e+02 1.836532745361328125e+02 8.288388848304748535e-01 -1.395028382539749146e-01 -5.418163537979125977e-01 0.000000000000000000e+00 2.000000000000000000e+00
1.231060104370117188e+02 1.831501312255859375e+02 1.840632019042968750e+02 8.327684402465820312e-01 -1.064151376485824585e-01 -5.432978868484497070e-01 0.000000000000000000e+00 2.000000000000000000e+00
1.224888992309570312e+02 1.832289886474609375e+02 1.844658050537109375e+02 8.341290950775146484e-01 -6.947466731071472168e-02 -5.471763610839843750e-01 0.000000000000000000e+00 2.000000000000000000e+00
1.218865356445312500e+02 1.832791595458984375e+02 1.848609466552734375e+02 8.330605626106262207e-01 -3.097777068614959717e-02 -5.523136258125305176e-01 0.000000000000000000e+00 2.000000000000000000e+00
1.213022079467773438e+02 1.833008880615234375e+02 1.852483520507812500e+02 8.298897743225097656e-01 5.966557189822196960e-03 -5.578955411911010742e-01 0.000000000000000000e+00 2.000000000000000000e+00
1.207376632690429688e+02 1.832968292236328125e+02 1.856278686523437500e+02 8.250681161880493164e-01 3.754405304789543152e-02 -5.637845993041992188e-01 0.000000000000000000e+00 2.000000000000000000e+00
1.201927566528320312e+02 1.832720336914062500e+02 1.860002136230468750e+02 8.192493915557861328e-01 6.143006309866905212e-02 -5.701374411582946777e-01 0.000000000000000000e+00 2.000000000000000000e+00
1.196657028198242188e+02 1.832325134277343750e+02 1.863670043945312500e+02 8.132569193840026855e-01 7.695589214563369751e-02 -5.767937898635864258e-01 0.000000000000000000e+00 2.000000000000000000e+00
1.191534042358398438e+02 1.831840362548828125e+02 1.867303466796875000e+02 8.070251941680908203e-01 8.614230901002883911e-02 -5.842001438140869141e-01 0.000000000000000000e+00 2.000000000000000000e+00
1.186522140502929688e+02 1.831305389404296875e+02 1.870931549072265625e+02 8.001350760459899902e-01 9.210259467363357544e-02 -5.927063822746276855e-01 0.000000000000000000e+00 2.000000000000000000e+00
1.181585617065429688e+02 1.830737152099609375e+02 1.874588317871093750e+02 7.917171716690063477e-01 9.792349487543106079e-02 -6.029883027076721191e-01 0.000000000000000000e+00 2.000000000000000000e+00
1.176697769165039062e+02 1.830132598876953125e+02 1.878311004638671875e+02 7.807991504669189453e-01 1.061687618494033813e-01 -6.156954169273376465e-01 0.000000000000000000e+00 2.000000000000000000e+00
1.171840972900390625e+02 1.829472198486328125e+02 1.882140808105468750e+02 7.664161920547485352e-01 1.176737397909164429e-01 -6.314737796783447266e-01 0.000000000000000000e+00 2.000000000000000000e+00
1.167009048461914062e+02 1.828730316162109375e+02 1.886121978759765625e+02 7.485150694847106934e-01 1.325135976076126099e-01 -6.497425436973571777e-01 0.000000000000000000e+00 2.000000000000000000e+00
1.162209091186523438e+02 1.827880554199218750e+02 1.890288543701171875e+02 7.272209525108337402e-01 1.501588523387908936e-01 -6.697776913642883301e-01 0.000000000000000000e+00 2.000000000000000000e+00
1.157461853027343750e+02 1.826900329589843750e+02 1.894660797119140625e+02 7.029982805252075195e-01 1.695883721113204956e-01 -6.906759142875671387e-01 0.000000000000000000e+00 2.000000000000000000e+00
1.152804565429687500e+02 1.825776824951171875e+02 1.899236450195312500e+02 6.761100888252258301e-01 1.906886547803878784e-01 -7.116972804069519043e-01 0.000000000000000000e+00 2.000000000000000000e+00
1.148286514282226562e+02 1.824502563476562500e+02 1.903992309570312500e+02 6.469466686248779297e-01 2.130219340324401855e-01 -7.321759462356567383e-01 0.000000000000000000e+00 2.000000000000000000e+00
1.143958740234375000e+02 1.823077545166015625e+02 1.908890228271484375e+02 6.160375475883483887e-01 2.365077435970306396e-01 -7.513732910156250000e-01 0.000000000000000000e+00 2.000000000000000000e+00
1.139861831665039062e+02 1.821504669189453125e+02 1.913887176513671875e+02 5.848463773727416992e-01 2.611190378665924072e-01 -7.679658532142639160e-01 0.000000000000000000e+00 2.000000000000000000e+00
1.136011886596679688e+02 1.819785766601562500e+02 1.918942565917968750e+02 5.552961230278015137e-01 2.867215871810913086e-01 -7.806643843650817871e-01 0.000000000000000000e+00 2.000000000000000000e+00
1.132395629882812500e+02 1.817918548583984375e+02 1.924026489257812500e+02 5.296075344085693359e-01 3.134295940399169922e-01 -7.882117629051208496e-01 0.000000000000000000e+00 2.000000000000000000e+00
1.128980407714843750e+02 1.815897369384765625e+02 1.929109344482421875e+02 5.091894865036010742e-01 3.419827818870544434e-01 -7.897934913635253906e-01 0.000000000000000000e+00 2.000000000000000000e+00
1.125726547241210938e+02 1.813712005615234375e+02 1.934156341552734375e+02 4.937468469142913818e-01 3.740327358245849609e-01 -7.850564122200012207e-01 0.000000000000000000e+00 2.000000000000000000e+00
1.122602233886718750e+02 1.811345214843750000e+02 1.939123992919921875e+02 4.819824397563934326e-01 4.118834435939788818e-01 -7.733336687088012695e-01 0.000000000000000000e+00 2.000000000000000000e+00
1.119588012695312500e+02 1.808769378662109375e+02 1.943960266113281250e+02 4.719780683517456055e-01 4.581269323825836182e-01 -7.532306909561157227e-01 0.000000000000000000e+00 2.000000000000000000e+00
1.116676330566406250e+02 1.805943145751953125e+02 1.948607025146484375e+02 4.619911313056945801e-01 5.148054957389831543e-01 -7.221769094467163086e-01 0.000000000000000000e+00 2.000000000000000000e+00
1.113864669799804688e+02 1.802810058593750000e+02 1.953002166748046875e+02 4.506690204143524170e-01 5.818835496902465820e-01 -6.769852042198181152e-01 0.000000000000000000e+00 2.000000000000000000e+00
1.111150207519531250e+02 1.799305267333984375e+02 1.957079772949218750e+02 4.370003640651702881e-01 6.560222506523132324e-01 -6.153579950332641602e-01 0.000000000000000000e+00 2.000000000000000000e+00
1.108529815673828125e+02 1.795371551513671875e+02 1.960769653320312500e+02 4.204462766647338867e-01 7.305023074150085449e-01 -5.381367802619934082e-01 0.000000000000000000e+00 2.000000000000000000e+00
1.105998840332031250e+02 1.790974121093750000e+02 1.964009094238281250e+02 4.010815620422363281e-01 7.979045510292053223e-01 -4.499798715114593506e-01 0.000000000000000000e+00 2.000000000000000000e+00
1.103555755615234375e+02 1.786113891601562500e+02 1.966750030517578125e+02 3.805131316184997559e-01 8.521742224693298340e-01 -3.591780066490173340e-01 0.000000000000000000e+00 2.000000000000000000e+00
1.101196289062500000e+02 1.780829772949218750e+02 1.968977203369140625e+02 3.612354993820190430e-01 8.910435438156127930e-01 -2.748643755912780762e-01 0.000000000000000000e+00 2.000000000000000000e+00
1.098909378051757812e+02 1.775188751220703125e+02 1.970717315673828125e+02 3.460675179958343506e-01 9.161395430564880371e-01 -2.023007720708847046e-01 0.000000000000000000e+00 2.000000000000000000e+00
1.096673431396484375e+02 1.769269561767578125e+02 1.972024383544921875e+02 3.371893167495727539e-01 9.306290745735168457e-01 -1.422428637742996216e-01 0.000000000000000000e+00 2.000000000000000000e+00
1.094453964233398438e+02 1.763143920898437500e+02 1.972960662841796875e+02 3.357564508914947510e-01 9.374976754188537598e-01 -9.146429598331451416e-02 0.000000000000000000e+00 2.000000000000000000e+00
1.092205581665039062e+02 1.756865997314453125e+02 1.973573150634765625e+02 3.416653573513031006e-01 9.387400746345520020e-01 -4.507618397474288940e-02 0.000000000000000000e+00 2.000000000000000000e+00
1.089877395629882812e+02 1.750469207763671875e+02 1.973880310058593750e+02 3.541705906391143799e-01 9.351809024810791016e-01 4.395266660139895976e-05 0.000000000000000000e+00 2.000000000000000000e+00
1.087418289184570312e+02 1.743975982666015625e+02 1.973880004882812500e+02 3.713701665401458740e-01 9.274133443832397461e-01 4.459629207849502563e-02 0.000000000000000000e+00 2.000000000000000000e+00
1.084786758422851562e+02 1.737404327392578125e+02 1.973563995361328125e+02 3.916831016540527344e-01 9.160839915275573730e-01 8.587495982646942139e-02 0.000000000000000000e+00 2.000000000000000000e+00
1.081955566406250000e+02 1.730782623291015625e+02 1.972943267822265625e+02 4.135982096195220947e-01 9.025206565856933594e-01 1.199707761406898499e-01 0.000000000000000000e+00 2.000000000000000000e+00
1.078915023803710938e+02 1.724147796630859375e+02 1.972061309814453125e+02 4.362775385379791260e-01 8.882760405540466309e-01 1.436232030391693115e-01 0.000000000000000000e+00 2.000000000000000000e+00
1.075671386718750000e+02 1.717543640136718750e+02 1.970993499755859375e+02 4.590524733066558838e-01 8.745579123497009277e-01 1.562666594982147217e-01 0.000000000000000000e+00 2.000000000000000000e+00
1.072243652343750000e+02 1.711013336181640625e+02 1.969826660156250000e+02 4.814490973949432373e-01 8.618389368057250977e-01 1.595004796981811523e-01 0.000000000000000000e+00 2.000000000000000000e+00
1.068654785156250000e+02 1.704588928222656250e+02 1.968637695312500000e+02 5.033503174781799316e-01 8.496854305267333984e-01 1.570769101381301880e-01 0.000000000000000000e+00 2.000000000000000000e+00
1.064924468994140625e+02 1.698291931152343750e+02 1.967473602294921875e+02 5.245450735092163086e-01 8.372556567192077637e-01 1.544518619775772095e-01 0.000000000000000000e+00 2.000000000000000000e+00
1.061066360473632812e+02 1.692133789062500000e+02 1.966337585449218750e+02 5.454576611518859863e-01 8.235161304473876953e-01 1.558749079704284668e-01 0.000000000000000000e+00 2.000000000000000000e+00
1.057084121704101562e+02 1.686121520996093750e+02 1.965199584960937500e+02 5.663235187530517578e-01 8.079009056091308594e-01 1.630145311355590820e-01 0.000000000000000000e+00 2.000000000000000000e+00
1.052975311279296875e+02 1.680260009765625000e+02 1.964016876220703125e+02 5.872085690498352051e-01 7.905709743499755859e-01 1.737342178821563721e-01 0.000000000000000000e+00 2.000000000000000000e+00
1.048733901977539062e+02 1.674549713134765625e+02 1.962761993408203125e+02 6.069995760917663574e-01 7.731320261955261230e-01 1.838975697755813599e-01 0.000000000000000000e+00 2.000000000000000000e+00
1.044359664916992188e+02 1.668978271484375000e+02 1.961436767578125000e+02 6.244109272956848145e-01 7.578529119491577148e-01 1.891293525695800781e-01 0.000000000000000000e+00 2.000000000000000000e+00
1.039865036010742188e+02 1.663523101806640625e+02 1.960075378417968750e+02 6.372987627983093262e-01 7.476143240928649902e-01 1.868770867586135864e-01 0.000000000000000000e+00 2.000000000000000000e+00
1.035278549194335938e+02 1.658142700195312500e+02 1.958730468750000000e+02 6.437784433364868164e-01 7.442336082458496094e-01 1.779486238956451416e-01 0.000000000000000000e+00 2.000000000000000000e+00
1.030645370483398438e+02 1.652786560058593750e+02 1.957449798583984375e+02 6.426766514778137207e-01 7.479962706565856934e-01 1.657356619834899902e-01 0.000000000000000000e+00 2.000000000000000000e+00
1.026024246215820312e+02 1.647408142089843750e+02 1.956258087158203125e+02 6.342447400093078613e-01 7.574698328971862793e-01 1.548324823379516602e-01 0.000000000000000000e+00 2.000000000000000000e+00
1.021478881835937500e+02 1.641979675292968750e+02 1.955148468017578125e+02 6.200810670852661133e-01 7.701354622840881348e-01 1.496358811855316162e-01 0.000000000000000000e+00 2.000000000000000000e+00
1.017070388793945312e+02 1.636504364013671875e+02 1.954084625244140625e+02 6.028313636779785156e-01 7.832179665565490723e-01 1.521968096494674683e-01 0.000000000000000000e+00 2.000000000000000000e+00
1.012846374511718750e+02 1.631016387939453125e+02 1.953018188476562500e+02 -5.855000019073486328e-01 -7.942126989364624023e-01 -1.625300198793411255e-01 0.000000000000000000e+00 2.000000000000000000e+00
1.008834228515625000e+02 1.625574035644531250e+02 1.951904449462890625e+02 -5.707672238349914551e-01 -8.016019463539123535e-01 -1.779300570487976074e-01 0.000000000000000000e+00 2.000000000000000000e+00
1.005033950805664062e+02 1.620236816406250000e+02 1.950719757080078125e+02 -5.607438087463378906e-01 -8.048570156097412109e-01 -1.943492442369461060e-01 0.000000000000000000e+00 2.000000000000000000e+00
1.001416397094726562e+02 1.615044403076171875e+02 1.949465942382812500e+02 -5.566070079803466797e-01 -8.046011328697204590e-01 -2.068953514099121094e-01 0.000000000000000000e+00 2.000000000000000000e+00
9.979312133789062500e+01 1.610006408691406250e+02 1.948170471191406250e+02 -5.581425428390502930e-01 -8.023626208305358887e-01 -2.114028781652450562e-01 0.000000000000000000e+00 2.000000000000000000e+00
9.945185852050781250e+01 1.605100555419921875e+02 1.946877899169921875e+02 -5.638760924339294434e-01 -7.996419668197631836e-01 -2.064377069473266602e-01 0.000000000000000000e+00 2.000000000000000000e+00
9.911242675781250000e+01 1.600287017822265625e+02 1.945635223388671875e+02 -5.713238716125488281e-01 -7.975112795829772949e-01 -1.938164681196212769e-01 0.000000000000000000e+00 2.000000000000000000e+00
9.877148437500000000e+01 1.595527801513671875e+02 1.944478607177734375e+02 -5.784841775894165039e-01 -7.960932850837707520e-01 -1.777402311563491821e-01 0.000000000000000000e+00 2.000000000000000000e+00
9.842787170410156250e+01 1.590799102783203125e+02 1.943422851562500000e+02 -5.839492082595825195e-01 -7.950700521469116211e-01 -1.639115065336227417e-01 0.000000000000000000e+00 2.000000000000000000e+00
9.808219146728515625e+01 1.586092529296875000e+02 1.942452545166015625e+02 -5.875001549720764160e-01 -7.937374114990234375e-01 -1.575579643249511719e-01 0.000000000000000000e+00 2.000000000000000000e+00
9.773551940917968750e+01 1.581408843994140625e+02 1.941522827148437500e+02 -5.895645022392272949e-01 -7.912071943283081055e-01 -1.624955534934997559e-01 0.000000000000000000e+00 2.000000000000000000e+00
9.738829040527343750e+01 1.576748962402343750e+02 1.940565795898437500e+02 -5.908132791519165039e-01 -7.864067554473876953e-01 -1.802892982959747314e-01 0.000000000000000000e+00 2.000000000000000000e+00
9.703956604003906250e+01 1.572107238769531250e+02 1.939501647949218750e+02 -5.923710465431213379e-01 -7.781221866607666016e-01 -2.088595181703567505e-01 0.000000000000000000e+00 2.000000000000000000e+00
9.668694305419921875e+01 1.567475280761718750e+02 1.938258361816406250e+02 -5.954240560531616211e-01 -7.652853131294250488e-01 -2.445577383041381836e-01 0.000000000000000000e+00 2.000000000000000000e+00
9.632740020751953125e+01 1.562854156494140625e+02 1.936781616210937500e+02 -6.012814640998840332e-01 -7.469694614410400391e-01 -2.837206423282623291e-01 0.000000000000000000e+00 2.000000000000000000e+00
9.595826721191406250e+01 1.558268432617187500e+02 1.935039825439453125e+02 -6.106086373329162598e-01 -7.227172851562500000e-01 -3.237849771976470947e-01 0.000000000000000000e+00 2.000000000000000000e+00
9.557788085937500000e+01 1.553766174316406250e+02 1.933022766113281250e+02 -6.227946281433105469e-01 -6.920318007469177246e-01 -3.649914860725402832e-01 0.000000000000000000e+00 2.000000000000000000e+00
9.518650054931640625e+01 1.549417266845703125e+02 1.930729064941406250e+02 -6.354577541351318359e-01 -6.540527343750000000e-01 -4.103760421276092529e-01 0.000000000000000000e+00 2.000000000000000000e+00
9.478707122802734375e+01 1.545306091308593750e+02 1.928149566650390625e+02 -6.441743373870849609e-01 -6.073279380798339844e-01 -4.649647772312164307e-01 0.000000000000000000e+00 2.000000000000000000e+00
9.438585662841796875e+01 1.541523437500000000e+02 1.925253601074218750e+02 -6.427406072616577148e-01 -5.494994521141052246e-01 -5.337930321693420410e-01 0.000000000000000000e+00 2.000000000000000000e+00
9.399246978759765625e+01 1.538160247802734375e+02 1.921986541748046875e+02 -6.236738562583923340e-01 -4.769622683525085449e-01 -6.193044781684875488e-01 0.000000000000000000e+00 2.000000000000000000e+00
9.361894226074218750e+01 1.535303649902343750e+02 1.918277435302734375e+02 -5.800234079360961914e-01 -3.869587182998657227e-01 -7.168234586715698242e-01 0.000000000000000000e+00 2.000000000000000000e+00
9.327744293212890625e+01 1.533025360107421875e+02 1.914057006835937500e+02 -5.104150176048278809e-01 -2.824014425277709961e-01 -8.122351765632629395e-01 0.000000000000000000e+00 2.000000000000000000e+00
9.297743988037109375e+01 1.531365509033203125e+02 1.909282989501953125e+02 -4.239297509193420410e-01 -1.746087521314620972e-01 -8.887042999267578125e-01 0.000000000000000000e+00 2.000000000000000000e+00
9.272341156005859375e+01 1.530319213867187500e+02 1.903957672119140625e+02 -3.373318612575531006e-01 -7.862927019596099854e-02 -9.380963444709777832e-01 0.000000000000000000e+00 2.000000000000000000e+00
9.251393127441406250e+01 1.529830932617187500e+02 1.898132171630859375e+02 -2.651862502098083496e-01 -4.411513917148113251e-03 -9.641871452331542969e-01 0.000000000000000000e+00 2.000000000000000000e+00
9.234240722656250000e+01 1.529802398681640625e+02 1.891895751953125000e+02 -2.128493785858154297e-01 4.675856977701187134e-02 -9.759656190872192383e-01 0.000000000000000000e+00 2.000000000000000000e+00
9.219973754882812500e+01 1.530115814208984375e+02 1.885354003906250000e+02 -1.790599673986434937e-01 7.896343618631362915e-02 -9.806642532348632812e-01 0.000000000000000000e+00 2.000000000000000000e+00
9.207659149169921875e+01 1.530658874511718750e+02 1.878609619140625000e+02 -1.593165099620819092e-01 9.744803607463836670e-02 -9.824063181877136230e-01 0.000000000000000000e+00 2.000000000000000000e+00
9.196525573730468750e+01 1.531339874267578125e+02 1.871744232177734375e+02 -1.488398462533950806e-01 1.072200983762741089e-01 -9.830312728881835938e-01 0.000000000000000000e+00 2.000000000000000000e+00
9.186032104492187500e+01 1.532095794677734375e+02 1.864813690185546875e+02 -1.438353508710861206e-01 1.118444055318832397e-01 -9.832610487937927246e-01 0.000000000000000000e+00 2.000000000000000000e+00
9.175847625732421875e+01 1.532887725830078125e+02 1.857851562500000000e+02 -1.417053937911987305e-01 1.138160452246665955e-01 -9.833439588546752930e-01 0.000000000000000000e+00 2.000000000000000000e+00
9.165795898437500000e+01 1.533695068359375000e+02 1.850876312255859375e+02 -1.409046798944473267e-01 1.146153658628463745e-01 -9.833663105964660645e-01 0.000000000000000000e+00 2.000000000000000000e+00
9.155793762207031250e+01 1.534508666992187500e+02 1.843895874023437500e+02 -1.408836096525192261e-01 1.146157160401344299e-01 -9.833692908287048340e-01 0.000000000000000000e+00 2.000000000000000000e+00
9.145793151855468750e+01 1.535322265625000000e+02 1.836915435791015625e+02 -1.409399360418319702e-01 1.145748272538185120e-01 -9.833658933639526367e-01 0.000000000000000000e+00 2.000000000000000000e+00
9.135788726806640625e+01 1.536135559082031250e+02 1.829935150146484375e+02 -1.408869177103042603e-01 1.145969107747077942e-01 -9.833709001541137695e-01 0.000000000000000000e+00 2.000000000000000000e+00
9.125788116455078125e+01 1.536949005126953125e+02 1.822954864501953125e+02 -1.409046798944473267e-01 1.146153658628463745e-01 -9.833663105964660645e-01 0.000000000000000000e+00 2.000000000000000000e+00
9.115785980224609375e+01 1.537762603759765625e+02 1.815974426269531250e+02 -1.409122198820114136e-01 1.146127581596374512e-01 -9.833654165267944336e-01 0.000000000000000000e+00 2.000000000000000000e+00
9.105783081054687500e+01 1.538576202392578125e+02 1.808993835449218750e+02 -1.409076452255249023e-01 1.146177798509597778e-01 -9.833655357360839844e-01 0.000000000000000000e+00 2.000000000000000000e+00
9.095780944824218750e+01 1.539389801025390625e+02 1.802013549804687500e+02 -1.409023851156234741e-01 1.145705059170722961e-01 -9.833717942237854004e-01 0.000000000000000000e+00 2.000000000000000000e+00
9.085778808593750000e+01 1.540203094482421875e+02 1.795032958984375000e+02 -1.409132480621337891e-01 1.146438419818878174e-01 -9.833617210388183594e-01 0.000000000000000000e+00 2.000000000000000000e+00
9.075776672363281250e+01 1.541016845703125000e+02 1.788052978515625000e+02 -1.409016996622085571e-01 1.146129444241523743e-01 -9.833670258522033691e-01 0.000000000000000000e+00 2.000000000000000000e+00
9.065774536132812500e+01 1.541830444335937500e+02 1.781072387695312500e+02 -1.409073024988174438e-01 1.146389991044998169e-01 -9.833631515502929688e-01 0.000000000000000000e+00 2.000000000000000000e+00
9.055772399902343750e+01 1.542644195556640625e+02 1.774092102050781250e+02 -1.409129202365875244e-01 1.145703345537185669e-01 -9.833703041076660156e-01 0.000000000000000000e+00 2.000000000000000000e+00
9.045769500732421875e+01 1.543457489013671875e+02 1.767111511230468750e+02 -1.408967673778533936e-01 1.146391704678535461e-01 -9.833646416664123535e-01 0.000000000000000000e+00 2.000000000000000000e+00
9.035768127441406250e+01 1.544271240234375000e+02 1.760131225585937500e+02 -1.409050226211547852e-01 1.145941540598869324e-01 -9.833686947822570801e-01 0.000000000000000000e+00 2.000000000000000000e+00
9.025765991210937500e+01 1.545084686279296875e+02 1.753150787353515625e+02 -1.414354592561721802e-01 1.153711006045341492e-01 -9.832016825675964355e-01 0.000000000000000000e+00 2.000000000000000000e+00
9.015726470947265625e+01 1.545903625488281250e+02 1.746171722412109375e+02 -1.426197439432144165e-01 1.172402724623680115e-01 -9.828094840049743652e-01 0.000000000000000000e+00 2.000000000000000000e+00
9.005608367919921875e+01 1.546735382080078125e+02 1.739199218750000000e+02 -1.453728526830673218e-01 1.213648468255996704e-01 -9.819049835205078125e-01 0.000000000000000000e+00 2.000000000000000000e+00
8.995310974121093750e+01 1.547595062255859375e+02 1.732243957519531250e+02 -1.511208862066268921e-01 1.300385296344757080e-01 -9.799246788024902344e-01 0.000000000000000000e+00 2.000000000000000000e+00
8.984641265869140625e+01 1.548513183593750000e+02 1.725325317382812500e+02 -1.616582125425338745e-01 1.460840404033660889e-01 -9.759744405746459961e-01 0.000000000000000000e+00 2.000000000000000000e+00
8.973300933837890625e+01 1.549537963867187500e+02 1.718478851318359375e+02 -1.792404651641845703e-01 1.727298349142074585e-01 -9.685232043266296387e-01 0.000000000000000000e+00 2.000000000000000000e+00
8.960866546630859375e+01 1.550736236572265625e+02 1.711759948730468750e+02 -2.055084258317947388e-01 2.128448188304901123e-01 -9.552294611930847168e-01 0.000000000000000000e+00 2.000000000000000000e+00
8.946846771240234375e+01 1.552188262939453125e+02 1.705243377685546875e+02 -2.409372180700302124e-01 2.674641907215118408e-01 -9.329588413238525391e-01 0.000000000000000000e+00 2.000000000000000000e+00
8.930763244628906250e+01 1.553973693847656250e+02 1.699015502929687500e+02 -2.838230729103088379e-01 3.343156278133392334e-01 -8.987087607383728027e-01 0.000000000000000000e+00 2.000000000000000000e+00
8.912258148193359375e+01 1.556153411865234375e+02 1.693155975341796875e+02 -3.299263417720794678e-01 4.077668786048889160e-01 -8.513958454132080078e-01 0.000000000000000000e+00 2.000000000000000000e+00
8.891187286376953125e+01 1.558757629394531250e+02 1.687718505859375000e+02 -3.735307753086090088e-01 4.793604314327239990e-01 -7.941588759422302246e-01 0.000000000000000000e+00 2.000000000000000000e+00
8.867673492431640625e+01 1.561775207519531250e+02 1.682719268798828125e+02 -4.096963703632354736e-01 5.418033599853515625e-01 -7.338923811912536621e-01 0.000000000000000000e+00 2.000000000000000000e+00
8.842060852050781250e+01 1.565162353515625000e+02 1.678131256103515625e+02 -4.359741806983947754e-01 5.906077623367309570e-01 -6.790500283241271973e-01 0.000000000000000000e+00 2.000000000000000000e+00
8.814809417724609375e+01 1.568854064941406250e+02 1.673886718750000000e+02 -4.524496197700500488e-01 6.253564357757568359e-01 -6.357818841934204102e-01 0.000000000000000000e+00 2.000000000000000000e+00
8.786400604248046875e+01 1.572780609130859375e+02 1.669894714355468750e+02 -4.606053233146667480e-01 6.467105150222778320e-01 -6.079542040824890137e-01 0.000000000000000000e+00 2.000000000000000000e+00
8.757240295410156250e+01 1.576874847412109375e+02 1.666045837402343750e+02 -4.624141752719879150e-01 6.545678973197937012e-01 -5.980920195579528809e-01 0.000000000000000000e+00 2.000000000000000000e+00
8.727605438232421875e+01 1.581069793701171875e+02 1.662212829589843750e+02 -4.597177803516387939e-01 6.471801996231079102e-01 -6.081259846687316895e-01 0.000000000000000000e+00 2.000000000000000000e+00
8.697645568847656250e+01 1.585287475585937500e+02 1.658249664306640625e+02 -4.534862041473388672e-01 6.211587786674499512e-01 -6.391494274139404297e-01 0.000000000000000000e+00 2.000000000000000000e+00
8.667414093017578125e+01 1.589428405761718750e+02 1.653988800048828125e+02 -4.442099034786224365e-01 5.737392306327819824e-01 -6.881140470504760742e-01 0.000000000000000000e+00 2.000000000000000000e+00
8.636888122558593750e+01 1.593371124267578125e+02 1.649260101318359375e+02 -4.320699274539947510e-01 5.052896142005920410e-01 -7.469925880432128906e-01 0.000000000000000000e+00 2.000000000000000000e+00
8.606008148193359375e+01 1.596982421875000000e+02 1.643921356201171875e+02 -4.188626110553741455e-01 4.225668609142303467e-01 -8.037359118461608887e-01 0.000000000000000000e+00 2.000000000000000000e+00
8.574605560302734375e+01 1.600150451660156250e+02 1.637895660400390625e+02 -4.079304337501525879e-01 3.366906642913818359e-01 -8.486648201942443848e-01 0.000000000000000000e+00 2.000000000000000000e+00
8.542443084716796875e+01 1.602805023193359375e+02 1.631204528808593750e+02 -4.033834040164947510e-01 2.583963871002197266e-01 -8.777887821197509766e-01 0.000000000000000000e+00 2.000000000000000000e+00
8.509189605712890625e+01 1.604935150146484375e+02 1.623968353271484375e+02 -4.083317816257476807e-01 1.945026367902755737e-01 -8.918710350990295410e-01 0.000000000000000000e+00 2.000000000000000000e+00
8.474452209472656250e+01 1.606589813232421875e+02 1.616381072998046875e+02 -4.237879216670989990e-01 1.468408554792404175e-01 -8.937793374061584473e-01 0.000000000000000000e+00 2.000000000000000000e+00
8.437839508056640625e+01 1.607858428955078125e+02 1.608659362792968750e+02 -4.486108422279357910e-01 1.143009215593338013e-01 -8.863879442214965820e-01 0.000000000000000000e+00 2.000000000000000000e+00
8.399044036865234375e+01 1.608846893310546875e+02 1.600993957519531250e+02 -4.800539612770080566e-01 9.428773075342178345e-02 -8.721570372581481934e-01 0.000000000000000000e+00 2.000000000000000000e+00
8.357892608642578125e+01 1.609655151367187500e+02 1.593517608642578125e+02 -5.146390199661254883e-01 8.330565690994262695e-02 -8.533503413200378418e-01 0.000000000000000000e+00 2.000000000000000000e+00
8.314398956298828125e+01 1.610359191894531250e+02 1.586305694580078125e+02 -5.494425296783447266e-01 7.714435458183288574e-02 -8.319625854492187500e-01 0.000000000000000000e+00 2.000000000000000000e+00
8.268711090087890625e+01 1.611000671386718750e+02 1.579387664794921875e+02 -5.833082199096679688e-01 7.193297892808914185e-02 -8.090595006942749023e-01 0.000000000000000000e+00 2.000000000000000000e+00
8.220999145507812500e+01 1.611589050292968750e+02 1.572769927978515625e+02 -6.162415742874145508e-01 6.393492221832275391e-02 -7.849577069282531738e-01 0.000000000000000000e+00 2.000000000000000000e+00
8.171435546875000000e+01 1.612103271484375000e+02 1.566456604003906250e+02 -6.492419242858886719e-01 5.068036168813705444e-02 -7.588915824890136719e-01 0.000000000000000000e+00 2.000000000000000000e+00
8.120162963867187500e+01 1.612503509521484375e+02 1.560463409423828125e+02 -6.825745701789855957e-01 3.090435452759265900e-02 -7.301622033119201660e-01 0.000000000000000000e+00 2.000000000000000000e+00
8.067285156250000000e+01 1.612742919921875000e+02 1.554806976318359375e+02 -7.160918116569519043e-01 5.048991646617650986e-03 -6.979878544807434082e-01 0.000000000000000000e+00 2.000000000000000000e+00
8.012965393066406250e+01 1.612781219482421875e+02 1.549512329101562500e+02 -7.488753795623779297e-01 -2.529143169522285461e-02 -6.622280478477478027e-01 0.000000000000000000e+00 2.000000000000000000e+00
7.957437896728515625e+01 1.612593688964843750e+02 1.544602050781250000e+02 -7.796789407730102539e-01 -5.751600116491317749e-02 -6.235324740409851074e-01 0.000000000000000000e+00 2.000000000000000000e+00
7.900968933105468750e+01 1.612177124023437500e+02 1.540086059570312500e+02 -8.072275519371032715e-01 -8.916352689266204834e-02 -5.834667682647705078e-01 0.000000000000000000e+00 2.000000000000000000e+00
7.843860626220703125e+01 1.611546325683593750e+02 1.535958251953125000e+02 -8.305978178977966309e-01 -1.170980036258697510e-01 -5.444219708442687988e-01 0.000000000000000000e+00 2.000000000000000000e+00
7.786367034912109375e+01 1.610735778808593750e+02 1.532189788818359375e+02 -8.494994044303894043e-01 -1.390251219272613525e-01 -5.089429020881652832e-01 0.000000000000000000e+00 2.000000000000000000e+00
7.728643798828125000e+01 1.609791107177734375e+02 1.528731536865234375e+02 -8.640623688697814941e-01 -1.532499045133590698e-01 -4.794901013374328613e-01 0.000000000000000000e+00 2.000000000000000000e+00
7.670803833007812500e+01 1.608765258789062500e+02 1.525521850585937500e+02 -8.746101260185241699e-01 -1.583383828401565552e-01 -4.582422971725463867e-01 0.000000000000000000e+00 2.000000000000000000e+00
7.612959289550781250e+01 1.607718048095703125e+02 1.522491149902343750e+02 -8.814913034439086914e-01 -1.531394869089126587e-01 -4.466782510280609131e-01 0.000000000000000000e+00 2.000000000000000000e+00
7.555315399169921875e+01 1.606716613769531250e+02 1.519570159912109375e+02 -8.846469521522521973e-01 -1.364196240901947021e-01 -4.458580911159515381e-01 0.000000000000000000e+00 2.000000000000000000e+00
7.498221588134765625e+01 1.605836181640625000e+02 1.516692657470703125e+02 -8.835346698760986328e-01 -1.071279346942901611e-01 -4.559495747089385986e-01 0.000000000000000000e+00 2.000000000000000000e+00
7.442207336425781250e+01 1.605157012939453125e+02 1.513802032470703125e+02 -8.771476149559020996e-01 -6.512727588415145874e-02 -4.757840931415557861e-01 0.000000000000000000e+00 2.000000000000000000e+00
7.387911987304687500e+01 1.604753875732421875e+02 1.510856933593750000e+02 -8.639575839042663574e-01 -1.065721455961465836e-02 -5.034518837928771973e-01 0.000000000000000000e+00 2.000000000000000000e+00
7.335958099365234375e+01 1.604689788818359375e+02 1.507829437255859375e+02 -8.433655500411987305e-01 5.197789520025253296e-02 -5.348203778266906738e-01 0.000000000000000000e+00 2.000000000000000000e+00
7.286763763427734375e+01 1.604992980957031250e+02 1.504709777832031250e+02 -8.158838152885437012e-01 1.181142702698707581e-01 -5.660235881805419922e-01 0.000000000000000000e+00 2.000000000000000000e+00
7.240460968017578125e+01 1.605663299560546875e+02 1.501497497558593750e+02 -7.830632328987121582e-01 1.828446090221405029e-01 -5.944575667381286621e-01 0.000000000000000000e+00 2.000000000000000000e+00
7.196906280517578125e+01 1.606680297851562500e+02 1.498191070556640625e+02 -7.464898228645324707e-01 2.441183030605316162e-01 -6.189984083175659180e-01 0.000000000000000000e+00 2.000000000000000000e+00
7.155808258056640625e+01 1.608024291992187500e+02 1.494783172607421875e+02 -7.055577039718627930e-01 3.026292920112609863e-01 -6.407837867736816406e-01 0.000000000000000000e+00 2.000000000000000000e+00
7.116957092285156250e+01 1.609690704345703125e+02 1.491254730224609375e+02 -6.581741571426391602e-01 3.609744906425476074e-01 -6.606845855712890625e-01 0.000000000000000000e+00 2.000000000000000000e+00
7.080352020263671875e+01 1.611698303222656250e+02 1.487580261230468750e+02 -6.025002002716064453e-01 4.200582802295684814e-01 -6.786344051361083984e-01 0.000000000000000000e+00 2.000000000000000000e+00
7.046227264404296875e+01 1.614077453613281250e+02 1.483736572265625000e+02 -5.385779738426208496e-01 4.779179394245147705e-01 -6.939223408699035645e-01 0.000000000000000000e+00 2.000000000000000000e+00
7.014972686767578125e+01 1.616850891113281250e+02 1.479709625244140625e+02 -4.697585403919219971e-01 5.303152203559875488e-01 -7.057568430900573730e-01 0.000000000000000000e+00 2.000000000000000000e+00
6.986949157714843750e+01 1.620014495849609375e+02 1.475499420166015625e+02 -4.021546542644500732e-01 5.724296569824218750e-01 -7.145598530769348145e-01 0.000000000000000000e+00 2.000000000000000000e+00
6.962300872802734375e+01 1.623522949218750000e+02 1.471119842529296875e+02 -3.418099582195281982e-01 6.016566157341003418e-01 -7.219246625900268555e-01 0.000000000000000000e+00 2.000000000000000000e+00
6.940869140625000000e+01 1.627295379638671875e+02 1.466593322753906250e+02 -2.930176854133605957e-01 6.181101202964782715e-01 -7.294384241104125977e-01 0.000000000000000000e+00 2.000000000000000000e+00
6.922190093994140625e+01 1.631235656738281250e+02 1.461943359375000000e+02 -2.592749297618865967e-01 6.228948235511779785e-01 -7.380912303924560547e-01 0.000000000000000000e+00 2.000000000000000000e+00
6.905492401123046875e+01 1.635247192382812500e+02 1.457189941406250000e+02 -2.429080754518508911e-01 6.183843016624450684e-01 -7.473931312561035156e-01 0.000000000000000000e+00 2.000000000000000000e+00
6.889768218994140625e+01 1.639250183105468750e+02 1.452351837158203125e+02 -2.455732077360153198e-01 6.072616577148437500e-01 -7.555971741676330566e-01 0.000000000000000000e+00 2.000000000000000000e+00
6.873858642578125000e+01 1.643184356689453125e+02 1.447456665039062500e+02 -2.679857611656188965e-01 5.919540524482727051e-01 -7.601144909858703613e-01 0.000000000000000000e+00 2.000000000000000000e+00
6.856562042236328125e+01 1.647005004882812500e+02 1.442550659179687500e+02 -3.096210062503814697e-01 5.737702250480651855e-01 -7.582364678382873535e-01 0.000000000000000000e+00 2.000000000000000000e+00
6.836779785156250000e+01 1.650670928955078125e+02 1.437706146240234375e+02 -3.684133589267730713e-01 5.532161593437194824e-01 -7.471435070037841797e-01 0.000000000000000000e+00 2.000000000000000000e+00
6.813676452636718750e+01 1.654140167236328125e+02 1.433020782470703125e+02 -4.405717849731445312e-01 5.292816162109375000e-01 -7.250913381576538086e-01 0.000000000000000000e+00 2.000000000000000000e+00
6.786808013916015625e+01 1.657368011474609375e+02 1.428598785400390625e+02 -5.196263790130615234e-01 5.019465684890747070e-01 -6.914028525352478027e-01 0.000000000000000000e+00 2.000000000000000000e+00
6.756177520751953125e+01 1.660326843261718750e+02 1.424523162841796875e+02 -5.974425673484802246e-01 4.723633825778961182e-01 -6.480242013931274414e-01 0.000000000000000000e+00 2.000000000000000000e+00
6.722195434570312500e+01 1.663013610839843750e+02 1.420837249755859375e+02 -6.659798026084899902e-01 4.434047937393188477e-01 -5.998859405517578125e-01 0.000000000000000000e+00 2.000000000000000000e+00
6.685510253906250000e+01 1.665456085205078125e+02 1.417532806396484375e+02 -7.192016839981079102e-01 4.193840920925140381e-01 -5.539549589157104492e-01 0.000000000000000000e+00 2.000000000000000000e+00
6.646855926513671875e+01 1.667710113525390625e+02 1.414555511474609375e+02 -7.555647492408752441e-01 4.044907689094543457e-01 -5.152757763862609863e-01 0.000000000000000000e+00 2.000000000000000000e+00
6.606884002685546875e+01 1.669850006103515625e+02 1.411829528808593750e+02 -7.774131298065185547e-01 4.004533886909484863e-01 -4.850423038005828857e-01 0.000000000000000000e+00 2.000000000000000000e+00
6.566061401367187500e+01 1.671952819824218750e+02 1.409282531738281250e+02 -7.885968089103698730e-01 4.071723222732543945e-01 -4.607881307601928711e-01 0.000000000000000000e+00 2.000000000000000000e+00
6.524631500244140625e+01 1.674091949462890625e+02 1.406861724853515625e+02 -7.937275767326354980e-01 4.222605228424072266e-01 -4.378271996974945068e-01 0.000000000000000000e+00 2.000000000000000000e+00
6.482617950439453125e+01 1.676327056884765625e+02 1.404544219970703125e+02 -7.968644499778747559e-01 4.428050816059112549e-01 -4.110117554664611816e-01 0.000000000000000000e+00 2.000000000000000000e+00
6.439822387695312500e+01 1.678705139160156250e+02 1.402336883544921875e+02 -8.005018234252929688e-01 4.654397666454315186e-01 -3.775747120380401611e-01 0.000000000000000000e+00 2.000000000000000000e+00
6.395948791503906250e+01 1.681256103515625000e+02 1.400267486572265625e+02 -8.061228394508361816e-01 4.868657886981964111e-01 -3.363444507122039795e-01 0.000000000000000000e+00 2.000000000000000000e+00
6.350651931762695312e+01 1.683991851806640625e+02 1.398377532958984375e+02 -8.134998083114624023e-01 5.049659609794616699e-01 -2.884916663169860840e-01 0.000000000000000000e+00 2.000000000000000000e+00
6.303597259521484375e+01 1.686912689208984375e+02 1.396708831787109375e+02 -8.211668729782104492e-01 5.193263292312622070e-01 -2.366120517253875732e-01 0.000000000000000000e+00 2.000000000000000000e+00
6.254512405395507812e+01 1.690016937255859375e+02 1.395294494628906250e+02 -8.269719481468200684e-01 5.308591127395629883e-01 -1.852188855409622192e-01 0.000000000000000000e+00 2.000000000000000000e+00
6.203218841552734375e+01 1.693309631347656250e+02 1.394145660400390625e+02 -8.290964961051940918e-01 5.414840579032897949e-01 -1.392623782157897949e-01 0.000000000000000000e+00 2.000000000000000000e+00
6.149657821655273438e+01 1.696807708740234375e+02 1.393246002197265625e+02 -8.265675306320190430e-01 5.533730983734130859e-01 -1.027825474739074707e-01 0.000000000000000000e+00 2.000000000000000000e+00
6.093947601318359375e+01 1.700537414550781250e+02 1.392553253173828125e+02 -8.194772601127624512e-01 5.678262114524841309e-01 -7.765516638755798340e-02 0.000000000000000000e+00 2.000000000000000000e+00
6.036430358886718750e+01 1.704522857666015625e+02 1.392008209228515625e+02 -8.083880543708801270e-01 5.851765871047973633e-01 -6.385118514299392700e-02 0.000000000000000000e+00 2.000000000000000000e+00
5.977663803100585938e+01 1.708776855468750000e+02 1.391544036865234375e+02 -7.943459749221801758e-01 6.045576333999633789e-01 -5.936726182699203491e-02 0.000000000000000000e+00 2.000000000000000000e+00
5.918312835693359375e+01 1.713293914794921875e+02 1.391100463867187500e+02 -7.787708044052124023e-01 6.243262887001037598e-01 -6.109498441219329834e-02 0.000000000000000000e+00 2.000000000000000000e+00
5.858970260620117188e+01 1.718051300048828125e+02 1.390634918212890625e+02 -7.631284594535827637e-01 6.428672671318054199e-01 -6.600446254014968872e-02 0.000000000000000000e+00 2.000000000000000000e+00
5.799993515014648438e+01 1.723019561767578125e+02 1.390124816894531250e+02 -7.489091753959655762e-01 6.588055491447448730e-01 -7.148587703704833984e-02 0.000000000000000000e+00 2.000000000000000000e+00
5.741422271728515625e+01 1.728171997070312500e+02 1.389565734863281250e+02 -7.371453642845153809e-01 6.715129017829895020e-01 -7.541301101446151733e-02 0.000000000000000000e+00 2.000000000000000000e+00
5.683029556274414062e+01 1.733491363525390625e+02 1.388968353271484375e+02 -7.280251979827880859e-01 6.812137365341186523e-01 -7.698862254619598389e-02 0.000000000000000000e+00 2.000000000000000000e+00
5.624461746215820312e+01 1.738971557617187500e+02 1.388348999023437500e+02 -7.208240628242492676e-01 6.888787746429443359e-01 -7.654208689928054810e-02 0.000000000000000000e+00 2.000000000000000000e+00
5.565387725830078125e+01 1.744617156982421875e+02 1.387721710205078125e+02 -7.146478295326232910e-01 6.954769492149353027e-01 -7.476814836263656616e-02 0.000000000000000000e+00 2.000000000000000000e+00
5.505605316162109375e+01 1.750435028076171875e+02 1.387096252441406250e+02 -7.084078788757324219e-01 7.020632028579711914e-01 -7.256379723548889160e-02 0.000000000000000000e+00 2.000000000000000000e+00
5.445080947875976562e+01 1.756433258056640625e+02 1.386476287841796875e+02 -7.013953328132629395e-01 7.092121243476867676e-01 -7.115243375301361084e-02 0.000000000000000000e+00 2.000000000000000000e+00
5.383982086181640625e+01 1.762611236572265625e+02 1.385856475830078125e+02 -6.927667856216430664e-01 7.175992727279663086e-01 -7.159271091222763062e-02 0.000000000000000000e+00 2.000000000000000000e+00
5.322662353515625000e+01 1.768963012695312500e+02 1.385222778320312500e+02 -6.819313168525695801e-01 7.276083827018737793e-01 -7.453723996877670288e-02 0.000000000000000000e+00 2.000000000000000000e+00
5.261684799194335938e+01 1.775469207763671875e+02 1.384556274414062500e+02 -6.677874922752380371e-01 7.399352788925170898e-01 -8.096767961978912354e-02 0.000000000000000000e+00 2.000000000000000000e+00
5.201869201660156250e+01 1.782097015380859375e+02 1.383831024169921875e+02 -6.482840776443481445e-01 7.558593153953552246e-01 -9.167557954788208008e-02 0.000000000000000000e+00 2.000000000000000000e+00
5.144335556030273438e+01 1.788805084228515625e+02 1.383017425537109375e+02 -6.200436949729919434e-01 7.771375775337219238e-01 -1.077175214886665344e-01 0.000000000000000000e+00 2.000000000000000000e+00
5.090511703491210938e+01 1.795551147460937500e+02 1.382082366943359375e+02 -5.782257318496704102e-01 8.054093718528747559e-01 -1.302718222141265869e-01 0.000000000000000000e+00 2.000000000000000000e+00
5.042052459716796875e+01 1.802301025390625000e+02 1.380990600585937500e+02 -5.166102051734924316e-01 8.411449790000915527e-01 -1.599660515785217285e-01 0.000000000000000000e+00 2.000000000000000000e+00
5.000648880004882812e+01 1.809042358398437500e+02 1.379708557128906250e+02 -4.298074543476104736e-01 8.812450170516967773e-01 -1.966536343097686768e-01 0.000000000000000000e+00 2.000000000000000000e+00
4.967736053466796875e+01 1.815790557861328125e+02 1.378202667236328125e+02 -3.182213604450225830e-01 9.179424643516540527e-01 -2.368897199630737305e-01 0.000000000000000000e+00 2.000000000000000000e+00
4.944176101684570312e+01 1.822586669921875000e+02 1.376448822021484375e+02 -1.928106099367141724e-01 9.418622851371765137e-01 -2.751718163490295410e-01 0.000000000000000000e+00 2.000000000000000000e+00
4.930033111572265625e+01 1.829495391845703125e+02 1.374430389404296875e+02 -7.367352396249771118e-02 9.493588805198669434e-01 -3.054339885711669922e-01 0.000000000000000000e+00 2.000000000000000000e+00
4.924527359008789062e+01 1.836590118408203125e+02 1.372147827148437500e+02 2.229838632047176361e-02 9.454397559165954590e-01 -3.250329792499542236e-01 0.000000000000000000e+00 2.000000000000000000e+00
4.926259613037109375e+01 1.843934783935546875e+02 1.369622802734375000e+02 8.887074887752532959e-02 9.386070966720581055e-01 -3.333449661731719971e-01 0.000000000000000000e+00 2.000000000000000000e+00
4.933493804931640625e+01 1.851575164794921875e+02 1.366909332275390625e+02 1.284299939870834351e-01 9.352517724037170410e-01 -3.298632502555847168e-01 0.000000000000000000e+00 2.000000000000000000e+00
4.944428634643554688e+01 1.859538116455078125e+02 1.364100799560546875e+02 1.462287306785583496e-01 9.382973909378051758e-01 -3.133928775787353516e-01 0.000000000000000000e+00 2.000000000000000000e+00
4.957356643676757812e+01 1.867833557128906250e+02 1.361330108642578125e+02 1.465392261743545532e-01 9.479710459709167480e-01 -2.826254367828369141e-01 0.000000000000000000e+00 2.000000000000000000e+00
4.970715332031250000e+01 1.876475372314453125e+02 1.358753662109375000e+02 1.323477476835250854e-01 9.621689319610595703e-01 -2.381493151187896729e-01 0.000000000000000000e+00 2.000000000000000000e+00
4.983100128173828125e+01 1.885479125976562500e+02 1.356525115966796875e+02 1.062084659934043884e-01 9.772658944129943848e-01 -1.834969222545623779e-01 0.000000000000000000e+00 2.000000000000000000e+00
4.993284988403320312e+01 1.894850616455078125e+02 1.354765472412109375e+02 7.152713835239410400e-02 9.895617961883544922e-01 -1.251053810119628906e-01 0.000000000000000000e+00 2.000000000000000000e+00
5.000299072265625000e+01 1.904554443359375000e+02 1.353538665771484375e+02 3.186057880520820618e-02 9.970163106918334961e-01 -7.030930370092391968e-02 0.000000000000000000e+00 2.000000000000000000e+00
5.003472137451171875e+01 1.914483947753906250e+02 1.352838439941406250e+02 -9.380617178976535797e-03 9.996763467788696289e-01 -2.364848740398883820e-02 0.000000000000000000e+00 2.000000000000000000e+00
5.002536392211914062e+01 1.924456024169921875e+02 1.352602539062500000e+02 -5.122919380664825439e-02 9.986032247543334961e-01 1.292801182717084885e-02 0.000000000000000000e+00 2.000000000000000000e+00
4.997517776489257812e+01 1.934238739013671875e+02 1.352729187011718750e+02 -9.413018077611923218e-02 9.947698712348937988e-01 3.965337574481964111e-02 0.000000000000000000e+00 2.000000000000000000e+00
4.988654327392578125e+01 1.943605651855468750e+02 1.353102569580078125e+02 -1.391334980726242065e-01 9.885911941528320312e-01 5.770027637481689453e-02 0.000000000000000000e+00 2.000000000000000000e+00
4.976280593872070312e+01 1.952397613525390625e+02 1.353615722656250000e+02 -1.865053027868270874e-01 9.800750017166137695e-01 6.832830607891082764e-02 0.000000000000000000e+00 2.000000000000000000e+00
4.960753631591796875e+01 1.960556945800781250e+02 1.354184570312500000e+02 -2.349308729171752930e-01 9.692017436027526855e-01 7.386182248592376709e-02 0.000000000000000000e+00 2.000000000000000000e+00
4.942427444458007812e+01 1.968117370605468750e+02 1.354760742187500000e+02 -2.818628251552581787e-01 9.563291668891906738e-01 7.738181948661804199e-02 0.000000000000000000e+00 2.000000000000000000e+00
4.921657180786132812e+01 1.975164489746093750e+02 1.355330963134765625e+02 -3.250852227210998535e-01 9.420863986015319824e-01 8.241872489452362061e-02 0.000000000000000000e+00 2.000000000000000000e+00
4.898798751831054688e+01 1.981788787841796875e+02 1.355910491943359375e+02 -3.636371791362762451e-01 9.269863963127136230e-01 9.200118482112884521e-02 0.000000000000000000e+00 2.000000000000000000e+00
4.874216079711914062e+01 1.988055419921875000e+02 1.356532440185546875e+02 -3.980077207088470459e-01 9.112223386764526367e-01 1.061307117342948914e-01 0.000000000000000000e+00 2.000000000000000000e+00
4.848254013061523438e+01 1.993999328613281250e+02 1.357224731445312500e+02 -4.291505515575408936e-01 8.948150277137756348e-01 1.230273917317390442e-01 0.000000000000000000e+00 2.000000000000000000e+00
4.821183013916015625e+01 1.999643859863281250e+02 1.358000793457031250e+02 -4.567851126194000244e-01 8.788163065910339355e-01 1.379466354846954346e-01 0.000000000000000000e+00 2.000000000000000000e+00
4.793145751953125000e+01 2.005037994384765625e+02 1.358847503662109375e+02 -4.793401360511779785e-01 8.652892708778381348e-01 1.466545015573501587e-01 0.000000000000000000e+00 2.000000000000000000e+00
4.764164352416992188e+01 2.010269622802734375e+02 1.359734191894531250e+02 -4.937751293182373047e-01 8.572035431861877441e-01 1.462468951940536499e-01 0.000000000000000000e+00 2.000000000000000000e+00
4.734216690063476562e+01 2.015468597412109375e+02 1.360621185302734375e+02 -4.982061982154846191e-01 8.558649420738220215e-01 1.388734132051467896e-01 0.000000000000000000e+00 2.000000000000000000e+00
4.703337478637695312e+01 2.020773315429687500e+02 1.361481933593750000e+02 -4.928886592388153076e-01 8.605551719665527344e-01 1.284745037555694580e-01 0.000000000000000000e+00 2.000000000000000000e+00
4.671772766113281250e+01 2.026284332275390625e+02 1.362304687500000000e+02 -4.797806739807128906e-01 8.690254092216491699e-01 1.208529472351074219e-01 0.000000000000000000e+00 2.000000000000000000e+00
4.640018463134765625e+01 2.032035980224609375e+02 1.363104553222656250e+02 -4.615849256515502930e-01 8.787587285041809082e-01 1.213363036513328552e-01 0.000000000000000000e+00 2.000000000000000000e+00
4.608760070800781250e+01 2.037986907958984375e+02 1.363926239013671875e+02 -4.405571520328521729e-01 8.878079056739807129e-01 1.330659687519073486e-01 0.000000000000000000e+00 2.000000000000000000e+00
4.578731536865234375e+01 2.044038238525390625e+02 1.364833221435546875e+02 -4.181327819824218750e-01 8.946159482002258301e-01 1.575664430856704712e-01 0.000000000000000000e+00 2.000000000000000000e+00
4.550488281250000000e+01 2.050081024169921875e+02 1.365897521972656250e+02 -3.946705162525177002e-01 8.978720903396606445e-01 1.950916647911071777e-01 0.000000000000000000e+00 2.000000000000000000e+00
4.524283981323242188e+01 2.056042480468750000e+02 1.367192840576171875e+02 -3.706453144550323486e-01 8.966162800788879395e-01 2.422833740711212158e-01 0.000000000000000000e+00 2.000000000000000000e+00
4.500021362304687500e+01 2.061911773681640625e+02 1.368778839111328125e+02 -3.469606339931488037e-01 8.907683491706848145e-01 2.935133576393127441e-01 0.000000000000000000e+00 2.000000000000000000e+00
4.477350234985351562e+01 2.067732238769531250e+02 1.370696716308593750e+02 -3.249728083610534668e-01 8.818364143371582031e-01 3.416975140571594238e-01 0.000000000000000000e+00 2.000000000000000000e+00
4.455802917480468750e+01 2.073579254150390625e+02 1.372962341308593750e+02 -3.059441745281219482e-01 8.721429705619812012e-01 3.817916810512542725e-01 0.000000000000000000e+00 2.000000000000000000e+00
4.434920883178710938e+01 2.079532012939453125e+02 1.375568237304687500e+02 -2.907994985580444336e-01 8.636654019355773926e-01 4.117251634597778320e-01 0.000000000000000000e+00 2.000000000000000000e+00
4.414342880249023438e+01 2.085643615722656250e+02 1.378481750488281250e+02 -2.795086801052093506e-01 8.574833869934082031e-01 4.319689273834228516e-01 0.000000000000000000e+00 2.000000000000000000e+00
4.393858718872070312e+01 2.091927795410156250e+02 1.381647491455078125e+02 -2.719165384769439697e-01 8.535577654838562012e-01 4.444105029106140137e-01 0.000000000000000000e+00 2.000000000000000000e+00
4.373397445678710938e+01 2.098350677490234375e+02 1.384991607666015625e+02 -2.674995660781860352e-01 8.515819311141967773e-01 4.508351385593414307e-01 0.000000000000000000e+00 2.000000000000000000e+00
4.352992248535156250e+01 2.104846649169921875e+02 1.388430633544921875e+02 -2.656638622283935547e-01 8.509292602539062500e-01 4.531468152999877930e-01 0.000000000000000000e+00 2.000000000000000000e+00
4.332747268676757812e+01 2.111331176757812500e+02 1.391883850097656250e+02 -2.651944160461425781e-01 8.508672118186950684e-01 4.535382688045501709e-01 0.000000000000000000e+00 2.000000000000000000e+00
4.312849044799804688e+01 2.117715454101562500e+02 1.395286865234375000e+02 -2.649398446083068848e-01 8.509261012077331543e-01 4.535764157772064209e-01 0.000000000000000000e+00 2.000000000000000000e+00
4.293508148193359375e+01 2.123927307128906250e+02 1.398598022460937500e+02 -2.634674608707427979e-01 8.506309390068054199e-01 4.549856185913085938e-01 0.000000000000000000e+00 2.000000000000000000e+00
4.274951934814453125e+01 2.129918365478515625e+02 1.401802520751953125e+02 -2.595686018466949463e-01 8.496737480163574219e-01 4.589976072311401367e-01 0.000000000000000000e+00 2.000000000000000000e+00
4.257403945922851562e+01 2.135662536621093750e+02 1.404905548095703125e+02 -2.527417242527008057e-01 8.480617403984069824e-01 4.657390117645263672e-01 0.000000000000000000e+00 2.000000000000000000e+00
4.241005325317382812e+01 2.141165008544921875e+02 1.407927398681640625e+02 -2.433109283447265625e-01 8.457622528076171875e-01 4.748537838459014893e-01 0.000000000000000000e+00 2.000000000000000000e+00
4.225814819335937500e+01 2.146445312500000000e+02 1.410892028808593750e+02 -2.326061278581619263e-01 8.430124521255493164e-01 4.849993884563446045e-01 0.000000000000000000e+00 2.000000000000000000e+00
4.211769866943359375e+01 2.151535491943359375e+02 1.413820495605468750e+02 -2.223189026117324829e-01 8.402387499809265137e-01 4.945433437824249268e-01 0.000000000000000000e+00 2.000000000000000000e+00
4.198688125610351562e+01 2.156479644775390625e+02 1.416730499267578125e+02 -2.137449681758880615e-01 8.378411531448364258e-01 5.023297071456909180e-01 0.000000000000000000e+00 2.000000000000000000e+00
4.186337661743164062e+01 2.161320800781250000e+02 1.419633026123046875e+02 -2.075696438550949097e-01 8.360751867294311523e-01 5.078317523002624512e-01 0.000000000000000000e+00 2.000000000000000000e+00
4.174480819702148438e+01 2.166096649169921875e+02 1.422533874511718750e+02 -2.036601155996322632e-01 8.348901271820068359e-01 5.113520622253417969e-01 0.000000000000000000e+00 2.000000000000000000e+00
4.162924957275390625e+01 2.170833892822265625e+02 1.425435333251953125e+02 -2.014979720115661621e-01 8.342741727828979492e-01 5.132105946540832520e-01 0.000000000000000000e+00 2.000000000000000000e+00
4.151531982421875000e+01 2.175550994873046875e+02 1.428337097167968750e+02 -1.998430490493774414e-01 8.337329030036926270e-01 5.147349834442138672e-01 0.000000000000000000e+00 2.000000000000000000e+00
4.140243530273437500e+01 2.180260467529296875e+02 1.431244659423828125e+02 -1.981131136417388916e-01 8.327132463455200195e-01 5.170491337776184082e-01 0.000000000000000000e+00 2.000000000000000000e+00
4.129040908813476562e+01 2.184969177246093750e+02 1.434168395996093750e+02 -1.954544186592102051e-01 8.308679461479187012e-01 5.210145115852355957e-01 0.000000000000000000e+00 2.000000000000000000e+00
4.117956542968750000e+01 2.189681091308593750e+02 1.437123107910156250e+02 -1.907483786344528198e-01 8.271155953407287598e-01 5.286726355552673340e-01 0.000000000000000000e+00 2.000000000000000000e+00
4.107071685791015625e+01 2.194400939941406250e+02 1.440139923095703125e+02 -1.826316118240356445e-01 8.199641108512878418e-01 5.424984097480773926e-01 0.000000000000000000e+00 2.000000000000000000e+00
4.096537017822265625e+01 2.199130706787109375e+02 1.443269195556640625e+02 -1.705730855464935303e-01 8.079490065574645996e-01 5.640241503715515137e-01 0.000000000000000000e+00 2.000000000000000000e+00
4.086532592773437500e+01 2.203869476318359375e+02 1.446577301025390625e+02 -1.548898816108703613e-01 7.898627519607543945e-01 5.934021472930908203e-01 0.000000000000000000e+00 2.000000000000000000e+00
4.077244186401367188e+01 2.208606109619140625e+02 1.450135803222656250e+02 -1.370942741632461548e-01 7.655396461486816406e-01 6.286128759384155273e-01 0.000000000000000000e+00 2.000000000000000000e+00
4.068812561035156250e+01 2.213314361572265625e+02 1.454001922607421875e+02 -1.191275566816329956e-01 7.367466092109680176e-01 6.655923724174499512e-01 0.000000000000000000e+00 2.000000000000000000e+00
4.061312103271484375e+01 2.217953033447265625e+02 1.458192596435546875e+02 -1.025203913450241089e-01 7.061680555343627930e-01 7.005828619003295898e-01 0.000000000000000000e+00 2.000000000000000000e+00
4.054758071899414062e+01 2.222467498779296875e+02 1.462671356201171875e+02 -8.703820407390594482e-02 6.770047545433044434e-01 7.308138608932495117e-01 0.000000000000000000e+00 2.000000000000000000e+00
4.049177551269531250e+01 2.226808166503906250e+02 1.467357025146484375e+02 -7.121183723211288452e-02 6.517228484153747559e-01 7.551066875457763672e-01 0.000000000000000000e+00 2.000000000000000000e+00
4.044664382934570312e+01 2.230938568115234375e+02 1.472142639160156250e+02 -5.238757282495498657e-02 6.312135457992553711e-01 7.738378643989562988e-01 0.000000000000000000e+00 2.000000000000000000e+00
4.041420364379882812e+01 2.234847259521484375e+02 1.476934509277343750e+02 -2.836067602038383484e-02 6.153507232666015625e-01 7.877430915832519531e-01 0.000000000000000000e+00 2.000000000000000000e+00
4.039711380004882812e+01 2.238555297851562500e+02 1.481681365966796875e+02 7.439127657562494278e-04 6.025305390357971191e-01 7.980955243110656738e-01 0.000000000000000000e+00 2.000000000000000000e+00
4.039755249023437500e+01 2.242108459472656250e+02 1.486387786865234375e+02 7.439127657562494278e-04 6.025305390357971191e-01 7.980955243110656738e-01 0.000000000000000000e+00 2.000000000000000000e+00
