3.371266174316406250e+02 8.985867309570312500e+01 1.529057617187500000e+02 5.190970897674560547e-01 6.676568984985351562e-01 5.336407423019409180e-01 0.000000000000000000e+00 1.000000000000000000e+00
3.369566955566406250e+02 8.964012145996093750e+01 1.527310791015625000e+02 5.189309716224670410e-01 6.678093075752258301e-01 5.336116552352905273e-01 0.000000000000000000e+00 1.000000000000000000e+00
3.367350158691406250e+02 8.935484313964843750e+01 1.525031280517578125e+02 5.184884667396545410e-01 6.681234836578369141e-01 5.336484313011169434e-01 0.000000000000000000e+00 1.000000000000000000e+00
3.364652099609375000e+02 8.900717163085937500e+01 1.522254333496093750e+02 5.175986886024475098e-01 6.687055826187133789e-01 5.337831974029541016e-01 0.000000000000000000e+00 1.000000000000000000e+00
3.361563110351562500e+02 8.860809326171875000e+01 1.519068756103515625e+02 5.161530971527099609e-01 6.697039604187011719e-01 5.339311957359313965e-01 0.000000000000000000e+00 1.000000000000000000e+00
3.358218383789062500e+02 8.817411804199218750e+01 1.515608825683593750e+02 5.138608217239379883e-01 6.712093949317932129e-01 5.342517495155334473e-01 0.000000000000000000e+00 1.000000000000000000e+00
3.354765319824218750e+02 8.772307586669921875e+01 1.512018737792968750e+02 5.105434656143188477e-01 6.734534502029418945e-01 5.346080064773559570e-01 0.000000000000000000e+00 1.000000000000000000e+00
3.351356506347656250e+02 8.727342224121093750e+01 1.508449249267578125e+02 5.061426758766174316e-01 6.764075160026550293e-01 5.350630879402160645e-01 0.000000000000000000e+00 1.000000000000000000e+00
3.348143920898437500e+02 8.684409332275390625e+01 1.505053100585937500e+02 5.003966093063354492e-01 6.802075505256652832e-01 5.356500148773193359e-01 0.000000000000000000e+00 1.000000000000000000e+00
3.345267639160156250e+02 8.645310974121093750e+01 1.501974182128906250e+02 4.936006069183349609e-01 6.847957968711853027e-01 5.361092686653137207e-01 0.000000000000000000e+00 1.000000000000000000e+00
3.342857971191406250e+02 8.611880493164062500e+01 1.499356994628906250e+02 4.849103689193725586e-01 6.907898187637329102e-01 5.363500118255615234e-01 0.000000000000000000e+00 1.000000000000000000e+00
3.341021118164062500e+02 8.585713195800781250e+01 1.497325286865234375e+02 4.709351360797882080e-01 7.001093029975891113e-01 5.367187857627868652e-01 0.000000000000000000e+00 1.000000000000000000e+00
3.339810791015625000e+02 8.567720031738281250e+01 1.495945892333984375e+02 4.375321567058563232e-01 7.204249501228332520e-01 5.381018519401550293e-01 0.000000000000000000e+00 1.000000000000000000e+00
3.339193420410156250e+02 8.557554626464843750e+01 1.495186614990234375e+02 2.892993092536926270e-01 7.850788831710815430e-01 5.476832985877990723e-01 0.000000000000000000e+00 1.000000000000000000e+00
3.339037780761718750e+02 8.553330993652343750e+01 1.494891967773437500e+02 -4.062904417514801025e-01 7.705380320549011230e-01 4.911203086376190186e-01 0.000000000000000000e+00 1.000000000000000000e+00
3.339121093750000000e+02 8.551750946044921875e+01 1.494791259765625000e+02 -1.464705914258956909e-01 7.713587284088134766e-01 6.193158626556396484e-01 0.000000000000000000e+00 1.000000000000000000e+00
3.339177246093750000e+02 8.548793792724609375e+01 1.494553833007812500e+02 2.042782902717590332e-01 7.454316020011901855e-01 6.345093846321105957e-01 0.000000000000000000e+00 1.000000000000000000e+00
3.338957214355468750e+02 8.540764617919921875e+01 1.493870391845703125e+02 3.074615597724914551e-01 7.212157249450683594e-01 6.207376718521118164e-01 0.000000000000000000e+00 1.000000000000000000e+00
3.338295593261718750e+02 8.525244903564453125e+01 1.492534637451171875e+02 3.474976718425750732e-01 7.084750533103942871e-01 6.142542958259582520e-01 0.000000000000000000e+00 1.000000000000000000e+00
3.337137145996093750e+02 8.501626586914062500e+01 1.490486907958984375e+02 3.660677671432495117e-01 7.009108662605285645e-01 6.121423840522766113e-01 0.000000000000000000e+00 1.000000000000000000e+00
3.335531616210937500e+02 8.470885467529296875e+01 1.487802124023437500e+02 3.754643201828002930e-01 6.957725286483764648e-01 6.123129725456237793e-01 0.000000000000000000e+00 1.000000000000000000e+00
3.333596496582031250e+02 8.435025787353515625e+01 1.484646301269531250e+02 3.804083764553070068e-01 6.919746994972229004e-01 6.135636568069458008e-01 0.000000000000000000e+00 1.000000000000000000e+00
3.331473388671875000e+02 8.396405792236328125e+01 1.481221923828125000e+02 3.827935159206390381e-01 6.893106102943420410e-01 6.150771379470825195e-01 0.000000000000000000e+00 1.000000000000000000e+00
3.329300537109375000e+02 8.357278442382812500e+01 1.477730560302734375e+02 3.840387463569641113e-01 6.874549388885498047e-01 6.163763403892517090e-01 0.000000000000000000e+00 1.000000000000000000e+00
3.327194519042968750e+02 8.319579315185546875e+01 1.474350433349609375e+02 3.843024373054504395e-01 6.862348318099975586e-01 6.175704598426818848e-01 0.000000000000000000e+00 1.000000000000000000e+00
3.325260620117187500e+02 8.285046386718750000e+01 1.471242675781250000e+02 3.845087885856628418e-01 6.855098009109497070e-01 6.182469129562377930e-01 0.000000000000000000e+00 1.000000000000000000e+00
3.323577575683593750e+02 8.255040740966796875e+01 1.468536529541015625e+02 3.845361471176147461e-01 6.850826144218444824e-01 6.187033057212829590e-01 0.000000000000000000e+00 1.000000000000000000e+00
3.322198181152343750e+02 8.230465698242187500e+01 1.466317138671875000e+02 7.429498434066772461e-01 5.482260584831237793e-01 3.840230405330657959e-01 0.000000000000000000e+00 1.000000000000000000e+00
3.212312316894531250e+02 7.419612884521484375e+01 1.409518280029296875e+02 9.685624837875366211e-01 2.261737883090972900e-01 1.035960391163825989e-01 0.000000000000000000e+00 1.000000000000000000e+00
3.204861145019531250e+02 7.402213287353515625e+01 1.408721313476562500e+02 9.629141688346862793e-01 2.259119600057601929e-01 1.475135982036590576e-01 0.000000000000000000e+00 1.000000000000000000e+00
3.197200622558593750e+02 7.384240722656250000e+01 1.407547760009765625e+02 9.554751515388488770e-01 2.362253516912460327e-01 1.768185943365097046e-01 0.000000000000000000e+00 1.000000000000000000e+00
3.189451599121093750e+02 7.365082550048828125e+01 1.406113739013671875e+02 9.473464488983154297e-01 2.518516480922698975e-01 1.977508813142776489e-01 0.000000000000000000e+00 1.000000000000000000e+00
3.181701660156250000e+02 7.344479370117187500e+01 1.404496002197265625e+02 9.389157295227050781e-01 2.688806354999542236e-01 2.148032486438751221e-01 0.000000000000000000e+00 1.000000000000000000e+00
3.173997497558593750e+02 7.322416687011718750e+01 1.402733459472656250e+02 9.304027557373046875e-01 2.852241396903991699e-01 2.302125245332717896e-01 0.000000000000000000e+00 1.000000000000000000e+00
3.166358642578125000e+02 7.298999023437500000e+01 1.400843353271484375e+02 9.217657446861267090e-01 3.003070950508117676e-01 2.452825456857681274e-01 0.000000000000000000e+00 1.000000000000000000e+00
3.158791198730468750e+02 7.274344635009765625e+01 1.398829650878906250e+02 9.125975966453552246e-01 3.142277002334594727e-01 2.615849971771240234e-01 0.000000000000000000e+00 1.000000000000000000e+00
3.151309204101562500e+02 7.248582458496093750e+01 1.396685028076171875e+02 9.022269845008850098e-01 3.281250596046447754e-01 2.798576354980468750e-01 0.000000000000000000e+00 1.000000000000000000e+00
3.143950500488281250e+02 7.221820068359375000e+01 1.394402465820312500e+02 8.899421691894531250e-01 3.433128893375396729e-01 3.002319335937500000e-01 0.000000000000000000e+00 1.000000000000000000e+00
3.136777954101562500e+02 7.194150543212890625e+01 1.391982727050781250e+02 8.752065896987915039e-01 3.606055378913879395e-01 3.224547207355499268e-01 0.000000000000000000e+00 1.000000000000000000e+00
3.129871520996093750e+02 7.165694427490234375e+01 1.389438171386718750e+02 8.579559326171875000e-01 3.804732561111450195e-01 3.451835513114929199e-01 0.000000000000000000e+00 1.000000000000000000e+00
3.123303527832031250e+02 7.136567687988281250e+01 1.386795654296875000e+02 8.389734625816345215e-01 4.032100737094879150e-01 3.654382526874542236e-01 0.000000000000000000e+00 1.000000000000000000e+00
3.117121582031250000e+02 7.106857299804687500e+01 1.384102935791015625e+02 8.198572397232055664e-01 4.292997419834136963e-01 3.788613080978393555e-01 0.000000000000000000e+00 1.000000000000000000e+00
3.111335144042968750e+02 7.076557922363281250e+01 1.381428985595703125e+02 8.032040596008300781e-01 4.590672850608825684e-01 3.796319961547851562e-01 0.000000000000000000e+00 1.000000000000000000e+00
3.105907287597656250e+02 7.045535278320312500e+01 1.378863525390625000e+02 7.912495136260986328e-01 4.928989410400390625e-01 3.619045913219451904e-01 0.000000000000000000e+00 1.000000000000000000e+00
3.100765686035156250e+02 7.013506317138671875e+01 1.376511840820312500e+02 7.846840023994445801e-01 5.300721526145935059e-01 3.213945329189300537e-01 0.000000000000000000e+00 1.000000000000000000e+00
3.095820922851562500e+02 6.980103302001953125e+01 1.374486541748046875e+02 7.817741036415100098e-01 5.678778290748596191e-01 2.575734555721282959e-01 0.000000000000000000e+00 1.000000000000000000e+00
3.090985412597656250e+02 6.944978332519531250e+01 1.372893371582031250e+02 7.794671058654785156e-01 6.014811992645263672e-01 1.750754266977310181e-01 0.000000000000000000e+00 1.000000000000000000e+00
3.086183776855468750e+02 6.907926177978515625e+01 1.371814880371093750e+02 -7.751784324645996094e-01 -6.262283921241760254e-01 -8.328444510698318481e-02 0.000000000000000000e+00 1.000000000000000000e+00
3.081363525390625000e+02 6.868985748291015625e+01 1.371296997070312500e+02 -7.688999772071838379e-01 -6.393343210220336914e-01 6.665371824055910110e-03 0.000000000000000000e+00 1.000000000000000000e+00
3.076487731933593750e+02 6.828443908691406250e+01 1.371339263916015625e+02 -7.629120945930480957e-01 -6.407366991043090820e-01 8.614888042211532593e-02 0.000000000000000000e+00 1.000000000000000000e+00
3.071532592773437500e+02 6.786827850341796875e+01 1.371898803710937500e+02 -7.599441409111022949e-01 -6.323198676109313965e-01 1.505212187767028809e-01 0.000000000000000000e+00 1.000000000000000000e+00
3.066475830078125000e+02 6.744752502441406250e+01 1.372900390625000000e+02 -7.621220350265502930e-01 -6.163668036460876465e-01 1.981463432312011719e-01 0.000000000000000000e+00 1.000000000000000000e+00
3.061291809082031250e+02 6.702826690673828125e+01 1.374248199462890625e+02 -7.696406841278076172e-01 -5.958757400512695312e-01 2.293151319026947021e-01 0.000000000000000000e+00 1.000000000000000000e+00
3.055960083007812500e+02 6.661547088623046875e+01 1.375836791992187500e+02 -7.815667390823364258e-01 -5.735785961151123047e-01 2.452775388956069946e-01 0.000000000000000000e+00 1.000000000000000000e+00
3.050473632812500000e+02 6.621282958984375000e+01 1.377558593750000000e+02 -7.962925434112548828e-01 -5.519210100173950195e-01 2.475909441709518433e-01 0.000000000000000000e+00 1.000000000000000000e+00
3.044850158691406250e+02 6.582305908203125000e+01 1.379307098388671875e+02 -8.124563097953796387e-01 -5.323449373245239258e-01 2.377471178770065308e-01 0.000000000000000000e+00 1.000000000000000000e+00
3.039133605957031250e+02 6.544849395751953125e+01 1.380979919433593750e+02 -8.290911912918090820e-01 -5.152643322944641113e-01 2.170495986938476562e-01 0.000000000000000000e+00 1.000000000000000000e+00
3.033388366699218750e+02 6.509143829345703125e+01 1.382483978271484375e+02 -8.456634879112243652e-01 -5.000041723251342773e-01 1.866790801286697388e-01 0.000000000000000000e+00 1.000000000000000000e+00
3.027681579589843750e+02 6.475402069091796875e+01 1.383743743896484375e+02 -8.617336153984069824e-01 -4.854241013526916504e-01 1.475760340690612793e-01 0.000000000000000000e+00 1.000000000000000000e+00
3.022061157226562500e+02 6.443741607666015625e+01 1.384706268310546875e+02 -8.769465684890747070e-01 -4.700768291950225830e-01 9.996269643306732178e-02 0.000000000000000000e+00 1.000000000000000000e+00
3.016542053222656250e+02 6.414157104492187500e+01 1.385335388183593750e+02 -8.903483748435974121e-01 -4.529561698436737061e-01 4.594119638204574585e-02 0.000000000000000000e+00 1.000000000000000000e+00
3.011112670898437500e+02 6.386535644531250000e+01 1.385615539550781250e+02 -9.014082551002502441e-01 -4.327929317951202393e-01 -1.238873228430747986e-02 0.000000000000000000e+00 1.000000000000000000e+00
3.005739135742187500e+02 6.360735702514648438e+01 1.385541687011718750e+02 -9.104198813438415527e-01 -4.074011147022247314e-01 -7.183299958705902100e-02 0.000000000000000000e+00 1.000000000000000000e+00
3.000374450683593750e+02 6.336729431152343750e+01 1.385118408203125000e+02 -9.182484745979309082e-01 -3.743325471878051758e-01 -1.292088627815246582e-01 0.000000000000000000e+00 1.000000000000000000e+00
2.994967651367187500e+02 6.314688110351562500e+01 1.384357604980468750e+02 -9.261100292205810547e-01 -3.310903608798980713e-01 -1.808300167322158813e-01 0.000000000000000000e+00 1.000000000000000000e+00
2.989452819824218750e+02 6.294972229003906250e+01 1.383280792236328125e+02 -9.342185258865356445e-01 -2.779131233692169189e-01 -2.236068099737167358e-01 0.000000000000000000e+00 1.000000000000000000e+00
2.983756713867187500e+02 6.278027343750000000e+01 1.381917419433593750e+02 -9.420121908187866211e-01 -2.185779511928558350e-01 -2.546305060386657715e-01 0.000000000000000000e+00 1.000000000000000000e+00
2.977801208496093750e+02 6.264208602905273438e+01 1.380307617187500000e+02 -9.485216736793518066e-01 -1.596351563930511475e-01 -2.735384404659271240e-01 0.000000000000000000e+00 1.000000000000000000e+00
2.971522216796875000e+02 6.253641128540039062e+01 1.378496856689453125e+02 -9.533785581588745117e-01 -1.081197783350944519e-01 -2.817437946796417236e-01 0.000000000000000000e+00 1.000000000000000000e+00
2.964885253906250000e+02 6.246114349365234375e+01 1.376535491943359375e+02 -9.570711851119995117e-01 -6.757806241512298584e-02 -2.818651199340820312e-01 0.000000000000000000e+00 1.000000000000000000e+00
2.957894897460937500e+02 6.241178512573242188e+01 1.374476776123046875e+02 -9.600841403007507324e-01 -3.900003060698509216e-02 -2.769789993762969971e-01 0.000000000000000000e+00 1.000000000000000000e+00
2.950595397949218750e+02 6.238213348388671875e+01 1.372370910644531250e+02 -9.631400108337402344e-01 -2.038909122347831726e-02 -2.682268023490905762e-01 0.000000000000000000e+00 1.000000000000000000e+00
2.943046875000000000e+02 6.236615371704101562e+01 1.370268707275390625e+02 -9.667802453041076660e-01 -8.554311469197273254e-03 -2.554658651351928711e-01 0.000000000000000000e+00 1.000000000000000000e+00
2.935312500000000000e+02 6.235931015014648438e+01 1.368224945068359375e+02 -9.716817736625671387e-01 -8.001332025742158294e-05 -2.362934499979019165e-01 0.000000000000000000e+00 1.000000000000000000e+00
2.927437133789062500e+02 6.235924530029296875e+01 1.366309814453125000e+02 -9.781786203384399414e-01 7.763618603348731995e-03 -2.076207995414733887e-01 0.000000000000000000e+00 1.000000000000000000e+00
2.919439392089843750e+02 6.236559295654296875e+01 1.364612274169921875e+02 -9.857357740402221680e-01 1.640547625720500946e-02 -1.674987971782684326e-01 0.000000000000000000e+00 1.000000000000000000e+00
2.911316223144531250e+02 6.237911224365234375e+01 1.363231964111328125e+02 -9.929766654968261719e-01 2.545459754765033722e-02 -1.155395135283470154e-01 0.000000000000000000e+00 1.000000000000000000e+00
2.903045349121093750e+02 6.240031433105468750e+01 1.362269592285156250e+02 -9.979403614997863770e-01 3.342228382825851440e-02 -5.475335568189620972e-02 0.000000000000000000e+00 1.000000000000000000e+00
2.894607543945312500e+02 6.242857360839843750e+01 1.361806640625000000e+02 -9.992344379425048828e-01 3.795816004276275635e-02 9.471835568547248840e-03 0.000000000000000000e+00 1.000000000000000000e+00
2.885995483398437500e+02 6.246128845214843750e+01 1.361888275146484375e+02 -9.967688918113708496e-01 3.735411167144775391e-02 7.110856473445892334e-02 0.000000000000000000e+00 1.000000000000000000e+00
2.877228088378906250e+02 6.249414443969726562e+01 1.362513732910156250e+02 -9.914401173591613770e-01 3.200652450323104858e-02 1.265784204006195068e-01 0.000000000000000000e+00 1.000000000000000000e+00
2.868345642089843750e+02 6.252281951904296875e+01 1.363647766113281250e+02 -9.844862222671508789e-01 2.347696013748645782e-02 1.738841086626052856e-01 0.000000000000000000e+00 1.000000000000000000e+00
2.859406738281250000e+02 6.254413604736328125e+01 1.365226593017578125e+02 -9.771180152893066406e-01 1.417891029268503189e-02 2.122246623039245605e-01 0.000000000000000000e+00 1.000000000000000000e+00
2.850473937988281250e+02 6.255709838867187500e+01 1.367166748046875000e+02 -9.706714749336242676e-01 5.816551391035318375e-03 2.403395771980285645e-01 0.000000000000000000e+00 1.000000000000000000e+00
2.841599731445312500e+02 6.256241607666015625e+01 1.369364013671875000e+02 -9.663249254226684570e-01 -9.886042680591344833e-04 2.573231756687164307e-01 0.000000000000000000e+00 1.000000000000000000e+00
2.832837219238281250e+02 6.256151962280273438e+01 1.371697387695312500e+02 -9.650582671165466309e-01 -7.858209311962127686e-03 2.619175016880035400e-01 0.000000000000000000e+00 1.000000000000000000e+00
2.824231262207031250e+02 6.255451202392578125e+01 1.374033050537109375e+02 -9.671453833580017090e-01 -1.768044568598270416e-02 2.536084055900573730e-01 0.000000000000000000e+00 1.000000000000000000e+00
2.815823974609375000e+02 6.253914260864257812e+01 1.376237640380859375e+02 -9.721020460128784180e-01 -3.348031267523765564e-02 2.321567386388778687e-01 0.000000000000000000e+00 1.000000000000000000e+00
2.807635498046875000e+02 6.251094055175781250e+01 1.378193206787109375e+02 -9.784904122352600098e-01 -5.660611018538475037e-02 1.983740031719207764e-01 0.000000000000000000e+00 1.000000000000000000e+00
2.799656677246093750e+02 6.246478271484375000e+01 1.379810791015625000e+02 -9.842360019683837891e-01 -8.539604395627975464e-02 1.548776328563690186e-01 0.000000000000000000e+00 1.000000000000000000e+00
2.791842956542968750e+02 6.239698791503906250e+01 1.381040344238281250e+02 -9.876413941383361816e-01 -1.152628362178802490e-01 1.062030270695686340e-01 0.000000000000000000e+00 1.000000000000000000e+00
2.784112243652343750e+02 6.230676651000976562e+01 1.381871643066406250e+02 -9.883145093917846680e-01 -1.406608223915100098e-01 5.872740596532821655e-02 0.000000000000000000e+00 1.000000000000000000e+00
2.776385498046875000e+02 6.219679641723632812e+01 1.382330780029296875e+02 -9.873554706573486328e-01 -1.574728339910507202e-01 1.820562221109867096e-02 0.000000000000000000e+00 1.000000000000000000e+00
2.768590087890625000e+02 6.207246780395507812e+01 1.382474517822265625e+02 -9.862765669822692871e-01 -1.647488623857498169e-01 -1.078823208808898926e-02 0.000000000000000000e+00 1.000000000000000000e+00
2.760680541992187500e+02 6.194034576416015625e+01 1.382388000488281250e+02 -9.862765669822692871e-01 -1.647488623857498169e-01 -1.078823208808898926e-02 0.000000000000000000e+00 1.000000000000000000e+00
