6.440721893310546875e+01 1.455401153564453125e+02 1.649777069091796875e+02 2.888644337654113770e-01 -2.228876203298568726e-01 9.310630559921264648e-01 0.000000000000000000e+00 1.000000000000000000e+00
6.416738128662109375e+01 1.457251739501953125e+02 1.642046661376953125e+02 3.027742505073547363e-01 -2.818388044834136963e-01 9.104364514350891113e-01 0.000000000000000000e+00 1.000000000000000000e+00
6.392094039916992188e+01 1.459545745849609375e+02 1.634636230468750000e+02 3.091035187244415283e-01 -3.371431827545166016e-01 8.892635107040405273e-01 0.000000000000000000e+00 1.000000000000000000e+00
6.367350387573242188e+01 1.462244567871093750e+02 1.627517700195312500e+02 3.103576898574829102e-01 -3.849964141845703125e-01 8.691696524620056152e-01 0.000000000000000000e+00 1.000000000000000000e+00
6.342845153808593750e+01 1.465284423828125000e+02 1.620654907226562500e+02 3.105076849460601807e-01 -4.233764111995697021e-01 8.510801792144775391e-01 0.000000000000000000e+00 1.000000000000000000e+00
6.318648147583007812e+01 1.468583679199218750e+02 1.614022674560546875e+02 3.135741651058197021e-01 -4.524567425251007080e-01 8.348377943038940430e-01 0.000000000000000000e+00 1.000000000000000000e+00
6.294606781005859375e+01 1.472052612304687500e+02 1.607622070312500000e+02 3.226940631866455078e-01 -4.743352830410003662e-01 8.190693259239196777e-01 0.000000000000000000e+00 1.000000000000000000e+00
6.270439529418945312e+01 1.475605010986328125e+02 1.601487884521484375e+02 3.393390774726867676e-01 -4.917167425155639648e-01 8.019124865531921387e-01 0.000000000000000000e+00 1.000000000000000000e+00
6.245836639404296875e+01 1.479170074462890625e+02 1.595673828125000000e+02 3.635899722576141357e-01 -5.076224207878112793e-01 7.811028957366943359e-01 0.000000000000000000e+00 1.000000000000000000e+00
6.220578002929687500e+01 1.482696533203125000e+02 1.590247497558593750e+02 3.939825296401977539e-01 -5.244380235671997070e-01 7.548129558563232422e-01 0.000000000000000000e+00 1.000000000000000000e+00
6.194610595703125000e+01 1.486153106689453125e+02 1.585272521972656250e+02 4.274500906467437744e-01 -5.437167286872863770e-01 7.222594022750854492e-01 0.000000000000000000e+00 1.000000000000000000e+00
6.168081665039062500e+01 1.489527587890625000e+02 1.580789947509765625e+02 4.603614509105682373e-01 -5.657941699028015137e-01 6.840644478797912598e-01 0.000000000000000000e+00 1.000000000000000000e+00
6.141283035278320312e+01 1.492821197509765625e+02 1.576807861328125000e+02 4.891643524169921875e-01 -5.897785425186157227e-01 6.425570249557495117e-01 0.000000000000000000e+00 1.000000000000000000e+00
6.114554214477539062e+01 1.496043853759765625e+02 1.573296813964843750e+02 5.114347338676452637e-01 -6.135620474815368652e-01 6.016444563865661621e-01 0.000000000000000000e+00 1.000000000000000000e+00
6.088164901733398438e+01 1.499209747314453125e+02 1.570192413330078125e+02 5.264444947242736816e-01 -6.349513530731201172e-01 5.654139518737792969e-01 0.000000000000000000e+00 1.000000000000000000e+00
6.062253952026367188e+01 1.502334899902343750e+02 1.567409515380859375e+02 5.350916385650634766e-01 -6.521545052528381348e-01 5.370022654533386230e-01 0.000000000000000000e+00 1.000000000000000000e+00
6.036827468872070312e+01 1.505433807373046875e+02 1.564857788085937500e+02 5.393900871276855469e-01 -6.642997264862060547e-01 5.174593925476074219e-01 0.000000000000000000e+00 1.000000000000000000e+00
6.011795425415039062e+01 1.508516693115234375e+02 1.562456359863281250e+02 5.412091612815856934e-01 -6.719171404838562012e-01 5.055888295173645020e-01 0.000000000000000000e+00 1.000000000000000000e+00
5.987034988403320312e+01 1.511590728759765625e+02 1.560143280029296875e+02 5.419850945472717285e-01 -6.760233044624328613e-01 4.992440938949584961e-01 0.000000000000000000e+00 1.000000000000000000e+00
5.962432479858398438e+01 1.514659423828125000e+02 1.557877044677734375e+02 5.421103835105895996e-01 -6.783145070075988770e-01 4.959896802902221680e-01 0.000000000000000000e+00 1.000000000000000000e+00
5.937901306152343750e+01 1.517728881835937500e+02 1.555632629394531250e+02 5.423167943954467773e-01 -6.802105307579040527e-01 4.931593835353851318e-01 0.000000000000000000e+00 1.000000000000000000e+00
5.913365936279296875e+01 1.520806274414062500e+02 1.553401489257812500e+02 5.428992509841918945e-01 -6.826412677764892578e-01 4.891432821750640869e-01 0.000000000000000000e+00 1.000000000000000000e+00
5.888736343383789062e+01 1.523903198242187500e+02 1.551182403564453125e+02 5.442119240760803223e-01 -6.872112154960632324e-01 4.812214672565460205e-01 0.000000000000000000e+00 1.000000000000000000e+00
5.863863372802734375e+01 1.527044067382812500e+02 1.548983001708984375e+02 5.463887453079223633e-01 -6.959200501441955566e-01 4.659984707832336426e-01 0.000000000000000000e+00 1.000000000000000000e+00
5.838534927368164062e+01 1.530270080566406250e+02 1.546822814941406250e+02 5.497255325317382812e-01 -7.100685238838195801e-01 4.400053322315216064e-01 0.000000000000000000e+00 1.000000000000000000e+00
5.812429046630859375e+01 1.533642120361328125e+02 1.544733276367187500e+02 5.534094572067260742e-01 -7.302690744400024414e-01 4.005559384822845459e-01 0.000000000000000000e+00 1.000000000000000000e+00
5.785132598876953125e+01 1.537244110107421875e+02 1.542757568359375000e+02 5.562493205070495605e-01 -7.548626661300659180e-01 3.475183546543121338e-01 0.000000000000000000e+00 1.000000000000000000e+00
5.756190490722656250e+01 1.541171722412109375e+02 1.540949401855468750e+02 5.568081140518188477e-01 -7.803016304969787598e-01 2.847702205181121826e-01 0.000000000000000000e+00 1.000000000000000000e+00
5.725194549560546875e+01 1.545515441894531250e+02 1.539364166259765625e+02 5.543123483657836914e-01 -8.031205534934997559e-01 2.184837162494659424e-01 0.000000000000000000e+00 1.000000000000000000e+00
5.691870498657226562e+01 1.550343627929687500e+02 1.538050689697265625e+02 5.492309331893920898e-01 -8.210703730583190918e-01 1.555277854204177856e-01 0.000000000000000000e+00 1.000000000000000000e+00
5.656134033203125000e+01 1.555686035156250000e+02 1.537038726806640625e+02 5.428390502929687500e-01 -8.338587880134582520e-01 1.000264659523963928e-01 0.000000000000000000e+00 1.000000000000000000e+00
5.618099975585937500e+01 1.561528472900390625e+02 1.536337890625000000e+02 5.363391637802124023e-01 -8.422715663909912109e-01 5.402712151408195496e-02 0.000000000000000000e+00 1.000000000000000000e+00
5.578034210205078125e+01 1.567820434570312500e+02 1.535934295654296875e+02 5.306347012519836426e-01 -8.474262356758117676e-01 1.719117909669876099e-02 0.000000000000000000e+00 1.000000000000000000e+00
5.536257553100585938e+01 1.574492187500000000e+02 1.535798950195312500e+02 5.260773897171020508e-01 -8.503615260124206543e-01 -1.130369678139686584e-02 0.000000000000000000e+00 1.000000000000000000e+00
5.493080520629882812e+01 1.581471405029296875e+02 1.535891723632812500e+02 5.227463245391845703e-01 -8.518568873405456543e-01 -3.280315175652503967e-02 0.000000000000000000e+00 1.000000000000000000e+00
5.448727798461914062e+01 1.588699035644531250e+02 1.536170043945312500e+02 5.203317403793334961e-01 -8.525970578193664551e-01 -4.830246046185493469e-02 0.000000000000000000e+00 1.000000000000000000e+00
5.403344345092773438e+01 1.596135406494140625e+02 1.536591339111328125e+02 5.180796980857849121e-01 -8.532986640930175781e-01 -5.894767120480537415e-02 0.000000000000000000e+00 1.000000000000000000e+00
5.357037353515625000e+01 1.603762359619140625e+02 1.537118225097656250e+02 5.150030255317687988e-01 -8.546344041824340820e-01 -6.612128764390945435e-02 0.000000000000000000e+00 1.000000000000000000e+00
5.309973907470703125e+01 1.611572418212890625e+02 1.537722473144531250e+02 5.098330378532409668e-01 -8.573300242424011230e-01 -7.110180705785751343e-02 0.000000000000000000e+00 1.000000000000000000e+00
5.262445068359375000e+01 1.619564819335937500e+02 1.538385314941406250e+02 5.015424489974975586e-01 -8.618337512016296387e-01 -7.548309862613677979e-02 0.000000000000000000e+00 1.000000000000000000e+00
5.214905166625976562e+01 1.627733917236328125e+02 1.539100799560546875e+02 4.900673329830169678e-01 -8.678963780403137207e-01 -8.117772638797760010e-02 0.000000000000000000e+00 1.000000000000000000e+00
5.167934799194335938e+01 1.636052246093750000e+02 1.539878845214843750e+02 4.763997793197631836e-01 -8.745910525321960449e-01 -9.018678963184356689e-02 0.000000000000000000e+00 1.000000000000000000e+00
5.122176742553710938e+01 1.644452667236328125e+02 1.540745086669921875e+02 4.623051285743713379e-01 -8.805086016654968262e-01 -1.047785207629203796e-01 0.000000000000000000e+00 1.000000000000000000e+00
5.078213500976562500e+01 1.652825927734375000e+02 1.541741485595703125e+02 4.497400522232055664e-01 -8.840221762657165527e-01 -1.274312138557434082e-01 0.000000000000000000e+00 1.000000000000000000e+00
5.036504745483398438e+01 1.661024322509765625e+02 1.542923278808593750e+02 4.400224983692169189e-01 -8.835350275039672852e-01 -1.604556441307067871e-01 0.000000000000000000e+00 1.000000000000000000e+00
4.997354888916015625e+01 1.668885345458984375e+02 1.544350891113281250e+02 4.330678582191467285e-01 -8.776587843894958496e-01 -2.053465694189071655e-01 0.000000000000000000e+00 1.000000000000000000e+00
4.960939788818359375e+01 1.676265258789062500e+02 1.546077575683593750e+02 4.272868931293487549e-01 -8.653442263603210449e-01 -2.619262039661407471e-01 0.000000000000000000e+00 1.000000000000000000e+00
4.927342987060546875e+01 1.683069305419921875e+02 1.548137054443359375e+02 4.197778403759002686e-01 -8.463039398193359375e-01 -3.279576301574707031e-01 0.000000000000000000e+00 1.000000000000000000e+00
4.896589660644531250e+01 1.689269409179687500e+02 1.550539703369140625e+02 4.073264896869659424e-01 -8.215216398239135742e-01 -3.989828228950500488e-01 0.000000000000000000e+00 1.000000000000000000e+00
4.868674087524414062e+01 1.694899597167968750e+02 1.553274078369140625e+02 3.875007331371307373e-01 -7.931835055351257324e-01 -4.697905778884887695e-01 0.000000000000000000e+00 1.000000000000000000e+00
4.843552398681640625e+01 1.700041809082031250e+02 1.556319732666015625e+02 3.595727384090423584e-01 -7.637302875518798828e-01 -5.361189842224121094e-01 0.000000000000000000e+00 1.000000000000000000e+00
4.821136856079101562e+01 1.704802856445312500e+02 1.559661865234375000e+02 3.247819840908050537e-01 -7.352292537689208984e-01 -5.949408411979675293e-01 0.000000000000000000e+00 1.000000000000000000e+00
4.801276779174804688e+01 1.709298706054687500e+02 1.563299865722656250e+02 2.864119112491607666e-01 -7.088420391082763672e-01 -6.446015238761901855e-01 0.000000000000000000e+00 1.000000000000000000e+00
4.783765792846679688e+01 1.713632507324218750e+02 1.567240905761718750e+02 2.479220032691955566e-01 -6.855344176292419434e-01 -6.845269203186035156e-01 0.000000000000000000e+00 1.000000000000000000e+00
4.768370819091796875e+01 1.717889404296875000e+02 1.571491546630859375e+02 2.121083438396453857e-01 -6.656047105789184570e-01 -7.155280709266662598e-01 0.000000000000000000e+00 1.000000000000000000e+00
4.754860305786132812e+01 1.722129058837890625e+02 1.576049194335937500e+02 1.801522970199584961e-01 -6.489995718002319336e-01 -7.391513586044311523e-01 0.000000000000000000e+00 1.000000000000000000e+00
4.743044662475585938e+01 1.726385650634765625e+02 1.580897064208984375e+02 1.515095382928848267e-01 -6.352973580360412598e-01 -7.572596073150634766e-01 0.000000000000000000e+00 1.000000000000000000e+00
4.732812500000000000e+01 1.730676116943359375e+02 1.586011199951171875e+02 1.249643117189407349e-01 -6.232709288597106934e-01 -7.719568014144897461e-01 0.000000000000000000e+00 1.000000000000000000e+00
4.724143218994140625e+01 1.735000000000000000e+02 1.591366577148437500e+02 9.933346509933471680e-02 -6.120543479919433594e-01 -7.845523357391357422e-01 0.000000000000000000e+00 1.000000000000000000e+00
4.717085647583007812e+01 1.739348602294921875e+02 1.596940765380859375e+02 7.376950979232788086e-02 -6.010747551918029785e-01 -7.957808375358581543e-01 0.000000000000000000e+00 1.000000000000000000e+00
4.711735153198242188e+01 1.743708190917968750e+02 1.602712554931640625e+02 4.848462343215942383e-02 -5.902529954910278320e-01 -8.057609200477600098e-01 0.000000000000000000e+00 1.000000000000000000e+00
4.708157730102539062e+01 1.748063354492187500e+02 1.608657836914062500e+02 2.365099638700485229e-02 -5.794800519943237305e-01 -8.146431446075439453e-01 0.000000000000000000e+00 1.000000000000000000e+00
4.706389236450195312e+01 1.752396392822265625e+02 1.614749298095703125e+02 2.525093441363424063e-05 -5.693581104278564453e-01 -8.220896720886230469e-01 0.000000000000000000e+00 1.000000000000000000e+00
4.706387329101562500e+01 1.756697082519531250e+02 1.620959014892578125e+02 -2.153882011771202087e-02 -5.610004067420959473e-01 -8.275352120399475098e-01 0.000000000000000000e+00 1.000000000000000000e+00
4.708028793334960938e+01 1.760972442626953125e+02 1.627265625000000000e+02 -3.978772461414337158e-02 -5.569785237312316895e-01 -8.295732736587524414e-01 0.000000000000000000e+00 1.000000000000000000e+00
4.711087799072265625e+01 1.765254669189453125e+02 1.633643646240234375e+02 -5.389119312167167664e-02 -5.590412616729736328e-01 -8.273866176605224609e-01 0.000000000000000000e+00 1.000000000000000000e+00
4.715270996093750000e+01 1.769594116210937500e+02 1.640066070556640625e+02 -6.292680650949478149e-02 -5.698950886726379395e-01 -8.193045258522033691e-01 0.000000000000000000e+00 1.000000000000000000e+00
4.720201873779296875e+01 1.774059753417968750e+02 1.646486053466796875e+02 -6.597375124692916870e-02 -5.914108157157897949e-01 -8.036670088768005371e-01 0.000000000000000000e+00 1.000000000000000000e+00
4.725410842895507812e+01 1.778729248046875000e+02 1.652831420898437500e+02 -6.209917739033699036e-02 -6.240928769111633301e-01 -7.788785099983215332e-01 0.000000000000000000e+00 1.000000000000000000e+00
4.730330276489257812e+01 1.783673248291015625e+02 1.659001617431640625e+02 -5.055448412895202637e-02 -6.667146682739257812e-01 -7.435964941978454590e-01 0.000000000000000000e+00 1.000000000000000000e+00
4.734324645996093750e+01 1.788941040039062500e+02 1.664876861572265625e+02 -3.067839704453945160e-02 -7.162613868713378906e-01 -6.971574425697326660e-01 0.000000000000000000e+00 1.000000000000000000e+00
4.736725997924804688e+01 1.794547576904296875e+02 1.670333862304687500e+02 -2.729380270466208458e-03 -7.679249644279479980e-01 -6.405341029167175293e-01 0.000000000000000000e+00 1.000000000000000000e+00
4.736936569213867188e+01 1.800472106933593750e+02 1.675275573730468750e+02 3.172155842185020447e-02 -8.161169886589050293e-01 -5.770153999328613281e-01 0.000000000000000000e+00 1.000000000000000000e+00
4.734531402587890625e+01 1.806660003662109375e+02 1.679650573730468750e+02 6.948652863502502441e-02 -8.558154106140136719e-01 -5.125929713249206543e-01 0.000000000000000000e+00 1.000000000000000000e+00
4.729349899291992188e+01 1.813041687011718750e+02 1.683472900390625000e+02 1.059157848358154297e-01 -8.837938308715820312e-01 -4.557305276393890381e-01 0.000000000000000000e+00 1.000000000000000000e+00
4.721563339233398438e+01 1.819539031982421875e+02 1.686823272705078125e+02 1.366076916456222534e-01 -9.000751972198486328e-01 -4.137668907642364502e-01 0.000000000000000000e+00 1.000000000000000000e+00
4.711626815795898438e+01 1.826085968017578125e+02 1.689832916259765625e+02 1.581980139017105103e-01 -9.063146710395812988e-01 -3.918764293193817139e-01 0.000000000000000000e+00 1.000000000000000000e+00
4.700211334228515625e+01 1.832625885009765625e+02 1.692660675048828125e+02 1.692585200071334839e-01 -9.041603803634643555e-01 -3.922316431999206543e-01 0.000000000000000000e+00 1.000000000000000000e+00
4.688085174560546875e+01 1.839103546142578125e+02 1.695470733642578125e+02 1.692110747098922729e-01 -8.938382863998413086e-01 -4.152356982231140137e-01 0.000000000000000000e+00 1.000000000000000000e+00
4.676065063476562500e+01 1.845453033447265625e+02 1.698420410156250000e+02 1.585191041231155396e-01 -8.732050061225891113e-01 -4.608521759510040283e-01 0.000000000000000000e+00 1.000000000000000000e+00
4.664933395385742188e+01 1.851584930419921875e+02 1.701656646728515625e+02 1.375184208154678345e-01 -8.384907245635986328e-01 -5.272778272628784180e-01 0.000000000000000000e+00 1.000000000000000000e+00
4.655406188964843750e+01 1.857393951416015625e+02 1.705309600830078125e+02 1.059140712022781372e-01 -7.851020097732543945e-01 -6.102434396743774414e-01 0.000000000000000000e+00 1.000000000000000000e+00
4.648158264160156250e+01 1.862766571044921875e+02 1.709485626220703125e+02 6.352338939905166626e-02 -7.094829082489013672e-01 -7.018538117408752441e-01 0.000000000000000000e+00 1.000000000000000000e+00
4.643838500976562500e+01 1.867591247558593750e+02 1.714258422851562500e+02 1.151596847921609879e-02 -6.123838424682617188e-01 -7.904766201972961426e-01 0.000000000000000000e+00 1.000000000000000000e+00
4.643051528930664062e+01 1.871776123046875000e+02 1.719660339355468750e+02 -4.569822177290916443e-02 -5.012621283531188965e-01 -8.640879392623901367e-01 0.000000000000000000e+00 1.000000000000000000e+00
4.646234893798828125e+01 1.875267944335937500e+02 1.725679626464843750e+02 -1.016370430588722229e-01 -3.882375061511993408e-01 -9.159374833106994629e-01 0.000000000000000000e+00 1.000000000000000000e+00
4.653544235229492188e+01 1.878059997558593750e+02 1.732266693115234375e+02 -1.490419358015060425e-01 -2.863963246345520020e-01 -9.464479088783264160e-01 0.000000000000000000e+00 1.000000000000000000e+00
4.664693832397460938e+01 1.880202484130859375e+02 1.739346923828125000e+02 -1.824901252985000610e-01 -2.068224698305130005e-01 -9.612085223197937012e-01 0.000000000000000000e+00 1.000000000000000000e+00
4.678887176513671875e+01 1.881811065673828125e+02 1.746822814941406250e+02 -2.000186145305633545e-01 -1.556081175804138184e-01 -9.673565030097961426e-01 0.000000000000000000e+00 1.000000000000000000e+00
4.694913482666015625e+01 1.883057861328125000e+02 1.754573669433593750e+02 2.025953084230422974e-01 1.351855099201202393e-01 9.698866009712219238e-01 0.000000000000000000e+00 1.000000000000000000e+00
4.711387252807617188e+01 1.884157104492187500e+02 1.762460174560546875e+02 1.929229795932769775e-01 1.462794691324234009e-01 9.702489972114562988e-01 0.000000000000000000e+00 1.000000000000000000e+00
4.727035903930664062e+01 1.885343627929687500e+02 1.770330200195312500e+02 1.745746582746505737e-01 1.872081905603408813e-01 9.666833877563476562e-01 0.000000000000000000e+00 1.000000000000000000e+00
4.740936279296875000e+01 1.886834259033203125e+02 1.778027343750000000e+02 1.508189886808395386e-01 2.551926076412200928e-01 9.550551772117614746e-01 0.000000000000000000e+00 1.000000000000000000e+00
4.752580261230468750e+01 1.888804473876953125e+02 1.785400848388671875e+02 1.239616796374320984e-01 3.452320694923400879e-01 9.302946925163269043e-01 0.000000000000000000e+00 1.000000000000000000e+00
4.761800765991210938e+01 1.891372375488281250e+02 1.792320556640625000e+02 9.602936357259750366e-02 4.486804008483886719e-01 8.885179758071899414e-01 0.000000000000000000e+00 1.000000000000000000e+00
4.768677520751953125e+01 1.894585418701171875e+02 1.798683319091796875e+02 6.857731938362121582e-02 5.548523664474487305e-01 8.291175961494445801e-01 0.000000000000000000e+00 1.000000000000000000e+00
4.773427963256835938e+01 1.898428955078125000e+02 1.804426727294921875e+02 4.333107545971870422e-02 6.534208655357360840e-01 7.557535767555236816e-01 0.000000000000000000e+00 1.000000000000000000e+00
4.776356124877929688e+01 1.902844543457031250e+02 1.809533843994140625e+02 2.199855446815490723e-02 7.365136742591857910e-01 6.760648488998413086e-01 0.000000000000000000e+00 1.000000000000000000e+00
4.777822113037109375e+01 1.907752685546875000e+02 1.814039154052734375e+02 6.586290430277585983e-03 8.005440831184387207e-01 5.992376804351806641e-01 0.000000000000000000e+00 1.000000000000000000e+00
4.778260040283203125e+01 1.913075561523437500e+02 1.818023529052734375e+02 -1.964825438335537910e-03 8.456836938858032227e-01 5.336807966232299805e-01 0.000000000000000000e+00 1.000000000000000000e+00
4.778128433227539062e+01 1.918740081787109375e+02 1.821598205566406250e+02 -3.978736232966184616e-03 8.750522136688232422e-01 4.840121269226074219e-01 0.000000000000000000e+00 1.000000000000000000e+00
4.777858352661132812e+01 1.924680023193359375e+02 1.824883728027343750e+02 -5.752467550337314606e-04 8.926723003387451172e-01 4.507058262825012207e-01 0.000000000000000000e+00 1.000000000000000000e+00
4.777818679809570312e+01 1.930836486816406250e+02 1.827992095947265625e+02 7.182971108704805374e-03 9.021463394165039062e-01 4.313703477382659912e-01 0.000000000000000000e+00 1.000000000000000000e+00
4.778321838378906250e+01 1.937155914306640625e+02 1.831013793945312500e+02 1.827813871204853058e-02 9.062176346778869629e-01 4.224161505699157715e-01 0.000000000000000000e+00 1.000000000000000000e+00
4.779620361328125000e+01 1.943593902587890625e+02 1.834014739990234375e+02 3.179252892732620239e-02 9.069108963012695312e-01 4.201212525367736816e-01 0.000000000000000000e+00 1.000000000000000000e+00
4.781909561157226562e+01 1.950124053955078125e+02 1.837039794921875000e+02 4.685615748167037964e-02 9.057742357254028320e-01 4.211620390415191650e-01 0.000000000000000000e+00 1.000000000000000000e+00
4.785330581665039062e+01 1.956737213134765625e+02 1.840114746093750000e+02 6.254106760025024414e-02 9.037588834762573242e-01 4.234483838081359863e-01 0.000000000000000000e+00 1.000000000000000000e+00
4.789964294433593750e+01 1.963433227539062500e+02 1.843252105712890625e+02 7.805500924587249756e-02 9.013986587524414062e-01 4.258966147899627686e-01 0.000000000000000000e+00 1.000000000000000000e+00
4.795834732055664062e+01 1.970212554931640625e+02 1.846455230712890625e+02 9.287741035223007202e-02 8.989175558090209961e-01 4.281598925590515137e-01 0.000000000000000000e+00 1.000000000000000000e+00
4.802914428710937500e+01 1.977064666748046875e+02 1.849718933105468750e+02 1.068251952528953552e-01 8.962426185607910156e-01 4.305085241794586182e-01 0.000000000000000000e+00 1.000000000000000000e+00
4.811146545410156250e+01 1.983971252441406250e+02 1.853036499023437500e+02 1.199398934841156006e-01 8.931477069854736328e-01 4.334762990474700928e-01 0.000000000000000000e+00 1.000000000000000000e+00
4.820466613769531250e+01 1.990911560058593750e+02 1.856404876708984375e+02 1.324536353349685669e-01 8.894208073616027832e-01 4.374776482582092285e-01 0.000000000000000000e+00 1.000000000000000000e+00
4.830819702148437500e+01 1.997863616943359375e+02 1.859824371337890625e+02 1.444713771343231201e-01 8.850865364074707031e-01 4.424363076686859131e-01 0.000000000000000000e+00 1.000000000000000000e+00
4.842156982421875000e+01 2.004809265136718750e+02 1.863296356201171875e+02 1.559420377016067505e-01 8.801559209823608398e-01 4.483388364315032959e-01 0.000000000000000000e+00 1.000000000000000000e+00
4.854413223266601562e+01 2.011726837158203125e+02 1.866820068359375000e+02 1.666268706321716309e-01 8.748884201049804688e-01 4.547590017318725586e-01 0.000000000000000000e+00 1.000000000000000000e+00
4.867474746704101562e+01 2.018584899902343750e+02 1.870384826660156250e+02 1.762526035308837891e-01 8.697466254234313965e-01 4.609510004520416260e-01 0.000000000000000000e+00 1.000000000000000000e+00
4.881165313720703125e+01 2.025340728759765625e+02 1.873965301513671875e+02 1.847365945577621460e-01 8.651294112205505371e-01 4.662868976593017578e-01 0.000000000000000000e+00 1.000000000000000000e+00
4.895250320434570312e+01 2.031936798095703125e+02 1.877520446777343750e+02 1.924019902944564819e-01 8.613748550415039062e-01 4.701222181320190430e-01 0.000000000000000000e+00 1.000000000000000000e+00
4.909477233886718750e+01 2.038306121826171875e+02 1.880996704101562500e+02 1.998313516378402710e-01 8.586711287498474121e-01 4.719654023647308350e-01 0.000000000000000000e+00 1.000000000000000000e+00
4.923632431030273438e+01 2.044388580322265625e+02 1.884339904785156250e+02 2.081406414508819580e-01 8.565689921379089355e-01 4.721938967704772949e-01 0.000000000000000000e+00 1.000000000000000000e+00
4.937602996826171875e+01 2.050137939453125000e+02 1.887509307861328125e+02 2.180090546607971191e-01 8.548905849456787109e-01 4.707802832126617432e-01 0.000000000000000000e+00 1.000000000000000000e+00
4.951378250122070312e+01 2.055539703369140625e+02 1.890484008789062500e+02 2.300391495227813721e-01 8.527673482894897461e-01 4.689027667045593262e-01 0.000000000000000000e+00 1.000000000000000000e+00
4.965061569213867188e+01 2.060612182617187500e+02 1.893273162841796875e+02 2.446319907903671265e-01 8.493506908416748047e-01 4.677163958549499512e-01 0.000000000000000000e+00 1.000000000000000000e+00
4.978859710693359375e+01 2.065402832031250000e+02 1.895911254882812500e+02 2.625646591186523438e-01 8.436715602874755859e-01 4.682713747024536133e-01 0.000000000000000000e+00 1.000000000000000000e+00
4.993082809448242188e+01 2.069972991943359375e+02 1.898447875976562500e+02 2.845363914966583252e-01 8.346670269966125488e-01 4.715611934661865234e-01 0.000000000000000000e+00 1.000000000000000000e+00
5.008118820190429688e+01 2.074383697509765625e+02 1.900939788818359375e+02 3.112581968307495117e-01 8.218190073966979980e-01 4.772124886512756348e-01 0.000000000000000000e+00 1.000000000000000000e+00
5.024407958984375000e+01 2.078684539794921875e+02 1.903437194824218750e+02 3.427145481109619141e-01 8.051085472106933594e-01 4.840938448905944824e-01 0.000000000000000000e+00 1.000000000000000000e+00
5.042403793334960938e+01 2.082912139892578125e+02 1.905979156494140625e+02 3.767060041427612305e-01 7.861254215240478516e-01 4.899993836879730225e-01 0.000000000000000000e+00 1.000000000000000000e+00
5.062461090087890625e+01 2.087097778320312500e+02 1.908588104248046875e+02 4.098348021507263184e-01 7.674559950828552246e-01 4.929976165294647217e-01 0.000000000000000000e+00 1.000000000000000000e+00
5.084738159179687500e+01 2.091269378662109375e+02 1.911267852783203125e+02 4.382246136665344238e-01 7.526229023933410645e-01 4.914445877075195312e-01 0.000000000000000000e+00 1.000000000000000000e+00
5.109160232543945312e+01 2.095463714599609375e+02 1.914006652832031250e+02 4.588727056980133057e-01 7.441157698631286621e-01 4.855177998542785645e-01 0.000000000000000000e+00 1.000000000000000000e+00
5.135418701171875000e+01 2.099721832275390625e+02 1.916784973144531250e+02 4.705255925655364990e-01 7.424108386039733887e-01 4.768981039524078369e-01 0.000000000000000000e+00 1.000000000000000000e+00
5.163021850585937500e+01 2.104077148437500000e+02 1.919582672119140625e+02 4.734912216663360596e-01 7.461776733398437500e-01 4.680010676383972168e-01 0.000000000000000000e+00 1.000000000000000000e+00
5.191381072998046875e+01 2.108546295166015625e+02 1.922385711669921875e+02 4.695247709751129150e-01 7.528134584426879883e-01 4.613223373889923096e-01 0.000000000000000000e+00 1.000000000000000000e+00
5.219877243041992188e+01 2.113115234375000000e+02 1.925185546875000000e+02 4.611258208751678467e-01 7.596945762634277344e-01 4.585051536560058594e-01 0.000000000000000000e+00 1.000000000000000000e+00
5.247934341430664062e+01 2.117737579345703125e+02 1.927975311279296875e+02 4.506359398365020752e-01 7.651708126068115234e-01 4.598271548748016357e-01 0.000000000000000000e+00 1.000000000000000000e+00
5.275072479248046875e+01 2.122345581054687500e+02 1.930744476318359375e+02 4.403916001319885254e-01 7.684497833251953125e-01 4.642631113529205322e-01 0.000000000000000000e+00 1.000000000000000000e+00
5.300998687744140625e+01 2.126869506835937500e+02 1.933477630615234375e+02 4.321130812168121338e-01 7.691525816917419434e-01 4.708316624164581299e-01 0.000000000000000000e+00 1.000000000000000000e+00
5.325635910034179688e+01 2.131254882812500000e+02 1.936162109375000000e+02 4.274320602416992188e-01 7.673574686050415039e-01 4.779796004295349121e-01 0.000000000000000000e+00 1.000000000000000000e+00
5.349154663085937500e+01 2.135477142333984375e+02 1.938792114257812500e+02 4.276995360851287842e-01 7.624087929725646973e-01 4.855984747409820557e-01 0.000000000000000000e+00 1.000000000000000000e+00
5.371960067749023438e+01 2.139542388916015625e+02 1.941381378173828125e+02 4.329493641853332520e-01 7.534227371215820312e-01 4.948827326297760010e-01 0.000000000000000000e+00 1.000000000000000000e+00
5.394578933715820312e+01 2.143478546142578125e+02 1.943966827392578125e+02 4.414190948009490967e-01 7.400906682014465332e-01 5.073607563972473145e-01 0.000000000000000000e+00 1.000000000000000000e+00
5.417517852783203125e+01 2.147324523925781250e+02 1.946603393554687500e+02 4.497556388378143311e-01 7.233792543411254883e-01 5.238724946975708008e-01 0.000000000000000000e+00 1.000000000000000000e+00
5.441108322143554688e+01 2.151118774414062500e+02 1.949351196289062500e+02 4.545377194881439209e-01 7.061201333999633789e-01 5.429454445838928223e-01 0.000000000000000000e+00 1.000000000000000000e+00
5.465412521362304688e+01 2.154894409179687500e+02 1.952254333496093750e+02 4.533796608448028564e-01 6.919648647308349609e-01 5.618109703063964844e-01 0.000000000000000000e+00 1.000000000000000000e+00
5.490165710449218750e+01 2.158672332763671875e+02 1.955321655273437500e+02 4.456596076488494873e-01 6.842389106750488281e-01 5.772386789321899414e-01 0.000000000000000000e+00 1.000000000000000000e+00
5.514830780029296875e+01 2.162459259033203125e+02 1.958516387939453125e+02 4.326382577419281006e-01 6.852076053619384766e-01 5.859305262565612793e-01 0.000000000000000000e+00 1.000000000000000000e+00
5.538776016235351562e+01 2.166251678466796875e+02 1.961759338378906250e+02 4.162264764308929443e-01 6.948515772819519043e-01 5.864611864089965820e-01 0.000000000000000000e+00 1.000000000000000000e+00
5.561463928222656250e+01 2.170039215087890625e+02 1.964956054687500000e+02 3.983998298645019531e-01 7.118406891822814941e-01 5.784119963645935059e-01 0.000000000000000000e+00 1.000000000000000000e+00
5.582572174072265625e+01 2.173810729980468750e+02 1.968020629882812500e+02 3.812386095523834229e-01 7.328311204910278320e-01 5.635740160942077637e-01 0.000000000000000000e+00 1.000000000000000000e+00
5.602076721191406250e+01 2.177559967041015625e+02 1.970903930664062500e+02 3.665337860584259033e-01 7.539682984352111816e-01 5.451466441154479980e-01 0.000000000000000000e+00 1.000000000000000000e+00
5.620192718505859375e+01 2.181286468505859375e+02 1.973598327636718750e+02 3.553010523319244385e-01 7.719572782516479492e-01 5.271082520484924316e-01 0.000000000000000000e+00 1.000000000000000000e+00
5.637264251708984375e+01 2.184995574951171875e+02 1.976130981445312500e+02 3.478252291679382324e-01 7.849826812744140625e-01 5.126596093177795410e-01 0.000000000000000000e+00 1.000000000000000000e+00
5.653641128540039062e+01 2.188691558837890625e+02 1.978544769287109375e+02 3.433139920234680176e-01 7.934404611587524414e-01 5.025811791419982910e-01 0.000000000000000000e+00 1.000000000000000000e+00
5.669607543945312500e+01 2.192381591796875000e+02 1.980882110595703125e+02 3.410460352897644043e-01 7.980012893676757812e-01 4.968718290328979492e-01 0.000000000000000000e+00 1.000000000000000000e+00
5.685359573364257812e+01 2.196067352294921875e+02 1.983177032470703125e+02 3.399502635002136230e-01 8.005106449127197266e-01 4.935753345489501953e-01 0.000000000000000000e+00 1.000000000000000000e+00
5.701012420654296875e+01 2.199753265380859375e+02 1.985449676513671875e+02 3.397920727729797363e-01 8.017953038215637207e-01 4.915950000286102295e-01 0.000000000000000000e+00 1.000000000000000000e+00
5.716658782958984375e+01 2.203445281982421875e+02 1.987713317871093750e+02 3.403334319591522217e-01 8.025573492050170898e-01 4.899743795394897461e-01 0.000000000000000000e+00 1.000000000000000000e+00
5.732373428344726562e+01 2.207151031494140625e+02 1.989975738525390625e+02 3.415051102638244629e-01 8.035182356834411621e-01 4.875784516334533691e-01 0.000000000000000000e+00 1.000000000000000000e+00
5.748251724243164062e+01 2.210886993408203125e+02 1.992242736816406250e+02 3.441952168941497803e-01 8.047865033149719238e-01 4.835787117481231689e-01 0.000000000000000000e+00 1.000000000000000000e+00
5.764450454711914062e+01 2.214674530029296875e+02 1.994518585205078125e+02 3.491577208042144775e-01 8.066229224205017090e-01 4.769153892993927002e-01 0.000000000000000000e+00 1.000000000000000000e+00
5.781207275390625000e+01 2.218545684814453125e+02 1.996807403564453125e+02 3.572888970375061035e-01 8.084827661514282227e-01 4.676539301872253418e-01 0.000000000000000000e+00 1.000000000000000000e+00
5.798836135864257812e+01 2.222534790039062500e+02 1.999114837646484375e+02 3.696358501911163330e-01 8.095092177391052246e-01 4.561406373977661133e-01 0.000000000000000000e+00 1.000000000000000000e+00
5.817715072631835938e+01 2.226669311523437500e+02 2.001444549560546875e+02 3.868387639522552490e-01 8.084661364555358887e-01 4.435518980026245117e-01 0.000000000000000000e+00 1.000000000000000000e+00
5.838236999511718750e+01 2.230958251953125000e+02 2.003797607421875000e+02 4.096075296401977539e-01 8.036781549453735352e-01 4.316516518592834473e-01 0.000000000000000000e+00 1.000000000000000000e+00
5.860784530639648438e+01 2.235382232666015625e+02 2.006173706054687500e+02 4.388217926025390625e-01 7.932769656181335449e-01 4.220747053623199463e-01 0.000000000000000000e+00 1.000000000000000000e+00
5.885713577270507812e+01 2.239888763427734375e+02 2.008571472167968750e+02 4.754495620727539062e-01 7.749223113059997559e-01 4.164650142192840576e-01 0.000000000000000000e+00 1.000000000000000000e+00
5.913378143310546875e+01 2.244397735595703125e+02 2.010994720458984375e+02 5.198152661323547363e-01 7.459940314292907715e-01 4.162751734256744385e-01 0.000000000000000000e+00 1.000000000000000000e+00
5.944131469726562500e+01 2.248811187744140625e+02 2.013457489013671875e+02 5.722848773002624512e-01 7.028698325157165527e-01 4.224501550197601318e-01 0.000000000000000000e+00 1.000000000000000000e+00
5.978426361083984375e+01 2.253023223876953125e+02 2.015989074707031250e+02 6.308167576789855957e-01 6.425513029098510742e-01 4.349690079689025879e-01 0.000000000000000000e+00 1.000000000000000000e+00
6.016773986816406250e+01 2.256929321289062500e+02 2.018633270263671875e+02 6.905339956283569336e-01 5.647639632225036621e-01 4.518898129463195801e-01 0.000000000000000000e+00 1.000000000000000000e+00
6.059649276733398438e+01 2.260435943603515625e+02 2.021439056396484375e+02 7.446961998939514160e-01 4.740195274353027344e-01 4.698223471641540527e-01 0.000000000000000000e+00 1.000000000000000000e+00
6.107298278808593750e+01 2.263468933105468750e+02 2.024445190429687500e+02 7.876461148262023926e-01 3.796899616718292236e-01 4.852309525012969971e-01 0.000000000000000000e+00 1.000000000000000000e+00
6.159532928466796875e+01 2.265986938476562500e+02 2.027663116455078125e+02 8.175563216209411621e-01 2.917220294475555420e-01 4.964876174926757812e-01 0.000000000000000000e+00 1.000000000000000000e+00
6.215655136108398438e+01 2.267989501953125000e+02 2.031071319580078125e+02 8.362054824829101562e-01 2.172697782516479492e-01 5.035416483879089355e-01 0.000000000000000000e+00 1.000000000000000000e+00
6.274457931518554688e+01 2.269517364501953125e+02 2.034612274169921875e+02 8.468390703201293945e-01 1.591957211494445801e-01 5.074645876884460449e-01 0.000000000000000000e+00 1.000000000000000000e+00
6.334531021118164062e+01 2.270646667480468750e+02 2.038212127685546875e+02 8.530043363571166992e-01 1.164853125810623169e-01 5.087383985519409180e-01 0.000000000000000000e+00 1.000000000000000000e+00
6.394657135009765625e+01 2.271467742919921875e+02 2.041798095703125000e+02 8.570961356163024902e-01 8.532248437404632568e-02 5.080416202545166016e-01 0.000000000000000000e+00 1.000000000000000000e+00
6.454114532470703125e+01 2.272059631347656250e+02 2.045322418212890625e+02 8.570961356163024902e-01 8.532248437404632568e-02 5.080416202545166016e-01 0.000000000000000000e+00 1.000000000000000000e+00
