1.142843246459960938e+02 1.824936523437500000e+02 1.908518218994140625e+02 -6.023486256599426270e-01 -2.332006245851516724e-01 7.634091973304748535e-01 0.000000000000000000e+00 1.000000000000000000e+00
1.146836166381835938e+02 1.826482391357421875e+02 1.903457641601562500e+02 -6.335324048995971680e-01 -2.130940854549407959e-01 7.437926530838012695e-01 0.000000000000000000e+00 1.000000000000000000e+00
1.151131744384765625e+02 1.827927246093750000e+02 1.898414459228515625e+02 -6.674353480339050293e-01 -2.050063461065292358e-01 7.158927321434020996e-01 0.000000000000000000e+00 1.000000000000000000e+00
1.155788040161132812e+02 1.829357452392578125e+02 1.893420104980468750e+02 -7.012085318565368652e-01 -2.084496021270751953e-01 6.818030476570129395e-01 0.000000000000000000e+00 1.000000000000000000e+00
1.160827560424804688e+02 1.830855560302734375e+02 1.888520050048828125e+02 -7.322826981544494629e-01 -2.224496454000473022e-01 6.436444520950317383e-01 0.000000000000000000e+00 1.000000000000000000e+00
1.166224822998046875e+02 1.832495117187500000e+02 1.883776092529296875e+02 -7.584889531135559082e-01 -2.464190572500228882e-01 6.033011078834533691e-01 0.000000000000000000e+00 1.000000000000000000e+00
1.171908798217773438e+02 1.834341735839843750e+02 1.879255065917968750e+02 -7.788261175155639648e-01 -2.787931263446807861e-01 5.618757009506225586e-01 0.000000000000000000e+00 1.000000000000000000e+00
1.177782287597656250e+02 1.836444244384765625e+02 1.875017700195312500e+02 -7.928534746170043945e-01 -3.176722824573516846e-01 5.200650095939636230e-01 0.000000000000000000e+00 1.000000000000000000e+00
1.183752593994140625e+02 1.838836364746093750e+02 1.871101531982421875e+02 -8.007988929748535156e-01 -3.592981398105621338e-01 4.791930615901947021e-01 0.000000000000000000e+00 1.000000000000000000e+00
1.189756469726562500e+02 1.841530151367187500e+02 1.867508850097656250e+02 -8.033712506294250488e-01 -3.994189798831939697e-01 4.416550397872924805e-01 0.000000000000000000e+00 1.000000000000000000e+00
1.195773086547851562e+02 1.844521484375000000e+02 1.864201202392578125e+02 -8.021314740180969238e-01 -4.340255558490753174e-01 4.101303219795227051e-01 0.000000000000000000e+00 1.000000000000000000e+00
1.201812133789062500e+02 1.847789154052734375e+02 1.861113433837890625e+02 -7.987756133079528809e-01 -4.611729383468627930e-01 3.863637745380401611e-01 0.000000000000000000e+00 1.000000000000000000e+00
1.207897415161132812e+02 1.851302490234375000e+02 1.858170013427734375e+02 -7.941816449165344238e-01 -4.819106757640838623e-01 3.701858818531036377e-01 0.000000000000000000e+00 1.000000000000000000e+00
1.214037628173828125e+02 1.855028381347656250e+02 1.855307922363281250e+02 -7.885476350784301758e-01 -4.986811578273773193e-01 3.598746061325073242e-01 0.000000000000000000e+00 1.000000000000000000e+00
1.220204315185546875e+02 1.858928222656250000e+02 1.852493591308593750e+02 -7.813417911529541016e-01 -5.145412087440490723e-01 3.532031476497650146e-01 0.000000000000000000e+00 1.000000000000000000e+00
1.226328125000000000e+02 1.862960968017578125e+02 1.849725341796875000e+02 -7.716481089591979980e-01 -5.325397849082946777e-01 3.477939367294311523e-01 0.000000000000000000e+00 1.000000000000000000e+00
1.232308197021484375e+02 1.867088012695312500e+02 1.847030029296875000e+02 -7.587972283363342285e-01 -5.541598200798034668e-01 3.422478437423706055e-01 0.000000000000000000e+00 1.000000000000000000e+00
1.238038024902343750e+02 1.871272583007812500e+02 1.844445648193359375e+02 -7.420493364334106445e-01 -5.803749561309814453e-01 3.354512751102447510e-01 0.000000000000000000e+00 1.000000000000000000e+00
1.243436279296875000e+02 1.875494689941406250e+02 1.842005310058593750e+02 -7.218909859657287598e-01 -6.096910834312438965e-01 3.273380100727081299e-01 0.000000000000000000e+00 1.000000000000000000e+00
1.248473129272460938e+02 1.879748687744140625e+02 1.839721374511718750e+02 -6.996204853057861328e-01 -6.395394802093505859e-01 3.186226189136505127e-01 0.000000000000000000e+00 1.000000000000000000e+00
1.253172836303710938e+02 1.884044799804687500e+02 1.837581024169921875e+02 -6.781718730926513672e-01 -6.662589311599731445e-01 3.101320862770080566e-01 0.000000000000000000e+00 1.000000000000000000e+00
1.257607269287109375e+02 1.888401336669921875e+02 1.835553131103515625e+02 -6.606003642082214355e-01 -6.865093111991882324e-01 3.038290739059448242e-01 0.000000000000000000e+00 1.000000000000000000e+00
1.261865463256835938e+02 1.892826538085937500e+02 1.833594665527343750e+02 -6.489568352699279785e-01 -6.991967558860778809e-01 2.999649345874786377e-01 0.000000000000000000e+00 1.000000000000000000e+00
1.266029205322265625e+02 1.897312622070312500e+02 1.831670074462890625e+02 -6.433824896812438965e-01 -7.047873139381408691e-01 2.988874912261962891e-01 0.000000000000000000e+00 1.000000000000000000e+00
1.270155639648437500e+02 1.901832885742187500e+02 1.829753112792968750e+02 -6.429905295372009277e-01 -7.047211527824401855e-01 2.998853921890258789e-01 0.000000000000000000e+00 1.000000000000000000e+00
1.274279251098632812e+02 1.906352386474609375e+02 1.827829895019531250e+02 -6.466599702835083008e-01 -7.001848816871643066e-01 3.026087582111358643e-01 0.000000000000000000e+00 1.000000000000000000e+00
1.278419723510742188e+02 1.910835571289062500e+02 1.825892333984375000e+02 -6.534727811813354492e-01 -6.921386122703552246e-01 3.064598143100738525e-01 0.000000000000000000e+00 1.000000000000000000e+00
1.282593536376953125e+02 1.915256347656250000e+02 1.823934936523437500e+02 -6.632457971572875977e-01 -6.805226802825927734e-01 3.114386200904846191e-01 0.000000000000000000e+00 1.000000000000000000e+00
1.286822814941406250e+02 1.919595794677734375e+02 1.821949005126953125e+02 -6.756929159164428711e-01 -6.654456853866577148e-01 3.172083795070648193e-01 0.000000000000000000e+00 1.000000000000000000e+00
1.291129150390625000e+02 1.923836822509765625e+02 1.819927368164062500e+02 -6.906191706657409668e-01 -6.468136906623840332e-01 3.235384821891784668e-01 0.000000000000000000e+00 1.000000000000000000e+00
1.295531463623046875e+02 1.927959899902343750e+02 1.817864990234375000e+02 -7.074751853942871094e-01 -6.249519586563110352e-01 3.300208449363708496e-01 0.000000000000000000e+00 1.000000000000000000e+00
1.300035400390625000e+02 1.931938476562500000e+02 1.815764007568359375e+02 -7.253566980361938477e-01 -6.006454229354858398e-01 3.362776935100555420e-01 0.000000000000000000e+00 1.000000000000000000e+00
1.304634399414062500e+02 1.935746765136718750e+02 1.813631896972656250e+02 -7.430150508880615234e-01 -5.750045776367187500e-01 3.424884080886840820e-01 0.000000000000000000e+00 1.000000000000000000e+00
1.309314880371093750e+02 1.939368896484375000e+02 1.811474456787109375e+02 -7.591676712036132812e-01 -5.498717427253723145e-01 3.482895195484161377e-01 0.000000000000000000e+00 1.000000000000000000e+00
1.314060363769531250e+02 1.942806091308593750e+02 1.809297332763671875e+02 -7.725069522857666016e-01 -5.271776318550109863e-01 3.540011346340179443e-01 0.000000000000000000e+00 1.000000000000000000e+00
1.318853607177734375e+02 1.946077117919921875e+02 1.807100830078125000e+02 -7.827410101890563965e-01 -5.082026720046997070e-01 3.592305183410644531e-01 0.000000000000000000e+00 1.000000000000000000e+00
1.323680877685546875e+02 1.949211273193359375e+02 1.804885406494140625e+02 -7.892794609069824219e-01 -4.941724538803100586e-01 3.644605875015258789e-01 0.000000000000000000e+00 1.000000000000000000e+00
1.328527526855468750e+02 1.952245788574218750e+02 1.802647399902343750e+02 -7.919934391975402832e-01 -4.856283664703369141e-01 3.700156211853027344e-01 0.000000000000000000e+00 1.000000000000000000e+00
1.333376617431640625e+02 1.955219116210937500e+02 1.800381927490234375e+02 -7.907006144523620605e-01 -4.820918738842010498e-01 3.773327171802520752e-01 0.000000000000000000e+00 1.000000000000000000e+00
1.338208007812500000e+02 1.958164825439453125e+02 1.798076324462890625e+02 -7.851534485816955566e-01 -4.831021130084991455e-01 3.874871134757995605e-01 0.000000000000000000e+00 1.000000000000000000e+00
1.342998199462890625e+02 1.961112213134765625e+02 1.795712280273437500e+02 -7.751142382621765137e-01 -4.878885447978973389e-01 4.014507234096527100e-01 0.000000000000000000e+00 1.000000000000000000e+00
1.347727050781250000e+02 1.964088745117187500e+02 1.793263092041015625e+02 -7.615578770637512207e-01 -4.942297935485839844e-01 4.192450940608978271e-01 0.000000000000000000e+00 1.000000000000000000e+00
1.352380828857421875e+02 1.967108917236328125e+02 1.790701141357421875e+02 -7.460713982582092285e-01 -4.998524188995361328e-01 4.399149119853973389e-01 0.000000000000000000e+00 1.000000000000000000e+00
1.356956329345703125e+02 1.970174407958984375e+02 1.788003234863281250e+02 -7.308835983276367188e-01 -5.025164484977722168e-01 4.618293941020965576e-01 0.000000000000000000e+00 1.000000000000000000e+00
1.361465301513671875e+02 1.973274536132812500e+02 1.785154113769531250e+02 -7.179983258247375488e-01 -5.001270174980163574e-01 4.840984344482421875e-01 0.000000000000000000e+00 1.000000000000000000e+00
1.365928649902343750e+02 1.976383514404296875e+02 1.782144775390625000e+02 -7.082658410072326660e-01 -4.918046593666076660e-01 5.064461827278137207e-01 0.000000000000000000e+00 1.000000000000000000e+00
1.370372161865234375e+02 1.979468994140625000e+02 1.778967437744140625e+02 -7.006313800811767578e-01 -4.780311882495880127e-01 5.297186970710754395e-01 0.000000000000000000e+00 1.000000000000000000e+00
1.374817047119140625e+02 1.982501678466796875e+02 1.775606842041015625e+02 -6.931858658790588379e-01 -4.605037569999694824e-01 5.544633269309997559e-01 0.000000000000000000e+00 1.000000000000000000e+00
1.379278259277343750e+02 1.985465393066406250e+02 1.772038421630859375e+02 -6.833935976028442383e-01 -4.418083429336547852e-01 5.811871290206909180e-01 0.000000000000000000e+00 1.000000000000000000e+00
1.383758239746093750e+02 1.988361663818359375e+02 1.768228454589843750e+02 -6.687346100807189941e-01 -4.249604344367980957e-01 6.100840568542480469e-01 0.000000000000000000e+00 1.000000000000000000e+00
1.388241729736328125e+02 1.991210784912109375e+02 1.764138183593750000e+02 -6.468517184257507324e-01 -4.137413799762725830e-01 6.406253576278686523e-01 0.000000000000000000e+00 1.000000000000000000e+00
1.392680358886718750e+02 1.994049835205078125e+02 1.759742279052734375e+02 -6.162386536598205566e-01 -4.099256694316864014e-01 6.724662780761718750e-01 0.000000000000000000e+00 1.000000000000000000e+00
1.396998291015625000e+02 1.996922149658203125e+02 1.755030364990234375e+02 -5.747330188751220703e-01 -4.156743288040161133e-01 7.049090862274169922e-01 0.000000000000000000e+00 1.000000000000000000e+00
1.401082153320312500e+02 1.999875793457031250e+02 1.750021514892578125e+02 -5.205774307250976562e-01 -4.334394931793212891e-01 7.356148958206176758e-01 0.000000000000000000e+00 1.000000000000000000e+00
1.404788665771484375e+02 2.002961883544921875e+02 1.744783935546875000e+02 -4.512249529361724854e-01 -4.661918282508850098e-01 7.609607577323913574e-01 0.000000000000000000e+00 1.000000000000000000e+00
1.407953643798828125e+02 2.006231842041015625e+02 1.739446411132812500e+02 -3.637465238571166992e-01 -5.174251198768615723e-01 7.745706439018249512e-01 0.000000000000000000e+00 1.000000000000000000e+00
1.410415344238281250e+02 2.009733581542968750e+02 1.734204406738281250e+02 -2.528077661991119385e-01 -5.903779268264770508e-01 7.665129303932189941e-01 0.000000000000000000e+00 1.000000000000000000e+00
1.412031860351562500e+02 2.013508605957031250e+02 1.729303131103515625e+02 -1.134231239557266235e-01 -6.829655766487121582e-01 7.215907573699951172e-01 0.000000000000000000e+00 1.000000000000000000e+00
1.412709350585937500e+02 2.017588043212890625e+02 1.724992980957031250e+02 5.024971067905426025e-02 -7.788569927215576172e-01 6.251854300498962402e-01 0.000000000000000000e+00 1.000000000000000000e+00
1.412425994873046875e+02 2.021979980468750000e+02 1.721467590332031250e+02 2.137546390295028687e-01 -8.503476381301879883e-01 4.808512032032012939e-01 0.000000000000000000e+00 1.000000000000000000e+00
1.411245880126953125e+02 2.026674652099609375e+02 1.718812866210937500e+02 3.428593277931213379e-01 -8.814527392387390137e-01 3.247898817062377930e-01 0.000000000000000000e+00 1.000000000000000000e+00
1.409311828613281250e+02 2.031646881103515625e+02 1.716980743408203125e+02 4.225152730941772461e-01 -8.844346404075622559e-01 1.981315612792968750e-01 0.000000000000000000e+00 1.000000000000000000e+00
1.406816711425781250e+02 2.036869812011718750e+02 1.715810699462890625e+02 4.609069228172302246e-01 -8.794811367988586426e-01 1.186497882008552551e-01 0.000000000000000000e+00 1.000000000000000000e+00
1.403960876464843750e+02 2.042319183349609375e+02 1.715075531005859375e+02 4.721866250038146973e-01 -8.776491880416870117e-01 8.229145407676696777e-02 0.000000000000000000e+00 1.000000000000000000e+00
1.400920104980468750e+02 2.047971038818359375e+02 1.714545593261718750e+02 4.680766463279724121e-01 -8.802342414855957031e-01 7.805123925209045410e-02 0.000000000000000000e+00 1.000000000000000000e+00
1.397825317382812500e+02 2.053790893554687500e+02 1.714029541015625000e+02 4.564868807792663574e-01 -8.848164081573486328e-01 9.337956458330154419e-02 0.000000000000000000e+00 1.000000000000000000e+00
1.394767761230468750e+02 2.059717407226562500e+02 1.713404083251953125e+02 4.428009092807769775e-01 -8.887048363685607910e-01 1.188742592930793762e-01 0.000000000000000000e+00 1.000000000000000000e+00
1.391806488037109375e+02 2.065660705566406250e+02 1.712609100341796875e+02 4.296953380107879639e-01 -8.908482193946838379e-01 1.474834233522415161e-01 0.000000000000000000e+00 1.000000000000000000e+00
1.388984375000000000e+02 2.071511535644531250e+02 1.711640472412109375e+02 4.191104173660278320e-01 -8.905104398727416992e-01 1.770245432853698730e-01 0.000000000000000000e+00 1.000000000000000000e+00
1.386325531005859375e+02 2.077160949707031250e+02 1.710517425537109375e+02 4.111295640468597412e-01 -8.878036737442016602e-01 2.068262249231338501e-01 0.000000000000000000e+00 1.000000000000000000e+00
1.383838958740234375e+02 2.082530517578125000e+02 1.709266510009765625e+02 4.076978564262390137e-01 -8.818468451499938965e-01 2.369148731231689453e-01 0.000000000000000000e+00 1.000000000000000000e+00
1.381500396728515625e+02 2.087588806152343750e+02 1.707907562255859375e+02 4.102420210838317871e-01 -8.708695769309997559e-01 2.707172334194183350e-01 0.000000000000000000e+00 1.000000000000000000e+00
1.379261627197265625e+02 2.092341308593750000e+02 1.706430206298828125e+02 4.208865463733673096e-01 -8.513624668121337891e-01 3.131077289581298828e-01 0.000000000000000000e+00 1.000000000000000000e+00
1.377051544189453125e+02 2.096811828613281250e+02 1.704786071777343750e+02 4.414219260215759277e-01 -8.184413909912109375e-01 3.678318560123443604e-01 0.000000000000000000e+00 1.000000000000000000e+00
1.374778900146484375e+02 2.101025543212890625e+02 1.702892303466796875e+02 4.709175229072570801e-01 -7.678670287132263184e-01 4.343004524707794189e-01 0.000000000000000000e+00 1.000000000000000000e+00
1.372343597412109375e+02 2.104996490478515625e+02 1.700646362304687500e+02 5.049408674240112305e-01 -7.002559900283813477e-01 5.046547055244445801e-01 0.000000000000000000e+00 1.000000000000000000e+00
1.369650878906250000e+02 2.108730773925781250e+02 1.697955169677734375e+02 5.380793213844299316e-01 -6.243566274642944336e-01 5.662592649459838867e-01 0.000000000000000000e+00 1.000000000000000000e+00
1.366626586914062500e+02 2.112239990234375000e+02 1.694772491455078125e+02 5.669716000556945801e-01 -5.542045831680297852e-01 6.094263195991516113e-01 0.000000000000000000e+00 1.000000000000000000e+00
1.363231658935546875e+02 2.115558471679687500e+02 1.691123352050781250e+02 5.915755033493041992e-01 -5.010353326797485352e-01 6.316660046577453613e-01 0.000000000000000000e+00 1.000000000000000000e+00
1.359476013183593750e+02 2.118739318847656250e+02 1.687113189697265625e+02 6.132249236106872559e-01 -4.699254333972930908e-01 6.349215507507324219e-01 0.000000000000000000e+00 1.000000000000000000e+00
1.355417785644531250e+02 2.121849212646484375e+02 1.682911376953125000e+02 -6.329864263534545898e-01 4.596867859363555908e-01 -6.229095458984375000e-01 0.000000000000000000e+00 1.000000000000000000e+00
1.351152496337890625e+02 2.124946746826171875e+02 1.678713989257812500e+02 -6.510108113288879395e-01 4.666678607463836670e-01 -5.986701846122741699e-01 0.000000000000000000e+00 1.000000000000000000e+00
1.346793060302734375e+02 2.128071746826171875e+02 1.674705047607421875e+02 -6.667773127555847168e-01 4.862361848354339600e-01 -5.647852420806884766e-01 0.000000000000000000e+00 1.000000000000000000e+00
1.342448730468750000e+02 2.131239776611328125e+02 1.671025238037109375e+02 -6.795931458473205566e-01 5.133193135261535645e-01 -5.240766406059265137e-01 0.000000000000000000e+00 1.000000000000000000e+00
1.338207244873046875e+02 2.134443511962890625e+02 1.667754364013671875e+02 -6.886364221572875977e-01 5.443357229232788086e-01 -4.790391027927398682e-01 0.000000000000000000e+00 1.000000000000000000e+00
1.334121398925781250e+02 2.137673187255859375e+02 1.664912109375000000e+02 -6.934506297111511230e-01 5.756040811538696289e-01 -4.333660900592803955e-01 0.000000000000000000e+00 1.000000000000000000e+00
1.330208435058593750e+02 2.140921173095703125e+02 1.662466735839843750e+02 -6.936725974082946777e-01 6.054940819740295410e-01 -3.901221156120300293e-01 0.000000000000000000e+00 1.000000000000000000e+00
1.326453704833984375e+02 2.144198608398437500e+02 1.660355072021484375e+02 -6.884593367576599121e-01 6.345980167388916016e-01 -3.511538803577423096e-01 0.000000000000000000e+00 1.000000000000000000e+00
1.322820129394531250e+02 2.147547912597656250e+02 1.658501739501953125e+02 -6.764690876007080078e-01 6.645945906639099121e-01 -3.173383474349975586e-01 0.000000000000000000e+00 1.000000000000000000e+00
1.319256134033203125e+02 2.151049346923828125e+02 1.656829833984375000e+02 -6.565286517143249512e-01 6.976677179336547852e-01 -2.867576777935028076e-01 0.000000000000000000e+00 1.000000000000000000e+00
1.315713043212890625e+02 2.154814453125000000e+02 1.655282287597656250e+02 -6.278232336044311523e-01 7.349147796630859375e-01 -2.563950419425964355e-01 0.000000000000000000e+00 1.000000000000000000e+00
1.312154541015625000e+02 2.158979949951171875e+02 1.653829040527343750e+02 -5.911881923675537109e-01 7.747982740402221680e-01 -2.240183502435684204e-01 0.000000000000000000e+00 1.000000000000000000e+00
1.308567047119140625e+02 2.163681640625000000e+02 1.652469635009765625e+02 -5.489187836647033691e-01 8.140432834625244141e-01 -1.897936761379241943e-01 0.000000000000000000e+00 1.000000000000000000e+00
1.304969024658203125e+02 2.169017486572265625e+02 1.651225585937500000e+02 -5.041928291320800781e-01 8.494433164596557617e-01 -1.556783169507980347e-01 0.000000000000000000e+00 1.000000000000000000e+00
1.301409912109375000e+02 2.175013732910156250e+02 1.650126647949218750e+02 -4.598447382450103760e-01 8.792943954467773438e-01 -1.240327805280685425e-01 0.000000000000000000e+00 1.000000000000000000e+00
1.297960205078125000e+02 2.181610107421875000e+02 1.649196166992187500e+02 -4.181552231311798096e-01 9.031441807746887207e-01 -9.734944254159927368e-02 0.000000000000000000e+00 1.000000000000000000e+00
1.294694213867187500e+02 2.188664093017578125e+02 1.648435821533203125e+02 -3.806124925613403320e-01 9.214909076690673828e-01 -7.738634198904037476e-02 0.000000000000000000e+00 1.000000000000000000e+00
1.291670532226562500e+02 2.195984649658203125e+02 1.647821044921875000e+02 -3.481163978576660156e-01 9.351649284362792969e-01 -6.543338298797607422e-02 0.000000000000000000e+00 1.000000000000000000e+00
1.288916931152343750e+02 2.203381805419921875e+02 1.647303466796875000e+02 -3.211649060249328613e-01 9.450163841247558594e-01 -6.162079796195030212e-02 0.000000000000000000e+00 1.000000000000000000e+00
1.286429290771484375e+02 2.210701599121093750e+02 1.646826171875000000e+02 -2.997057437896728516e-01 9.517783522605895996e-01 -6.553208082914352417e-02 0.000000000000000000e+00 1.000000000000000000e+00
1.284176635742187500e+02 2.217855377197265625e+02 1.646333618164062500e+02 -2.828456759452819824e-01 9.561302065849304199e-01 -7.624498754739761353e-02 0.000000000000000000e+00 1.000000000000000000e+00
1.282115631103515625e+02 2.224822387695312500e+02 1.645778045654296875e+02 -2.692678570747375488e-01 9.585772156715393066e-01 -9.286800771951675415e-02 0.000000000000000000e+00 1.000000000000000000e+00
1.280201263427734375e+02 2.231637420654296875e+02 1.645117797851562500e+02 -2.579224407672882080e-01 9.593027234077453613e-01 -1.149536296725273132e-01 0.000000000000000000e+00 1.000000000000000000e+00
1.278391876220703125e+02 2.238367156982421875e+02 1.644311370849609375e+02 -2.481083571910858154e-01 9.582716226577758789e-01 -1.419782489538192749e-01 0.000000000000000000e+00 1.000000000000000000e+00
1.276651992797851562e+02 2.245087127685546875e+02 1.643315734863281250e+02 -2.400778532028198242e-01 9.552589654922485352e-01 -1.727511286735534668e-01 0.000000000000000000e+00 1.000000000000000000e+00
1.274948120117187500e+02 2.251866760253906250e+02 1.642089691162109375e+02 -2.342896461486816406e-01 9.503618478775024414e-01 -2.047454863786697388e-01 0.000000000000000000e+00 1.000000000000000000e+00
1.273250427246093750e+02 2.258753204345703125e+02 1.640606079101562500e+02 -2.308741807937622070e-01 9.441331028938293457e-01 -2.351802736520767212e-01 0.000000000000000000e+00 1.000000000000000000e+00
1.271536483764648438e+02 2.265762176513671875e+02 1.638860168457031250e+02 -2.300104945898056030e-01 9.375790357589721680e-01 -2.608459591865539551e-01 0.000000000000000000e+00 1.000000000000000000e+00
1.269789352416992188e+02 2.272883911132812500e+02 1.636878814697265625e+02 -2.316360175609588623e-01 9.316873550415039062e-01 -2.798274159431457520e-01 0.000000000000000000e+00 1.000000000000000000e+00
1.267995758056640625e+02 2.280098114013671875e+02 1.634712066650390625e+02 -2.356175780296325684e-01 9.272409677505493164e-01 -2.910473048686981201e-01 0.000000000000000000e+00 1.000000000000000000e+00
1.266144943237304688e+02 2.287381744384765625e+02 1.632425842285156250e+02 -2.415338456630706787e-01 9.247174859046936035e-01 -2.942090928554534912e-01 0.000000000000000000e+00 1.000000000000000000e+00
1.264226455688476562e+02 2.294726715087890625e+02 1.630088958740234375e+02 -2.488818168640136719e-01 9.242307543754577637e-01 -2.895778417587280273e-01 0.000000000000000000e+00 1.000000000000000000e+00
1.262229003906250000e+02 2.302144317626953125e+02 1.627764892578125000e+02 -2.567002773284912109e-01 9.256508350372314453e-01 -2.779846787452697754e-01 0.000000000000000000e+00 1.000000000000000000e+00
1.260144882202148438e+02 2.309659576416015625e+02 1.625507965087890625e+02 -2.635552287101745605e-01 9.288579225540161133e-01 -2.603108286857604980e-01 0.000000000000000000e+00 1.000000000000000000e+00
1.257975692749023438e+02 2.317304534912109375e+02 1.623365478515625000e+02 -2.680255174636840820e-01 9.338157773017883301e-01 -2.369604110717773438e-01 0.000000000000000000e+00 1.000000000000000000e+00
1.255736312866210938e+02 2.325106658935546875e+02 1.621385650634765625e+02 -2.686589956283569336e-01 9.403828978538513184e-01 -2.085723727941513062e-01 0.000000000000000000e+00 1.000000000000000000e+00
1.253456573486328125e+02 2.333086395263671875e+02 1.619615783691406250e+02 -2.641690075397491455e-01 9.483234882354736328e-01 -1.757761687040328979e-01 0.000000000000000000e+00 1.000000000000000000e+00
1.251180572509765625e+02 2.341256866455078125e+02 1.618101348876953125e+02 -2.536776363849639893e-01 9.571068286895751953e-01 -1.399793177843093872e-01 0.000000000000000000e+00 1.000000000000000000e+00
1.248961715698242188e+02 2.349628448486328125e+02 1.616876983642578125e+02 -2.364741116762161255e-01 9.661307930946350098e-01 -1.033017560839653015e-01 0.000000000000000000e+00 1.000000000000000000e+00
1.246861038208007812e+02 2.358210906982421875e+02 1.615959320068359375e+02 -2.120101898908615112e-01 9.748578667640686035e-01 -6.858406960964202881e-02 0.000000000000000000e+00 1.000000000000000000e+00
1.244948348999023438e+02 2.367005767822265625e+02 1.615340576171875000e+02 -1.798175275325775146e-01 9.829547405242919922e-01 -3.828351944684982300e-02 0.000000000000000000e+00 1.000000000000000000e+00
1.243302078247070312e+02 2.376004943847656250e+02 1.614990081787109375e+02 -1.390581279993057251e-01 9.901880621910095215e-01 -1.380041614174842834e-02 0.000000000000000000e+00 1.000000000000000000e+00
1.242013626098632812e+02 2.385179595947265625e+02 1.614862213134765625e+02 -8.929382264614105225e-02 9.959928393363952637e-01 4.987568128854036331e-03 0.000000000000000000e+00 1.000000000000000000e+00
1.241180419921875000e+02 2.394473266601562500e+02 1.614908752441406250e+02 -3.020853921771049500e-02 9.993501305580139160e-01 1.966497488319873810e-02 0.000000000000000000e+00 1.000000000000000000e+00
1.240898437500000000e+02 2.403801727294921875e+02 1.615092315673828125e+02 3.704221546649932861e-02 9.987727403640747070e-01 3.287517279386520386e-02 0.000000000000000000e+00 1.000000000000000000e+00
1.241241607666015625e+02 2.413054656982421875e+02 1.615396881103515625e+02 1.102083399891853333e-01 9.927876591682434082e-01 4.718789085745811462e-02 0.000000000000000000e+00 1.000000000000000000e+00
1.242245864868164062e+02 2.422101287841796875e+02 1.615826873779296875e+02 1.859170496463775635e-01 9.804290533065795898e-01 6.475878506898880005e-02 0.000000000000000000e+00 1.000000000000000000e+00
1.243895187377929688e+02 2.430798950195312500e+02 1.616401367187500000e+02 2.612480819225311279e-01 9.613915085792541504e-01 8.646263927221298218e-02 0.000000000000000000e+00 1.000000000000000000e+00
1.246123886108398438e+02 2.439000549316406250e+02 1.617138977050781250e+02 3.339838683605194092e-01 9.358976483345031738e-01 1.120286807417869568e-01 0.000000000000000000e+00 1.000000000000000000e+00
1.248826904296875000e+02 2.446575012207031250e+02 1.618045654296875000e+02 4.030376076698303223e-01 9.043697118759155273e-01 1.402710676193237305e-01 0.000000000000000000e+00 1.000000000000000000e+00
1.251880111694335938e+02 2.453426055908203125e+02 1.619108276367187500e+02 4.684164822101593018e-01 8.671858310699462891e-01 1.690404713153839111e-01 0.000000000000000000e+00 1.000000000000000000e+00
1.255167160034179688e+02 2.459511413574218750e+02 1.620294494628906250e+02 5.290967226028442383e-01 8.256783485412597656e-01 1.957339793443679810e-01 0.000000000000000000e+00 1.000000000000000000e+00
1.258593521118164062e+02 2.464858398437500000e+02 1.621562042236328125e+02 5.836984515190124512e-01 7.820564508438110352e-01 2.183663994073867798e-01 0.000000000000000000e+00 1.000000000000000000e+00
1.262101211547851562e+02 2.469558105468750000e+02 1.622874298095703125e+02 6.303016543388366699e-01 7.398215532302856445e-01 2.353377640247344971e-01 0.000000000000000000e+00 1.000000000000000000e+00
1.265671386718750000e+02 2.473748626708984375e+02 1.624207305908203125e+02 6.676775813102722168e-01 7.024101614952087402e-01 2.466305792331695557e-01 0.000000000000000000e+00 1.000000000000000000e+00
1.269321823120117188e+02 2.477588958740234375e+02 1.625555725097656250e+02 6.955115199089050293e-01 6.722022294998168945e-01 2.537874579429626465e-01 0.000000000000000000e+00 1.000000000000000000e+00
1.273096237182617188e+02 2.481236877441406250e+02 1.626932983398437500e+02 7.134549021720886230e-01 6.504685282707214355e-01 2.605239450931549072e-01 0.000000000000000000e+00 1.000000000000000000e+00
1.277042999267578125e+02 2.484835205078125000e+02 1.628374176025390625e+02 7.204944491386413574e-01 6.383658647537231445e-01 2.708813250064849854e-01 0.000000000000000000e+00 1.000000000000000000e+00
1.281190032958984375e+02 2.488509521484375000e+02 1.629933319091796875e+02 7.144187092781066895e-01 6.372598409652709961e-01 2.889738082885742188e-01 0.000000000000000000e+00 1.000000000000000000e+00
1.285514678955078125e+02 2.492367095947265625e+02 1.631682586669921875e+02 6.927933692932128906e-01 6.478675007820129395e-01 3.167096674442291260e-01 0.000000000000000000e+00 1.000000000000000000e+00
1.289926605224609375e+02 2.496492919921875000e+02 1.633699493408203125e+02 6.528029441833496094e-01 6.693638563156127930e-01 3.546834886074066162e-01 0.000000000000000000e+00 1.000000000000000000e+00
1.294269256591796875e+02 2.500945739746093750e+02 1.636058959960937500e+02 5.926855802536010742e-01 6.988037228584289551e-01 4.004962146282196045e-01 0.000000000000000000e+00 1.000000000000000000e+00
1.298342895507812500e+02 2.505748748779296875e+02 1.638811645507812500e+02 5.132503509521484375e-01 7.310501933097839355e-01 4.495994448661804199e-01 0.000000000000000000e+00 1.000000000000000000e+00
1.301945495605468750e+02 2.510880126953125000e+02 1.641967468261718750e+02 4.181759953498840332e-01 7.607777714729309082e-01 4.963324964046478271e-01 0.000000000000000000e+00 1.000000000000000000e+00
1.304910736083984375e+02 2.516274719238281250e+02 1.645486907958984375e+02 3.140567243099212646e-01 7.838504314422607422e-01 5.356741547584533691e-01 0.000000000000000000e+00 1.000000000000000000e+00
1.307137298583984375e+02 2.521831970214843750e+02 1.649284667968750000e+02 2.075829505920410156e-01 7.987558245658874512e-01 5.647109150886535645e-01 0.000000000000000000e+00 1.000000000000000000e+00
1.308592834472656250e+02 2.527432708740234375e+02 1.653244323730468750e+02 1.034171059727668762e-01 8.060261011123657227e-01 5.827750563621520996e-01 0.000000000000000000e+00 1.000000000000000000e+00
1.309302215576171875e+02 2.532961578369140625e+02 1.657241821289062500e+02 4.198670852929353714e-03 8.072460889816284180e-01 5.902000069618225098e-01 0.000000000000000000e+00 1.000000000000000000e+00
1.309330139160156250e+02 2.538330230712890625e+02 1.661166992187500000e+02 -8.906126767396926880e-02 8.038807511329650879e-01 5.880848765373229980e-01 0.000000000000000000e+00 1.000000000000000000e+00
1.308758392333984375e+02 2.543490905761718750e+02 1.664942321777343750e+02 -1.750425398349761963e-01 7.975661158561706543e-01 5.772768259048461914e-01 0.000000000000000000e+00 1.000000000000000000e+00
1.307671051025390625e+02 2.548445281982421875e+02 1.668528289794921875e+02 -2.501848042011260986e-01 7.900387048721313477e-01 5.596842169761657715e-01 0.000000000000000000e+00 1.000000000000000000e+00
1.306156005859375000e+02 2.553229522705078125e+02 1.671917572021484375e+02 -3.109827637672424316e-01 7.836755514144897461e-01 5.377197265625000000e-01 0.000000000000000000e+00 1.000000000000000000e+00
1.304301757812500000e+02 2.557902221679687500e+02 1.675123748779296875e+02 -3.537539839744567871e-01 7.809824943542480469e-01 5.147080421447753906e-01 0.000000000000000000e+00 1.000000000000000000e+00
1.302205047607421875e+02 2.562531127929687500e+02 1.678174438476562500e+02 -3.761660456657409668e-01 7.839232683181762695e-01 4.939266145229339600e-01 0.000000000000000000e+00 1.000000000000000000e+00
1.299970245361328125e+02 2.567188415527343750e+02 1.681108856201171875e+02 -3.762174546718597412e-01 7.935618162155151367e-01 4.782468378543853760e-01 0.000000000000000000e+00 1.000000000000000000e+00
1.297711791992187500e+02 2.571952209472656250e+02 1.683979797363281250e+02 -3.532437086105346680e-01 8.090235590934753418e-01 4.697869718074798584e-01 0.000000000000000000e+00 1.000000000000000000e+00
1.295549163818359375e+02 2.576905212402343750e+02 1.686855926513671875e+02 -3.092972934246063232e-01 8.274832367897033691e-01 4.686220288276672363e-01 0.000000000000000000e+00 1.000000000000000000e+00
1.293596191406250000e+02 2.582130126953125000e+02 1.689814910888671875e+02 -2.497409135103225708e-01 8.449950218200683594e-01 4.728771150112152100e-01 0.000000000000000000e+00 1.000000000000000000e+00
1.291953277587890625e+02 2.587688903808593750e+02 1.692925720214843750e+02 -1.824511587619781494e-01 8.583387136459350586e-01 4.795479774475097656e-01 0.000000000000000000e+00 1.000000000000000000e+00
1.290694427490234375e+02 2.593611145019531250e+02 1.696234436035156250e+02 -1.153987422585487366e-01 8.667464852333068848e-01 4.852150678634643555e-01 0.000000000000000000e+00 1.000000000000000000e+00
1.289860229492187500e+02 2.599876708984375000e+02 1.699741973876953125e+02 -1.153987422585487366e-01 8.667464852333068848e-01 4.852150678634643555e-01 0.000000000000000000e+00 1.000000000000000000e+00
