2.873659362792968750e+02 3.468971557617187500e+02 1.944418945312500000e+02 5.804281830787658691e-01 1.388542950153350830e-01 -8.023855686187744141e-01 0.000000000000000000e+00 1.000000000000000000e+00
2.869346313476562500e+02 3.467939758300781250e+02 1.950381317138671875e+02 5.943322181701660156e-01 1.550534367561340332e-01 -7.891308665275573730e-01 0.000000000000000000e+00 1.000000000000000000e+00
2.864728088378906250e+02 3.466734924316406250e+02 1.956513214111328125e+02 6.021965742111206055e-01 1.655754894018173218e-01 -7.809891104698181152e-01 0.000000000000000000e+00 1.000000000000000000e+00
2.859903259277343750e+02 3.465408325195312500e+02 1.962770538330078125e+02 6.064302921295166016e-01 1.720763295888900757e-01 -7.762938141822814941e-01 0.000000000000000000e+00 1.000000000000000000e+00
2.854968872070312500e+02 3.464008178710937500e+02 1.969087066650390625e+02 6.079910397529602051e-01 1.770109981298446655e-01 -7.739599347114562988e-01 0.000000000000000000e+00 1.000000000000000000e+00
2.850011901855468750e+02 3.462565002441406250e+02 1.975397186279296875e+02 6.075748801231384277e-01 1.819552332162857056e-01 -7.731397747993469238e-01 0.000000000000000000e+00 1.000000000000000000e+00
2.845102233886718750e+02 3.461094665527343750e+02 1.981644744873046875e+02 6.057443618774414062e-01 1.875618100166320801e-01 -7.732363343238830566e-01 0.000000000000000000e+00 1.000000000000000000e+00
2.840289611816406250e+02 3.459604492187500000e+02 1.987788085937500000e+02 6.020918488502502441e-01 1.946258693933486938e-01 -7.743424177169799805e-01 0.000000000000000000e+00 1.000000000000000000e+00
2.835608825683593750e+02 3.458091430664062500e+02 1.993807983398437500e+02 5.964235663414001465e-01 2.024118304252624512e-01 -7.767292857170104980e-01 0.000000000000000000e+00 1.000000000000000000e+00
2.831080322265625000e+02 3.456554565429687500e+02 1.999705505371093750e+02 5.882747173309326172e-01 2.109476178884506226e-01 -7.806625962257385254e-01 0.000000000000000000e+00 1.000000000000000000e+00
2.826717834472656250e+02 3.454990234375000000e+02 2.005494689941406250e+02 5.776971578598022461e-01 2.200490683317184448e-01 -7.860307693481445312e-01 0.000000000000000000e+00 1.000000000000000000e+00
2.822526855468750000e+02 3.453393859863281250e+02 2.011197052001953125e+02 5.647068619728088379e-01 2.297257930040359497e-01 -7.926741242408752441e-01 0.000000000000000000e+00 1.000000000000000000e+00
2.818508911132812500e+02 3.451759338378906250e+02 2.016837005615234375e+02 5.494802594184875488e-01 2.405012100934982300e-01 -8.001441359519958496e-01 0.000000000000000000e+00 1.000000000000000000e+00
2.814664306640625000e+02 3.450076599121093750e+02 2.022435455322265625e+02 5.319593548774719238e-01 2.526784837245941162e-01 -8.081911206245422363e-01 0.000000000000000000e+00 1.000000000000000000e+00
2.810990600585937500e+02 3.448331604003906250e+02 2.028016815185546875e+02 5.115534067153930664e-01 2.665603160858154297e-01 -8.168590068817138672e-01 0.000000000000000000e+00 1.000000000000000000e+00
2.807487182617187500e+02 3.446506042480468750e+02 2.033611145019531250e+02 4.886131286621093750e-01 2.820056974887847900e-01 -8.256694078445434570e-01 0.000000000000000000e+00 1.000000000000000000e+00
2.804152832031250000e+02 3.444581604003906250e+02 2.039245605468750000e+02 4.636649787425994873e-01 2.983163297176361084e-01 -8.342794179916381836e-01 0.000000000000000000e+00 1.000000000000000000e+00
2.800989074707031250e+02 3.442546081542968750e+02 2.044938201904296875e+02 4.378132820129394531e-01 3.150823712348937988e-01 -8.420466780662536621e-01 0.000000000000000000e+00 1.000000000000000000e+00
2.798002929687500000e+02 3.440397033691406250e+02 2.050681457519531250e+02 4.133815169334411621e-01 3.311368823051452637e-01 -8.482122421264648438e-01 0.000000000000000000e+00 1.000000000000000000e+00
2.795197448730468750e+02 3.438149719238281250e+02 2.056437988281250000e+02 3.919965624809265137e-01 3.464134633541107178e-01 -8.522537350654602051e-01 0.000000000000000000e+00 1.000000000000000000e+00
2.792575683593750000e+02 3.435832824707031250e+02 2.062138061523437500e+02 3.753740191459655762e-01 3.599829375743865967e-01 -8.541115522384643555e-01 0.000000000000000000e+00 1.000000000000000000e+00
2.790126953125000000e+02 3.433484497070312500e+02 2.067709808349609375e+02 3.646465539932250977e-01 3.707779049873352051e-01 -8.541409373283386230e-01 0.000000000000000000e+00 1.000000000000000000e+00
2.787821960449218750e+02 3.431140747070312500e+02 2.073108978271484375e+02 3.597048223018646240e-01 3.763012290000915527e-01 -8.538206815719604492e-01 0.000000000000000000e+00 1.000000000000000000e+00
2.785612792968750000e+02 3.428829650878906250e+02 2.078352813720703125e+02 3.580313622951507568e-01 3.749172389507293701e-01 -8.551318645477294922e-01 0.000000000000000000e+00 1.000000000000000000e+00
2.783445129394531250e+02 3.426559753417968750e+02 2.083530120849609375e+02 3.553054928779602051e-01 3.671373426914215088e-01 -8.596326112747192383e-01 0.000000000000000000e+00 1.000000000000000000e+00
2.781273193359375000e+02 3.424315490722656250e+02 2.088784942626953125e+02 3.478392064571380615e-01 3.564195036888122559e-01 -8.671637773513793945e-01 0.000000000000000000e+00 1.000000000000000000e+00
2.779071044921875000e+02 3.422059020996093750e+02 2.094274902343750000e+02 3.334607481956481934e-01 3.471758961677551270e-01 -8.765116930007934570e-01 0.000000000000000000e+00 1.000000000000000000e+00
2.776845092773437500e+02 3.419741516113281250e+02 2.100125885009765625e+02 3.127659261226654053e-01 3.429737985134124756e-01 -8.857463598251342773e-01 0.000000000000000000e+00 1.000000000000000000e+00
2.774630126953125000e+02 3.417312622070312500e+02 2.106398620605468750e+02 2.887093722820281982e-01 3.444094359874725342e-01 -8.933247327804565430e-01 0.000000000000000000e+00 1.000000000000000000e+00
2.772472534179687500e+02 3.414738769531250000e+02 2.113074645996093750e+02 2.628764510154724121e-01 3.497838973999023438e-01 -8.991925120353698730e-01 0.000000000000000000e+00 1.000000000000000000e+00
2.770424194335937500e+02 3.412013244628906250e+02 2.120081176757812500e+02 2.372026294469833374e-01 3.564707934856414795e-01 -9.036943912506103516e-01 0.000000000000000000e+00 1.000000000000000000e+00
2.768524475097656250e+02 3.409158325195312500e+02 2.127318725585937500e+02 2.130775302648544312e-01 3.621754944324493408e-01 -9.074286818504333496e-01 0.000000000000000000e+00 1.000000000000000000e+00
2.766792602539062500e+02 3.406214599609375000e+02 2.134694213867187500e+02 1.921668797731399536e-01 3.653450906276702881e-01 -9.108209013938903809e-01 0.000000000000000000e+00 1.000000000000000000e+00
2.765223693847656250e+02 3.403231811523437500e+02 2.142130432128906250e+02 1.765393614768981934e-01 3.658545911312103271e-01 -9.137747883796691895e-01 0.000000000000000000e+00 1.000000000000000000e+00
2.763785705566406250e+02 3.400251770019531250e+02 2.149573516845703125e+02 1.686526238918304443e-01 3.641192018985748291e-01 -9.159550070762634277e-01 0.000000000000000000e+00 1.000000000000000000e+00
2.762420959472656250e+02 3.397305297851562500e+02 2.156985473632812500e+02 1.700889319181442261e-01 3.618290126323699951e-01 -9.165967106819152832e-01 0.000000000000000000e+00 1.000000000000000000e+00
2.761056823730468750e+02 3.394403381347656250e+02 2.164336700439453125e+02 1.818942874670028687e-01 3.591748774051666260e-01 -9.153730869293212891e-01 0.000000000000000000e+00 1.000000000000000000e+00
2.759613037109375000e+02 3.391552429199218750e+02 2.171602478027343750e+02 2.023740410804748535e-01 3.559823334217071533e-01 -9.123165011405944824e-01 0.000000000000000000e+00 1.000000000000000000e+00
2.758024902343750000e+02 3.388758850097656250e+02 2.178761901855468750e+02 2.296096235513687134e-01 3.512787222862243652e-01 -9.076798558235168457e-01 0.000000000000000000e+00 1.000000000000000000e+00
2.756243591308593750e+02 3.386033630371093750e+02 2.185803680419921875e+02 2.610613405704498291e-01 3.447123765945434570e-01 -9.016763567924499512e-01 0.000000000000000000e+00 1.000000000000000000e+00
2.754241638183593750e+02 3.383390197753906250e+02 2.192718200683593750e+02 2.949466705322265625e-01 3.361610174179077148e-01 -8.944284319877624512e-01 0.000000000000000000e+00 1.000000000000000000e+00
2.752007446289062500e+02 3.380843811035156250e+02 2.199493408203125000e+02 -3.305436372756958008e-01 -3.262593448162078857e-01 8.856047391891479492e-01 0.000000000000000000e+00 1.000000000000000000e+00
2.749535217285156250e+02 3.378403625488281250e+02 2.206117095947265625e+02 -3.684072494506835938e-01 -3.166980743408203125e-01 8.740586042404174805e-01 0.000000000000000000e+00 1.000000000000000000e+00
2.746813049316406250e+02 3.376063537597656250e+02 2.212575531005859375e+02 -4.080751836299896240e-01 -3.086894154548645020e-01 8.591771721839904785e-01 0.000000000000000000e+00 1.000000000000000000e+00
2.743833312988281250e+02 3.373809509277343750e+02 2.218849182128906250e+02 -4.481940269470214844e-01 -3.037463426589965820e-01 8.407498598098754883e-01 0.000000000000000000e+00 1.000000000000000000e+00
2.740600585937500000e+02 3.371618652343750000e+02 2.224913330078125000e+02 -4.867633879184722900e-01 -3.021645545959472656e-01 8.196084499359130859e-01 0.000000000000000000e+00 1.000000000000000000e+00
2.737143554687500000e+02 3.369472656250000000e+02 2.230734252929687500e+02 -5.216853022575378418e-01 -3.038628399372100830e-01 7.971899509429931641e-01 0.000000000000000000e+00 1.000000000000000000e+00
2.733516845703125000e+02 3.367360229492187500e+02 2.236276245117187500e+02 -5.512514114379882812e-01 -3.076731264591217041e-01 7.755379676818847656e-01 0.000000000000000000e+00 1.000000000000000000e+00
2.729797668457031250e+02 3.365284423828125000e+02 2.241508636474609375e+02 -5.762968659400939941e-01 -3.114051520824432373e-01 7.555850148200988770e-01 0.000000000000000000e+00 1.000000000000000000e+00
2.726054382324218750e+02 3.363261718750000000e+02 2.246416473388671875e+02 -5.976419448852539062e-01 -3.130995035171508789e-01 7.381007671356201172e-01 0.000000000000000000e+00 1.000000000000000000e+00
2.722330932617187500e+02 3.361311035156250000e+02 2.251015014648437500e+02 -6.174798011779785156e-01 -3.110012710094451904e-01 7.224935293197631836e-01 0.000000000000000000e+00 1.000000000000000000e+00
2.718622741699218750e+02 3.359443359375000000e+02 2.255353851318359375e+02 -6.383649110794067383e-01 -3.047781586647033691e-01 7.068243026733398438e-01 0.000000000000000000e+00 1.000000000000000000e+00
2.714876403808593750e+02 3.357654724121093750e+02 2.259501953125000000e+02 -6.617128252983093262e-01 -2.960362732410430908e-01 6.888386011123657227e-01 0.000000000000000000e+00 1.000000000000000000e+00
2.711005249023437500e+02 3.355922851562500000e+02 2.263531799316406250e+02 -6.872319579124450684e-01 -2.875007390975952148e-01 6.671248078346252441e-01 0.000000000000000000e+00 1.000000000000000000e+00
2.706916503906250000e+02 3.354212341308593750e+02 2.267500915527343750e+02 -7.141081094741821289e-01 -2.802743911743164062e-01 6.414793729782104492e-01 0.000000000000000000e+00 1.000000000000000000e+00
2.702532653808593750e+02 3.352491760253906250e+02 2.271438903808593750e+02 -7.402774095535278320e-01 -2.748275101184844971e-01 6.135628223419189453e-01 0.000000000000000000e+00 1.000000000000000000e+00
2.697813415527343750e+02 3.350739746093750000e+02 2.275350341796875000e+02 -7.647697925567626953e-01 -2.700679898262023926e-01 5.849704742431640625e-01 0.000000000000000000e+00 1.000000000000000000e+00
2.692753601074218750e+02 3.348952941894531250e+02 2.279220581054687500e+02 -7.864516973495483398e-01 -2.648437917232513428e-01 5.579887628555297852e-01 0.000000000000000000e+00 1.000000000000000000e+00
2.687377014160156250e+02 3.347142333984375000e+02 2.283035278320312500e+02 -8.048993945121765137e-01 -2.579655349254608154e-01 5.344068408012390137e-01 0.000000000000000000e+00 1.000000000000000000e+00
2.681719970703125000e+02 3.345329284667968750e+02 2.286791229248046875e+02 -8.200559616088867188e-01 -2.488138675689697266e-01 5.153638124465942383e-01 0.000000000000000000e+00 1.000000000000000000e+00
2.675814819335937500e+02 3.343537597656250000e+02 2.290502319335937500e+02 -8.324382305145263672e-01 -2.362470328807830811e-01 5.012324452400207520e-01 0.000000000000000000e+00 1.000000000000000000e+00
2.669684448242187500e+02 3.341797790527343750e+02 2.294193572998046875e+02 -8.426544070243835449e-01 -2.192515581846237183e-01 4.917951226234436035e-01 0.000000000000000000e+00 1.000000000000000000e+00
2.663343811035156250e+02 3.340148010253906250e+02 2.297894134521484375e+02 -8.518518209457397461e-01 -1.967126876115798950e-01 4.854406416416168213e-01 0.000000000000000000e+00 1.000000000000000000e+00
2.656804809570312500e+02 3.338638000488281250e+02 2.301620483398437500e+02 -8.606693744659423828e-01 -1.667881906032562256e-01 4.810716211795806885e-01 0.000000000000000000e+00 1.000000000000000000e+00
2.650093078613281250e+02 3.337337341308593750e+02 2.305372009277343750e+02 -8.699667453765869141e-01 -1.286627948284149170e-01 4.760290682315826416e-01 0.000000000000000000e+00 1.000000000000000000e+00
2.643246459960937500e+02 3.336324768066406250e+02 2.309118347167968750e+02 -8.800066709518432617e-01 -8.302973210811614990e-02 4.676476418972015381e-01 0.000000000000000000e+00 1.000000000000000000e+00
2.636315002441406250e+02 3.335670776367187500e+02 2.312801818847656250e+02 -8.908025026321411133e-01 -3.284244239330291748e-02 4.532023072242736816e-01 0.000000000000000000e+00 1.000000000000000000e+00
2.629345397949218750e+02 3.335413818359375000e+02 2.316347656250000000e+02 -9.022365212440490723e-01 1.477651391178369522e-02 4.309882223606109619e-01 0.000000000000000000e+00 1.000000000000000000e+00
2.622376403808593750e+02 3.335527954101562500e+02 2.319676666259765625e+02 -9.144374132156372070e-01 5.027696490287780762e-02 4.015922844409942627e-01 0.000000000000000000e+00 1.000000000000000000e+00
2.615438232421875000e+02 3.335909423828125000e+02 2.322723693847656250e+02 -9.275246858596801758e-01 6.396438181400299072e-02 3.682479560375213623e-01 0.000000000000000000e+00 1.000000000000000000e+00
2.608561401367187500e+02 3.336383666992187500e+02 2.325453948974609375e+02 -9.406512975692749023e-01 4.989619180560112000e-02 3.356864750385284424e-01 0.000000000000000000e+00 1.000000000000000000e+00
2.601789855957031250e+02 3.336742858886718750e+02 2.327870483398437500e+02 -9.513183236122131348e-01 8.041537366807460785e-03 3.081051409244537354e-01 0.000000000000000000e+00 1.000000000000000000e+00
2.595183105468750000e+02 3.336798706054687500e+02 2.330010223388671875e+02 -9.559190869331359863e-01 -5.523637682199478149e-02 2.883879244327545166e-01 0.000000000000000000e+00 1.000000000000000000e+00
2.588813781738281250e+02 3.336430664062500000e+02 2.331931762695312500e+02 -9.520068764686584473e-01 -1.292860656976699829e-01 2.774313390254974365e-01 0.000000000000000000e+00 1.000000000000000000e+00
2.582744140625000000e+02 3.335606384277343750e+02 2.333700561523437500e+02 -9.403743743896484375e-01 -2.018415778875350952e-01 2.737811505794525146e-01 0.000000000000000000e+00 1.000000000000000000e+00
2.577015686035156250e+02 3.334376831054687500e+02 2.335368347167968750e+02 -9.245615005493164062e-01 -2.633414566516876221e-01 2.753856182098388672e-01 0.000000000000000000e+00 1.000000000000000000e+00
2.571651000976562500e+02 3.332848815917968750e+02 2.336966247558593750e+02 -9.090269804000854492e-01 -3.091951310634613037e-01 2.794069647789001465e-01 0.000000000000000000e+00 1.000000000000000000e+00
2.566673278808593750e+02 3.331155700683593750e+02 2.338496246337890625e+02 -8.966187834739685059e-01 -3.399391174316406250e-01 2.837538123130798340e-01 0.000000000000000000e+00 1.000000000000000000e+00
2.562124633789062500e+02 3.329431152343750000e+02 2.339935760498046875e+02 -8.881024122238159180e-01 -3.587204515933990479e-01 2.873912155628204346e-01 0.000000000000000000e+00 1.000000000000000000e+00
2.558074188232421875e+02 3.327795104980468750e+02 2.341246490478515625e+02 -8.827679753303527832e-01 -3.695651292800903320e-01 2.900728881359100342e-01 0.000000000000000000e+00 1.000000000000000000e+00
2.554607238769531250e+02 3.326343688964843750e+02 2.342385711669921875e+02 -8.798376917839050293e-01 -3.753847181797027588e-01 2.914998531341552734e-01 0.000000000000000000e+00 1.000000000000000000e+00
2.551790466308593750e+02 3.325141906738281250e+02 2.343318939208984375e+02 -8.798376917839050293e-01 -3.753847181797027588e-01 2.914998531341552734e-01 0.000000000000000000e+00 1.000000000000000000e+00
