5.356764984130859375e+01 2.477360687255859375e+02 1.832658691406250000e+02 7.017836719751358032e-02 -2.619197368621826172e-01 9.625347852706909180e-01 0.000000000000000000e+00 1.000000000000000000e+00
5.352275085449218750e+01 2.479036407470703125e+02 1.826500549316406250e+02 8.156888931989669800e-02 -2.470166981220245361e-01 9.655719995498657227e-01 0.000000000000000000e+00 1.000000000000000000e+00
5.346725463867187500e+01 2.480717010498046875e+02 1.819931182861328125e+02 9.565274417400360107e-02 -2.283755689859390259e-01 9.688628315925598145e-01 0.000000000000000000e+00 1.000000000000000000e+00
5.339862823486328125e+01 2.482355499267578125e+02 1.812980041503906250e+02 1.114576458930969238e-01 -2.068509608507156372e-01 9.720030426979064941e-01 0.000000000000000000e+00 1.000000000000000000e+00
5.331467437744140625e+01 2.483913574218750000e+02 1.805658569335937500e+02 1.273732483386993408e-01 -1.843032538890838623e-01 9.745811820030212402e-01 0.000000000000000000e+00 1.000000000000000000e+00
5.321435546875000000e+01 2.485365142822265625e+02 1.797982788085937500e+02 1.424662917852401733e-01 -1.614307165145874023e-01 9.765467047691345215e-01 0.000000000000000000e+00 1.000000000000000000e+00
5.309777832031250000e+01 2.486686096191406250e+02 1.789991912841796875e+02 1.567406952381134033e-01 -1.371968090534210205e-01 9.780641198158264160e-01 0.000000000000000000e+00 1.000000000000000000e+00
5.296579742431640625e+01 2.487841339111328125e+02 1.781756286621093750e+02 1.711380481719970703e-01 -1.088453307747840881e-01 9.792162775993347168e-01 0.000000000000000000e+00 1.000000000000000000e+00
5.281913757324218750e+01 2.488774108886718750e+02 1.773364715576171875e+02 1.872335523366928101e-01 -7.225378602743148804e-02 9.796544909477233887e-01 0.000000000000000000e+00 1.000000000000000000e+00
5.265765380859375000e+01 2.489397277832031250e+02 1.764915466308593750e+02 2.064034491777420044e-01 -2.337597310543060303e-02 9.781876802444458008e-01 0.000000000000000000e+00 1.000000000000000000e+00
5.248021316528320312e+01 2.489598236083984375e+02 1.756506195068359375e+02 2.289548069238662720e-01 3.951977193355560303e-02 9.726344943046569824e-01 0.000000000000000000e+00 1.000000000000000000e+00
5.228528976440429688e+01 2.489261779785156250e+02 1.748225555419921875e+02 2.534195482730865479e-01 1.144779771566390991e-01 9.605587720870971680e-01 0.000000000000000000e+00 1.000000000000000000e+00
5.207221603393554688e+01 2.488299255371093750e+02 1.740149230957031250e+02 2.767418324947357178e-01 1.950553804636001587e-01 9.409396648406982422e-01 0.000000000000000000e+00 1.000000000000000000e+00
5.184236907958984375e+01 2.486679229736328125e+02 1.732334289550781250e+02 2.957218289375305176e-01 2.739402055740356445e-01 9.151532053947448730e-01 0.000000000000000000e+00 1.000000000000000000e+00
5.159952163696289062e+01 2.484429626464843750e+02 1.724819030761718750e+02 3.083031475543975830e-01 3.457039892673492432e-01 8.862493634223937988e-01 0.000000000000000000e+00 1.000000000000000000e+00
5.134921646118164062e+01 2.481622924804687500e+02 1.717623748779296875e+02 3.144119381904602051e-01 4.091030955314636230e-01 8.566095232963562012e-01 0.000000000000000000e+00 1.000000000000000000e+00
5.109699249267578125e+01 2.478341064453125000e+02 1.710751953125000000e+02 3.149484694004058838e-01 4.666523635387420654e-01 8.264641761779785156e-01 0.000000000000000000e+00 1.000000000000000000e+00
5.084735107421875000e+01 2.474642181396484375e+02 1.704201049804687500e+02 3.114861845970153809e-01 5.226930975914001465e-01 7.935793995857238770e-01 0.000000000000000000e+00 1.000000000000000000e+00
5.060297393798828125e+01 2.470541381835937500e+02 1.697975006103515625e+02 3.051219880580902100e-01 5.813376307487487793e-01 7.542858123779296875e-01 0.000000000000000000e+00 1.000000000000000000e+00
5.036524200439453125e+01 2.466011962890625000e+02 1.692098083496093750e+02 2.963106036186218262e-01 6.447802186012268066e-01 7.045981287956237793e-01 0.000000000000000000e+00 1.000000000000000000e+00
5.013500976562500000e+01 2.461002044677734375e+02 1.686623382568359375e+02 2.850904464721679688e-01 7.122997045516967773e-01 6.413677334785461426e-01 0.000000000000000000e+00 1.000000000000000000e+00
4.991312408447265625e+01 2.455458221435546875e+02 1.681631622314453125e+02 2.718050777912139893e-01 7.800449728965759277e-01 5.636060833930969238e-01 0.000000000000000000e+00 1.000000000000000000e+00
4.970021438598632812e+01 2.449347991943359375e+02 1.677216796875000000e+02 2.577039301395416260e-01 8.423196673393249512e-01 4.733775556087493896e-01 0.000000000000000000e+00 1.000000000000000000e+00
4.949602508544921875e+01 2.442673950195312500e+02 1.673466033935546875e+02 2.451104372739791870e-01 8.934765458106994629e-01 3.763252496719360352e-01 0.000000000000000000e+00 1.000000000000000000e+00
4.929853820800781250e+01 2.435475158691406250e+02 1.670433959960937500e+02 2.364248633384704590e-01 9.301395416259765625e-01 2.809692323207855225e-01 0.000000000000000000e+00 1.000000000000000000e+00
4.910424804687500000e+01 2.427831420898437500e+02 1.668125000000000000e+02 2.331165224313735962e-01 9.525007009506225586e-01 1.959568411111831665e-01 0.000000000000000000e+00 1.000000000000000000e+00
4.890894699096679688e+01 2.419851531982421875e+02 1.666483306884765625e+02 2.356863766908645630e-01 9.634401202201843262e-01 1.274164766073226929e-01 0.000000000000000000e+00 1.000000000000000000e+00
4.870858001708984375e+01 2.411660919189453125e+02 1.665400085449218750e+02 2.438095211982727051e-01 9.666844606399536133e-01 7.796273380517959595e-02 0.000000000000000000e+00 1.000000000000000000e+00
4.849981307983398438e+01 2.403383483886718750e+02 1.664732513427734375e+02 2.570636868476867676e-01 9.651904106140136719e-01 4.822563380002975464e-02 0.000000000000000000e+00 1.000000000000000000e+00
4.827988052368164062e+01 2.395125732421875000e+02 1.664319915771484375e+02 2.752945423126220703e-01 9.606381058692932129e-01 3.724615275859832764e-02 0.000000000000000000e+00 1.000000000000000000e+00
4.804608535766601562e+01 2.386967468261718750e+02 1.664003601074218750e+02 2.985644340515136719e-01 9.534267783164978027e-01 4.285635426640510559e-02 0.000000000000000000e+00 1.000000000000000000e+00
4.779521179199218750e+01 2.378956146240234375e+02 1.663643493652343750e+02 3.263182342052459717e-01 9.432329535484313965e-01 6.187118217349052429e-02 0.000000000000000000e+00 1.000000000000000000e+00
4.752368164062500000e+01 2.371107482910156250e+02 1.663128662109375000e+02 3.567510247230529785e-01 9.299318194389343262e-01 8.919351547956466675e-02 0.000000000000000000e+00 1.000000000000000000e+00
4.722841262817382812e+01 2.363410797119140625e+02 1.662390441894531250e+02 3.867312073707580566e-01 9.145658016204833984e-01 1.183566600084304810e-01 0.000000000000000000e+00 1.000000000000000000e+00
4.690802383422851562e+01 2.355834045410156250e+02 1.661409912109375000e+02 4.126842617988586426e-01 8.996733427047729492e-01 1.424061954021453857e-01 0.000000000000000000e+00 1.000000000000000000e+00
4.656391143798828125e+01 2.348332214355468750e+02 1.660222473144531250e+02 4.315681457519531250e-01 8.885124921798706055e-01 1.558669805526733398e-01 0.000000000000000000e+00 1.000000000000000000e+00
4.620086669921875000e+01 2.340857849121093750e+02 1.658911285400390625e+02 4.413008689880371094e-01 8.838074803352355957e-01 1.553636789321899414e-01 0.000000000000000000e+00 1.000000000000000000e+00
4.582669830322265625e+01 2.333364257812500000e+02 1.657593994140625000e+02 4.407890737056732178e-01 8.864772319793701172e-01 1.409364193677902222e-01 0.000000000000000000e+00 1.000000000000000000e+00
4.545121383666992188e+01 2.325812835693359375e+02 1.656393432617187500e+02 -4.300880432128906250e-01 -8.954521417617797852e-01 -1.148465648293495178e-01 0.000000000000000000e+00 1.000000000000000000e+00
4.508481597900390625e+01 2.318184356689453125e+02 1.655415039062500000e+02 -4.104309678077697754e-01 -9.082412719726562500e-01 -8.151206374168395996e-02 0.000000000000000000e+00 1.000000000000000000e+00
4.473684692382812500e+01 2.310484161376953125e+02 1.654723968505859375e+02 -3.843029439449310303e-01 -9.220797419548034668e-01 -4.560844227671623230e-02 0.000000000000000000e+00 1.000000000000000000e+00
4.441438674926757812e+01 2.302747192382812500e+02 1.654341278076171875e+02 -3.551542162895202637e-01 -9.347366094589233398e-01 -1.152716577053070068e-02 0.000000000000000000e+00 1.000000000000000000e+00
4.412149810791015625e+01 2.295038604736328125e+02 1.654246215820312500e+02 -3.263865411281585693e-01 -9.450672268867492676e-01 1.788549311459064484e-02 0.000000000000000000e+00 1.000000000000000000e+00
4.385891723632812500e+01 2.287435455322265625e+02 1.654390106201171875e+02 -3.009196817874908447e-01 -9.527769088745117188e-01 4.078574478626251221e-02 0.000000000000000000e+00 1.000000000000000000e+00
4.362441253662109375e+01 2.280010528564453125e+02 1.654707946777343750e+02 -2.805382013320922852e-01 -9.581961035728454590e-01 5.620096996426582336e-02 0.000000000000000000e+00 1.000000000000000000e+00
4.341342926025390625e+01 2.272804260253906250e+02 1.655130615234375000e+02 -2.660898566246032715e-01 -9.618967771530151367e-01 6.285520642995834351e-02 0.000000000000000000e+00 1.000000000000000000e+00
4.322009277343750000e+01 2.265815277099609375e+02 1.655587310791015625e+02 -2.570296823978424072e-01 -9.645369052886962891e-01 6.003628671169281006e-02 0.000000000000000000e+00 1.000000000000000000e+00
4.303868103027343750e+01 2.259007568359375000e+02 1.656011047363281250e+02 -2.521626055240631104e-01 -9.664992094039916992e-01 4.788910225033760071e-02 0.000000000000000000e+00 1.000000000000000000e+00
4.286433029174804688e+01 2.252324981689453125e+02 1.656342163085937500e+02 -2.499688118696212769e-01 -9.678560495376586914e-01 2.775446511805057526e-02 0.000000000000000000e+00 1.000000000000000000e+00
4.269350814819335938e+01 2.245710906982421875e+02 1.656531829833984375e+02 -2.487924546003341675e-01 -9.685549139976501465e-01 1.926669967360794544e-03 0.000000000000000000e+00 1.000000000000000000e+00
4.252405548095703125e+01 2.239114074707031250e+02 1.656544952392578125e+02 -2.480011582374572754e-01 -9.683912992477416992e-01 -2.671562880277633667e-02 0.000000000000000000e+00 1.000000000000000000e+00
4.235450363159179688e+01 2.232493438720703125e+02 1.656362304687500000e+02 -2.470393925905227661e-01 -9.674153923988342285e-01 -5.548915266990661621e-02 0.000000000000000000e+00 1.000000000000000000e+00
4.218385696411132812e+01 2.225810852050781250e+02 1.655979003906250000e+02 -2.451445907354354858e-01 -9.659736752510070801e-01 -8.245560526847839355e-02 0.000000000000000000e+00 1.000000000000000000e+00
4.201174163818359375e+01 2.219028778076171875e+02 1.655400085449218750e+02 -2.405378669500350952e-01 -9.648123383522033691e-01 -1.062008813023567200e-01 0.000000000000000000e+00 1.000000000000000000e+00
4.183932113647460938e+01 2.212112884521484375e+02 1.654638824462890625e+02 -2.314181029796600342e-01 -9.646476507186889648e-01 -1.260975897312164307e-01 0.000000000000000000e+00 1.000000000000000000e+00
4.166953659057617188e+01 2.205035552978515625e+02 1.653713684082031250e+02 -2.157934606075286865e-01 -9.660831689834594727e-01 -1.418331265449523926e-01 0.000000000000000000e+00 1.000000000000000000e+00
4.150753784179687500e+01 2.197783050537109375e+02 1.652648925781250000e+02 -1.920883357524871826e-01 -9.694168567657470703e-01 -1.527517735958099365e-01 0.000000000000000000e+00 1.000000000000000000e+00
4.136017227172851562e+01 2.190345916748046875e+02 1.651477050781250000e+02 -1.598977744579315186e-01 -9.744071364402770996e-01 -1.579982787370681763e-01 0.000000000000000000e+00 1.000000000000000000e+00
4.123493576049804688e+01 2.182714080810546875e+02 1.650239562988281250e+02 -1.202709302306175232e-01 -9.804176092147827148e-01 -1.559369564056396484e-01 0.000000000000000000e+00 1.000000000000000000e+00
4.113870239257812500e+01 2.174869384765625000e+02 1.648991851806640625e+02 -7.589939981698989868e-02 -9.863290190696716309e-01 -1.462676674127578735e-01 0.000000000000000000e+00 1.000000000000000000e+00
4.107651519775390625e+01 2.166788024902343750e+02 1.647793426513671875e+02 -3.077004104852676392e-02 -9.911306500434875488e-01 -1.292794942855834961e-01 0.000000000000000000e+00 1.000000000000000000e+00
4.105061340332031250e+01 2.158444824218750000e+02 1.646705169677734375e+02 1.073353830724954605e-02 -9.941895604133605957e-01 -1.071066334843635559e-01 0.000000000000000000e+00 1.000000000000000000e+00
4.105992126464843750e+01 2.149823455810546875e+02 1.645776367187500000e+02 4.471556469798088074e-02 -9.955750703811645508e-01 -8.264894038438796997e-02 0.000000000000000000e+00 1.000000000000000000e+00
4.109991073608398438e+01 2.140919952392578125e+02 1.645037231445312500e+02 6.910789757966995239e-02 -9.958993196487426758e-01 -5.838447436690330505e-02 0.000000000000000000e+00 1.000000000000000000e+00
4.116355895996093750e+01 2.131747741699218750e+02 1.644499511718750000e+02 8.382371813058853149e-02 -9.958278536796569824e-01 -3.606223687529563904e-02 0.000000000000000000e+00 1.000000000000000000e+00
4.124279403686523438e+01 2.122334594726562500e+02 1.644158630371093750e+02 9.039932489395141602e-02 -9.957774877548217773e-01 -1.597208715975284576e-02 0.000000000000000000e+00 1.000000000000000000e+00
4.133019256591796875e+01 2.112707366943359375e+02 1.644004211425781250e+02 9.193225950002670288e-02 -9.957632422447204590e-01 1.995920669287443161e-03 0.000000000000000000e+00 1.000000000000000000e+00
4.142085647583007812e+01 2.102887115478515625e+02 1.644023895263671875e+02 9.155487269163131714e-02 -9.956364631652832031e-01 1.804366149008274078e-02 0.000000000000000000e+00 1.000000000000000000e+00
4.151283645629882812e+01 2.092884521484375000e+02 1.644205169677734375e+02 9.142197668552398682e-02 -9.953122735023498535e-01 3.155130147933959961e-02 0.000000000000000000e+00 1.000000000000000000e+00
4.160639190673828125e+01 2.082699127197265625e+02 1.644528045654296875e+02 9.254173934459686279e-02 -9.948565959930419922e-01 4.118655994534492493e-02 0.000000000000000000e+00 1.000000000000000000e+00
4.170290374755859375e+01 2.072323760986328125e+02 1.644957580566406250e+02 9.474676102399826050e-02 -9.944512844085693359e-01 4.571232199668884277e-02 0.000000000000000000e+00 1.000000000000000000e+00
4.180353927612304688e+01 2.061761169433593750e+02 1.645443115234375000e+02 9.692294150590896606e-02 -9.943041801452636719e-01 4.432942345738410950e-02 0.000000000000000000e+00 1.000000000000000000e+00
4.190822982788085938e+01 2.051021270751953125e+02 1.645921936035156250e+02 9.845253080129623413e-02 -9.944260120391845703e-01 3.773532062768936157e-02 0.000000000000000000e+00 1.000000000000000000e+00
4.201603698730468750e+01 2.040132141113281250e+02 1.646335144042968750e+02 1.002241820096969604e-01 -9.945511221885681152e-01 2.868977189064025879e-02 0.000000000000000000e+00 1.000000000000000000e+00
4.212669754028320312e+01 2.029151000976562500e+02 1.646651916503906250e+02 1.039927452802658081e-01 -9.943482875823974609e-01 2.137580700218677521e-02 0.000000000000000000e+00 1.000000000000000000e+00
4.224146270751953125e+01 2.018177490234375000e+02 1.646887817382812500e+02 1.039927452802658081e-01 -9.943482875823974609e-01 2.137580700218677521e-02 0.000000000000000000e+00 1.000000000000000000e+00
