9.193230438232421875e+01 1.502077636718750000e+02 2.001772155761718750e+02 -7.615544795989990234e-01 1.095622852444648743e-01 6.387729644775390625e-01 0.000000000000000000e+00 2.000000000000000000e+00
9.214283752441406250e+01 1.501774749755859375e+02 2.000006256103515625e+02 -7.237120270729064941e-01 8.996720612049102783e-02 6.842126250267028809e-01 0.000000000000000000e+00 2.000000000000000000e+00
9.239151763916015625e+01 1.501465606689453125e+02 1.997655181884765625e+02 -6.648359894752502441e-01 6.158643588423728943e-02 7.444463372230529785e-01 0.000000000000000000e+00 2.000000000000000000e+00
9.265408325195312500e+01 1.501222381591796875e+02 1.994715118408203125e+02 -5.749233961105346680e-01 2.155067771673202515e-02 8.179234266281127930e-01 0.000000000000000000e+00 2.000000000000000000e+00
9.289913940429687500e+01 1.501130523681640625e+02 1.991228790283203125e+02 -4.459680318832397461e-01 -3.064337000250816345e-02 8.945241570472717285e-01 0.000000000000000000e+00 2.000000000000000000e+00
9.309633636474609375e+01 1.501266021728515625e+02 1.987273406982421875e+02 -2.826294898986816406e-01 -9.004988521337509155e-02 9.549930095672607422e-01 0.000000000000000000e+00 2.000000000000000000e+00
9.322454071044921875e+01 1.501674499511718750e+02 1.982941436767578125e+02 -1.102010458707809448e-01 -1.464039236307144165e-01 9.830673933029174805e-01 0.000000000000000000e+00 2.000000000000000000e+00
9.327628326416015625e+01 1.502361907958984375e+02 1.978325653076171875e+02 3.877643495798110962e-02 -1.900915205478668213e-01 9.810003042221069336e-01 0.000000000000000000e+00 2.000000000000000000e+00
9.325724029541015625e+01 1.503295440673828125e+02 1.973507995605468750e+02 1.472211927175521851e-01 -2.193231582641601562e-01 9.644808173179626465e-01 0.000000000000000000e+00 2.000000000000000000e+00
9.318167114257812500e+01 1.504421234130859375e+02 1.968557281494140625e+02 2.167803645133972168e-01 -2.368087619543075562e-01 9.470627307891845703e-01 0.000000000000000000e+00 2.000000000000000000e+00
9.306647491455078125e+01 1.505679626464843750e+02 1.963524627685546875e+02 2.570615112781524658e-01 -2.463804334402084351e-01 9.344603419303894043e-01 0.000000000000000000e+00 2.000000000000000000e+00
9.292674255371093750e+01 1.507018890380859375e+02 1.958445129394531250e+02 -2.788983285427093506e-01 2.514548003673553467e-01 -9.268150925636291504e-01 0.000000000000000000e+00 2.000000000000000000e+00
9.277322387695312500e+01 1.508403015136718750e+02 1.953343505859375000e+02 -2.898205518722534180e-01 2.531436383724212646e-01 -9.229964017868041992e-01 0.000000000000000000e+00 2.000000000000000000e+00
9.261267852783203125e+01 1.509805297851562500e+02 1.948230590820312500e+02 -2.952956259250640869e-01 2.521882057189941406e-01 -9.215213060379028320e-01 0.000000000000000000e+00 2.000000000000000000e+00
9.244867706298828125e+01 1.511205902099609375e+02 1.943112640380859375e+02 -2.991676926612854004e-01 2.483138591051101685e-01 -9.213245511054992676e-01 0.000000000000000000e+00 2.000000000000000000e+00
9.228234100341796875e+01 1.512586517333984375e+02 1.937990112304687500e+02 -3.032478094100952148e-01 2.396943569183349609e-01 -9.222729802131652832e-01 0.000000000000000000e+00 2.000000000000000000e+00
9.211375427246093750e+01 1.513919067382812500e+02 1.932862854003906250e+02 -3.098477423191070557e-01 2.236973494291305542e-01 -9.240961670875549316e-01 0.000000000000000000e+00 2.000000000000000000e+00
9.194145965576171875e+01 1.515162963867187500e+02 1.927724304199218750e+02 -3.195033073425292969e-01 1.975579857826232910e-01 -9.267624616622924805e-01 0.000000000000000000e+00 2.000000000000000000e+00
9.176363372802734375e+01 1.516262512207031250e+02 1.922566223144531250e+02 -3.309539854526519775e-01 1.592404395341873169e-01 -9.301139116287231445e-01 0.000000000000000000e+00 2.000000000000000000e+00
9.157881164550781250e+01 1.517151794433593750e+02 1.917371978759765625e+02 -3.418057858943939209e-01 1.095286309719085693e-01 -9.333661794662475586e-01 0.000000000000000000e+00 2.000000000000000000e+00
9.138648223876953125e+01 1.517768096923828125e+02 1.912120056152343750e+02 -3.485046029090881348e-01 5.255503952503204346e-02 -9.358325600624084473e-01 0.000000000000000000e+00 2.000000000000000000e+00
9.118755340576171875e+01 1.518068084716796875e+02 1.906778259277343750e+02 -3.479095995426177979e-01 -4.313252866268157959e-03 -9.375181794166564941e-01 0.000000000000000000e+00 2.000000000000000000e+00
9.098447418212890625e+01 1.518042907714843750e+02 1.901305847167968750e+02 -3.479095995426177979e-01 -4.313252866268157959e-03 -9.375181794166564941e-01 0.000000000000000000e+00 2.000000000000000000e+00
