1.587559356689453125e+02 1.760989074707031250e+02 1.034605255126953125e+02 5.343385338783264160e-01 2.349874377250671387e-01 -8.119502663612365723e-01 0.000000000000000000e+00 1.000000000000000000e+00
1.586271057128906250e+02 1.760422515869140625e+02 1.036562881469726562e+02 4.743536412715911865e-01 2.145142108201980591e-01 -8.537987470626831055e-01 0.000000000000000000e+00 1.000000000000000000e+00
1.584741210937500000e+02 1.759730682373046875e+02 1.039316482543945312e+02 3.984279930591583252e-01 1.882316470146179199e-01 -8.976770043373107910e-01 0.000000000000000000e+00 1.000000000000000000e+00
1.583113708496093750e+02 1.758961791992187500e+02 1.042983322143554688e+02 3.096583783626556396e-01 1.574909687042236328e-01 -9.377143979072570801e-01 0.000000000000000000e+00 1.000000000000000000e+00
1.581578216552734375e+02 1.758180847167968750e+02 1.047633132934570312e+02 2.153353095054626465e-01 1.249699816107749939e-01 -9.685108065605163574e-01 0.000000000000000000e+00 1.000000000000000000e+00
1.580324859619140625e+02 1.757453460693359375e+02 1.053270339965820312e+02 1.249862760305404663e-01 9.407866001129150391e-02 -9.876880049705505371e-01 0.000000000000000000e+00 1.000000000000000000e+00
1.579494934082031250e+02 1.756828765869140625e+02 1.059828720092773438e+02 4.620884731411933899e-02 6.782266497611999512e-02 -9.966267347335815430e-01 0.000000000000000000e+00 1.000000000000000000e+00
1.579154357910156250e+02 1.756328887939453125e+02 1.067174224853515625e+02 -1.740360632538795471e-02 4.696484655141830444e-02 -9.987449049949645996e-01 0.000000000000000000e+00 1.000000000000000000e+00
1.579293060302734375e+02 1.755954589843750000e+02 1.075133972167968750e+02 -6.563040614128112793e-02 3.121976554393768311e-02 -9.973555207252502441e-01 0.000000000000000000e+00 1.000000000000000000e+00
1.579845428466796875e+02 1.755691833496093750e+02 1.083528060913085938e+02 -1.004870161414146423e-01 1.982075348496437073e-02 -9.947409033775329590e-01 0.000000000000000000e+00 1.000000000000000000e+00
1.580721130371093750e+02 1.755519104003906250e+02 1.092196807861328125e+02 -1.251630336046218872e-01 1.309545896947383881e-02 -9.920497536659240723e-01 0.000000000000000000e+00 1.000000000000000000e+00
1.581832427978515625e+02 1.755402832031250000e+02 1.101005020141601562e+02 -1.430034488439559937e-01 1.218905672430992126e-02 -9.896470904350280762e-01 0.000000000000000000e+00 1.000000000000000000e+00
1.583108825683593750e+02 1.755294036865234375e+02 1.109838256835937500e+02 -1.571756750345230103e-01 2.017015963792800903e-02 -9.873646497726440430e-01 0.000000000000000000e+00 1.000000000000000000e+00
1.584501190185546875e+02 1.755115356445312500e+02 1.118584976196289062e+02 -1.714485585689544678e-01 4.029322415590286255e-02 -9.843688011169433594e-01 0.000000000000000000e+00 1.000000000000000000e+00
1.585988006591796875e+02 1.754765930175781250e+02 1.127121505737304688e+02 -1.892994344234466553e-01 7.595685124397277832e-02 -9.789771437644958496e-01 0.000000000000000000e+00 1.000000000000000000e+00
1.587571868896484375e+02 1.754130401611328125e+02 1.135312576293945312e+02 -2.136167883872985840e-01 1.296226829290390015e-01 -9.682798981666564941e-01 0.000000000000000000e+00 1.000000000000000000e+00
1.589272766113281250e+02 1.753098297119140625e+02 1.143022384643554688e+02 -2.472000122070312500e-01 2.015418410301208496e-01 -9.477726817131042480e-01 0.000000000000000000e+00 1.000000000000000000e+00
1.591129913330078125e+02 1.751584167480468750e+02 1.150142745971679688e+02 -2.897167503833770752e-01 2.883372604846954346e-01 -9.126476049423217773e-01 0.000000000000000000e+00 1.000000000000000000e+00
1.593180847167968750e+02 1.749542999267578125e+02 1.156603469848632812e+02 -3.384202718734741211e-01 3.824584484100341797e-01 -8.597658276557922363e-01 0.000000000000000000e+00 1.000000000000000000e+00
1.595456848144531250e+02 1.746970825195312500e+02 1.162385711669921875e+02 -3.874150812625885010e-01 4.723405539989471436e-01 -7.917095422744750977e-01 0.000000000000000000e+00 1.000000000000000000e+00
1.597973175048828125e+02 1.743902893066406250e+02 1.167527999877929688e+02 -4.306895434856414795e-01 5.472798943519592285e-01 -7.176288962364196777e-01 0.000000000000000000e+00 1.000000000000000000e+00
1.600725555419921875e+02 1.740405426025390625e+02 1.172114105224609375e+02 -4.643619358539581299e-01 6.025563478469848633e-01 -6.490714550018310547e-01 0.000000000000000000e+00 1.000000000000000000e+00
1.603689117431640625e+02 1.736559906005859375e+02 1.176256484985351562e+02 -4.878561198711395264e-01 6.396831870079040527e-01 -5.939711928367614746e-01 0.000000000000000000e+00 1.000000000000000000e+00
1.606823120117187500e+02 1.732450561523437500e+02 1.180072174072265625e+02 5.026353001594543457e-01 -6.634343266487121582e-01 5.542677044868469238e-01 0.000000000000000000e+00 1.000000000000000000e+00
1.610078430175781250e+02 1.728153839111328125e+02 1.183661880493164062e+02 5.102201104164123535e-01 -6.793251037597656250e-01 5.274398922920227051e-01 0.000000000000000000e+00 1.000000000000000000e+00
1.613401489257812500e+02 1.723729400634765625e+02 1.187097091674804688e+02 5.124695301055908203e-01 -6.910828948020935059e-01 5.096856355667114258e-01 0.000000000000000000e+00 1.000000000000000000e+00
1.616744079589843750e+02 1.719221801757812500e+02 1.190421524047851562e+02 5.107508897781372070e-01 -7.014790773391723633e-01 4.970520436763763428e-01 0.000000000000000000e+00 1.000000000000000000e+00
1.620066528320312500e+02 1.714658660888671875e+02 1.193654861450195312e+02 5.065994262695312500e-01 -7.112579345703125000e-01 4.873080253601074219e-01 0.000000000000000000e+00 1.000000000000000000e+00
1.623344268798828125e+02 1.710056762695312500e+02 1.196807785034179688e+02 5.016810297966003418e-01 -7.199902534484863281e-01 4.795103073120117188e-01 0.000000000000000000e+00 1.000000000000000000e+00
1.626565704345703125e+02 1.705433502197265625e+02 1.199886856079101562e+02 4.972704648971557617e-01 -7.266194224357604980e-01 4.740741252899169922e-01 0.000000000000000000e+00 1.000000000000000000e+00
1.629728851318359375e+02 1.700811462402343750e+02 1.202902450561523438e+02 4.947251379489898682e-01 -7.304112911224365234e-01 4.708994626998901367e-01 0.000000000000000000e+00 1.000000000000000000e+00
1.632841796875000000e+02 1.696215515136718750e+02 1.205865478515625000e+02 4.945105612277984619e-01 -7.305487394332885742e-01 4.709116518497467041e-01 0.000000000000000000e+00 1.000000000000000000e+00
1.635919342041015625e+02 1.691669006347656250e+02 1.208796157836914062e+02 4.967688322067260742e-01 -7.269715070724487305e-01 4.740602374076843262e-01 0.000000000000000000e+00 1.000000000000000000e+00
1.638983612060546875e+02 1.687184753417968750e+02 1.211720352172851562e+02 5.007114410400390625e-01 -7.202040553092956543e-01 4.802022576332092285e-01 0.000000000000000000e+00 1.000000000000000000e+00
1.642060699462890625e+02 1.682758789062500000e+02 1.214671401977539062e+02 5.054190158843994141e-01 -7.114790081977844238e-01 4.882102012634277344e-01 0.000000000000000000e+00 1.000000000000000000e+00
1.645175323486328125e+02 1.678374328613281250e+02 1.217679977416992188e+02 5.099720358848571777e-01 -7.021849155426025391e-01 4.968549013137817383e-01 0.000000000000000000e+00 1.000000000000000000e+00
1.648343200683593750e+02 1.674012451171875000e+02 1.220766372680664062e+02 5.140697956085205078e-01 -6.934236288070678711e-01 5.048722028732299805e-01 0.000000000000000000e+00 1.000000000000000000e+00
1.651566925048828125e+02 1.669664001464843750e+02 1.223932418823242188e+02 5.178376436233520508e-01 -6.857738494873046875e-01 5.114278793334960938e-01 0.000000000000000000e+00 1.000000000000000000e+00
1.654833679199218750e+02 1.665337829589843750e+02 1.227158737182617188e+02 5.219186544418334961e-01 -6.791531443595886230e-01 5.160929560661315918e-01 0.000000000000000000e+00 1.000000000000000000e+00
1.658121337890625000e+02 1.661059722900390625e+02 1.230409698486328125e+02 5.268596410751342773e-01 -6.733983755111694336e-01 5.186071991920471191e-01 0.000000000000000000e+00 1.000000000000000000e+00
1.661409149169921875e+02 1.656857452392578125e+02 1.233646011352539062e+02 5.330906510353088379e-01 -6.682875752449035645e-01 5.188508629798889160e-01 0.000000000000000000e+00 1.000000000000000000e+00
1.664685211181640625e+02 1.652750549316406250e+02 1.236834564208984375e+02 5.402017831802368164e-01 -6.638368368148803711e-01 5.172066688537597656e-01 0.000000000000000000e+00 1.000000000000000000e+00
1.667945404052734375e+02 1.648744201660156250e+02 1.239955978393554688e+02 5.475422143936157227e-01 -6.603311896324157715e-01 5.139651298522949219e-01 0.000000000000000000e+00 1.000000000000000000e+00
1.671195068359375000e+02 1.644825134277343750e+02 1.243006362915039062e+02 5.543578267097473145e-01 -6.578508019447326660e-01 5.098232626914978027e-01 0.000000000000000000e+00 1.000000000000000000e+00
1.674443969726562500e+02 1.640969696044921875e+02 1.245994262695312500e+02 5.602910518646240234e-01 -6.564637422561645508e-01 5.051031112670898438e-01 0.000000000000000000e+00 1.000000000000000000e+00
1.677706451416015625e+02 1.637147216796875000e+02 1.248935394287109375e+02 5.651925802230834961e-01 -6.562376618385314941e-01 4.999094903469085693e-01 0.000000000000000000e+00 1.000000000000000000e+00
1.680997161865234375e+02 1.633326416015625000e+02 1.251846008300781250e+02 5.651925802230834961e-01 -6.562376618385314941e-01 4.999094903469085693e-01 0.000000000000000000e+00 1.000000000000000000e+00
