1.280000762939453125e+02 1.669280395507812500e+02 1.642771453857421875e+02 7.388191223144531250e-01 -6.584171652793884277e-01 -1.436427831649780273e-01 0.000000000000000000e+00 2.000000000000000000e+00
1.278102264404296875e+02 1.670972290039062500e+02 1.643140563964843750e+02 7.395895719528198242e-01 -6.572920680046081543e-01 -1.448255330324172974e-01 0.000000000000000000e+00 2.000000000000000000e+00
1.275613403320312500e+02 1.673184204101562500e+02 1.643627929687500000e+02 7.409646511077880859e-01 -6.552668213844299316e-01 -1.469581127166748047e-01 0.000000000000000000e+00 2.000000000000000000e+00
1.272555236816406250e+02 1.675888671875000000e+02 1.644234466552734375e+02 7.434792518615722656e-01 -6.515334844589233398e-01 -1.508070230484008789e-01 0.000000000000000000e+00 2.000000000000000000e+00
1.268992538452148438e+02 1.679010772705078125e+02 1.644957122802734375e+02 7.475695013999938965e-01 -6.450966596603393555e-01 -1.580821722745895386e-01 0.000000000000000000e+00 2.000000000000000000e+00
1.265007934570312500e+02 1.682449188232421875e+02 1.645799713134765625e+02 7.535917758941650391e-01 -6.351065039634704590e-01 -1.695262938737869263e-01 0.000000000000000000e+00 2.000000000000000000e+00
1.260675659179687500e+02 1.686100311279296875e+02 1.646774291992187500e+02 7.614547014236450195e-01 -6.207475662231445312e-01 -1.867060959339141846e-01 0.000000000000000000e+00 2.000000000000000000e+00
1.256045684814453125e+02 1.689874725341796875e+02 1.647909545898437500e+02 7.700101137161254883e-01 -6.024401783943176270e-01 -2.101195007562637329e-01 0.000000000000000000e+00 2.000000000000000000e+00
1.251151199340820312e+02 1.693704071044921875e+02 1.649245147705078125e+02 7.775335907936096191e-01 -5.813140273094177246e-01 -2.398238927125930786e-01 0.000000000000000000e+00 2.000000000000000000e+00
1.246030502319335938e+02 1.697532501220703125e+02 1.650824584960937500e+02 7.816290259361267090e-01 -5.598307847976684570e-01 -2.750374674797058105e-01 0.000000000000000000e+00 2.000000000000000000e+00
1.240749206542968750e+02 1.701315155029296875e+02 1.652682952880859375e+02 7.802202105522155762e-01 -5.406844019889831543e-01 -3.145106434822082520e-01 0.000000000000000000e+00 2.000000000000000000e+00
1.235412292480468750e+02 1.705013580322265625e+02 1.654834289550781250e+02 7.718291878700256348e-01 -5.262889266014099121e-01 -3.567908704280853271e-01 0.000000000000000000e+00 2.000000000000000000e+00
1.230157318115234375e+02 1.708596801757812500e+02 1.657263488769531250e+02 7.555363774299621582e-01 -5.192745327949523926e-01 -3.993979394435882568e-01 0.000000000000000000e+00 2.000000000000000000e+00
1.225121841430664062e+02 1.712057647705078125e+02 1.659925384521484375e+02 -7.317579388618469238e-01 5.213191509246826172e-01 4.390405416488647461e-01 0.000000000000000000e+00 2.000000000000000000e+00
1.220412826538085938e+02 1.715412445068359375e+02 1.662750701904296875e+02 -7.034354209899902344e-01 5.327222347259521484e-01 4.705164432525634766e-01 0.000000000000000000e+00 2.000000000000000000e+00
1.216076660156250000e+02 1.718696289062500000e+02 1.665651092529296875e+02 -6.750275492668151855e-01 5.520098805427551270e-01 4.895128309726715088e-01 0.000000000000000000e+00 2.000000000000000000e+00
1.212089920043945312e+02 1.721956481933593750e+02 1.668542175292968750e+02 -6.537882685661315918e-01 5.746219158172607422e-01 4.923113584518432617e-01 0.000000000000000000e+00 2.000000000000000000e+00
1.208361816406250000e+02 1.725233154296875000e+02 1.671349487304687500e+02 -6.471316814422607422e-01 5.941270589828491211e-01 4.777381122112274170e-01 0.000000000000000000e+00 2.000000000000000000e+00
1.204746780395507812e+02 1.728552093505859375e+02 1.674018249511718750e+02 -6.609106659889221191e-01 6.033515930175781250e-01 4.462777674198150635e-01 0.000000000000000000e+00 2.000000000000000000e+00
1.201059570312500000e+02 1.731918182373046875e+02 1.676508026123046875e+02 -6.954490542411804199e-01 5.969253182411193848e-01 4.000384807586669922e-01 0.000000000000000000e+00 2.000000000000000000e+00
1.197095947265625000e+02 1.735320281982421875e+02 1.678787994384765625e+02 -7.446599006652832031e-01 5.725969076156616211e-01 3.429494202136993408e-01 0.000000000000000000e+00 2.000000000000000000e+00
1.192653274536132812e+02 1.738736419677734375e+02 1.680834045410156250e+02 -7.978192567825317383e-01 5.335852503776550293e-01 2.806619405746459961e-01 0.000000000000000000e+00 2.000000000000000000e+00
1.187562332153320312e+02 1.742141265869140625e+02 1.682624969482421875e+02 -8.444706797599792480e-01 4.878138005733489990e-01 2.211493253707885742e-01 0.000000000000000000e+00 2.000000000000000000e+00
1.181727523803710938e+02 1.745511779785156250e+02 1.684152984619140625e+02 -8.800458908081054688e-01 4.433926641941070557e-01 1.700650602579116821e-01 0.000000000000000000e+00 2.000000000000000000e+00
1.175142211914062500e+02 1.748829650878906250e+02 1.685425567626953125e+02 -9.041673541069030762e-01 4.063645601272583008e-01 1.317167282104492188e-01 0.000000000000000000e+00 2.000000000000000000e+00
1.167896041870117188e+02 1.752086334228515625e+02 1.686481170654296875e+02 -9.188562631607055664e-01 3.797013759613037109e-01 1.073778346180915833e-01 0.000000000000000000e+00 2.000000000000000000e+00
1.160160903930664062e+02 1.755282745361328125e+02 1.687385101318359375e+02 -9.188562631607055664e-01 3.797013759613037109e-01 1.073778346180915833e-01 0.000000000000000000e+00 2.000000000000000000e+00
