3.480717773437500000e+02 1.469053955078125000e+02 1.826980438232421875e+02 6.612860560417175293e-01 4.568820893764495850e-01 5.949450135231018066e-01 0.000000000000000000e+00 1.000000000000000000e+00
3.479292602539062500e+02 1.468069305419921875e+02 1.825698242187500000e+02 6.596007347106933594e-01 4.600744843482971191e-01 5.943554043769836426e-01 0.000000000000000000e+00 1.000000000000000000e+00
3.477433776855468750e+02 1.466772766113281250e+02 1.824023284912109375e+02 6.565595269203186035e-01 4.657156467437744141e-01 5.933283567428588867e-01 0.000000000000000000e+00 1.000000000000000000e+00
3.475169677734375000e+02 1.465166778564453125e+02 1.821977233886718750e+02 6.509786844253540039e-01 4.761568903923034668e-01 5.911863446235656738e-01 0.000000000000000000e+00 1.000000000000000000e+00
3.472574768066406250e+02 1.463268737792968750e+02 1.819620666503906250e+02 6.412472128868103027e-01 4.936002790927886963e-01 5.875038504600524902e-01 0.000000000000000000e+00 1.000000000000000000e+00
3.469750976562500000e+02 1.461095123291015625e+02 1.817033538818359375e+02 6.253533959388732910e-01 5.208252072334289551e-01 5.810974836349487305e-01 0.000000000000000000e+00 1.000000000000000000e+00
3.466807861328125000e+02 1.458643951416015625e+02 1.814298706054687500e+02 6.013375520706176758e-01 5.589025616645812988e-01 5.709825754165649414e-01 0.000000000000000000e+00 1.000000000000000000e+00
3.463845520019531250e+02 1.455890655517578125e+02 1.811485900878906250e+02 5.687410235404968262e-01 6.059913635253906250e-01 5.561547875404357910e-01 0.000000000000000000e+00 1.000000000000000000e+00
3.460942687988281250e+02 1.452797698974609375e+02 1.808647308349609375e+02 5.291205048561096191e-01 6.570906043052673340e-01 5.369017124176025391e-01 0.000000000000000000e+00 1.000000000000000000e+00
3.458151550292968750e+02 1.449331512451171875e+02 1.805815124511718750e+02 4.867892265319824219e-01 7.055674195289611816e-01 5.149862170219421387e-01 0.000000000000000000e+00 1.000000000000000000e+00
3.455496215820312500e+02 1.445482788085937500e+02 1.803005981445312500e+02 4.470674097537994385e-01 7.461050152778625488e-01 4.934147298336029053e-01 0.000000000000000000e+00 1.000000000000000000e+00
3.452976379394531250e+02 1.441277465820312500e+02 1.800224914550781250e+02 4.139274358749389648e-01 7.766598463058471680e-01 4.748300909996032715e-01 0.000000000000000000e+00 1.000000000000000000e+00
3.450575561523437500e+02 1.436772766113281250e+02 1.797470855712890625e+02 3.896031677722930908e-01 7.974931001663208008e-01 4.606669247150421143e-01 0.000000000000000000e+00 1.000000000000000000e+00
3.448264160156250000e+02 1.432041473388671875e+02 1.794737854003906250e+02 3.732720017433166504e-01 8.106043934822082520e-01 4.512079060077667236e-01 0.000000000000000000e+00 1.000000000000000000e+00
3.446014709472656250e+02 1.427156524658203125e+02 1.792018737792968750e+02 3.636988997459411621e-01 8.181219696998596191e-01 4.454208314418792725e-01 0.000000000000000000e+00 1.000000000000000000e+00
3.443801574707031250e+02 1.422178192138671875e+02 1.789308319091796875e+02 3.584606945514678955e-01 8.220897912979125977e-01 4.423509538173675537e-01 0.000000000000000000e+00 1.000000000000000000e+00
3.441608886718750000e+02 1.417149505615234375e+02 1.786602478027343750e+02 3.557876646518707275e-01 8.241925239562988281e-01 4.405926167964935303e-01 0.000000000000000000e+00 1.000000000000000000e+00
3.439426574707031250e+02 1.412094116210937500e+02 1.783899993896484375e+02 3.533245027065277100e-01 8.259227275848388672e-01 4.393327534198760986e-01 0.000000000000000000e+00 1.000000000000000000e+00
3.437256469726562500e+02 1.407021331787109375e+02 1.781201629638671875e+02 3.497219979763031006e-01 8.283007144927978516e-01 4.377356171607971191e-01 0.000000000000000000e+00 1.000000000000000000e+00
3.435105895996093750e+02 1.401927795410156250e+02 1.778509826660156250e+02 3.422191441059112549e-01 8.328704237937927246e-01 4.349861145019531250e-01 0.000000000000000000e+00 1.000000000000000000e+00
3.432998962402343750e+02 1.396800079345703125e+02 1.775831756591796875e+02 3.275091052055358887e-01 8.413715362548828125e-01 4.299206137657165527e-01 0.000000000000000000e+00 1.000000000000000000e+00
3.430977783203125000e+02 1.391607666015625000e+02 1.773178558349609375e+02 3.010645210742950439e-01 8.554199934005737305e-01 4.214460253715515137e-01 0.000000000000000000e+00 1.000000000000000000e+00
3.429111328125000000e+02 1.386304473876953125e+02 1.770565795898437500e+02 2.583625614643096924e-01 8.754101395606994629e-01 4.085409939289093018e-01 0.000000000000000000e+00 1.000000000000000000e+00
3.427496643066406250e+02 1.380833435058593750e+02 1.768012542724609375e+02 1.972728818655014038e-01 8.992062807083129883e-01 3.905271589756011963e-01 0.000000000000000000e+00 1.000000000000000000e+00
3.426245727539062500e+02 1.375131530761718750e+02 1.765536193847656250e+02 1.196347698569297791e-01 9.222552180290222168e-01 3.676041662693023682e-01 0.000000000000000000e+00 1.000000000000000000e+00
3.425469360351562500e+02 1.369146575927734375e+02 1.763150634765625000e+02 3.271136432886123657e-02 9.392671585083007812e-01 3.416241705417633057e-01 0.000000000000000000e+00 1.000000000000000000e+00
3.425250244140625000e+02 1.362854919433593750e+02 1.760862274169921875e+02 -5.390165373682975769e-02 9.474488496780395508e-01 3.153334558010101318e-01 0.000000000000000000e+00 1.000000000000000000e+00
3.425625000000000000e+02 1.356267700195312500e+02 1.758669891357421875e+02 -1.322692781686782837e-01 9.474924802780151367e-01 2.911405563354492188e-01 0.000000000000000000e+00 1.000000000000000000e+00
3.426578674316406250e+02 1.349436187744140625e+02 1.756570739746093750e+02 -2.002900242805480957e-01 9.417744278907775879e-01 2.700830698013305664e-01 0.000000000000000000e+00 1.000000000000000000e+00
3.428064880371093750e+02 1.342447967529296875e+02 1.754566650390625000e+02 -2.622252404689788818e-01 9.318845272064208984e-01 2.506570816040039062e-01 0.000000000000000000e+00 1.000000000000000000e+00
3.430043334960937500e+02 1.335417022705078125e+02 1.752675476074218750e+02 -3.248425126075744629e-01 9.173434376716613770e-01 2.301270067691802979e-01 0.000000000000000000e+00 1.000000000000000000e+00
3.432502441406250000e+02 1.328472595214843750e+02 1.750933380126953125e+02 -3.959965407848358154e-01 8.951260447502136230e-01 2.047830671072006226e-01 0.000000000000000000e+00 1.000000000000000000e+00
3.435476989746093750e+02 1.321748809814453125e+02 1.749395141601562500e+02 -4.790915548801422119e-01 8.608007431030273438e-01 1.717362105846405029e-01 0.000000000000000000e+00 1.000000000000000000e+00
3.439029235839843750e+02 1.315366363525390625e+02 1.748121795654296875e+02 -5.711461901664733887e-01 8.104746937751770020e-01 1.300874799489974976e-01 0.000000000000000000e+00 1.000000000000000000e+00
3.443222351074218750e+02 1.309416198730468750e+02 1.747166748046875000e+02 -6.617999672889709473e-01 7.451172471046447754e-01 8.258990943431854248e-02 0.000000000000000000e+00 1.000000000000000000e+00
3.448081359863281250e+02 1.303945465087890625e+02 1.746560363769531250e+02 -7.395506501197814941e-01 6.721917390823364258e-01 3.497402369976043701e-02 0.000000000000000000e+00 1.000000000000000000e+00
3.453572998046875000e+02 1.298954010009765625e+02 1.746300659179687500e+02 -7.984740734100341797e-01 6.019834280014038086e-01 -7.426164112985134125e-03 0.000000000000000000e+00 1.000000000000000000e+00
3.459610595703125000e+02 1.294402160644531250e+02 1.746356811523437500e+02 -8.391389846801757812e-01 5.423204898834228516e-01 -4.164377599954605103e-02 0.000000000000000000e+00 1.000000000000000000e+00
3.466070556640625000e+02 1.290227203369140625e+02 1.746677398681640625e+02 -8.659108281135559082e-01 4.956086874008178711e-01 -6.760524213314056396e-02 0.000000000000000000e+00 1.000000000000000000e+00
3.472821044921875000e+02 1.286363525390625000e+02 1.747204437255859375e+02 -8.834229707717895508e-01 4.604754149913787842e-01 -8.675397932529449463e-02 0.000000000000000000e+00 1.000000000000000000e+00
3.479746398925781250e+02 1.282753753662109375e+02 1.747884521484375000e+02 -8.951941132545471191e-01 4.341738224029541016e-01 -1.006011366844177246e-01 0.000000000000000000e+00 1.000000000000000000e+00
3.486752624511718750e+02 1.279355697631835938e+02 1.748671875000000000e+02 -9.034373164176940918e-01 4.142277240753173828e-01 -1.105275303125381470e-01 0.000000000000000000e+00 1.000000000000000000e+00
3.493768310546875000e+02 1.276138992309570312e+02 1.749530181884765625e+02 -9.092940688133239746e-01 3.992311954498291016e-01 -1.174684166908264160e-01 0.000000000000000000e+00 1.000000000000000000e+00
3.500729980468750000e+02 1.273082427978515625e+02 1.750429534912109375e+02 -9.134395122528076172e-01 3.884774148464202881e-01 -1.212993264198303223e-01 0.000000000000000000e+00 1.000000000000000000e+00
3.507577209472656250e+02 1.270170364379882812e+02 1.751338806152343750e+02 -9.158024787902832031e-01 3.827586174011230469e-01 -1.216624528169631958e-01 0.000000000000000000e+00 1.000000000000000000e+00
3.514241333007812500e+02 1.267385101318359375e+02 1.752224121093750000e+02 -9.166764616966247559e-01 3.820609748363494873e-01 -1.171906068921089172e-01 0.000000000000000000e+00 1.000000000000000000e+00
3.520668640136718750e+02 1.264706268310546875e+02 1.753045806884765625e+02 -9.156454801559448242e-01 3.877705633640289307e-01 -1.059591770172119141e-01 0.000000000000000000e+00 1.000000000000000000e+00
3.526814575195312500e+02 1.262103500366210938e+02 1.753757019042968750e+02 -9.121483564376831055e-01 4.009317457675933838e-01 -8.508366346359252930e-02 0.000000000000000000e+00 1.000000000000000000e+00
3.532657775878906250e+02 1.259535140991210938e+02 1.754302062988281250e+02 -9.045756459236145020e-01 4.231373369693756104e-01 -5.193950608372688293e-02 0.000000000000000000e+00 1.000000000000000000e+00
3.538190612792968750e+02 1.256947021484375000e+02 1.754619750976562500e+02 -8.904355168342590332e-01 4.550958871841430664e-01 -3.509335918352007866e-03 0.000000000000000000e+00 1.000000000000000000e+00
3.543417358398437500e+02 1.254275665283203125e+02 1.754640350341796875e+02 -8.656080365180969238e-01 4.970255196094512939e-01 6.073265522718429565e-02 0.000000000000000000e+00 1.000000000000000000e+00
3.548338928222656250e+02 1.251449737548828125e+02 1.754295043945312500e+02 -8.256265521049499512e-01 5.470123887062072754e-01 1.382690817117691040e-01 0.000000000000000000e+00 1.000000000000000000e+00
3.552951049804687500e+02 1.248394012451171875e+02 1.753522644042968750e+02 -7.684174776077270508e-01 6.002680659294128418e-01 2.218396961688995361e-01 0.000000000000000000e+00 1.000000000000000000e+00
3.557241210937500000e+02 1.245042648315429688e+02 1.752284088134765625e+02 -6.973647475242614746e-01 6.504174470901489258e-01 3.010640144348144531e-01 0.000000000000000000e+00 1.000000000000000000e+00
3.561205444335937500e+02 1.241345291137695312e+02 1.750572662353515625e+02 -6.210878491401672363e-01 6.928978562355041504e-01 3.662545680999755859e-01 0.000000000000000000e+00 1.000000000000000000e+00
3.564849243164062500e+02 1.237280197143554688e+02 1.748423919677734375e+02 -5.501376390457153320e-01 7.259359359741210938e-01 4.127536714076995850e-01 0.000000000000000000e+00 1.000000000000000000e+00
3.568197021484375000e+02 1.232862625122070312e+02 1.745912170410156250e+02 -4.922168850898742676e-01 7.505858540534973145e-01 4.408441483974456787e-01 0.000000000000000000e+00 1.000000000000000000e+00
3.571290588378906250e+02 1.228145217895507812e+02 1.743141479492187500e+02 -4.497731328010559082e-01 7.689888477325439453e-01 4.542689621448516846e-01 0.000000000000000000e+00 1.000000000000000000e+00
3.574175720214843750e+02 1.223212432861328125e+02 1.740227508544921875e+02 -4.208185672760009766e-01 7.832492589950561523e-01 4.576378166675567627e-01 0.000000000000000000e+00 1.000000000000000000e+00
3.576889343261718750e+02 1.218161697387695312e+02 1.737276458740234375e+02 -4.025425016880035400e-01 7.943136692047119141e-01 4.550002217292785645e-01 0.000000000000000000e+00 1.000000000000000000e+00
3.579458312988281250e+02 1.213092498779296875e+02 1.734372711181640625e+02 -3.905285894870758057e-01 8.031734228134155273e-01 4.498887360095977783e-01 0.000000000000000000e+00 1.000000000000000000e+00
3.581892700195312500e+02 1.208085861206054688e+02 1.731568298339843750e+02 -3.812026679515838623e-01 8.101250529289245605e-01 4.454009830951690674e-01 0.000000000000000000e+00 1.000000000000000000e+00
3.584197692871093750e+02 1.203187332153320312e+02 1.728875122070312500e+02 -3.721533417701721191e-01 8.151738643646240234e-01 4.438392817974090576e-01 0.000000000000000000e+00 1.000000000000000000e+00
3.586382446289062500e+02 1.198401794433593750e+02 1.726269531250000000e+02 -3.632265627384185791e-01 8.176314830780029297e-01 4.467049241065979004e-01 0.000000000000000000e+00 1.000000000000000000e+00
3.588469848632812500e+02 1.193703002929687500e+02 1.723702392578125000e+02 -3.553129136562347412e-01 8.169220685958862305e-01 4.543028771877288818e-01 0.000000000000000000e+00 1.000000000000000000e+00
3.590491943359375000e+02 1.189053878784179688e+02 1.721116943359375000e+02 -3.512786626815795898e-01 8.120203614234924316e-01 4.660754501819610596e-01 0.000000000000000000e+00 1.000000000000000000e+00
3.592491760253906250e+02 1.184431076049804688e+02 1.718463592529296875e+02 -3.525595366954803467e-01 8.031309247016906738e-01 4.802942276000976562e-01 0.000000000000000000e+00 1.000000000000000000e+00
3.594505310058593750e+02 1.179844207763671875e+02 1.715720520019531250e+02 -3.607865869998931885e-01 7.902606725692749023e-01 4.952990412712097168e-01 0.000000000000000000e+00 1.000000000000000000e+00
3.596563110351562500e+02 1.175336837768554688e+02 1.712895507812500000e+02 -3.753107190132141113e-01 7.740445733070373535e-01 5.098989605903625488e-01 0.000000000000000000e+00 1.000000000000000000e+00
3.598680419921875000e+02 1.170970077514648438e+02 1.710018920898437500e+02 -3.949756920337677002e-01 7.552337050437927246e-01 5.230833888053894043e-01 0.000000000000000000e+00 1.000000000000000000e+00
3.600864257812500000e+02 1.166794357299804688e+02 1.707126770019531250e+02 -4.161185324192047119e-01 7.353296279907226562e-01 5.349164605140686035e-01 0.000000000000000000e+00 1.000000000000000000e+00
3.603106384277343750e+02 1.162832260131835938e+02 1.704244537353515625e+02 -4.346201419830322266e-01 7.163748145103454590e-01 5.458135008811950684e-01 0.000000000000000000e+00 1.000000000000000000e+00
3.605392456054687500e+02 1.159064178466796875e+02 1.701373596191406250e+02 -4.462286233901977539e-01 6.999658942222595215e-01 5.576089024543762207e-01 0.000000000000000000e+00 1.000000000000000000e+00
3.607702636718750000e+02 1.155440368652343750e+02 1.698486785888671875e+02 -4.483270347118377686e-01 6.875156164169311523e-01 5.712487101554870605e-01 0.000000000000000000e+00 1.000000000000000000e+00
3.610015563964843750e+02 1.151893463134765625e+02 1.695539703369140625e+02 -4.410052895545959473e-01 6.797293424606323242e-01 5.860735774040222168e-01 0.000000000000000000e+00 1.000000000000000000e+00
3.612312622070312500e+02 1.148352966308593750e+02 1.692487030029296875e+02 -4.268037676811218262e-01 6.769980788230895996e-01 5.995932221412658691e-01 0.000000000000000000e+00 1.000000000000000000e+00
3.614580078125000000e+02 1.144756317138671875e+02 1.689301605224609375e+02 -4.096662700176239014e-01 6.796837449073791504e-01 6.084435582160949707e-01 0.000000000000000000e+00 1.000000000000000000e+00
3.616809692382812500e+02 1.141057128906250000e+02 1.685990142822265625e+02 -3.934567868709564209e-01 6.881102919578552246e-01 6.096686720848083496e-01 0.000000000000000000e+00 1.000000000000000000e+00
3.618997497558593750e+02 1.137230911254882812e+02 1.682600097656250000e+02 -3.818526268005371094e-01 7.015852928161621094e-01 6.016367673873901367e-01 0.000000000000000000e+00 1.000000000000000000e+00
3.621153869628906250e+02 1.133268966674804688e+02 1.679202575683593750e+02 -3.768415451049804688e-01 7.178745865821838379e-01 5.853601694107055664e-01 0.000000000000000000e+00 1.000000000000000000e+00
3.623296813964843750e+02 1.129186706542968750e+02 1.675873870849609375e+02 -3.804926276206970215e-01 7.334467768669128418e-01 5.632772445678710938e-01 0.000000000000000000e+00 1.000000000000000000e+00
3.625459899902343750e+02 1.125017089843750000e+02 1.672671661376953125e+02 -3.939764499664306641e-01 7.443934082984924316e-01 5.391299128532409668e-01 0.000000000000000000e+00 1.000000000000000000e+00
3.627690124511718750e+02 1.120803222656250000e+02 1.669619750976562500e+02 -4.186484217643737793e-01 7.469800114631652832e-01 5.164827108383178711e-01 0.000000000000000000e+00 1.000000000000000000e+00
3.630052490234375000e+02 1.116588134765625000e+02 1.666705322265625000e+02 -4.535253047943115234e-01 7.393806576728820801e-01 4.976255297660827637e-01 0.000000000000000000e+00 1.000000000000000000e+00
3.632616577148437500e+02 1.112407913208007812e+02 1.663891906738281250e+02 -4.964387118816375732e-01 7.219213247299194336e-01 4.820561707019805908e-01 0.000000000000000000e+00 1.000000000000000000e+00
3.635450134277343750e+02 1.108287353515625000e+02 1.661140441894531250e+02 -5.428602695465087891e-01 6.973676681518554688e-01 4.679539799690246582e-01 0.000000000000000000e+00 1.000000000000000000e+00
3.638599548339843750e+02 1.104241561889648438e+02 1.658425598144531250e+02 -5.880257487297058105e-01 6.700662374496459961e-01 4.530309140682220459e-01 0.000000000000000000e+00 1.000000000000000000e+00
3.642073059082031250e+02 1.100283432006835938e+02 1.655749511718750000e+02 -6.285797953605651855e-01 6.443465948104858398e-01 4.355513453483581543e-01 0.000000000000000000e+00 1.000000000000000000e+00
3.645832519531250000e+02 1.096429672241210938e+02 1.653144531250000000e+02 -6.625954508781433105e-01 6.228570938110351562e-01 4.159522354602813721e-01 0.000000000000000000e+00 1.000000000000000000e+00
3.649796447753906250e+02 1.092703475952148438e+02 1.650656127929687500e+02 -6.900502443313598633e-01 6.067763566970825195e-01 3.945288360118865967e-01 0.000000000000000000e+00 1.000000000000000000e+00
3.653865356445312500e+02 1.089125595092773438e+02 1.648329772949218750e+02 -7.115000486373901367e-01 5.957861542701721191e-01 3.725675940513610840e-01 0.000000000000000000e+00 1.000000000000000000e+00
3.657945251464843750e+02 1.085709228515625000e+02 1.646193389892578125e+02 -7.275183796882629395e-01 5.891188383102416992e-01 3.516476750373840332e-01 0.000000000000000000e+00 1.000000000000000000e+00
3.661968994140625000e+02 1.082450942993164062e+02 1.644248504638671875e+02 -7.388688921928405762e-01 5.854960680007934570e-01 3.335672914981842041e-01 0.000000000000000000e+00 1.000000000000000000e+00
3.665907592773437500e+02 1.079329910278320312e+02 1.642470397949218750e+02 -7.462584972381591797e-01 5.839673876762390137e-01 3.195000588893890381e-01 0.000000000000000000e+00 1.000000000000000000e+00
3.669761352539062500e+02 1.076314239501953125e+02 1.640820465087890625e+02 -7.507106065750122070e-01 5.834491252899169922e-01 3.098722994327545166e-01 0.000000000000000000e+00 1.000000000000000000e+00
3.673548583984375000e+02 1.073370819091796875e+02 1.639257202148437500e+02 -7.531059980392456055e-01 5.834514498710632324e-01 3.039996027946472168e-01 0.000000000000000000e+00 1.000000000000000000e+00
3.677291259765625000e+02 1.070471267700195312e+02 1.637746429443359375e+02 -7.543840408325195312e-01 5.834650397300720215e-01 3.007877171039581299e-01 0.000000000000000000e+00 1.000000000000000000e+00
3.681009521484375000e+02 1.067595443725585938e+02 1.636263885498046875e+02 -7.549784183502197266e-01 5.832256078720092773e-01 2.997589409351348877e-01 0.000000000000000000e+00 1.000000000000000000e+00
3.684714660644531250e+02 1.064733200073242188e+02 1.634792785644531250e+02 -7.552066445350646973e-01 5.825573205947875977e-01 3.004829883575439453e-01 0.000000000000000000e+00 1.000000000000000000e+00
3.688417358398437500e+02 1.061876983642578125e+02 1.633319549560546875e+02 -7.553400397300720215e-01 5.811240077018737793e-01 3.029128015041351318e-01 0.000000000000000000e+00 1.000000000000000000e+00
3.692126770019531250e+02 1.059023132324218750e+02 1.631831970214843750e+02 -7.551864981651306152e-01 5.785971879959106445e-01 3.080886304378509521e-01 0.000000000000000000e+00 1.000000000000000000e+00
3.695855407714843750e+02 1.056166381835937500e+02 1.630310821533203125e+02 -7.543493509292602539e-01 5.748566389083862305e-01 3.170125782489776611e-01 0.000000000000000000e+00 1.000000000000000000e+00
3.699620666503906250e+02 1.053297042846679688e+02 1.628728485107421875e+02 -7.522690892219543457e-01 5.702341198921203613e-01 3.300368189811706543e-01 0.000000000000000000e+00 1.000000000000000000e+00
3.703445434570312500e+02 1.050397796630859375e+02 1.627050476074218750e+02 -7.476899623870849609e-01 5.663098096847534180e-01 3.467750549316406250e-01 0.000000000000000000e+00 1.000000000000000000e+00
3.707356567382812500e+02 1.047435455322265625e+02 1.625236511230468750e+02 -7.398271560668945312e-01 5.656462907791137695e-01 3.642803728580474854e-01 0.000000000000000000e+00 1.000000000000000000e+00
3.711384582519531250e+02 1.044355773925781250e+02 1.623253173828125000e+02 -7.280294299125671387e-01 5.708479285240173340e-01 3.796126842498779297e-01 0.000000000000000000e+00 1.000000000000000000e+00
3.715543823242187500e+02 1.041094512939453125e+02 1.621084442138671875e+02 -7.123373150825500488e-01 5.834050774574279785e-01 3.901462554931640625e-01 0.000000000000000000e+00 1.000000000000000000e+00
3.719827270507812500e+02 1.037586364746093750e+02 1.618738403320312500e+02 -6.937589645385742188e-01 6.026659011840820312e-01 3.943252861499786377e-01 0.000000000000000000e+00 1.000000000000000000e+00
3.724202575683593750e+02 1.033785552978515625e+02 1.616251525878906250e+02 -6.736236214637756348e-01 6.261405944824218750e-01 3.926563858985900879e-01 0.000000000000000000e+00 1.000000000000000000e+00
3.728621826171875000e+02 1.029677810668945312e+02 1.613675537109375000e+02 -6.540530323982238770e-01 6.502017974853515625e-01 3.865906000137329102e-01 0.000000000000000000e+00 1.000000000000000000e+00
3.733040161132812500e+02 1.025285491943359375e+02 1.611063995361328125e+02 -6.378485560417175293e-01 6.708406805992126465e-01 3.783145844936370850e-01 0.000000000000000000e+00 1.000000000000000000e+00
3.737438659667968750e+02 1.020659484863281250e+02 1.608455200195312500e+02 -6.272739768028259277e-01 6.856138706207275391e-01 3.694062829017639160e-01 0.000000000000000000e+00 1.000000000000000000e+00
3.741832275390625000e+02 1.015857238769531250e+02 1.605867767333984375e+02 -6.234108209609985352e-01 6.936583518981933594e-01 3.608282208442687988e-01 0.000000000000000000e+00 1.000000000000000000e+00
3.746260986328125000e+02 1.010929489135742188e+02 1.603304443359375000e+02 -6.255403757095336914e-01 6.959994435310363770e-01 3.525391519069671631e-01 0.000000000000000000e+00 1.000000000000000000e+00
3.750765991210937500e+02 1.005917053222656250e+02 1.600765533447265625e+02 -6.310943961143493652e-01 6.953973770141601562e-01 3.437184393405914307e-01 0.000000000000000000e+00 1.000000000000000000e+00
3.755356750488281250e+02 1.000858535766601562e+02 1.598265228271484375e+02 -6.377089619636535645e-01 6.942484974861145020e-01 3.336859047412872314e-01 0.000000000000000000e+00 1.000000000000000000e+00
3.760001831054687500e+02 9.958016204833984375e+01 1.595834655761718750e+02 -6.438401937484741211e-01 6.941547989845275879e-01 3.218988776206970215e-01 0.000000000000000000e+00 1.000000000000000000e+00
3.764631347656250000e+02 9.908103179931640625e+01 1.593520050048828125e+02 -6.491242647171020508e-01 6.950309872627258301e-01 3.091432452201843262e-01 0.000000000000000000e+00 1.000000000000000000e+00
3.769160156250000000e+02 9.859612274169921875e+01 1.591363220214843750e+02 -6.539943814277648926e-01 6.961069703102111816e-01 2.961864769458770752e-01 0.000000000000000000e+00 1.000000000000000000e+00
3.773513183593750000e+02 9.813278961181640625e+01 1.589391784667968750e+02 -6.586992144584655762e-01 6.966899037361145020e-01 2.841452360153198242e-01 0.000000000000000000e+00 1.000000000000000000e+00
3.777644348144531250e+02 9.769584655761718750e+01 1.587609710693359375e+02 -6.636790037155151367e-01 6.960048675537109375e-01 2.740572690963745117e-01 0.000000000000000000e+00 1.000000000000000000e+00
3.781550903320312500e+02 9.728616333007812500e+01 1.585996551513671875e+02 -6.685571670532226562e-01 6.941505074501037598e-01 2.668077349662780762e-01 0.000000000000000000e+00 1.000000000000000000e+00
3.785265808105468750e+02 9.690045166015625000e+01 1.584514007568359375e+02 -6.724357008934020996e-01 6.915784478187561035e-01 2.637222111225128174e-01 0.000000000000000000e+00 1.000000000000000000e+00
3.788840942382812500e+02 9.653276062011718750e+01 1.583111877441406250e+02 -6.756250858306884766e-01 6.878410577774047852e-01 2.653401494026184082e-01 0.000000000000000000e+00 1.000000000000000000e+00
3.792347412109375000e+02 9.617577362060546875e+01 1.581734771728515625e+02 -6.783691644668579102e-01 6.823398470878601074e-01 2.724476754665374756e-01 0.000000000000000000e+00 1.000000000000000000e+00
3.795866699218750000e+02 9.582178497314453125e+01 1.580321350097656250e+02 -6.819887757301330566e-01 6.732412576675415039e-01 2.857228517532348633e-01 0.000000000000000000e+00 1.000000000000000000e+00
3.799489135742187500e+02 9.546418762207031250e+01 1.578803710937500000e+02 -6.859819293022155762e-01 6.608015894889831543e-01 3.045816719532012939e-01 0.000000000000000000e+00 1.000000000000000000e+00
3.803298950195312500e+02 9.509719085693359375e+01 1.577112121582031250e+02 -6.895197629928588867e-01 6.461302042007446289e-01 3.272279798984527588e-01 0.000000000000000000e+00 1.000000000000000000e+00
3.807361755371093750e+02 9.471647644042968750e+01 1.575184020996093750e+02 -6.915317773818969727e-01 6.309911608695983887e-01 3.516160547733306885e-01 0.000000000000000000e+00 1.000000000000000000e+00
3.811708679199218750e+02 9.431983947753906250e+01 1.572973785400390625e+02 -6.922889947891235352e-01 6.161458492279052734e-01 3.756332397460937500e-01 0.000000000000000000e+00 1.000000000000000000e+00
3.816333312988281250e+02 9.390824127197265625e+01 1.570464477539062500e+02 -6.929811835289001465e-01 6.011075377464294434e-01 3.980538845062255859e-01 0.000000000000000000e+00 1.000000000000000000e+00
3.821191406250000000e+02 9.348683929443359375e+01 1.567673950195312500e+02 -6.958638429641723633e-01 5.841490626335144043e-01 4.177839457988739014e-01 0.000000000000000000e+00 1.000000000000000000e+00
3.826227416992187500e+02 9.306408691406250000e+01 1.564650421142578125e+02 -7.033934593200683594e-01 5.632193684577941895e-01 4.336146414279937744e-01 0.000000000000000000e+00 1.000000000000000000e+00
3.831396179199218750e+02 9.265021514892578125e+01 1.561464080810546875e+02 -7.168456912040710449e-01 5.368988513946533203e-01 4.448279738426208496e-01 0.000000000000000000e+00 1.000000000000000000e+00
3.836676330566406250e+02 9.225474548339843750e+01 1.558187561035156250e+02 -7.358020544052124023e-01 5.053381919860839844e-01 4.508088827133178711e-01 0.000000000000000000e+00 1.000000000000000000e+00
3.842068786621093750e+02 9.188439941406250000e+01 1.554883728027343750e+02 -7.576314806938171387e-01 4.709295034408569336e-01 4.519069194793701172e-01 0.000000000000000000e+00 1.000000000000000000e+00
3.847580871582031250e+02 9.154177856445312500e+01 1.551595916748046875e+02 -7.789571881294250488e-01 4.373773932456970215e-01 4.493626654148101807e-01 0.000000000000000000e+00 1.000000000000000000e+00
3.853213806152343750e+02 9.122549438476562500e+01 1.548346405029296875e+02 -7.971705198287963867e-01 4.080214202404022217e-01 4.450141489505767822e-01 0.000000000000000000e+00 1.000000000000000000e+00
3.858956604003906250e+02 9.093155670166015625e+01 1.545140533447265625e+02 -8.112782835960388184e-01 3.844103813171386719e-01 4.405180215835571289e-01 0.000000000000000000e+00 1.000000000000000000e+00
3.864787902832031250e+02 9.065525054931640625e+01 1.541974182128906250e+02 -8.216845393180847168e-01 3.660509586334228516e-01 4.368535578250885010e-01 0.000000000000000000e+00 1.000000000000000000e+00
3.870682983398437500e+02 9.039263153076171875e+01 1.538840026855468750e+02 -8.295282721519470215e-01 3.513820171356201172e-01 4.340663850307464600e-01 0.000000000000000000e+00 1.000000000000000000e+00
3.876624145507812500e+02 9.014096832275390625e+01 1.535731201171875000e+02 -8.359660506248474121e-01 3.382122516632080078e-01 4.321725666522979736e-01 0.000000000000000000e+00 1.000000000000000000e+00
3.882602233886718750e+02 8.989910888671875000e+01 1.532640686035156250e+02 -8.420701622962951660e-01 3.244980573654174805e-01 4.308350384235382080e-01 0.000000000000000000e+00 1.000000000000000000e+00
3.888620300292968750e+02 8.966719818115234375e+01 1.529561614990234375e+02 -8.482725620269775391e-01 3.088428974151611328e-01 4.301740527153015137e-01 0.000000000000000000e+00 1.000000000000000000e+00
3.894687194824218750e+02 8.944631195068359375e+01 1.526484985351562500e+02 -8.550432920455932617e-01 2.897809743881225586e-01 4.300325810909271240e-01 0.000000000000000000e+00 1.000000000000000000e+00
3.900818481445312500e+02 8.923851776123046875e+01 1.523401336669921875e+02 -8.623234629631042480e-01 2.663717865943908691e-01 4.306324422359466553e-01 0.000000000000000000e+00 1.000000000000000000e+00
3.907033386230468750e+02 8.904653930664062500e+01 1.520297698974609375e+02 -8.695374727249145508e-01 2.390418499708175659e-01 4.321614205837249756e-01 0.000000000000000000e+00 1.000000000000000000e+00
3.913343505859375000e+02 8.887306976318359375e+01 1.517161560058593750e+02 -8.758348822593688965e-01 2.100528776645660400e-01 4.345009326934814453e-01 0.000000000000000000e+00 1.000000000000000000e+00
3.919758605957031250e+02 8.871921539306640625e+01 1.513979034423828125e+02 -8.800283074378967285e-01 1.834096610546112061e-01 4.380765855312347412e-01 0.000000000000000000e+00 1.000000000000000000e+00
3.926273193359375000e+02 8.858344268798828125e+01 1.510736083984375000e+02 -8.812280893325805664e-01 1.633467078208923340e-01 4.435706436634063721e-01 0.000000000000000000e+00 1.000000000000000000e+00
3.932867736816406250e+02 8.846120452880859375e+01 1.507416687011718750e+02 -8.792923092842102051e-01 1.520664095878601074e-01 4.513544142246246338e-01 0.000000000000000000e+00 1.000000000000000000e+00
3.939514160156250000e+02 8.834626007080078125e+01 1.504004974365234375e+02 -8.743325471878051758e-01 1.487162411212921143e-01 4.619806706905364990e-01 0.000000000000000000e+00 1.000000000000000000e+00
3.946175537109375000e+02 8.823295593261718750e+01 1.500485229492187500e+02 -8.670234680175781250e-01 1.495108455419540405e-01 4.753070175647735596e-01 0.000000000000000000e+00 1.000000000000000000e+00
3.952816467285156250e+02 8.811843872070312500e+01 1.496844635009765625e+02 -8.581811189651489258e-01 1.500019431114196777e-01 4.909425377845764160e-01 0.000000000000000000e+00 1.000000000000000000e+00
3.959409179687500000e+02 8.800320434570312500e+01 1.493073120117187500e+02 -8.483573198318481445e-01 1.472106277942657471e-01 5.085458159446716309e-01 0.000000000000000000e+00 1.000000000000000000e+00
3.965928649902343750e+02 8.789007568359375000e+01 1.489165039062500000e+02 -8.376254439353942871e-01 1.416244655847549438e-01 5.275663137435913086e-01 0.000000000000000000e+00 1.000000000000000000e+00
3.972350158691406250e+02 8.778150177001953125e+01 1.485120544433593750e+02 -8.248555064201354980e-01 1.370924115180969238e-01 5.484696626663208008e-01 0.000000000000000000e+00 1.000000000000000000e+00
3.978640441894531250e+02 8.767695617675781250e+01 1.480937957763671875e+02 -8.082701563835144043e-01 1.388407349586486816e-01 5.722086429595947266e-01 0.000000000000000000e+00 1.000000000000000000e+00
3.984753723144531250e+02 8.757194519042968750e+01 1.476610107421875000e+02 -7.860518097877502441e-01 1.508191525936126709e-01 5.994798541069030762e-01 0.000000000000000000e+00 1.000000000000000000e+00
3.990629577636718750e+02 8.745920562744140625e+01 1.472128906250000000e+02 -7.567121386528015137e-01 1.736317127943038940e-01 6.302687525749206543e-01 0.000000000000000000e+00 1.000000000000000000e+00
3.996199951171875000e+02 8.733139038085937500e+01 1.467489318847656250e+02 -7.197663784027099609e-01 2.043671458959579468e-01 6.634534001350402832e-01 0.000000000000000000e+00 1.000000000000000000e+00
4.001395568847656250e+02 8.718386840820312500e+01 1.462700195312500000e+02 -6.763106584548950195e-01 2.382138073444366455e-01 6.970352530479431152e-01 0.000000000000000000e+00 1.000000000000000000e+00
4.006160888671875000e+02 8.701602172851562500e+01 1.457788848876953125e+02 -6.283106207847595215e-01 2.712682485580444336e-01 7.291359901428222656e-01 0.000000000000000000e+00 1.000000000000000000e+00
4.010454101562500000e+02 8.683066558837890625e+01 1.452806701660156250e+02 -5.786612033843994141e-01 3.010965287685394287e-01 7.579525709152221680e-01 0.000000000000000000e+00 1.000000000000000000e+00
4.014266357421875000e+02 8.663230133056640625e+01 1.447813262939453125e+02 -5.287461280822753906e-01 3.281959891319274902e-01 7.827610969543457031e-01 0.000000000000000000e+00 1.000000000000000000e+00
4.017615661621093750e+02 8.642440795898437500e+01 1.442854919433593750e+02 -4.784720838069915771e-01 3.546711802482604980e-01 8.032886981964111328e-01 0.000000000000000000e+00 1.000000000000000000e+00
4.020539245605468750e+02 8.620769500732421875e+01 1.437946624755859375e+02 -4.261822104454040527e-01 3.836510479450225830e-01 8.192561864852905273e-01 0.000000000000000000e+00 1.000000000000000000e+00
4.023078918457031250e+02 8.597907257080078125e+01 1.433064575195312500e+02 -3.681608736515045166e-01 4.176087379455566406e-01 8.306987881660461426e-01 0.000000000000000000e+00 1.000000000000000000e+00
4.025254516601562500e+02 8.573229217529296875e+01 1.428155670166015625e+02 -3.018426895141601562e-01 4.569946527481079102e-01 8.366881012916564941e-01 0.000000000000000000e+00 1.000000000000000000e+00
4.027056274414062500e+02 8.545950317382812500e+01 1.423161315917968750e+02 -2.264243513345718384e-01 5.001407861709594727e-01 8.358176350593566895e-01 0.000000000000000000e+00 1.000000000000000000e+00
4.028443603515625000e+02 8.515306091308593750e+01 1.418040161132812500e+02 -1.449211537837982178e-01 5.430101752281188965e-01 8.271262049674987793e-01 0.000000000000000000e+00 1.000000000000000000e+00
4.029364624023437500e+02 8.480796051025390625e+01 1.412783508300781250e+02 -6.381757557392120361e-02 5.814592242240905762e-01 8.110687732696533203e-01 0.000000000000000000e+00 1.000000000000000000e+00
4.029786987304687500e+02 8.442313385009765625e+01 1.407415618896484375e+02 1.051917579025030136e-02 6.126976013183593750e-01 7.902474999427795410e-01 0.000000000000000000e+00 1.000000000000000000e+00
4.029714660644531250e+02 8.400186157226562500e+01 1.401982116699218750e+02 7.401140034198760986e-02 6.361686587333679199e-01 7.679920196533203125e-01 0.000000000000000000e+00 1.000000000000000000e+00
4.029190063476562500e+02 8.355094146728515625e+01 1.396538543701171875e+02 1.263232678174972534e-01 6.527230143547058105e-01 7.469907999038696289e-01 0.000000000000000000e+00 1.000000000000000000e+00
4.028276367187500000e+02 8.307882690429687500e+01 1.391135559082031250e+02 1.704381704330444336e-01 6.641467213630676270e-01 7.279148101806640625e-01 0.000000000000000000e+00 1.000000000000000000e+00
4.027031860351562500e+02 8.259387969970703125e+01 1.385820465087890625e+02 2.104401141405105591e-01 6.722322702407836914e-01 7.098019123077392578e-01 0.000000000000000000e+00 1.000000000000000000e+00
4.025494689941406250e+02 8.210284423828125000e+01 1.380635681152343750e+02 2.497347593307495117e-01 6.782263517379760742e-01 6.911161541938781738e-01 0.000000000000000000e+00 1.000000000000000000e+00
4.023679504394531250e+02 8.160987854003906250e+01 1.375612335205078125e+02 2.897867858409881592e-01 6.830447316169738770e-01 6.704277992248535156e-01 0.000000000000000000e+00 1.000000000000000000e+00
4.021587219238281250e+02 8.111671447753906250e+01 1.370771789550781250e+02 3.293992280960083008e-01 6.873213648796081543e-01 6.473680734634399414e-01 0.000000000000000000e+00 1.000000000000000000e+00
4.019221496582031250e+02 8.062308502197265625e+01 1.366122436523437500e+02 3.662275373935699463e-01 6.915808916091918945e-01 6.225697994232177734e-01 0.000000000000000000e+00 1.000000000000000000e+00
4.016597900390625000e+02 8.012764739990234375e+01 1.361662445068359375e+02 3.966955542564392090e-01 6.961983442306518555e-01 5.982813239097595215e-01 0.000000000000000000e+00 1.000000000000000000e+00
4.013756408691406250e+02 7.962896728515625000e+01 1.357377014160156250e+02 4.211506843566894531e-01 7.010381817817687988e-01 5.754803419113159180e-01 0.000000000000000000e+00 1.000000000000000000e+00
4.010736694335937500e+02 7.912631225585937500e+01 1.353250732421875000e+02 4.396066665649414062e-01 7.058193087577819824e-01 5.554863214492797852e-01 0.000000000000000000e+00 1.000000000000000000e+00
4.007583618164062500e+02 7.862006378173828125e+01 1.349266510009765625e+02 4.534688889980316162e-01 7.099919319152832031e-01 5.387740731239318848e-01 0.000000000000000000e+00 1.000000000000000000e+00
4.004337463378906250e+02 7.811181640625000000e+01 1.345409698486328125e+02 4.647541344165802002e-01 7.130183577537536621e-01 5.249841809272766113e-01 0.000000000000000000e+00 1.000000000000000000e+00
4.001025390625000000e+02 7.760368347167968750e+01 1.341668395996093750e+02 4.746513664722442627e-01 7.151034474372863770e-01 5.131599307060241699e-01 0.000000000000000000e+00 1.000000000000000000e+00
3.997666320800781250e+02 7.709761047363281250e+01 1.338036804199218750e+02 4.842226207256317139e-01 7.166882157325744629e-01 5.018829107284545898e-01 0.000000000000000000e+00 1.000000000000000000e+00
3.994269104003906250e+02 7.659479522705078125e+01 1.334515686035156250e+02 4.936356544494628906e-01 7.184624075889587402e-01 4.900363385677337646e-01 0.000000000000000000e+00 1.000000000000000000e+00
3.990837097167968750e+02 7.609528350830078125e+01 1.331108703613281250e+02 5.029819011688232422e-01 7.208249568939208984e-01 4.768862724304199219e-01 0.000000000000000000e+00 1.000000000000000000e+00
3.987366638183593750e+02 7.559793090820312500e+01 1.327818298339843750e+02 5.122687220573425293e-01 7.237845659255981445e-01 4.622950851917266846e-01 0.000000000000000000e+00 1.000000000000000000e+00
3.983848876953125000e+02 7.510090637207031250e+01 1.324643707275390625e+02 5.210860371589660645e-01 7.270564436912536621e-01 4.470550119876861572e-01 0.000000000000000000e+00 1.000000000000000000e+00
3.980273437500000000e+02 7.460203552246093750e+01 1.321576232910156250e+02 5.286238789558410645e-01 7.303513884544372559e-01 4.326011836528778076e-01 0.000000000000000000e+00 1.000000000000000000e+00
3.976636962890625000e+02 7.409961700439453125e+01 1.318600311279296875e+02 5.348246097564697266e-01 7.330717444419860840e-01 4.202004373073577881e-01 0.000000000000000000e+00 1.000000000000000000e+00
3.972939758300781250e+02 7.359284973144531250e+01 1.315695495605468750e+02 5.399578809738159180e-01 7.350109219551086426e-01 4.101273715496063232e-01 0.000000000000000000e+00 1.000000000000000000e+00
3.969186706542968750e+02 7.308197021484375000e+01 1.312844848632812500e+02 5.442016720771789551e-01 7.361983060836791992e-01 4.023139774799346924e-01 0.000000000000000000e+00 1.000000000000000000e+00
3.965388488769531250e+02 7.256814575195312500e+01 1.310036926269531250e+02 5.484691858291625977e-01 7.362406253814697266e-01 3.963978290557861328e-01 0.000000000000000000e+00 1.000000000000000000e+00
3.961552124023437500e+02 7.205316925048828125e+01 1.307264251708984375e+02 5.534100532531738281e-01 7.348635196685791016e-01 3.920623958110809326e-01 0.000000000000000000e+00 1.000000000000000000e+00
3.957679748535156250e+02 7.153896331787109375e+01 1.304520874023437500e+02 5.589206218719482422e-01 7.320467233657836914e-01 3.895064294338226318e-01 0.000000000000000000e+00 1.000000000000000000e+00
3.953773803710937500e+02 7.102738189697265625e+01 1.301798858642578125e+02 5.646517276763916016e-01 7.274907827377319336e-01 3.897764384746551514e-01 0.000000000000000000e+00 1.000000000000000000e+00
3.949836730957031250e+02 7.052013397216796875e+01 1.299081115722656250e+02 5.695642828941345215e-01 7.210667729377746582e-01 3.945366740226745605e-01 0.000000000000000000e+00 1.000000000000000000e+00
3.945878295898437500e+02 7.001899719238281250e+01 1.296339111328125000e+02 5.727540850639343262e-01 7.125679850578308105e-01 4.052155613899230957e-01 0.000000000000000000e+00 1.000000000000000000e+00
3.941915893554687500e+02 6.952603149414062500e+01 1.293535766601562500e+02 5.731779932975769043e-01 7.016500234603881836e-01 4.232661426067352295e-01 0.000000000000000000e+00 1.000000000000000000e+00
3.937977294921875000e+02 6.904389190673828125e+01 1.290627288818359375e+02 -5.698225498199462891e-01 -6.882834434509277344e-01 -4.489633440971374512e-01 0.000000000000000000e+00 1.000000000000000000e+00
3.934098205566406250e+02 6.857534027099609375e+01 1.287570953369140625e+02 -5.620416402816772461e-01 -6.725932955741882324e-01 -4.813807904720306396e-01 0.000000000000000000e+00 1.000000000000000000e+00
3.930315246582031250e+02 6.812263488769531250e+01 1.284330902099609375e+02 -5.489325523376464844e-01 -6.552819013595581055e-01 -5.189206600189208984e-01 0.000000000000000000e+00 1.000000000000000000e+00
3.926664733886718750e+02 6.768685913085937500e+01 1.280879974365234375e+02 -5.299968123435974121e-01 -6.374363899230957031e-01 -5.592658519744873047e-01 0.000000000000000000e+00 1.000000000000000000e+00
3.923177795410156250e+02 6.726747894287109375e+01 1.277200469970703125e+02 -5.054169893264770508e-01 -6.202409863471984863e-01 -5.998789668083190918e-01 0.000000000000000000e+00 1.000000000000000000e+00
3.919877014160156250e+02 6.686241149902343750e+01 1.273282775878906250e+02 -4.763485193252563477e-01 -6.042096018791198730e-01 -6.387666463851928711e-01 0.000000000000000000e+00 1.000000000000000000e+00
3.916774597167968750e+02 6.646889495849609375e+01 1.269122543334960938e+02 -4.448485672473907471e-01 -5.892747640609741211e-01 -6.744369268417358398e-01 0.000000000000000000e+00 1.000000000000000000e+00
3.913870544433593750e+02 6.608420562744140625e+01 1.264719696044921875e+02 -4.131416380405426025e-01 -5.749797821044921875e-01 -7.061955332756042480e-01 0.000000000000000000e+00 1.000000000000000000e+00
3.911154174804687500e+02 6.570616149902343750e+01 1.260076522827148438e+02 -3.839938938617706299e-01 -5.612156391143798828e-01 -7.332023978233337402e-01 0.000000000000000000e+00 1.000000000000000000e+00
3.908602294921875000e+02 6.533319854736328125e+01 1.255203933715820312e+02 -3.581095933914184570e-01 -5.485806465148925781e-01 -7.555241584777832031e-01 0.000000000000000000e+00 1.000000000000000000e+00
3.906192321777343750e+02 6.496401977539062500e+01 1.250119476318359375e+02 -3.350200653076171875e-01 -5.380242466926574707e-01 -7.734929919242858887e-01 0.000000000000000000e+00 1.000000000000000000e+00
3.903905944824218750e+02 6.459683990478515625e+01 1.244840698242187500e+02 -3.129559457302093506e-01 -5.302975177764892578e-01 -7.879359722137451172e-01 0.000000000000000000e+00 1.000000000000000000e+00
3.901736145019531250e+02 6.422917175292968750e+01 1.239377746582031250e+02 -2.888506650924682617e-01 -5.258900523185729980e-01 -8.000031113624572754e-01 0.000000000000000000e+00 1.000000000000000000e+00
3.899697265625000000e+02 6.385796737670898438e+01 1.233730850219726562e+02 -2.593921124935150146e-01 -5.242640972137451172e-01 -8.110874295234680176e-01 0.000000000000000000e+00 1.000000000000000000e+00
3.897828369140625000e+02 6.348023986816406250e+01 1.227887039184570312e+02 -2.221631258726119995e-01 -5.240192413330078125e-01 -8.222209811210632324e-01 0.000000000000000000e+00 1.000000000000000000e+00
3.896191101074218750e+02 6.309405517578125000e+01 1.221827545166015625e+02 -1.767475157976150513e-01 -5.236337780952453613e-01 -8.334074616432189941e-01 0.000000000000000000e+00 1.000000000000000000e+00
3.894858703613281250e+02 6.269931793212890625e+01 1.215544967651367188e+02 -1.256448775529861450e-01 -5.210645794868469238e-01 -8.442186713218688965e-01 0.000000000000000000e+00 1.000000000000000000e+00
3.893891296386718750e+02 6.229812240600585938e+01 1.209044876098632812e+02 -7.203368842601776123e-02 -5.150067806243896484e-01 -8.541540503501892090e-01 0.000000000000000000e+00 1.000000000000000000e+00
3.893326721191406250e+02 6.189447784423828125e+01 1.202350311279296875e+02 -2.041658386588096619e-02 -5.051614642143249512e-01 -8.627833127975463867e-01 0.000000000000000000e+00 1.000000000000000000e+00
3.893164672851562500e+02 6.149352645874023438e+01 1.195502319335937500e+02 2.645597420632839203e-02 -4.917867481708526611e-01 -8.703136444091796875e-01 0.000000000000000000e+00 1.000000000000000000e+00
3.893375854492187500e+02 6.110096359252929688e+01 1.188555145263671875e+02 6.700851023197174072e-02 -4.759924709796905518e-01 -8.768928050994873047e-01 0.000000000000000000e+00 1.000000000000000000e+00
3.893908996582031250e+02 6.072224807739257812e+01 1.181578292846679688e+02 1.026884689927101135e-01 -4.587176442146301270e-01 -8.826286196708679199e-01 0.000000000000000000e+00 1.000000000000000000e+00
3.894714355468750000e+02 6.036248779296875000e+01 1.174656066894531250e+02 1.363458633422851562e-01 -4.403617978096008301e-01 -8.874070048332214355e-01 0.000000000000000000e+00 1.000000000000000000e+00
3.895755615234375000e+02 6.002618789672851562e+01 1.167879028320312500e+02 1.702895760536193848e-01 -4.201703667640686035e-01 -8.913238644599914551e-01 0.000000000000000000e+00 1.000000000000000000e+00
3.897008361816406250e+02 5.971708679199218750e+01 1.161321945190429688e+02 2.066966891288757324e-01 -3.967667818069458008e-01 -8.943448066711425781e-01 0.000000000000000000e+00 1.000000000000000000e+00
3.898462829589843750e+02 5.943789291381835938e+01 1.155028686523437500e+02 2.457263022661209106e-01 -3.681924641132354736e-01 -8.966900110244750977e-01 0.000000000000000000e+00 1.000000000000000000e+00
3.900115661621093750e+02 5.919023513793945312e+01 1.148997268676757812e+02 2.865418791770935059e-01 -3.323584198951721191e-01 -8.985720276832580566e-01 0.000000000000000000e+00 1.000000000000000000e+00
3.901970825195312500e+02 5.897505569458007812e+01 1.143179626464843750e+02 3.271073102951049805e-01 -2.888023257255554199e-01 -8.997744321823120117e-01 0.000000000000000000e+00 1.000000000000000000e+00
3.904038085937500000e+02 5.879253768920898438e+01 1.137493209838867188e+02 3.655841052532196045e-01 -2.385675758123397827e-01 -8.996853828430175781e-01 0.000000000000000000e+00 1.000000000000000000e+00
3.906333923339843750e+02 5.864271926879882812e+01 1.131843261718750000e+02 4.014762639999389648e-01 -1.843928247690200806e-01 -8.971154093742370605e-01 0.000000000000000000e+00 1.000000000000000000e+00
3.908880615234375000e+02 5.852575302124023438e+01 1.126152572631835938e+02 4.344132542610168457e-01 -1.299222260713577271e-01 -8.912941217422485352e-01 0.000000000000000000e+00 1.000000000000000000e+00
3.911693725585937500e+02 5.844161987304687500e+01 1.120380859375000000e+02 4.653675258159637451e-01 -7.761115580797195435e-02 -8.817083835601806641e-01 0.000000000000000000e+00 1.000000000000000000e+00
3.914776611328125000e+02 5.839020538330078125e+01 1.114539871215820312e+02 4.954895377159118652e-01 -2.875588648021221161e-02 -8.681377172470092773e-01 0.000000000000000000e+00 1.000000000000000000e+00
3.918113098144531250e+02 5.837084197998046875e+01 1.108694076538085938e+02 5.254730582237243652e-01 1.632506959140300751e-02 -8.506535887718200684e-01 0.000000000000000000e+00 1.000000000000000000e+00
3.921664123535156250e+02 5.838187408447265625e+01 1.102945556640625000e+02 5.558272004127502441e-01 5.796513333916664124e-02 -8.292745351791381836e-01 0.000000000000000000e+00 1.000000000000000000e+00
3.925386047363281250e+02 5.842068862915039062e+01 1.097392578125000000e+02 5.862922668457031250e-01 9.576801955699920654e-02 -8.044189214706420898e-01 0.000000000000000000e+00 1.000000000000000000e+00
3.929244995117187500e+02 5.848372268676757812e+01 1.092097930908203125e+02 6.153489947319030762e-01 1.282331049442291260e-01 -7.777543663978576660e-01 0.000000000000000000e+00 1.000000000000000000e+00
3.933222961425781250e+02 5.856661987304687500e+01 1.087070083618164062e+02 6.416861414909362793e-01 1.534088402986526489e-01 -7.514683604240417480e-01 0.000000000000000000e+00 1.000000000000000000e+00
3.937327880859375000e+02 5.866475677490234375e+01 1.082262878417968750e+02 6.642959713935852051e-01 1.696115285158157349e-01 -7.279717326164245605e-01 0.000000000000000000e+00 1.000000000000000000e+00
3.941582946777343750e+02 5.877339935302734375e+01 1.077599945068359375e+02 6.835734844207763672e-01 1.761066764593124390e-01 -7.083176374435424805e-01 0.000000000000000000e+00 1.000000000000000000e+00
3.946019592285156250e+02 5.888769912719726562e+01 1.073002700805664062e+02 7.003026008605957031e-01 1.731249839067459106e-01 -6.925345063209533691e-01 0.000000000000000000e+00 1.000000000000000000e+00
3.950662231445312500e+02 5.900247192382812500e+01 1.068411560058593750e+02 7.150677442550659180e-01 1.623244583606719971e-01 -6.799477934837341309e-01 0.000000000000000000e+00 1.000000000000000000e+00
3.955519714355468750e+02 5.911273956298828125e+01 1.063792648315429688e+02 7.283818721771240234e-01 1.457005143165588379e-01 -6.695005893707275391e-01 0.000000000000000000e+00 1.000000000000000000e+00
3.960585937500000000e+02 5.921408081054687500e+01 1.059135971069335938e+02 7.396121621131896973e-01 1.262056231498718262e-01 -6.610944867134094238e-01 0.000000000000000000e+00 1.000000000000000000e+00
3.965834350585937500e+02 5.930363845825195312e+01 1.054444732666015625e+02 7.482551336288452148e-01 1.079173386096954346e-01 -6.545748114585876465e-01 0.000000000000000000e+00 1.000000000000000000e+00
3.971219482421875000e+02 5.938130569458007812e+01 1.049733810424804688e+02 7.538681626319885254e-01 9.481289982795715332e-02 -6.501486301422119141e-01 0.000000000000000000e+00 1.000000000000000000e+00
3.976679382324218750e+02 5.944997406005859375e+01 1.045025100708007812e+02 7.557373046875000000e-01 9.048809856176376343e-02 -6.485931277275085449e-01 0.000000000000000000e+00 1.000000000000000000e+00
3.982135009765625000e+02 5.951529693603515625e+01 1.040342941284179688e+02 7.533889412879943848e-01 9.639022499322891235e-02 -6.504720449447631836e-01 0.000000000000000000e+00 1.000000000000000000e+00
3.987502746582031250e+02 5.958397293090820312e+01 1.035708465576171875e+02 7.455687522888183594e-01 1.119207739830017090e-01 -6.569634079933166504e-01 0.000000000000000000e+00 1.000000000000000000e+00
3.992694396972656250e+02 5.966190719604492188e+01 1.031133804321289062e+02 7.314829826354980469e-01 1.337910592555999756e-01 -6.686049699783325195e-01 0.000000000000000000e+00 1.000000000000000000e+00
3.997632751464843750e+02 5.975223159790039062e+01 1.026619949340820312e+02 7.107703089714050293e-01 1.567034125328063965e-01 -6.857474446296691895e-01 0.000000000000000000e+00 1.000000000000000000e+00
4.002257385253906250e+02 5.985419082641601562e+01 1.022158126831054688e+02 6.841738820075988770e-01 1.747228205204010010e-01 -7.080804705619812012e-01 0.000000000000000000e+00 1.000000000000000000e+00
4.006534729003906250e+02 5.996342468261718750e+01 1.017731323242187500e+02 6.541754007339477539e-01 1.826283931732177734e-01 -7.339627742767333984e-01 0.000000000000000000e+00 1.000000000000000000e+00
4.010470581054687500e+02 6.007330322265625000e+01 1.013315429687500000e+02 6.243357062339782715e-01 1.767615377902984619e-01 -7.608944177627563477e-01 0.000000000000000000e+00 1.000000000000000000e+00
4.014107971191406250e+02 6.017628479003906250e+01 1.008882446289062500e+02 5.981758832931518555e-01 1.571103036403656006e-01 -7.858128547668457031e-01 0.000000000000000000e+00 1.000000000000000000e+00
4.017512817382812500e+02 6.026571273803710938e+01 1.004409561157226562e+02 5.783129930496215820e-01 1.250798255205154419e-01 -8.061693906784057617e-01 0.000000000000000000e+00 1.000000000000000000e+00
4.020769042968750000e+02 6.033613967895507812e+01 9.998703765869140625e+01 5.638063549995422363e-01 8.320218324661254883e-02 -8.217053413391113281e-01 0.000000000000000000e+00 1.000000000000000000e+00
4.023946228027343750e+02 6.038302612304687500e+01 9.952398681640625000e+01 5.499944090843200684e-01 3.413365781307220459e-02 -8.344705700874328613e-01 0.000000000000000000e+00 1.000000000000000000e+00
4.027080383300781250e+02 6.040247726440429688e+01 9.904846191406250000e+01 5.306965708732604980e-01 -1.939972117543220520e-02 -8.473398685455322266e-01 0.000000000000000000e+00 1.000000000000000000e+00
4.030165100097656250e+02 6.039120101928710938e+01 9.855593872070312500e+01 4.990594089031219482e-01 -7.419054955244064331e-02 -8.633860945701599121e-01 0.000000000000000000e+00 1.000000000000000000e+00
4.033144531250000000e+02 6.034690856933593750e+01 9.804048919677734375e+01 4.516190588474273682e-01 -1.265275776386260986e-01 -8.831936717033386230e-01 0.000000000000000000e+00 1.000000000000000000e+00
4.035929260253906250e+02 6.026889038085937500e+01 9.749590301513671875e+01 3.891994953155517578e-01 -1.721041500568389893e-01 -9.049330353736877441e-01 0.000000000000000000e+00 1.000000000000000000e+00
4.038416748046875000e+02 6.015889358520507812e+01 9.691753387451171875e+01 3.165423870086669922e-01 -2.078661322593688965e-01 -9.255229234695434570e-01 0.000000000000000000e+00 1.000000000000000000e+00
4.040515747070312500e+02 6.002105712890625000e+01 9.630381774902343750e+01 2.409438937902450562e-01 -2.332532554864883423e-01 -9.420928359031677246e-01 0.000000000000000000e+00 1.000000000000000000e+00
4.042169799804687500e+02 5.986093139648437500e+01 9.565708160400390625e+01 1.691942960023880005e-01 -2.490748167037963867e-01 -9.535905718803405762e-01 0.000000000000000000e+00 1.000000000000000000e+00
4.043365783691406250e+02 5.968486785888671875e+01 9.498301696777343750e+01 1.041682139039039612e-01 -2.578754723072052002e-01 -9.605462551116943359e-01 0.000000000000000000e+00 1.000000000000000000e+00
4.044118347167968750e+02 5.949856567382812500e+01 9.428907012939453125e+01 4.567134752869606018e-02 -2.621783018112182617e-01 -9.639381170272827148e-01 0.000000000000000000e+00 1.000000000000000000e+00
4.044453125000000000e+02 5.930638504028320312e+01 9.358248901367187500e+01 -1.093116588890552521e-02 -2.641578018665313721e-01 -9.644175767898559570e-01 0.000000000000000000e+00 1.000000000000000000e+00
4.044372253417968750e+02 5.911095428466796875e+01 9.286898803710937500e+01 -7.077559083700180054e-02 -2.650963366031646729e-01 -9.616208672523498535e-01 0.000000000000000000e+00 1.000000000000000000e+00
4.043844604492187500e+02 5.891331863403320312e+01 9.215207672119140625e+01 -1.355686932802200317e-01 -2.657249569892883301e-01 -9.544692039489746094e-01 0.000000000000000000e+00 1.000000000000000000e+00
4.042823181152343750e+02 5.871311187744140625e+01 9.143294525146484375e+01 -2.014998048543930054e-01 -2.665719985961914062e-01 -9.425163865089416504e-01 0.000000000000000000e+00 1.000000000000000000e+00
4.041279296875000000e+02 5.850886535644531250e+01 9.071079254150390625e+01 -2.598599791526794434e-01 -2.685631513595581055e-01 -9.275487065315246582e-01 0.000000000000000000e+00 1.000000000000000000e+00
4.039241638183593750e+02 5.829827499389648438e+01 8.998346710205078125e+01 -2.999664247035980225e-01 -2.726066708564758301e-01 -9.141694307327270508e-01 0.000000000000000000e+00 1.000000000000000000e+00
4.036828002929687500e+02 5.807892608642578125e+01 8.924789428710937500e+01 -3.144864141941070557e-01 -2.787000536918640137e-01 -9.074274301528930664e-01 0.000000000000000000e+00 1.000000000000000000e+00
4.034237670898437500e+02 5.784936904907226562e+01 8.850047302246093750e+01 -3.005678951740264893e-01 -2.844673395156860352e-01 -9.103500843048095703e-01 0.000000000000000000e+00 1.000000000000000000e+00
4.031718139648437500e+02 5.761091232299804688e+01 8.773736572265625000e+01 -2.589299082756042480e-01 -2.857343852519989014e-01 -9.226651787757873535e-01 0.000000000000000000e+00 1.000000000000000000e+00
4.029524841308593750e+02 5.736887741088867188e+01 8.695581054687500000e+01 -1.938391774892807007e-01 -2.775873243808746338e-01 -9.409418702125549316e-01 0.000000000000000000e+00 1.000000000000000000e+00
4.027876586914062500e+02 5.713283920288085938e+01 8.615570831298828125e+01 -1.118685230612754822e-01 -2.567568123340606689e-01 -9.599798917770385742e-01 0.000000000000000000e+00 1.000000000000000000e+00
4.026928100585937500e+02 5.691514587402343750e+01 8.534178161621093750e+01 -1.900138333439826965e-02 -2.231297492980957031e-01 -9.746035337448120117e-01 0.000000000000000000e+00 1.000000000000000000e+00
4.026768798828125000e+02 5.672808074951171875e+01 8.452470397949218750e+01 7.969319075345993042e-02 -1.796770840883255005e-01 -9.804922938346862793e-01 0.000000000000000000e+00 1.000000000000000000e+00
4.027422485351562500e+02 5.658069992065429688e+01 8.372045135498046875e+01 1.803059875965118408e-01 -1.311805844306945801e-01 -9.748237729072570801e-01 0.000000000000000000e+00 1.000000000000000000e+00
4.028852844238281250e+02 5.647663497924804688e+01 8.294712829589843750e+01 2.790440022945404053e-01 -8.269698172807693481e-02 -9.567108154296875000e-01 0.000000000000000000e+00 1.000000000000000000e+00
4.030975036621093750e+02 5.641374206542968750e+01 8.221952819824218750e+01 3.701931536197662354e-01 -3.889003023505210876e-02 -9.281403422355651855e-01 0.000000000000000000e+00 1.000000000000000000e+00
4.033663940429687500e+02 5.638549423217773438e+01 8.154537200927734375e+01 4.460401833057403564e-01 -3.550088964402675629e-03 -8.950058817863464355e-01 0.000000000000000000e+00 1.000000000000000000e+00
4.036769714355468750e+02 5.638302230834960938e+01 8.092218017578125000e+01 4.992151260375976562e-01 2.152978256344795227e-02 -8.662105798721313477e-01 0.000000000000000000e+00 1.000000000000000000e+00
4.040138854980468750e+02 5.639755249023437500e+01 8.033758544921875000e+01 5.247913599014282227e-01 3.615828603506088257e-02 -8.504626154899597168e-01 0.000000000000000000e+00 1.000000000000000000e+00
4.043628540039062500e+02 5.642159652709960938e+01 7.977205657958984375e+01 5.218830704689025879e-01 4.154352843761444092e-02 -8.520048260688781738e-01 0.000000000000000000e+00 1.000000000000000000e+00
4.047115783691406250e+02 5.644935607910156250e+01 7.920274353027343750e+01 4.932562112808227539e-01 3.971102088689804077e-02 -8.689771890640258789e-01 0.000000000000000000e+00 1.000000000000000000e+00
4.050495605468750000e+02 5.647656631469726562e+01 7.860731506347656250e+01 4.449508190155029297e-01 3.292414173483848572e-02 -8.949496746063232422e-01 0.000000000000000000e+00 1.000000000000000000e+00
4.053676452636718750e+02 5.650010299682617188e+01 7.796753692626953125e+01 3.839505910873413086e-01 2.324764057993888855e-02 -9.230609536170959473e-01 0.000000000000000000e+00 1.000000000000000000e+00
4.056569519042968750e+02 5.651762008666992188e+01 7.727201080322265625e+01 3.163616061210632324e-01 1.241931319236755371e-02 -9.485573768615722656e-01 0.000000000000000000e+00 1.000000000000000000e+00
4.059086303710937500e+02 5.652750015258789062e+01 7.651739501953125000e+01 2.455064058303833008e-01 1.467005815356969833e-03 -9.693937897682189941e-01 0.000000000000000000e+00 1.000000000000000000e+00
4.061135559082031250e+02 5.652872467041015625e+01 7.570823669433593750e+01 1.732005029916763306e-01 -9.099366143345832825e-03 -9.848445653915405273e-01 0.000000000000000000e+00 1.000000000000000000e+00
4.062636413574218750e+02 5.652083969116210938e+01 7.485482788085937500e+01 9.894855320453643799e-02 -1.930012181401252747e-02 -9.949053525924682617e-01 0.000000000000000000e+00 1.000000000000000000e+00
4.063515319824218750e+02 5.650369644165039062e+01 7.397110748291015625e+01 2.297986671328544617e-02 -2.944507263600826263e-02 -9.993022084236145020e-01 0.000000000000000000e+00 1.000000000000000000e+00
4.063722229003906250e+02 5.647718429565429688e+01 7.307134246826171875e+01 -5.382991582155227661e-02 -3.995083644986152649e-02 -9.977506399154663086e-01 0.000000000000000000e+00 1.000000000000000000e+00
4.063235168457031250e+02 5.644103622436523438e+01 7.216856384277343750e+01 -1.298815906047821045e-01 -5.125949531793594360e-02 -9.902036190032958984e-01 0.000000000000000000e+00 1.000000000000000000e+00
4.062061462402343750e+02 5.639471435546875000e+01 7.127374267578125000e+01 -2.019723057746887207e-01 -6.365558505058288574e-02 -9.773204326629638672e-01 0.000000000000000000e+00 1.000000000000000000e+00
4.060246887207031250e+02 5.633752441406250000e+01 7.039569091796875000e+01 -2.670824527740478516e-01 -7.718316465616226196e-02 -9.605777859687805176e-01 0.000000000000000000e+00 1.000000000000000000e+00
4.057870178222656250e+02 5.626884078979492188e+01 6.954089355468750000e+01 -3.220789432525634766e-01 -9.156285971403121948e-02 -9.422745704650878906e-01 0.000000000000000000e+00 1.000000000000000000e+00
4.055040893554687500e+02 5.618840789794921875e+01 6.871315765380859375e+01 -3.656038045883178711e-01 -1.063492149114608765e-01 -9.246748685836791992e-01 0.000000000000000000e+00 1.000000000000000000e+00
4.051878967285156250e+02 5.609643173217773438e+01 6.791345214843750000e+01 -3.958322405815124512e-01 -1.206280961632728577e-01 -9.103657603263854980e-01 0.000000000000000000e+00 1.000000000000000000e+00
4.048509216308593750e+02 5.599374008178710938e+01 6.713845062255859375e+01 -4.129633307456970215e-01 -1.330527514219284058e-01 -9.009762406349182129e-01 0.000000000000000000e+00 1.000000000000000000e+00
4.045039062500000000e+02 5.588193511962890625e+01 6.638135528564453125e+01 -4.176717996597290039e-01 -1.417577415704727173e-01 -8.974714875221252441e-01 0.000000000000000000e+00 1.000000000000000000e+00
4.041553344726562500e+02 5.576362991333007812e+01 6.563236236572265625e+01 -4.119378030300140381e-01 -1.444885134696960449e-01 -8.996834754943847656e-01 0.000000000000000000e+00 1.000000000000000000e+00
4.038109436035156250e+02 5.564283370971679688e+01 6.488020324707031250e+01 -3.977920114994049072e-01 -1.393238306045532227e-01 -9.068353772163391113e-01 0.000000000000000000e+00 1.000000000000000000e+00
4.034748840332031250e+02 5.552513122558593750e+01 6.411409759521484375e+01 -3.780418932437896729e-01 -1.252090632915496826e-01 -9.172824621200561523e-01 0.000000000000000000e+00 1.000000000000000000e+00
4.031499938964843750e+02 5.541752624511718750e+01 6.332578277587890625e+01 -3.538932800292968750e-01 -1.018970981240272522e-01 -9.297184944152832031e-01 0.000000000000000000e+00 1.000000000000000000e+00
4.028398437500000000e+02 5.532822418212890625e+01 6.251098251342773438e+01 -3.264071643352508545e-01 -7.000731676816940308e-02 -9.426332116127014160e-01 0.000000000000000000e+00 1.000000000000000000e+00
4.025487060546875000e+02 5.526578140258789062e+01 6.167020416259765625e+01 -2.951260209083557129e-01 -3.113000839948654175e-02 -9.549511075019836426e-01 0.000000000000000000e+00 1.000000000000000000e+00
4.022825317382812500e+02 5.523770523071289062e+01 6.080893325805664062e+01 -2.605974376201629639e-01 1.267848908901214600e-02 -9.653643369674682617e-01 0.000000000000000000e+00 1.000000000000000000e+00
4.020471496582031250e+02 5.524915695190429688e+01 5.993697738647460938e+01 -2.240929454565048218e-01 5.889731273055076599e-02 -9.727864861488342285e-01 0.000000000000000000e+00 1.000000000000000000e+00
4.018466796875000000e+02 5.530184555053710938e+01 5.906673812866210938e+01 -1.883730739355087280e-01 1.044843792915344238e-01 -9.765237569808959961e-01 0.000000000000000000e+00 1.000000000000000000e+00
4.016815795898437500e+02 5.539342117309570312e+01 5.821086120605468750e+01 -1.584259271621704102e-01 1.467843353748321533e-01 -9.763993024826049805e-01 0.000000000000000000e+00 1.000000000000000000e+00
4.015468139648437500e+02 5.551828384399414062e+01 5.738028335571289062e+01 -1.399058997631072998e-01 1.845820397138595581e-01 -9.728081822395324707e-01 0.000000000000000000e+00 1.000000000000000000e+00
4.014320373535156250e+02 5.566971206665039062e+01 5.658220672607421875e+01 -1.372922360897064209e-01 2.181040942668914795e-01 -9.662202000617980957e-01 0.000000000000000000e+00 1.000000000000000000e+00
4.013236389160156250e+02 5.584191513061523438e+01 5.581933212280273438e+01 -1.538530141115188599e-01 2.489504963159561157e-01 -9.562180638313293457e-01 0.000000000000000000e+00 1.000000000000000000e+00
4.012063293457031250e+02 5.603173446655273438e+01 5.509023666381835938e+01 -1.889651119709014893e-01 2.792832553386688232e-01 -9.414314031600952148e-01 0.000000000000000000e+00 1.000000000000000000e+00
4.010659484863281250e+02 5.623921203613281250e+01 5.439085388183593750e+01 -2.372183948755264282e-01 3.098428547382354736e-01 -9.207197427749633789e-01 0.000000000000000000e+00 1.000000000000000000e+00
4.008920288085937500e+02 5.646637725830078125e+01 5.371581649780273438e+01 -2.916766107082366943e-01 3.390002548694610596e-01 -8.944292068481445312e-01 0.000000000000000000e+00 1.000000000000000000e+00
4.006779785156250000e+02 5.671515655517578125e+01 5.305942916870117188e+01 -3.452677130699157715e-01 3.629796802997589111e-01 -8.654686212539672852e-01 0.000000000000000000e+00 1.000000000000000000e+00
4.004213562011718750e+02 5.698494338989257812e+01 5.241616439819335938e+01 -3.940143883228302002e-01 3.779726028442382812e-01 -8.377884626388549805e-01 0.000000000000000000e+00 1.000000000000000000e+00
4.001224670410156250e+02 5.727166366577148438e+01 5.178063964843750000e+01 -4.357055127620697021e-01 3.811391592025756836e-01 -8.154101371765136719e-01 0.000000000000000000e+00 1.000000000000000000e+00
3.997841491699218750e+02 5.756761169433593750e+01 5.114748764038085938e+01 -4.706569015979766846e-01 3.710431456565856934e-01 -8.005055785179138184e-01 0.000000000000000000e+00 1.000000000000000000e+00
3.994101562500000000e+02 5.786244964599609375e+01 5.051139068603515625e+01 -4.985556006431579590e-01 3.483263254165649414e-01 -7.937953472137451172e-01 0.000000000000000000e+00 1.000000000000000000e+00
3.990060119628906250e+02 5.814481353759765625e+01 4.986791610717773438e+01 -5.188795924186706543e-01 3.150816857814788818e-01 -7.946618199348449707e-01 0.000000000000000000e+00 1.000000000000000000e+00
3.985787048339843750e+02 5.840428924560546875e+01 4.921349716186523438e+01 -5.308062434196472168e-01 2.749125957489013672e-01 -8.016656637191772461e-01 0.000000000000000000e+00 1.000000000000000000e+00
3.981370849609375000e+02 5.863301086425781250e+01 4.854652786254882812e+01 -5.343025326728820801e-01 2.324824631214141846e-01 -8.126947283744812012e-01 0.000000000000000000e+00 1.000000000000000000e+00
3.976910400390625000e+02 5.882709121704101562e+01 4.786807632446289062e+01 -5.300012826919555664e-01 1.933612227439880371e-01 -8.256573081016540527e-01 0.000000000000000000e+00 1.000000000000000000e+00
3.972506103515625000e+02 5.898777389526367188e+01 4.718195724487304688e+01 -5.192912220954895020e-01 1.628031432628631592e-01 -8.389468193054199219e-01 0.000000000000000000e+00 1.000000000000000000e+00
3.968258361816406250e+02 5.912094497680664062e+01 4.649570846557617188e+01 -5.055128931999206543e-01 1.451613157987594604e-01 -8.505204319953918457e-01 0.000000000000000000e+00 1.000000000000000000e+00
3.964237976074218750e+02 5.923639297485351562e+01 4.581928253173828125e+01 -4.906757771968841553e-01 1.431853920221328735e-01 -8.594970703125000000e-01 0.000000000000000000e+00 1.000000000000000000e+00
3.960491943359375000e+02 5.934570693969726562e+01 4.516310501098632812e+01 -4.762855172157287598e-01 1.570781469345092773e-01 -8.651465773582458496e-01 0.000000000000000000e+00 1.000000000000000000e+00
3.957035217285156250e+02 5.945970916748046875e+01 4.453520965576171875e+01 -4.635183811187744141e-01 1.835499554872512817e-01 -8.668680787086486816e-01 0.000000000000000000e+00 1.000000000000000000e+00
3.953846130371093750e+02 5.958599472045898438e+01 4.393878936767578125e+01 -4.521739780902862549e-01 2.167859524488449097e-01 -8.651835322380065918e-01 0.000000000000000000e+00 1.000000000000000000e+00
3.950880737304687500e+02 5.972816467285156250e+01 4.337139511108398438e+01 -4.422360956668853760e-01 2.490382641553878784e-01 -8.616305589675903320e-01 0.000000000000000000e+00 1.000000000000000000e+00
3.948083801269531250e+02 5.988566970825195312e+01 4.282645416259765625e+01 -4.343405961990356445e-01 2.735925912857055664e-01 -8.581930398941040039e-01 0.000000000000000000e+00 1.000000000000000000e+00
3.945399780273437500e+02 6.005473709106445312e+01 4.229613113403320312e+01 -4.284076988697052002e-01 2.879467904567718506e-01 -8.564773201942443848e-01 0.000000000000000000e+00 1.000000000000000000e+00
3.942789611816406250e+02 6.023017501831054688e+01 4.177430343627929688e+01 -4.246538877487182617e-01 2.933157980442047119e-01 -8.565248847007751465e-01 0.000000000000000000e+00 1.000000000000000000e+00
3.940228576660156250e+02 6.040707015991210938e+01 4.125774383544921875e+01 -4.228208661079406738e-01 2.937731444835662842e-01 -8.572746515274047852e-01 0.000000000000000000e+00 1.000000000000000000e+00
3.937702331542968750e+02 6.058259201049804688e+01 4.074554443359375000e+01 -4.221537411212921143e-01 2.929934561252593994e-01 -8.578701019287109375e-01 0.000000000000000000e+00 1.000000000000000000e+00
3.935201721191406250e+02 6.075614547729492188e+01 4.023738861083984375e+01 -4.221493005752563477e-01 2.946358323097229004e-01 -8.573095202445983887e-01 0.000000000000000000e+00 1.000000000000000000e+00
3.932713928222656250e+02 6.092977905273437500e+01 3.973216247558593750e+01 -4.210987091064453125e-01 3.024968802928924561e-01 -8.550856709480285645e-01 0.000000000000000000e+00 1.000000000000000000e+00
3.930224914550781250e+02 6.110857772827148438e+01 3.922674179077148438e+01 -4.172759950160980225e-01 3.187178373336791992e-01 -8.510579466819763184e-01 0.000000000000000000e+00 1.000000000000000000e+00
3.927724304199218750e+02 6.129957580566406250e+01 3.871672821044921875e+01 -4.084388911724090576e-01 3.443782031536102295e-01 -8.453291654586791992e-01 0.000000000000000000e+00 1.000000000000000000e+00
3.925214538574218750e+02 6.151118850708007812e+01 3.819729232788085938e+01 -3.929209113121032715e-01 3.780208230018615723e-01 -8.382800817489624023e-01 0.000000000000000000e+00 1.000000000000000000e+00
3.922715759277343750e+02 6.175159072875976562e+01 3.766418838500976562e+01 -3.703053593635559082e-01 4.164665639400482178e-01 -8.303189277648925781e-01 0.000000000000000000e+00 1.000000000000000000e+00
3.920267944335937500e+02 6.202688598632812500e+01 3.711532592773437500e+01 -3.415688574314117432e-01 4.561337828636169434e-01 -8.217498064041137695e-01 0.000000000000000000e+00 1.000000000000000000e+00
3.917926635742187500e+02 6.233954620361328125e+01 3.655205154418945312e+01 -3.087468147277832031e-01 4.938702881336212158e-01 -8.128761649131774902e-01 0.000000000000000000e+00 1.000000000000000000e+00
3.915752258300781250e+02 6.268735885620117188e+01 3.597957611083984375e+01 -2.745450437068939209e-01 5.286425948143005371e-01 -8.032197952270507812e-01 0.000000000000000000e+00 1.000000000000000000e+00
3.913795166015625000e+02 6.306420135498046875e+01 3.540700149536132812e+01 -2.406283766031265259e-01 5.611330866813659668e-01 -7.919770479202270508e-01 0.000000000000000000e+00 1.000000000000000000e+00
3.912086791992187500e+02 6.346258544921875000e+01 3.484472656250000000e+01 -2.073305845260620117e-01 5.932073593139648438e-01 -7.778939604759216309e-01 0.000000000000000000e+00 1.000000000000000000e+00
3.910639038085937500e+02 6.387681198120117188e+01 3.430153656005859375e+01 -1.752983480691909790e-01 6.261428594589233398e-01 -7.597470283508300781e-01 0.000000000000000000e+00 1.000000000000000000e+00
3.909440002441406250e+02 6.430509185791015625e+01 3.378187179565429688e+01 -1.433484107255935669e-01 6.602470874786376953e-01 -7.372414469718933105e-01 0.000000000000000000e+00 1.000000000000000000e+00
3.908473815917968750e+02 6.475010681152343750e+01 3.328496170043945312e+01 -1.120124906301498413e-01 6.940944194793701172e-01 -7.111161351203918457e-01 0.000000000000000000e+00 1.000000000000000000e+00
3.907719726562500000e+02 6.521738433837890625e+01 3.280622482299804688e+01 -8.051566034555435181e-02 7.260388135910034180e-01 -6.829237937927246094e-01 0.000000000000000000e+00 1.000000000000000000e+00
3.907170410156250000e+02 6.571272277832031250e+01 3.234030151367187500e+01 -4.867435246706008911e-02 7.553161978721618652e-01 -6.535505056381225586e-01 0.000000000000000000e+00 1.000000000000000000e+00
3.906830749511718750e+02 6.623979949951171875e+01 3.188423919677734375e+01 -1.519475504755973816e-02 7.825512290000915527e-01 -6.224007606506347656e-01 0.000000000000000000e+00 1.000000000000000000e+00
3.906722106933593750e+02 6.679932403564453125e+01 3.143922233581542969e+01 2.174157090485095978e-02 8.086714744567871094e-01 -5.878586173057556152e-01 0.000000000000000000e+00 1.000000000000000000e+00
3.906880798339843750e+02 6.738957214355468750e+01 3.101014518737792969e+01 6.272847205400466919e-02 8.342681527137756348e-01 -5.477789640426635742e-01 0.000000000000000000e+00 1.000000000000000000e+00
3.907346191406250000e+02 6.800852966308593750e+01 3.060373878479003906e+01 1.077992171049118042e-01 8.587869405746459961e-01 -5.008636116981506348e-01 0.000000000000000000e+00 1.000000000000000000e+00
3.908157958984375000e+02 6.865522766113281250e+01 3.022657012939453125e+01 1.540517359972000122e-01 8.810468316078186035e-01 -4.472410380840301514e-01 0.000000000000000000e+00 1.000000000000000000e+00
3.909338073730468750e+02 6.933015441894531250e+01 2.988396072387695312e+01 1.977145522832870483e-01 8.998678922653198242e-01 -3.887759745121002197e-01 0.000000000000000000e+00 1.000000000000000000e+00
3.910887756347656250e+02 7.003546905517578125e+01 2.957923889160156250e+01 2.344519793987274170e-01 9.151916503906250000e-01 -3.278055191040039062e-01 0.000000000000000000e+00 1.000000000000000000e+00
3.912778015136718750e+02 7.077333831787109375e+01 2.931494712829589844e+01 2.613236308097839355e-01 9.275594949722290039e-01 -2.671017348766326904e-01 0.000000000000000000e+00 1.000000000000000000e+00
3.914952697753906250e+02 7.154523468017578125e+01 2.909267044067382812e+01 2.771884799003601074e-01 9.378381967544555664e-01 -2.088683843612670898e-01 0.000000000000000000e+00 1.000000000000000000e+00
3.917333679199218750e+02 7.235081481933593750e+01 2.891325759887695312e+01 2.822022140026092529e-01 9.468030929565429688e-01 -1.546798199415206909e-01 0.000000000000000000e+00 1.000000000000000000e+00
3.919825439453125000e+02 7.318681335449218750e+01 2.877667999267578125e+01 2.763721048831939697e-01 9.551274180412292480e-01 -1.065371260046958923e-01 0.000000000000000000e+00 1.000000000000000000e+00
3.922314147949218750e+02 7.404689788818359375e+01 2.868074417114257812e+01 2.604450881481170654e-01 9.632824063301086426e-01 -6.523305177688598633e-02 0.000000000000000000e+00 1.000000000000000000e+00
3.924680175781250000e+02 7.492199707031250000e+01 2.862148284912109375e+01 2.347653359174728394e-01 9.715428948402404785e-01 -3.145806491374969482e-02 0.000000000000000000e+00 1.000000000000000000e+00
3.926802062988281250e+02 7.580010986328125000e+01 2.859305000305175781e+01 1.991942077875137329e-01 9.799367189407348633e-01 -6.762739736586809158e-03 0.000000000000000000e+00 1.000000000000000000e+00
3.928567810058593750e+02 7.666876983642578125e+01 2.858705520629882812e+01 1.542545706033706665e-01 9.880099892616271973e-01 6.462099961936473846e-03 0.000000000000000000e+00 1.000000000000000000e+00
3.929891357421875000e+02 7.751651000976562500e+01 2.859259986877441406e+01 1.008303388953208923e-01 9.948921203613281250e-01 4.800671245902776718e-03 0.000000000000000000e+00 1.000000000000000000e+00
3.930720214843750000e+02 7.833434295654296875e+01 2.859654617309570312e+01 4.168668389320373535e-02 9.990180730819702148e-01 -1.499882247298955917e-02 0.000000000000000000e+00 1.000000000000000000e+00
3.931046447753906250e+02 7.911615753173828125e+01 2.858480834960937500e+01 -1.995616964995861053e-02 9.983628392219543457e-01 -5.360397696495056152e-02 0.000000000000000000e+00 1.000000000000000000e+00
3.930898132324218750e+02 7.985814666748046875e+01 2.854496955871582031e+01 -8.100784569978713989e-02 9.908887743949890137e-01 -1.075966432690620422e-01 0.000000000000000000e+00 1.000000000000000000e+00
3.930325622558593750e+02 8.055844116210937500e+01 2.846892738342285156e+01 -1.387855112552642822e-01 9.758342504501342773e-01 -1.687783598899841309e-01 0.000000000000000000e+00 1.000000000000000000e+00
3.929390258789062500e+02 8.121611785888671875e+01 2.835517692565917969e+01 -1.918760389089584351e-01 9.547311663627624512e-01 -2.273145616054534912e-01 0.000000000000000000e+00 1.000000000000000000e+00
3.928152770996093750e+02 8.183186340332031250e+01 2.820857238769531250e+01 -2.398614436388015747e-01 9.308533668518066406e-01 -2.756419777870178223e-01 0.000000000000000000e+00 1.000000000000000000e+00
3.926665344238281250e+02 8.240910339355468750e+01 2.803764152526855469e+01 -2.820746302604675293e-01 9.077056646347045898e-01 -3.106514513492584229e-01 0.000000000000000000e+00 1.000000000000000000e+00
3.924969787597656250e+02 8.295472717285156250e+01 2.785090827941894531e+01 -3.164852857589721680e-01 8.879501223564147949e-01 -3.337389528751373291e-01 0.000000000000000000e+00 1.000000000000000000e+00
3.923101501464843750e+02 8.347890472412109375e+01 2.765389442443847656e+01 -3.415075540542602539e-01 8.726724982261657715e-01 -3.490204513072967529e-01 0.000000000000000000e+00 1.000000000000000000e+00
3.921089172363281250e+02 8.399312591552734375e+01 2.744823455810546875e+01 -3.560723662376403809e-01 8.620423674583435059e-01 -3.606875538825988770e-01 0.000000000000000000e+00 1.000000000000000000e+00
3.918964233398437500e+02 8.450756835937500000e+01 2.723298645019531250e+01 -3.623739778995513916e-01 8.549103140830993652e-01 -3.712321817874908447e-01 0.000000000000000000e+00 1.000000000000000000e+00
3.916758422851562500e+02 8.502796173095703125e+01 2.700701332092285156e+01 -3.633988797664642334e-01 8.499265909194946289e-01 -3.815312385559082031e-01 0.000000000000000000e+00 1.000000000000000000e+00
3.914508056640625000e+02 8.555428314208984375e+01 2.677074813842773438e+01 -3.619342446327209473e-01 8.459294438362121582e-01 -3.916719853878021240e-01 0.000000000000000000e+00 1.000000000000000000e+00
3.912252807617187500e+02 8.608139038085937500e+01 2.652669334411621094e+01 -3.592728972434997559e-01 8.423903584480285645e-01 -4.016235172748565674e-01 0.000000000000000000e+00 1.000000000000000000e+00
3.910035095214843750e+02 8.660137939453125000e+01 2.627877998352050781e+01 -3.568682968616485596e-01 8.383442163467407227e-01 -4.120971560478210449e-01 0.000000000000000000e+00 1.000000000000000000e+00
3.907884826660156250e+02 8.710651397705078125e+01 2.603047561645507812e+01 -3.542040884494781494e-01 8.339143395423889160e-01 -4.232331514358520508e-01 0.000000000000000000e+00 1.000000000000000000e+00
3.905821228027343750e+02 8.759235382080078125e+01 2.578389930725097656e+01 -3.513135015964508057e-01 8.294796943664550781e-01 -4.342146217823028564e-01 0.000000000000000000e+00 1.000000000000000000e+00
3.903847961425781250e+02 8.805825805664062500e+01 2.554000854492187500e+01 -3.487108051776885986e-01 8.252700567245483398e-01 -4.442183673381805420e-01 0.000000000000000000e+00 1.000000000000000000e+00
3.901951599121093750e+02 8.850705718994140625e+01 2.529843330383300781e+01 -3.466150462627410889e-01 8.219761252403259277e-01 -4.518995285034179688e-01 0.000000000000000000e+00 1.000000000000000000e+00
3.900109558105468750e+02 8.894388580322265625e+01 2.505827713012695312e+01 -3.448783457279205322e-01 8.204509019851684570e-01 -4.559815227985382080e-01 0.000000000000000000e+00 1.000000000000000000e+00
3.898297424316406250e+02 8.937498474121093750e+01 2.481868553161621094e+01 -3.424243032932281494e-01 8.216409087181091309e-01 -4.556883871555328369e-01 0.000000000000000000e+00 1.000000000000000000e+00
3.896500854492187500e+02 8.980606842041015625e+01 2.457960319519042969e+01 -3.369759321212768555e-01 8.269360065460205078e-01 -4.501376450061798096e-01 0.000000000000000000e+00 1.000000000000000000e+00
3.894723205566406250e+02 9.024230194091796875e+01 2.434214210510253906e+01 -3.263012170791625977e-01 8.371402025222778320e-01 -4.390033781528472900e-01 0.000000000000000000e+00 1.000000000000000000e+00
3.892987670898437500e+02 9.068756103515625000e+01 2.410864448547363281e+01 -3.090738356113433838e-01 8.519111871719360352e-01 -4.227539300918579102e-01 0.000000000000000000e+00 1.000000000000000000e+00
3.891337890625000000e+02 9.114229583740234375e+01 2.388298606872558594e+01 -2.869346141815185547e-01 8.692507743835449219e-01 -4.025813043117523193e-01 0.000000000000000000e+00 1.000000000000000000e+00
3.889821777343750000e+02 9.160159301757812500e+01 2.367026901245117188e+01 -2.612783014774322510e-01 8.870120048522949219e-01 -3.807142674922943115e-01 0.000000000000000000e+00 1.000000000000000000e+00
3.888489074707031250e+02 9.205403137207031250e+01 2.347607803344726562e+01 -2.356002330780029297e-01 9.029787778854370117e-01 -3.593353927135467529e-01 0.000000000000000000e+00 1.000000000000000000e+00
3.887371520996093750e+02 9.248235321044921875e+01 2.330562973022460938e+01 -2.119058072566986084e-01 9.161617755889892578e-01 -3.402110040187835693e-01 0.000000000000000000e+00 1.000000000000000000e+00
3.886482238769531250e+02 9.286682891845703125e+01 2.316285705566406250e+01 -1.916940510272979736e-01 9.263610839843750000e-01 -3.242045342922210693e-01 0.000000000000000000e+00 1.000000000000000000e+00
3.885812683105468750e+02 9.319039154052734375e+01 2.304961776733398438e+01 -1.916940510272979736e-01 9.263610839843750000e-01 -3.242045342922210693e-01 0.000000000000000000e+00 1.000000000000000000e+00
