1.202442092895507812e+02 2.356071624755859375e+02 1.934961853027343750e+02 -7.903273701667785645e-01 4.203369915485382080e-01 4.457571208477020264e-01 0.000000000000000000e+00 2.000000000000000000e+00
1.208305740356445312e+02 2.352953033447265625e+02 1.931654663085937500e+02 -8.293401598930358887e-01 3.131799995899200439e-01 4.627236723899841309e-01 0.000000000000000000e+00 2.000000000000000000e+00
1.214429855346679688e+02 2.350640411376953125e+02 1.928237762451171875e+02 -8.536344766616821289e-01 2.088277488946914673e-01 4.771783351898193359e-01 0.000000000000000000e+00 2.000000000000000000e+00
1.220710296630859375e+02 2.349104003906250000e+02 1.924727020263671875e+02 -8.658057451248168945e-01 1.076985225081443787e-01 4.886526465415954590e-01 0.000000000000000000e+00 2.000000000000000000e+00
1.227053451538085938e+02 2.348314971923828125e+02 1.921147003173828125e+02 -8.679097294807434082e-01 1.024879887700080872e-02 4.966161251068115234e-01 0.000000000000000000e+00 2.000000000000000000e+00
1.233372192382812500e+02 2.348240356445312500e+02 1.917531433105468750e+02 -8.610584139823913574e-01 -8.292081952095031738e-02 5.016995668411254883e-01 0.000000000000000000e+00 2.000000000000000000e+00
1.239572296142578125e+02 2.348837432861328125e+02 1.913918914794921875e+02 -8.465197682380676270e-01 -1.720180958509445190e-01 5.037996768951416016e-01 0.000000000000000000e+00 2.000000000000000000e+00
1.245559234619140625e+02 2.350054016113281250e+02 1.910355834960937500e+02 -8.248093724250793457e-01 -2.567359209060668945e-01 5.037619471549987793e-01 0.000000000000000000e+00 2.000000000000000000e+00
1.251236419677734375e+02 2.351821136474609375e+02 1.906888427734375000e+02 -7.949466109275817871e-01 -3.391149938106536865e-01 5.030515789985656738e-01 0.000000000000000000e+00 2.000000000000000000e+00
1.256512756347656250e+02 2.354071960449218750e+02 1.903549499511718750e+02 -7.540980577468872070e-01 -4.219782054424285889e-01 5.032598376274108887e-01 0.000000000000000000e+00 2.000000000000000000e+00
1.261308975219726562e+02 2.356755828857421875e+02 1.900348663330078125e+02 -6.977210044860839844e-01 -5.078249573707580566e-01 5.052713155746459961e-01 0.000000000000000000e+00 2.000000000000000000e+00
1.265561447143554688e+02 2.359850921630859375e+02 1.897269134521484375e+02 -6.214281916618347168e-01 -5.962572097778320312e-01 5.082364082336425781e-01 0.000000000000000000e+00 2.000000000000000000e+00
1.269223098754882812e+02 2.363364257812500000e+02 1.894274444580078125e+02 -5.246853232383728027e-01 -6.821923851966857910e-01 5.092336535453796387e-01 0.000000000000000000e+00 2.000000000000000000e+00
1.272261962890625000e+02 2.367315368652343750e+02 1.891325073242187500e+02 -4.142450690269470215e-01 -7.573398351669311523e-01 5.048142671585083008e-01 0.000000000000000000e+00 2.000000000000000000e+00
1.274664154052734375e+02 2.371707153320312500e+02 1.888397674560546875e+02 -3.021688759326934814e-01 -8.156327009201049805e-01 4.933936297893524170e-01 0.000000000000000000e+00 2.000000000000000000e+00
1.276439971923828125e+02 2.376500549316406250e+02 1.885498046875000000e+02 -1.985587328672409058e-01 -8.568085432052612305e-01 4.758712649345397949e-01 0.000000000000000000e+00 2.000000000000000000e+00
1.277625274658203125e+02 2.381615295410156250e+02 1.882657318115234375e+02 -1.088318750262260437e-01 -8.842811584472656250e-01 4.540951251983642578e-01 0.000000000000000000e+00 2.000000000000000000e+00
1.278280944824218750e+02 2.386942749023437500e+02 1.879921569824218750e+02 -3.340309485793113708e-02 -9.022884368896484375e-01 4.298370778560638428e-01 0.000000000000000000e+00 2.000000000000000000e+00
1.278482360839843750e+02 2.392383422851562500e+02 1.877329711914062500e+02 2.943377755582332611e-02 -9.144516587257385254e-01 4.036233723163604736e-01 0.000000000000000000e+00 2.000000000000000000e+00
1.278305358886718750e+02 2.397882537841796875e+02 1.874902496337890625e+02 8.154509216547012329e-02 -9.229881763458251953e-01 3.760893940925598145e-01 0.000000000000000000e+00 2.000000000000000000e+00
1.277813720703125000e+02 2.403447265625000000e+02 1.872635040283203125e+02 1.238607764244079590e-01 -9.293602705001831055e-01 3.477758765220642090e-01 0.000000000000000000e+00 2.000000000000000000e+00
1.277054367065429688e+02 2.409144897460937500e+02 1.870502929687500000e+02 1.569714099168777466e-01 -9.344319701194763184e-01 3.196823298931121826e-01 0.000000000000000000e+00 2.000000000000000000e+00
1.276056976318359375e+02 2.415082244873046875e+02 1.868471679687500000e+02 1.808367222547531128e-01 -9.388250112533569336e-01 2.930966913700103760e-01 0.000000000000000000e+00 2.000000000000000000e+00
1.274845428466796875e+02 2.421372070312500000e+02 1.866508026123046875e+02 1.954407244920730591e-01 -9.431217908859252930e-01 2.689315676689147949e-01 0.000000000000000000e+00 2.000000000000000000e+00
1.273451538085937500e+02 2.428098449707031250e+02 1.864589996337890625e+02 2.007296979427337646e-01 -9.478030800819396973e-01 2.477436661720275879e-01 0.000000000000000000e+00 2.000000000000000000e+00
1.271929016113281250e+02 2.435287475585937500e+02 1.862710876464843750e+02 1.964996457099914551e-01 -9.531173706054687500e-01 2.301201075315475464e-01 0.000000000000000000e+00 2.000000000000000000e+00
1.270358963012695312e+02 2.442902984619140625e+02 1.860872192382812500e+02 1.821999549865722656e-01 -9.590633511543273926e-01 2.167965173721313477e-01 0.000000000000000000e+00 2.000000000000000000e+00
1.268847808837890625e+02 2.450857391357421875e+02 1.859074096679687500e+02 1.578228324651718140e-01 -9.651196002960205078e-01 2.088927030563354492e-01 0.000000000000000000e+00 2.000000000000000000e+00
1.267511444091796875e+02 2.459029541015625000e+02 1.857305297851562500e+02 1.242840662598609924e-01 -9.701176285743713379e-01 2.083875387907028198e-01 0.000000000000000000e+00 2.000000000000000000e+00
1.266452331542968750e+02 2.467296600341796875e+02 1.855529479980468750e+02 -8.451408147811889648e-02 9.726353287696838379e-01 -2.164207547903060913e-01 0.000000000000000000e+00 2.000000000000000000e+00
1.265734786987304688e+02 2.475554504394531250e+02 1.853692016601562500e+02 -4.283863306045532227e-02 9.714561700820922852e-01 -2.333191633224487305e-01 0.000000000000000000e+00 2.000000000000000000e+00
1.265374221801757812e+02 2.483731079101562500e+02 1.851728210449218750e+02 -4.475790541619062424e-03 9.662216305732727051e-01 -2.576737403869628906e-01 0.000000000000000000e+00 2.000000000000000000e+00
1.265336914062500000e+02 2.491784973144531250e+02 1.849580383300781250e+02 2.654474601149559021e-02 9.576044678688049316e-01 -2.868604660034179688e-01 0.000000000000000000e+00 2.000000000000000000e+00
1.265556335449218750e+02 2.499700622558593750e+02 1.847209167480468750e+02 4.828462377190589905e-02 9.468650817871093750e-01 -3.179859519004821777e-01 0.000000000000000000e+00 2.000000000000000000e+00
1.265953140258789062e+02 2.507481994628906250e+02 1.844595947265625000e+02 6.107545644044876099e-02 9.351294040679931641e-01 -3.490026295185089111e-01 0.000000000000000000e+00 2.000000000000000000e+00
1.266453018188476562e+02 2.515135650634765625e+02 1.841739501953125000e+02 6.650657951831817627e-02 9.230556488037109375e-01 -3.788734972476959229e-01 0.000000000000000000e+00 2.000000000000000000e+00
1.266996002197265625e+02 2.522671813964843750e+02 1.838646240234375000e+02 6.689946353435516357e-02 9.107013344764709473e-01 -4.076121449470520020e-01 0.000000000000000000e+00 2.000000000000000000e+00
1.267541275024414062e+02 2.530094604492187500e+02 1.835323944091796875e+02 6.402862071990966797e-02 8.977506160736083984e-01 -4.358258545398712158e-01 0.000000000000000000e+00 2.000000000000000000e+00
1.268062362670898438e+02 2.537400817871093750e+02 1.831777038574218750e+02 5.945241451263427734e-02 8.838373422622680664e-01 -4.640009999275207520e-01 0.000000000000000000e+00 2.000000000000000000e+00
1.268545684814453125e+02 2.544586029052734375e+02 1.828004913330078125e+02 5.441042035818099976e-02 8.687264323234558105e-01 -4.922945797443389893e-01 0.000000000000000000e+00 2.000000000000000000e+00
1.268987808227539062e+02 2.551645050048828125e+02 1.824004669189453125e+02 4.998774826526641846e-02 8.523703217506408691e-01 -5.205439329147338867e-01 0.000000000000000000e+00 2.000000000000000000e+00
1.269394531250000000e+02 2.558580322265625000e+02 1.819769287109375000e+02 4.714506119489669800e-02 8.350823521614074707e-01 -5.481010675430297852e-01 0.000000000000000000e+00 2.000000000000000000e+00
1.269779510498046875e+02 2.565399475097656250e+02 1.815293579101562500e+02 4.662257432937622070e-02 8.172597289085388184e-01 -5.743804574012756348e-01 0.000000000000000000e+00 2.000000000000000000e+00
1.270162658691406250e+02 2.572115783691406250e+02 1.810573272705078125e+02 4.897033423185348511e-02 7.996892333030700684e-01 -5.984137654304504395e-01 0.000000000000000000e+00 2.000000000000000000e+00
1.270568542480468750e+02 2.578743896484375000e+02 1.805613403320312500e+02 5.494682863354682922e-02 7.832612991333007812e-01 -6.192597150802612305e-01 0.000000000000000000e+00 2.000000000000000000e+00
1.271028289794921875e+02 2.585297546386718750e+02 1.800431976318359375e+02 6.462936848402023315e-02 7.689385414123535156e-01 -6.360476613044738770e-01 0.000000000000000000e+00 2.000000000000000000e+00
1.271574020385742188e+02 2.591790466308593750e+02 1.795061187744140625e+02 7.842444628477096558e-02 7.575826644897460938e-01 -6.480109095573425293e-01 0.000000000000000000e+00 2.000000000000000000e+00
1.272240982055664062e+02 2.598233337402343750e+02 1.789550170898437500e+02 9.674821048974990845e-02 7.498164772987365723e-01 -6.545341610908508301e-01 0.000000000000000000e+00 2.000000000000000000e+00
1.273066787719726562e+02 2.604633483886718750e+02 1.783963317871093750e+02 1.199262440204620361e-01 7.457462549209594727e-01 -6.553473472595214844e-01 0.000000000000000000e+00 2.000000000000000000e+00
1.274089050292968750e+02 2.610990295410156250e+02 1.778377075195312500e+02 1.486828029155731201e-01 7.450827956199645996e-01 -6.501884460449218750e-01 0.000000000000000000e+00 2.000000000000000000e+00
1.275346603393554688e+02 2.617292175292968750e+02 1.772877807617187500e+02 1.831567883491516113e-01 7.470921874046325684e-01 -6.389888525009155273e-01 0.000000000000000000e+00 2.000000000000000000e+00
1.276872940063476562e+02 2.623518066406250000e+02 1.767552795410156250e+02 2.228868752717971802e-01 7.506724596023559570e-01 -6.219424009323120117e-01 0.000000000000000000e+00 2.000000000000000000e+00
1.278690338134765625e+02 2.629638977050781250e+02 1.762481536865234375e+02 2.659210264682769775e-01 7.553464770317077637e-01 -5.989472270011901855e-01 0.000000000000000000e+00 2.000000000000000000e+00
1.280800628662109375e+02 2.635633239746093750e+02 1.757728424072265625e+02 3.090681433677673340e-01 7.608318924903869629e-01 -5.706239342689514160e-01 0.000000000000000000e+00 2.000000000000000000e+00
1.283180847167968750e+02 2.641492614746093750e+02 1.753333892822265625e+02 3.480097651481628418e-01 7.673276662826538086e-01 -5.386069416999816895e-01 0.000000000000000000e+00 2.000000000000000000e+00
1.285782775878906250e+02 2.647229614257812500e+02 1.749306945800781250e+02 3.782927691936492920e-01 7.753168344497680664e-01 -5.057452321052551270e-01 0.000000000000000000e+00 2.000000000000000000e+00
1.288537750244140625e+02 2.652875976562500000e+02 1.745623779296875000e+02 3.975872099399566650e-01 7.846879363059997559e-01 -4.755937457084655762e-01 0.000000000000000000e+00 2.000000000000000000e+00
1.291372528076171875e+02 2.658470764160156250e+02 1.742232818603515625e+02 4.050546288490295410e-01 7.949800491333007812e-01 -4.515943825244903564e-01 0.000000000000000000e+00 2.000000000000000000e+00
1.294215850830078125e+02 2.664051208496093750e+02 1.739062805175781250e+02 4.050546288490295410e-01 7.949800491333007812e-01 -4.515943825244903564e-01 0.000000000000000000e+00 2.000000000000000000e+00
