1.095526275634765625e+02 1.368099365234375000e+02 1.180164718627929688e+02 -2.996688894927501678e-02 2.982918322086334229e-01 -9.540042281150817871e-01 0.000000000000000000e+00 2.000000000000000000e+00
1.095742111206054688e+02 1.365950927734375000e+02 1.187035903930664062e+02 -1.251531578600406647e-02 2.828824818134307861e-01 -9.590728878974914551e-01 0.000000000000000000e+00 2.000000000000000000e+00
1.095831451416015625e+02 1.363931579589843750e+02 1.193882217407226562e+02 3.729866119101643562e-03 2.728161215782165527e-01 -9.620589017868041992e-01 0.000000000000000000e+00 2.000000000000000000e+00
1.095804901123046875e+02 1.361989593505859375e+02 1.200730438232421875e+02 1.656293123960494995e-02 2.686828076839447021e-01 -9.630863666534423828e-01 0.000000000000000000e+00 2.000000000000000000e+00
1.095686645507812500e+02 1.360071258544921875e+02 1.207606658935546875e+02 2.464986592531204224e-02 2.701201140880584717e-01 -9.625110030174255371e-01 0.000000000000000000e+00 2.000000000000000000e+00
1.095509262084960938e+02 1.358127441406250000e+02 1.214533004760742188e+02 2.749323472380638123e-02 2.758117914199829102e-01 -9.608184099197387695e-01 0.000000000000000000e+00 2.000000000000000000e+00
1.095308914184570312e+02 1.356117553710937500e+02 1.221534652709960938e+02 2.580983005464076996e-02 2.836407721042633057e-01 -9.585832953453063965e-01 0.000000000000000000e+00 2.000000000000000000e+00
1.095117416381835938e+02 1.354013061523437500e+02 1.228646926879882812e+02 2.083566039800643921e-02 2.917996346950531006e-01 -9.562524557113647461e-01 0.000000000000000000e+00 2.000000000000000000e+00
1.094959030151367188e+02 1.351794891357421875e+02 1.235916061401367188e+02 1.427176594734191895e-02 2.984503805637359619e-01 -9.543184041976928711e-01 0.000000000000000000e+00 2.000000000000000000e+00
1.094847259521484375e+02 1.349457550048828125e+02 1.243389892578125000e+02 7.781862746924161911e-03 3.027954995632171631e-01 -9.530238509178161621e-01 0.000000000000000000e+00 2.000000000000000000e+00
1.094784240722656250e+02 1.347005462646484375e+02 1.251107635498046875e+02 2.550136996433138847e-03 3.048870861530303955e-01 -9.523850679397583008e-01 0.000000000000000000e+00 2.000000000000000000e+00
1.094762878417968750e+02 1.344451446533203125e+02 1.259085693359375000e+02 -7.586313877254724503e-04 3.054285347461700439e-01 -9.522147178649902344e-01 0.000000000000000000e+00 2.000000000000000000e+00
1.094769439697265625e+02 1.341809844970703125e+02 1.267321243286132812e+02 -2.142008626833558083e-03 3.052276670932769775e-01 -9.522770643234252930e-01 0.000000000000000000e+00 2.000000000000000000e+00
1.094788513183593750e+02 1.339091949462890625e+02 1.275800781250000000e+02 -1.986543647944927216e-03 3.052432835102081299e-01 -9.522722959518432617e-01 0.000000000000000000e+00 2.000000000000000000e+00
1.094806671142578125e+02 1.336301879882812500e+02 1.284505004882812500e+02 -7.991172606125473976e-04 3.059151172637939453e-01 -9.520584940910339355e-01 0.000000000000000000e+00 2.000000000000000000e+00
1.094814147949218750e+02 1.333439636230468750e+02 1.293412780761718750e+02 7.830043323338031769e-04 3.073691725730895996e-01 -9.515900015830993652e-01 0.000000000000000000e+00 2.000000000000000000e+00
1.094806671142578125e+02 1.330504608154296875e+02 1.302499389648437500e+02 2.255125902593135834e-03 3.094629943370819092e-01 -9.509087800979614258e-01 0.000000000000000000e+00 2.000000000000000000e+00
1.094784774780273438e+02 1.327499847412109375e+02 1.311732330322265625e+02 3.375843167304992676e-03 3.118503093719482422e-01 -9.501252770423889160e-01 0.000000000000000000e+00 2.000000000000000000e+00
1.094751586914062500e+02 1.324434051513671875e+02 1.321072998046875000e+02 4.120188765227794647e-03 3.138582706451416016e-01 -9.494609236717224121e-01 0.000000000000000000e+00 2.000000000000000000e+00
1.094710769653320312e+02 1.321324768066406250e+02 1.330478973388671875e+02 4.416692070662975311e-03 3.149754405021667480e-01 -9.490895271301269531e-01 0.000000000000000000e+00 2.000000000000000000e+00
1.094666900634765625e+02 1.318196258544921875e+02 1.339905853271484375e+02 4.340528044849634171e-03 3.147652447223663330e-01 -9.491596221923828125e-01 0.000000000000000000e+00 2.000000000000000000e+00
1.094623870849609375e+02 1.315075836181640625e+02 1.349315338134765625e+02 3.949037287384271622e-03 3.129341006278991699e-01 -9.497666358947753906e-01 0.000000000000000000e+00 2.000000000000000000e+00
1.094584960937500000e+02 1.311992492675781250e+02 1.358673400878906250e+02 3.244389081373810768e-03 3.093036413192749023e-01 -9.509578347206115723e-01 0.000000000000000000e+00 2.000000000000000000e+00
1.094553298950195312e+02 1.308973999023437500e+02 1.367953796386718750e+02 2.619555685669183731e-03 3.039159476757049561e-01 -9.526951909065246582e-01 0.000000000000000000e+00 2.000000000000000000e+00
1.094528045654296875e+02 1.306044158935546875e+02 1.377138061523437500e+02 2.398489508777856827e-03 2.968030273914337158e-01 -9.549356698989868164e-01 0.000000000000000000e+00 2.000000000000000000e+00
1.094505233764648438e+02 1.303221282958984375e+02 1.386220397949218750e+02 3.014597808942198753e-03 2.871587276458740234e-01 -9.578782916069030762e-01 0.000000000000000000e+00 2.000000000000000000e+00
1.094476928710937500e+02 1.300525054931640625e+02 1.395214233398437500e+02 4.506962839514017105e-03 2.741284370422363281e-01 -9.616824984550476074e-01 0.000000000000000000e+00 2.000000000000000000e+00
1.094435043334960938e+02 1.297977447509765625e+02 1.404151611328125000e+02 6.545414682477712631e-03 2.562368810176849365e-01 -9.665918350219726562e-01 0.000000000000000000e+00 2.000000000000000000e+00
1.094374542236328125e+02 1.295608978271484375e+02 1.413086090087890625e+02 8.434590883553028107e-03 2.325737476348876953e-01 -9.725421667098999023e-01 0.000000000000000000e+00 2.000000000000000000e+00
1.094296493530273438e+02 1.293456878662109375e+02 1.422085418701171875e+02 9.504015557467937469e-03 2.037392705678939819e-01 -9.789790511131286621e-01 0.000000000000000000e+00 2.000000000000000000e+00
1.094207839965820312e+02 1.291556396484375000e+02 1.431217346191406250e+02 9.380910545587539673e-03 1.716311424970626831e-01 -9.851166009902954102e-01 0.000000000000000000e+00 2.000000000000000000e+00
1.094119110107421875e+02 1.289933013916015625e+02 1.440535125732421875e+02 8.085921406745910645e-03 1.393632441759109497e-01 -9.902083277702331543e-01 0.000000000000000000e+00 2.000000000000000000e+00
1.094041290283203125e+02 1.288591766357421875e+02 1.450065002441406250e+02 5.981537513434886932e-03 1.099730581045150757e-01 -9.939165711402893066e-01 0.000000000000000000e+00 2.000000000000000000e+00
1.093982696533203125e+02 1.287514495849609375e+02 1.459801177978515625e+02 3.406212432309985161e-03 8.513996750116348267e-02 -9.963631629943847656e-01 0.000000000000000000e+00 2.000000000000000000e+00
1.093948822021484375e+02 1.286667785644531250e+02 1.469709930419921875e+02 3.491560055408626795e-04 6.495819985866546631e-02 -9.978878498077392578e-01 0.000000000000000000e+00 2.000000000000000000e+00
1.093945312500000000e+02 1.286014862060546875e+02 1.479740142822265625e+02 -3.555285045877099037e-03 4.788689687848091125e-02 -9.988464117050170898e-01 0.000000000000000000e+00 2.000000000000000000e+00
1.093981246948242188e+02 1.285530853271484375e+02 1.489835815429687500e+02 -8.966281078755855560e-03 3.168739378452301025e-02 -9.994575381278991699e-01 0.000000000000000000e+00 2.000000000000000000e+00
1.094071960449218750e+02 1.285210266113281250e+02 1.499947509765625000e+02 -1.678214594721794128e-02 1.390952710062265396e-02 -9.997623562812805176e-01 0.000000000000000000e+00 2.000000000000000000e+00
1.094241333007812500e+02 1.285069885253906250e+02 1.510037536621093750e+02 -2.785862423479557037e-02 -7.349999621510505676e-03 -9.995847344398498535e-01 0.000000000000000000e+00 2.000000000000000000e+00
1.094521255493164062e+02 1.285143737792968750e+02 1.520081329345703125e+02 -4.278069734573364258e-02 -3.276851773262023926e-02 -9.985469579696655273e-01 0.000000000000000000e+00 2.000000000000000000e+00
1.094948959350585938e+02 1.285471343994140625e+02 1.530064392089843750e+02 -6.159786880016326904e-02 -6.200407445430755615e-02 -9.961732625961303711e-01 0.000000000000000000e+00 2.000000000000000000e+00
1.095562133789062500e+02 1.286088562011718750e+02 1.539980773925781250e+02 -8.354035019874572754e-02 -9.334014356136322021e-02 -9.921233057975769043e-01 0.000000000000000000e+00 2.000000000000000000e+00
1.096391372680664062e+02 1.287015075683593750e+02 1.549828796386718750e+02 -1.071416065096855164e-01 -1.251409053802490234e-01 -9.863368868827819824e-01 0.000000000000000000e+00 2.000000000000000000e+00
1.097453613281250000e+02 1.288255767822265625e+02 1.559607696533203125e+02 -1.306455731391906738e-01 -1.554384529590606689e-01 -9.791683554649353027e-01 0.000000000000000000e+00 2.000000000000000000e+00
1.098748550415039062e+02 1.289796447753906250e+02 1.569313049316406250e+02 -1.523149162530899048e-01 -1.828395128250122070e-01 -9.712723493576049805e-01 0.000000000000000000e+00 2.000000000000000000e+00
1.100257263183593750e+02 1.291607513427734375e+02 1.578933715820312500e+02 -1.710316389799118042e-01 -2.069313675165176392e-01 -9.632900357246398926e-01 0.000000000000000000e+00 2.000000000000000000e+00
1.101946334838867188e+02 1.293651123046875000e+02 1.588446960449218750e+02 -1.867689937353134155e-01 -2.278346717357635498e-01 -9.556195139884948730e-01 0.000000000000000000e+00 2.000000000000000000e+00
1.103776702880859375e+02 1.295883941650390625e+02 1.597812194824218750e+02 -2.002817690372467041e-01 -2.463317215442657471e-01 -9.482657313346862793e-01 0.000000000000000000e+00 2.000000000000000000e+00
1.105711212158203125e+02 1.298263244628906250e+02 1.606971435546875000e+02 -2.129466235637664795e-01 -2.630654871463775635e-01 -9.409836530685424805e-01 0.000000000000000000e+00 2.000000000000000000e+00
1.107721328735351562e+02 1.300746459960937500e+02 1.615853881835937500e+02 -2.262783050537109375e-01 -2.783358991146087646e-01 -9.334490895271301270e-01 0.000000000000000000e+00 2.000000000000000000e+00
1.109790344238281250e+02 1.303291473388671875e+02 1.624389038085937500e+02 -2.415346205234527588e-01 -2.921897470951080322e-01 -9.253572821617126465e-01 0.000000000000000000e+00 2.000000000000000000e+00
1.111912307739257812e+02 1.305858459472656250e+02 1.632518615722656250e+02 -2.590808868408203125e-01 -3.038377463817596436e-01 -9.168204665184020996e-01 0.000000000000000000e+00 2.000000000000000000e+00
1.114087371826171875e+02 1.308409271240234375e+02 1.640215606689453125e+02 -2.782868146896362305e-01 -3.125723898410797119e-01 -9.082152247428894043e-01 0.000000000000000000e+00 2.000000000000000000e+00
1.116315460205078125e+02 1.310911865234375000e+02 1.647487182617187500e+02 -2.976914942264556885e-01 -3.179403841495513916e-01 -9.001631140708923340e-01 0.000000000000000000e+00 2.000000000000000000e+00
1.118593521118164062e+02 1.313344879150390625e+02 1.654375610351562500e+02 -3.152175843715667725e-01 -3.199179768562316895e-01 -8.934710025787353516e-01 0.000000000000000000e+00 2.000000000000000000e+00
1.120911254882812500e+02 1.315697174072265625e+02 1.660945129394531250e+02 -3.291495740413665771e-01 -3.193945288658142090e-01 -8.886212110519409180e-01 0.000000000000000000e+00 2.000000000000000000e+00
1.123251266479492188e+02 1.317967834472656250e+02 1.667262573242187500e+02 -3.386244177818298340e-01 -3.173920810222625732e-01 -8.857740759849548340e-01 0.000000000000000000e+00 2.000000000000000000e+00
1.125591125488281250e+02 1.320160980224609375e+02 1.673383178710937500e+02 -3.439506590366363525e-01 -3.145203292369842529e-01 -8.847457170486450195e-01 0.000000000000000000e+00 2.000000000000000000e+00
1.127906723022460938e+02 1.322278442382812500e+02 1.679339599609375000e+02 -3.461458683013916016e-01 -3.116464614868164062e-01 -8.849065303802490234e-01 0.000000000000000000e+00 2.000000000000000000e+00
1.130176391601562500e+02 1.324321899414062500e+02 1.685141906738281250e+02 -3.465479910373687744e-01 -3.090370893478393555e-01 -8.856638669967651367e-01 0.000000000000000000e+00 2.000000000000000000e+00
1.132386093139648438e+02 1.326292419433593750e+02 1.690789184570312500e+02 -3.475332558155059814e-01 -3.070777356624603271e-01 -8.859593272209167480e-01 0.000000000000000000e+00 2.000000000000000000e+00
1.134540405273437500e+02 1.328195953369140625e+02 1.696281127929687500e+02 -3.510571420192718506e-01 -3.064688444137573242e-01 -8.847799897193908691e-01 0.000000000000000000e+00 2.000000000000000000e+00
1.136664428710937500e+02 1.330050201416015625e+02 1.701634368896484375e+02 -3.577424287796020508e-01 -3.086555898189544678e-01 -8.813353776931762695e-01 0.000000000000000000e+00 2.000000000000000000e+00
1.138796234130859375e+02 1.331889495849609375e+02 1.706886291503906250e+02 -3.661408424377441406e-01 -3.154594302177429199e-01 -8.754577040672302246e-01 0.000000000000000000e+00 2.000000000000000000e+00
1.140972824096679688e+02 1.333764801025390625e+02 1.712090606689453125e+02 -3.728898763656616211e-01 -3.273814320564270020e-01 -8.682018518447875977e-01 0.000000000000000000e+00 2.000000000000000000e+00
1.143213958740234375e+02 1.335732421875000000e+02 1.717308654785156250e+02 -3.736026585102081299e-01 -3.438675999641418457e-01 -8.614963889122009277e-01 0.000000000000000000e+00 2.000000000000000000e+00
1.145506896972656250e+02 1.337842864990234375e+02 1.722595977783203125e+02 -3.658887147903442383e-01 -3.621850311756134033e-01 -8.572906851768493652e-01 0.000000000000000000e+00 2.000000000000000000e+00
1.147813262939453125e+02 1.340125885009765625e+02 1.727999877929687500e+02 -3.509291708469390869e-01 -3.783888816833496094e-01 -8.565457463264465332e-01 0.000000000000000000e+00 2.000000000000000000e+00
1.150088958740234375e+02 1.342579650878906250e+02 1.733554382324218750e+02 -3.331139683723449707e-01 -3.886596858501434326e-01 -8.590568900108337402e-01 0.000000000000000000e+00 2.000000000000000000e+00
1.152307128906250000e+02 1.345167694091796875e+02 1.739274749755859375e+02 -3.185485601425170898e-01 -3.903254568576812744e-01 -8.638129830360412598e-01 0.000000000000000000e+00 2.000000000000000000e+00
1.154473800659179688e+02 1.347822570800781250e+02 1.745150146484375000e+02 -3.123001456260681152e-01 -3.823106884956359863e-01 -8.696593046188354492e-01 0.000000000000000000e+00 2.000000000000000000e+00
1.156624679565429688e+02 1.350455627441406250e+02 1.751139678955078125e+02 -3.169538676738739014e-01 -3.654749989509582520e-01 -8.751960992813110352e-01 0.000000000000000000e+00 2.000000000000000000e+00
1.158809051513671875e+02 1.352974395751953125e+02 1.757171325683593750e+02 -3.322548270225524902e-01 -3.407092094421386719e-01 -8.795020580291748047e-01 0.000000000000000000e+00 2.000000000000000000e+00
1.161069793701171875e+02 1.355292663574218750e+02 1.763155670166015625e+02 -3.561925590038299561e-01 -3.091851174831390381e-01 -8.817774057388305664e-01 0.000000000000000000e+00 2.000000000000000000e+00
1.163434829711914062e+02 1.357345581054687500e+02 1.769010467529296875e+02 -3.856338858604431152e-01 -2.723697125911712646e-01 -8.815335035324096680e-01 0.000000000000000000e+00 2.000000000000000000e+00
1.165917358398437500e+02 1.359098968505859375e+02 1.774685363769531250e+02 -4.176816344261169434e-01 -2.324170619249343872e-01 -8.783646225929260254e-01 0.000000000000000000e+00 2.000000000000000000e+00
1.168527374267578125e+02 1.360551300048828125e+02 1.780174102783203125e+02 -4.500290155410766602e-01 -1.929052323102951050e-01 -8.719296455383300781e-01 0.000000000000000000e+00 2.000000000000000000e+00
1.171278686523437500e+02 1.361730651855468750e+02 1.785504760742187500e+02 -4.821656048297882080e-01 -1.572813391685485840e-01 -8.618462681770324707e-01 0.000000000000000000e+00 2.000000000000000000e+00
1.174197616577148438e+02 1.362682800292968750e+02 1.790722198486328125e+02 -5.153493881225585938e-01 -1.275391876697540283e-01 -8.474365472793579102e-01 0.000000000000000000e+00 2.000000000000000000e+00
1.177324829101562500e+02 1.363456726074218750e+02 1.795864562988281250e+02 -5.512055158615112305e-01 -1.027513518929481506e-01 -8.280185461044311523e-01 0.000000000000000000e+00 2.000000000000000000e+00
1.180712814331054688e+02 1.364088287353515625e+02 1.800953979492187500e+02 -5.906206965446472168e-01 -8.010681718587875366e-02 -8.029633164405822754e-01 0.000000000000000000e+00 2.000000000000000000e+00
1.184421997070312500e+02 1.364591369628906250e+02 1.805996704101562500e+02 -6.327472329139709473e-01 -5.633395165205001831e-02 -7.723066210746765137e-01 0.000000000000000000e+00 2.000000000000000000e+00
1.188509597778320312e+02 1.364955291748046875e+02 1.810985870361328125e+02 -6.744019985198974609e-01 -2.887012623250484467e-02 -7.377997040748596191e-01 0.000000000000000000e+00 2.000000000000000000e+00
1.193011474609375000e+02 1.365148010253906250e+02 1.815910949707031250e+02 -7.119871377944946289e-01 2.632401417940855026e-03 -7.021875381469726562e-01 0.000000000000000000e+00 2.000000000000000000e+00
1.197922668457031250e+02 1.365129852294921875e+02 1.820754547119140625e+02 -7.428861260414123535e-01 3.733031451702117920e-02 -6.683760285377502441e-01 0.000000000000000000e+00 2.000000000000000000e+00
1.203194122314453125e+02 1.364864959716796875e+02 1.825497283935546875e+02 -7.663935422897338867e-01 7.373610138893127441e-02 -6.381252408027648926e-01 0.000000000000000000e+00 2.000000000000000000e+00
1.208738632202148438e+02 1.364331512451171875e+02 1.830113830566406250e+02 -7.828609347343444824e-01 1.095347180962562561e-01 -6.124793887138366699e-01 0.000000000000000000e+00 2.000000000000000000e+00
1.214456481933593750e+02 1.363531494140625000e+02 1.834587249755859375e+02 -7.936057448387145996e-01 1.425610333681106567e-01 -5.914948582649230957e-01 0.000000000000000000e+00 2.000000000000000000e+00
1.220263137817382812e+02 1.362488403320312500e+02 1.838915100097656250e+02 -8.003090620040893555e-01 1.704496294260025024e-01 -5.748497247695922852e-01 0.000000000000000000e+00 2.000000000000000000e+00
1.226109313964843750e+02 1.361243286132812500e+02 1.843114318847656250e+02 -8.043713569641113281e-01 1.916747391223907471e-01 -5.623587965965270996e-01 0.000000000000000000e+00 2.000000000000000000e+00
1.231981887817382812e+02 1.359843902587890625e+02 1.847220001220703125e+02 -8.071169257164001465e-01 2.059664726257324219e-01 -5.532992482185363770e-01 0.000000000000000000e+00 2.000000000000000000e+00
1.237893753051757812e+02 1.358335266113281250e+02 1.851272735595703125e+02 -8.090835809707641602e-01 2.139313220977783203e-01 -5.473729372024536133e-01 0.000000000000000000e+00 2.000000000000000000e+00
1.243862533569335938e+02 1.356757049560546875e+02 1.855310821533203125e+02 -8.103306889533996582e-01 2.169247269630432129e-01 -5.443416237831115723e-01 0.000000000000000000e+00 2.000000000000000000e+00
1.249893112182617188e+02 1.355142669677734375e+02 1.859361877441406250e+02 -8.108816742897033691e-01 2.158169746398925781e-01 -5.439614057540893555e-01 0.000000000000000000e+00 2.000000000000000000e+00
1.255969085693359375e+02 1.353525543212890625e+02 1.863437805175781250e+02 -8.108756542205810547e-01 2.106197029352188110e-01 -5.460035800933837891e-01 0.000000000000000000e+00 2.000000000000000000e+00
1.262049255371093750e+02 1.351946258544921875e+02 1.867531890869140625e+02 -8.106914758682250977e-01 2.001935243606567383e-01 -5.501835346221923828e-01 0.000000000000000000e+00 2.000000000000000000e+00
1.268080062866210938e+02 1.350457000732421875e+02 1.871624755859375000e+02 -8.111290335655212402e-01 1.827999353408813477e-01 -5.555663704872131348e-01 0.000000000000000000e+00 2.000000000000000000e+00
1.274003753662109375e+02 1.349122009277343750e+02 1.875682067871093750e+02 -8.129295706748962402e-01 1.570900231599807739e-01 -5.607746243476867676e-01 0.000000000000000000e+00 2.000000000000000000e+00
1.279770431518554688e+02 1.348007659912109375e+02 1.879660034179687500e+02 -8.162966370582580566e-01 1.220889240503311157e-01 -5.645831227302551270e-01 0.000000000000000000e+00 2.000000000000000000e+00
1.285348968505859375e+02 1.347173309326171875e+02 1.883518371582031250e+02 -8.208094239234924316e-01 7.917723059654235840e-02 -5.656879544258117676e-01 0.000000000000000000e+00 2.000000000000000000e+00
1.290731964111328125e+02 1.346654052734375000e+02 1.887228240966796875e+02 -8.254478573799133301e-01 3.147791698575019836e-02 -5.636000037193298340e-01 0.000000000000000000e+00 2.000000000000000000e+00
1.295933685302734375e+02 1.346455688476562500e+02 1.890779876708984375e+02 -8.291129469871520996e-01 -1.560818683356046677e-02 -5.588632822036743164e-01 0.000000000000000000e+00 2.000000000000000000e+00
1.300983428955078125e+02 1.346550750732421875e+02 1.894183654785156250e+02 -8.313521146774291992e-01 -5.677714571356773376e-02 -5.528382062911987305e-01 0.000000000000000000e+00 2.000000000000000000e+00
1.305918884277343750e+02 1.346887817382812500e+02 1.897465667724609375e+02 -8.323252201080322266e-01 -8.843896538019180298e-02 -5.471866726875305176e-01 0.000000000000000000e+00 2.000000000000000000e+00
1.310775604248046875e+02 1.347403869628906250e+02 1.900658569335937500e+02 -8.325287699699401855e-01 -1.102093905210494995e-01 -5.429087281227111816e-01 0.000000000000000000e+00 2.000000000000000000e+00
1.315583343505859375e+02 1.348040313720703125e+02 1.903793792724609375e+02 -8.325302004814147949e-01 -1.233328804373741150e-01 -5.400763154029846191e-01 0.000000000000000000e+00 2.000000000000000000e+00
1.320363616943359375e+02 1.348748474121093750e+02 1.906894836425781250e+02 -8.324505686759948730e-01 -1.304534971714019775e-01 -5.385237932205200195e-01 0.000000000000000000e+00 2.000000000000000000e+00
1.325129852294921875e+02 1.349495391845703125e+02 1.909978179931640625e+02 -8.323938846588134766e-01 -1.343655288219451904e-01 -5.376488566398620605e-01 0.000000000000000000e+00 2.000000000000000000e+00
1.329890289306640625e+02 1.350263824462890625e+02 1.913052978515625000e+02 -8.322091698646545410e-01 -1.369934529066085815e-01 -5.372716188430786133e-01 0.000000000000000000e+00 2.000000000000000000e+00
1.334648284912109375e+02 1.351047058105468750e+02 1.916124725341796875e+02 -8.318258523941040039e-01 -1.402825862169265747e-01 -5.370163321495056152e-01 0.000000000000000000e+00 2.000000000000000000e+00
1.339406585693359375e+02 1.351849517822265625e+02 1.919196624755859375e+02 -8.310992121696472168e-01 -1.457713544368743896e-01 -5.366794466972351074e-01 0.000000000000000000e+00 2.000000000000000000e+00
1.344167022705078125e+02 1.352684478759765625e+02 1.922270660400390625e+02 -8.296700119972229004e-01 -1.557773798704147339e-01 -5.360793471336364746e-01 0.000000000000000000e+00 2.000000000000000000e+00
1.348930969238281250e+02 1.353578948974609375e+02 1.925348815917968750e+02 -8.271490931510925293e-01 -1.719015985727310181e-01 -5.350460410118103027e-01 0.000000000000000000e+00 2.000000000000000000e+00
1.353701171875000000e+02 1.354570312500000000e+02 1.928434448242187500e+02 -8.231151103973388672e-01 -1.949676871299743652e-01 -5.333565473556518555e-01 0.000000000000000000e+00 2.000000000000000000e+00
1.358481750488281250e+02 1.355702667236328125e+02 1.931532135009765625e+02 -8.175436258316040039e-01 -2.242432087659835815e-01 -5.304124355316162109e-01 0.000000000000000000e+00 2.000000000000000000e+00
1.363278198242187500e+02 1.357018280029296875e+02 1.934644012451171875e+02 -8.104631900787353516e-01 -2.573229074478149414e-01 -5.262454748153686523e-01 0.000000000000000000e+00 2.000000000000000000e+00
1.368097076416015625e+02 1.358548278808593750e+02 1.937772979736328125e+02 -8.027323484420776367e-01 -2.906692922115325928e-01 -5.207035541534423828e-01 0.000000000000000000e+00 2.000000000000000000e+00
1.372945251464843750e+02 1.360303802490234375e+02 1.940917816162109375e+02 -7.954707145690917969e-01 -3.206925988197326660e-01 -5.141814351081848145e-01 0.000000000000000000e+00 2.000000000000000000e+00
1.377830810546875000e+02 1.362273406982421875e+02 1.944075775146484375e+02 -7.895807623863220215e-01 -3.452261388301849365e-01 -5.073274374008178711e-01 0.000000000000000000e+00 2.000000000000000000e+00
1.382759246826171875e+02 1.364428253173828125e+02 1.947242431640625000e+02 -7.852060794830322266e-01 -3.638066947460174561e-01 -5.010949373245239258e-01 0.000000000000000000e+00 2.000000000000000000e+00
1.387735443115234375e+02 1.366733856201171875e+02 1.950418090820312500e+02 -7.818476557731628418e-01 -3.769906759262084961e-01 -4.965805113315582275e-01 0.000000000000000000e+00 2.000000000000000000e+00
1.392757263183593750e+02 1.369155273437500000e+02 1.953607635498046875e+02 -7.784330844879150391e-01 -3.863419890403747559e-01 -4.947542846202850342e-01 0.000000000000000000e+00 2.000000000000000000e+00
1.397819061279296875e+02 1.371667480468750000e+02 1.956824798583984375e+02 -7.741487026214599609e-01 -3.929637074470520020e-01 -4.962592720985412598e-01 0.000000000000000000e+00 2.000000000000000000e+00
1.402913665771484375e+02 1.374253540039062500e+02 1.960090637207031250e+02 -7.687558531761169434e-01 -3.975067138671875000e-01 -5.010018944740295410e-01 0.000000000000000000e+00 2.000000000000000000e+00
1.408033294677734375e+02 1.376900787353515625e+02 1.963427124023437500e+02 -7.628691196441650391e-01 -3.998073935508728027e-01 -5.081187486648559570e-01 0.000000000000000000e+00 2.000000000000000000e+00
1.413171539306640625e+02 1.379593658447265625e+02 1.966849517822265625e+02 -7.574834823608398438e-01 -3.994742631912231445e-01 -5.163710713386535645e-01 0.000000000000000000e+00 2.000000000000000000e+00
1.418320007324218750e+02 1.382308807373046875e+02 1.970359191894531250e+02 -7.540384531021118164e-01 -3.956087529659271240e-01 -5.243279337882995605e-01 0.000000000000000000e+00 2.000000000000000000e+00
1.423469543457031250e+02 1.385010528564453125e+02 1.973939971923828125e+02 -7.533238530158996582e-01 -3.878313302993774414e-01 -5.311213731765747070e-01 0.000000000000000000e+00 2.000000000000000000e+00
1.428610076904296875e+02 1.387657012939453125e+02 1.977564239501953125e+02 -7.559606432914733887e-01 -3.757529556751251221e-01 -5.360345840454101562e-01 0.000000000000000000e+00 2.000000000000000000e+00
1.433737030029296875e+02 1.390205383300781250e+02 1.981199645996093750e+02 -7.621422410011291504e-01 -3.583319485187530518e-01 -5.392007827758789062e-01 0.000000000000000000e+00 2.000000000000000000e+00
1.438858947753906250e+02 1.392613525390625000e+02 1.984823303222656250e+02 -7.721087932586669922e-01 -3.351818621158599854e-01 -5.399083495140075684e-01 0.000000000000000000e+00 2.000000000000000000e+00
1.444004821777343750e+02 1.394847412109375000e+02 1.988421630859375000e+02 -7.855402231216430664e-01 -3.061655461788177490e-01 -5.377631783485412598e-01 0.000000000000000000e+00 2.000000000000000000e+00
1.449212951660156250e+02 1.396877288818359375e+02 1.991986999511718750e+02 -8.020075559616088867e-01 -2.718896269798278809e-01 -5.318457484245300293e-01 0.000000000000000000e+00 2.000000000000000000e+00
1.454524993896484375e+02 1.398678131103515625e+02 1.995509643554687500e+02 -8.208318948745727539e-01 -2.337552011013031006e-01 -5.211462974548339844e-01 0.000000000000000000e+00 2.000000000000000000e+00
1.459975280761718750e+02 1.400230255126953125e+02 1.998970031738281250e+02 -8.412123918533325195e-01 -1.938902288675308228e-01 -5.047457218170166016e-01 0.000000000000000000e+00 2.000000000000000000e+00
1.465588531494140625e+02 1.401524047851562500e+02 2.002338104248046875e+02 -8.619272708892822266e-01 -1.545722037553787231e-01 -4.828962683677673340e-01 0.000000000000000000e+00 2.000000000000000000e+00
1.471382904052734375e+02 1.402563171386718750e+02 2.005584411621093750e+02 -8.818225264549255371e-01 -1.181419044733047485e-01 -4.565430581569671631e-01 0.000000000000000000e+00 2.000000000000000000e+00
1.477378234863281250e+02 1.403366394042968750e+02 2.008688354492187500e+02 -8.996419906616210938e-01 -8.651719987392425537e-02 -4.279708564281463623e-01 0.000000000000000000e+00 2.000000000000000000e+00
1.483594818115234375e+02 1.403964233398437500e+02 2.011645660400390625e+02 -9.146184325218200684e-01 -6.034038588404655457e-02 -3.997901976108551025e-01 0.000000000000000000e+00 2.000000000000000000e+00
1.490050048828125000e+02 1.404390106201171875e+02 2.014467315673828125e+02 9.264813661575317383e-01 3.908856958150863647e-02 3.743052184581756592e-01 0.000000000000000000e+00 2.000000000000000000e+00
1.496751708984375000e+02 1.404672851562500000e+02 2.017174835205078125e+02 9.355240464210510254e-01 2.074551768600940704e-02 3.526532351970672607e-01 0.000000000000000000e+00 2.000000000000000000e+00
1.503687744140625000e+02 1.404826660156250000e+02 2.019789428710937500e+02 9.423663616180419922e-01 3.117221873253583908e-03 3.345684111118316650e-01 0.000000000000000000e+00 2.000000000000000000e+00
1.510837707519531250e+02 1.404850311279296875e+02 2.022327880859375000e+02 9.475845694541931152e-01 -1.570277474820613861e-02 3.191189765930175781e-01 0.000000000000000000e+00 2.000000000000000000e+00
1.518176422119140625e+02 1.404728698730468750e+02 2.024799346923828125e+02 9.516687393188476562e-01 -3.660636395215988159e-02 3.049370050430297852e-01 0.000000000000000000e+00 2.000000000000000000e+00
1.525685729980468750e+02 1.404439849853515625e+02 2.027205505371093750e+02 9.548832178115844727e-01 -5.938219651579856873e-02 2.909841835498809814e-01 0.000000000000000000e+00 2.000000000000000000e+00
1.533355865478515625e+02 1.403962860107421875e+02 2.029542846679687500e+02 9.573892354965209961e-01 -8.249976485967636108e-02 2.767661809921264648e-01 0.000000000000000000e+00 2.000000000000000000e+00
1.541182556152343750e+02 1.403288421630859375e+02 2.031805419921875000e+02 9.595575928688049316e-01 -1.037349626421928406e-01 2.617025375366210938e-01 0.000000000000000000e+00 2.000000000000000000e+00
1.549168548583984375e+02 1.402425079345703125e+02 2.033983459472656250e+02 9.615551829338073730e-01 -1.206874325871467590e-01 2.466699182987213135e-01 0.000000000000000000e+00 2.000000000000000000e+00
1.557315063476562500e+02 1.401402587890625000e+02 2.036073303222656250e+02 9.636749029159545898e-01 -1.314351558685302734e-01 2.324982732534408569e-01 0.000000000000000000e+00 2.000000000000000000e+00
1.565623016357421875e+02 1.400269470214843750e+02 2.038077697753906250e+02 9.661582708358764648e-01 -1.344250440597534180e-01 2.201549410820007324e-01 0.000000000000000000e+00 2.000000000000000000e+00
1.574093933105468750e+02 1.399090881347656250e+02 2.040007934570312500e+02 9.691383838653564453e-01 -1.288875341415405273e-01 2.101397365331649780e-01 0.000000000000000000e+00 2.000000000000000000e+00
1.582733459472656250e+02 1.397941894531250000e+02 2.041881256103515625e+02 9.726758599281311035e-01 -1.151128560304641724e-01 2.016200721263885498e-01 0.000000000000000000e+00 2.000000000000000000e+00
1.591548614501953125e+02 1.396898651123046875e+02 2.043708496093750000e+02 9.765780568122863770e-01 -9.411104023456573486e-02 1.934900432825088501e-01 0.000000000000000000e+00 2.000000000000000000e+00
1.600543823242187500e+02 1.396031799316406250e+02 2.045490722656250000e+02 9.804262518882751465e-01 -6.774453818798065186e-02 1.848646998405456543e-01 0.000000000000000000e+00 2.000000000000000000e+00
1.609706115722656250e+02 1.395398712158203125e+02 2.047218322753906250e+02 9.836083054542541504e-01 -3.834193944931030273e-02 1.761949658393859863e-01 0.000000000000000000e+00 2.000000000000000000e+00
1.618983306884765625e+02 1.395037078857421875e+02 2.048880157470703125e+02 9.855311512947082520e-01 -7.970433682203292847e-03 1.693069040775299072e-01 0.000000000000000000e+00 2.000000000000000000e+00
1.628265991210937500e+02 1.394962005615234375e+02 2.050474853515625000e+02 9.856503009796142578e-01 2.228762209415435791e-02 1.673220247030258179e-01 0.000000000000000000e+00 2.000000000000000000e+00
1.637389373779296875e+02 1.395168304443359375e+02 2.052023620605468750e+02 9.836759567260742188e-01 5.228808149695396423e-02 1.721847504377365112e-01 0.000000000000000000e+00 2.000000000000000000e+00
1.646167602539062500e+02 1.395634918212890625e+02 2.053560180664062500e+02 9.793853163719177246e-01 8.246580511331558228e-02 1.844011992216110229e-01 0.000000000000000000e+00 2.000000000000000000e+00
1.654441986083984375e+02 1.396331634521484375e+02 2.055118103027343750e+02 9.731196165084838867e-01 1.125783249735832214e-01 2.009087055921554565e-01 0.000000000000000000e+00 2.000000000000000000e+00
1.662139434814453125e+02 1.397222137451171875e+02 2.056707305908203125e+02 9.663688540458679199e-01 1.407616734504699707e-01 2.152148187160491943e-01 0.000000000000000000e+00 2.000000000000000000e+00
1.669308929443359375e+02 1.398266448974609375e+02 2.058303985595703125e+02 9.622230529785156250e-01 1.625776886940002441e-01 2.183924466371536255e-01 0.000000000000000000e+00 2.000000000000000000e+00
1.676127319335937500e+02 1.399418487548828125e+02 2.059851531982421875e+02 9.633552432060241699e-01 1.737140715122222900e-01 2.043772041797637939e-01 0.000000000000000000e+00 2.000000000000000000e+00
1.682857971191406250e+02 1.400632171630859375e+02 2.061279449462890625e+02 9.692217707633972168e-01 1.728610992431640625e-01 1.752945482730865479e-01 0.000000000000000000e+00 2.000000000000000000e+00
1.689786224365234375e+02 1.401867828369140625e+02 2.062532501220703125e+02 9.762937426567077637e-01 1.639160364866256714e-01 1.413578540086746216e-01 0.000000000000000000e+00 2.000000000000000000e+00
1.697149505615234375e+02 1.403104095458984375e+02 2.063598632812500000e+02 9.815461039543151855e-01 1.532385051250457764e-01 1.143906414508819580e-01 0.000000000000000000e+00 2.000000000000000000e+00
1.705079956054687500e+02 1.404342193603515625e+02 2.064522857666015625e+02 9.839500188827514648e-01 1.467930823564529419e-01 1.014601886272430420e-01 0.000000000000000000e+00 2.000000000000000000e+00
1.713578338623046875e+02 1.405610046386718750e+02 2.065399169921875000e+02 9.835263490676879883e-01 1.478671580553054810e-01 1.039769574999809265e-01 0.000000000000000000e+00 2.000000000000000000e+00
1.722519836425781250e+02 1.406954345703125000e+02 2.066344451904296875e+02 9.803354740142822266e-01 1.576650589704513550e-01 1.186764761805534363e-01 0.000000000000000000e+00 2.000000000000000000e+00
1.731701049804687500e+02 1.408430938720703125e+02 2.067455902099609375e+02 9.745521545410156250e-01 1.754840314388275146e-01 1.394757032394409180e-01 0.000000000000000000e+00 2.000000000000000000e+00
1.740902099609375000e+02 1.410087738037109375e+02 2.068772735595703125e+02 9.667685627937316895e-01 2.000830024480819702e-01 1.591391265392303467e-01 0.000000000000000000e+00 2.000000000000000000e+00
1.749938201904296875e+02 1.411957855224609375e+02 2.070260162353515625e+02 9.583388566970825195e-01 2.294035702943801880e-01 1.701783984899520874e-01 0.000000000000000000e+00 2.000000000000000000e+00
1.758695983886718750e+02 1.414054260253906250e+02 2.071815338134765625e+02 9.506370425224304199e-01 2.608759403228759766e-01 1.680264472961425781e-01 0.000000000000000000e+00 2.000000000000000000e+00
1.767133789062500000e+02 1.416369781494140625e+02 2.073306732177734375e+02 9.444229602813720703e-01 2.918681204319000244e-01 1.512557268142700195e-01 0.000000000000000000e+00 2.000000000000000000e+00
1.775271148681640625e+02 1.418884582519531250e+02 2.074609985351562500e+02 9.391802549362182617e-01 3.208082914352416992e-01 1.225657761096954346e-01 0.000000000000000000e+00 2.000000000000000000e+00
1.783156433105468750e+02 1.421578063964843750e+02 2.075639038085937500e+02 9.337622523307800293e-01 3.471228182315826416e-01 8.714248239994049072e-02 0.000000000000000000e+00 2.000000000000000000e+00
1.790836181640625000e+02 1.424432983398437500e+02 2.076355743408203125e+02 9.268955588340759277e-01 3.719388544559478760e-01 5.026200786232948303e-02 0.000000000000000000e+00 2.000000000000000000e+00
1.798335266113281250e+02 1.427442169189453125e+02 2.076762390136718750e+02 9.180115461349487305e-01 3.962319791316986084e-01 1.596658490598201752e-02 0.000000000000000000e+00 2.000000000000000000e+00
1.805643310546875000e+02 1.430596466064453125e+02 2.076889495849609375e+02 9.065475463867187500e-01 4.219164550304412842e-01 -1.257030293345451355e-02 0.000000000000000000e+00 2.000000000000000000e+00
1.812719116210937500e+02 1.433889617919921875e+02 2.076791381835937500e+02 8.927000761032104492e-01 4.494168162345886230e-01 -3.333393484354019165e-02 0.000000000000000000e+00 2.000000000000000000e+00
1.819514770507812500e+02 1.437310791015625000e+02 2.076537628173828125e+02 8.765347003936767578e-01 4.793162643909454346e-01 -4.407813772559165955e-02 0.000000000000000000e+00 2.000000000000000000e+00
1.826005249023437500e+02 1.440859985351562500e+02 2.076211242675781250e+02 8.592433333396911621e-01 5.097052454948425293e-01 -4.360527917742729187e-02 0.000000000000000000e+00 2.000000000000000000e+00
1.832223205566406250e+02 1.444548492431640625e+02 2.075895690917968750e+02 8.423064947128295898e-01 5.379995703697204590e-01 -3.280718997120857239e-02 0.000000000000000000e+00 2.000000000000000000e+00
1.838264160156250000e+02 1.448406982421875000e+02 2.075660400390625000e+02 8.273454904556274414e-01 5.614768862724304199e-01 -1.559599582105875015e-02 0.000000000000000000e+00 2.000000000000000000e+00
1.844262237548828125e+02 1.452477569580078125e+02 2.075547332763671875e+02 8.150295615196228027e-01 5.794152617454528809e-01 2.187861595302820206e-03 0.000000000000000000e+00 2.000000000000000000e+00
1.850344390869140625e+02 1.456801452636718750e+02 2.075563659667968750e+02 8.048868775367736816e-01 5.932288169860839844e-01 1.538401376456022263e-02 0.000000000000000000e+00 2.000000000000000000e+00
1.856587371826171875e+02 1.461402740478515625e+02 2.075682983398437500e+02 7.952468991279602051e-01 6.059005856513977051e-01 2.160276100039482117e-02 0.000000000000000000e+00 2.000000000000000000e+00
1.862990875244140625e+02 1.466281585693359375e+02 2.075856933593750000e+02 7.841274142265319824e-01 6.202606558799743652e-01 2.051560394465923309e-02 0.000000000000000000e+00 2.000000000000000000e+00
1.869481964111328125e+02 1.471416168212890625e+02 2.076026763916015625e+02 7.697690129280090332e-01 6.381956338882446289e-01 1.272646058350801468e-02 0.000000000000000000e+00 2.000000000000000000e+00
1.875942535400390625e+02 1.476772460937500000e+02 2.076133575439453125e+02 7.510914206504821777e-01 6.601977944374084473e-01 -7.641178090125322342e-04 0.000000000000000000e+00 2.000000000000000000e+00
1.882241973876953125e+02 1.482309570312500000e+02 2.076127166748046875e+02 7.275296449661254883e-01 6.858009696006774902e-01 -1.943401060998439789e-02 0.000000000000000000e+00 2.000000000000000000e+00
1.888256988525390625e+02 1.487979583740234375e+02 2.075966491699218750e+02 6.990716457366943359e-01 7.137548327445983887e-01 -4.304544255137443542e-02 0.000000000000000000e+00 2.000000000000000000e+00
1.893887176513671875e+02 1.493728027343750000e+02 2.075619812011718750e+02 6.662388443946838379e-01 7.423427104949951172e-01 -7.108541578054428101e-02 0.000000000000000000e+00 2.000000000000000000e+00
1.899052734375000000e+02 1.499483642578125000e+02 2.075068664550781250e+02 6.298201084136962891e-01 7.698054313659667969e-01 -1.035680323839187622e-01 0.000000000000000000e+00 2.000000000000000000e+00
1.903702545166015625e+02 1.505166931152343750e+02 2.074304046630859375e+02 5.908346772193908691e-01 7.945888638496398926e-01 -1.397960931062698364e-01 0.000000000000000000e+00 2.000000000000000000e+00
1.907815704345703125e+02 1.510698547363281250e+02 2.073330841064453125e+02 5.506236553192138672e-01 8.155099153518676758e-01 -1.782055795192718506e-01 0.000000000000000000e+00 2.000000000000000000e+00
1.911405944824218750e+02 1.516015930175781250e+02 2.072168884277343750e+02 5.113323330879211426e-01 8.317282199859619141e-01 -2.162578403949737549e-01 0.000000000000000000e+00 2.000000000000000000e+00
1.914524230957031250e+02 1.521088104248046875e+02 2.070850067138671875e+02 4.754852056503295898e-01 8.431586027145385742e-01 -2.509926855564117432e-01 0.000000000000000000e+00 2.000000000000000000e+00
1.917248382568359375e+02 1.525918731689453125e+02 2.069412078857421875e+02 4.456165134906768799e-01 8.504749536514282227e-01 -2.794963121414184570e-01 0.000000000000000000e+00 2.000000000000000000e+00
1.919670715332031250e+02 1.530541839599609375e+02 2.067892761230468750e+02 4.231972992420196533e-01 8.548088669776916504e-01 -3.003429770469665527e-01 0.000000000000000000e+00 2.000000000000000000e+00
1.921880950927734375e+02 1.535006256103515625e+02 2.066324157714843750e+02 4.082091450691223145e-01 8.571792244911193848e-01 -3.140209019184112549e-01 0.000000000000000000e+00 2.000000000000000000e+00
1.923956146240234375e+02 1.539363861083984375e+02 2.064727783203125000e+02 3.994598984718322754e-01 8.583917617797851562e-01 -3.218625783920288086e-01 0.000000000000000000e+00 2.000000000000000000e+00
1.925953674316406250e+02 1.543656311035156250e+02 2.063118286132812500e+02 3.948667645454406738e-01 8.590030074119567871e-01 -3.258743882179260254e-01 0.000000000000000000e+00 2.000000000000000000e+00
1.927910766601562500e+02 1.547913818359375000e+02 2.061503143310546875e+02 3.916419148445129395e-01 8.595592379570007324e-01 -3.282903432846069336e-01 0.000000000000000000e+00 2.000000000000000000e+00
1.929843597412109375e+02 1.552155914306640625e+02 2.059882965087890625e+02 3.877128064632415771e-01 8.605756163597106934e-01 -3.302853405475616455e-01 0.000000000000000000e+00 2.000000000000000000e+00
1.931753540039062500e+02 1.556395263671875000e+02 2.058255920410156250e+02 3.802024126052856445e-01 8.626561164855957031e-01 -3.335723578929901123e-01 0.000000000000000000e+00 2.000000000000000000e+00
1.933624725341796875e+02 1.560640869140625000e+02 2.056614227294921875e+02 3.650834262371063232e-01 8.666933178901672363e-01 -3.399362862110137939e-01 0.000000000000000000e+00 2.000000000000000000e+00
1.935421295166015625e+02 1.564905853271484375e+02 2.054941406250000000e+02 3.365394473075866699e-01 8.735269308090209961e-01 -3.516986072063446045e-01 0.000000000000000000e+00 2.000000000000000000e+00
1.937077789306640625e+02 1.569205474853515625e+02 2.053210296630859375e+02 2.879763245582580566e-01 8.831335902214050293e-01 -3.703303933143615723e-01 0.000000000000000000e+00 2.000000000000000000e+00
1.938498687744140625e+02 1.573562927246093750e+02 2.051383056640625000e+02 2.141631245613098145e-01 8.927963376045227051e-01 -3.962938189506530762e-01 0.000000000000000000e+00 2.000000000000000000e+00
1.939563751220703125e+02 1.578002929687500000e+02 2.049412231445312500e+02 1.139993593096733093e-01 8.971580862998962402e-01 -4.267452061176300049e-01 0.000000000000000000e+00 2.000000000000000000e+00
1.940141754150390625e+02 1.582551727294921875e+02 2.047248535156250000e+02 -3.953556530177593231e-03 8.899281620979309082e-01 -4.560834467411041260e-01 0.000000000000000000e+00 2.000000000000000000e+00
1.940121002197265625e+02 1.587222900390625000e+02 2.044854583740234375e+02 -1.254403591156005859e-01 8.688991665840148926e-01 -4.788308739662170410e-01 0.000000000000000000e+00 2.000000000000000000e+00
1.939429016113281250e+02 1.592016143798828125e+02 2.042213134765625000e+02 -2.357603311538696289e-01 8.376554846763610840e-01 -4.926970601081848145e-01 0.000000000000000000e+00 2.000000000000000000e+00
1.938051300048828125e+02 1.596911163330078125e+02 2.039333953857421875e+02 -3.277300894260406494e-01 8.023753762245178223e-01 -4.987852573394775391e-01 0.000000000000000000e+00 2.000000000000000000e+00
1.936027374267578125e+02 1.601866302490234375e+02 2.036253662109375000e+02 -4.004498422145843506e-01 7.680453062057495117e-01 -4.997462928295135498e-01 0.000000000000000000e+00 2.000000000000000000e+00
1.933444061279296875e+02 1.606820983886718750e+02 2.033029785156250000e+02 -4.572487771511077881e-01 7.370869517326354980e-01 -4.976206719875335693e-01 0.000000000000000000e+00 2.000000000000000000e+00
1.930416259765625000e+02 1.611701812744140625e+02 2.029734649658203125e+02 -5.019373297691345215e-01 7.098225951194763184e-01 -4.941768050193786621e-01 0.000000000000000000e+00 2.000000000000000000e+00
1.927070617675781250e+02 1.616433105468750000e+02 2.026440734863281250e+02 -5.377318263053894043e-01 6.861468553543090820e-01 -4.899458289146423340e-01 0.000000000000000000e+00 2.000000000000000000e+00
1.923533477783203125e+02 1.620946502685546875e+02 2.023217926025390625e+02 -5.664823651313781738e-01 6.662278175354003906e-01 -4.850136339664459229e-01 0.000000000000000000e+00 2.000000000000000000e+00
1.919915466308593750e+02 1.625201568603515625e+02 2.020120239257812500e+02 -5.891952514648437500e-01 6.505226492881774902e-01 -4.792383015155792236e-01 0.000000000000000000e+00 2.000000000000000000e+00
1.916297454833984375e+02 1.629196166992187500e+02 2.017177429199218750e+02 -6.057653427124023438e-01 6.400290727615356445e-01 -4.726638793945312500e-01 0.000000000000000000e+00 2.000000000000000000e+00
1.912720336914062500e+02 1.632975616455078125e+02 2.014386291503906250e+02 -6.164770126342773438e-01 6.347848176956176758e-01 -4.658370614051818848e-01 0.000000000000000000e+00 2.000000000000000000e+00
1.909185333251953125e+02 1.636615600585937500e+02 2.011715087890625000e+02 -6.226407885551452637e-01 6.330949664115905762e-01 -4.599011540412902832e-01 0.000000000000000000e+00 2.000000000000000000e+00
1.905659179687500000e+02 1.640200958251953125e+02 2.009110565185546875e+02 -6.266673803329467773e-01 6.323285102844238281e-01 -4.554654061794281006e-01 0.000000000000000000e+00 2.000000000000000000e+00
1.902095184326171875e+02 1.643797149658203125e+02 2.006520233154296875e+02 -6.318282485008239746e-01 6.297141313552856445e-01 -4.519439041614532471e-01 0.000000000000000000e+00 2.000000000000000000e+00
1.898446960449218750e+02 1.647433166503906250e+02 2.003910675048828125e+02 -6.407482028007507324e-01 6.233787536621093750e-01 -4.481524527072906494e-01 0.000000000000000000e+00 2.000000000000000000e+00
1.894681243896484375e+02 1.651096801757812500e+02 2.001276855468750000e+02 -6.550891995429992676e-01 6.128699779510498047e-01 -4.418692290782928467e-01 0.000000000000000000e+00 2.000000000000000000e+00
1.890774688720703125e+02 1.654751586914062500e+02 1.998641815185546875e+02 -6.748788356781005859e-01 5.985983014106750488e-01 -4.315305650234222412e-01 0.000000000000000000e+00 2.000000000000000000e+00
1.886707153320312500e+02 1.658359375000000000e+02 1.996040954589843750e+02 -6.988360285758972168e-01 5.815576314926147461e-01 -4.164360463619232178e-01 0.000000000000000000e+00 2.000000000000000000e+00
1.882450103759765625e+02 1.661902008056640625e+02 1.993504180908203125e+02 -7.238823175430297852e-01 5.637967586517333984e-01 -3.976525664329528809e-01 0.000000000000000000e+00 2.000000000000000000e+00
1.877965240478515625e+02 1.665395050048828125e+02 1.991040496826171875e+02 -7.466400861740112305e-01 5.473266839981079102e-01 -3.781032860279083252e-01 0.000000000000000000e+00 2.000000000000000000e+00
1.873213500976562500e+02 1.668878326416015625e+02 1.988634185791015625e+02 -7.642686963081359863e-01 5.344706177711486816e-01 -3.608802855014801025e-01 0.000000000000000000e+00 2.000000000000000000e+00
1.868165588378906250e+02 1.672408447265625000e+02 1.986250610351562500e+02 -7.758448123931884766e-01 5.257278084754943848e-01 -3.488195240497589111e-01 0.000000000000000000e+00 2.000000000000000000e+00
1.862811431884765625e+02 1.676036529541015625e+02 1.983843383789062500e+02 -7.822220325469970703e-01 5.207415819168090820e-01 -3.419896364212036133e-01 0.000000000000000000e+00 2.000000000000000000e+00
1.857164459228515625e+02 1.679795837402343750e+02 1.981374511718750000e+02 -7.856686115264892578e-01 5.174909830093383789e-01 -3.390101492404937744e-01 0.000000000000000000e+00 2.000000000000000000e+00
1.851254272460937500e+02 1.683688659667968750e+02 1.978824310302734375e+02 -7.884913086891174316e-01 5.144910812377929688e-01 -3.370167613029479980e-01 0.000000000000000000e+00 2.000000000000000000e+00
1.845121765136718750e+02 1.687690124511718750e+02 1.976203155517578125e+02 -7.920541763305664062e-01 5.113188624382019043e-01 -3.334713280200958252e-01 0.000000000000000000e+00 2.000000000000000000e+00
1.838807983398437500e+02 1.691766052246093750e+02 1.973544921875000000e+02 -7.968561649322509766e-01 5.087863802909851074e-01 -3.258170187473297119e-01 0.000000000000000000e+00 2.000000000000000000e+00
1.832355957031250000e+02 1.695885620117187500e+02 1.970906829833984375e+02 -8.018892407417297363e-01 5.086014270782470703e-01 -3.135255277156829834e-01 0.000000000000000000e+00 2.000000000000000000e+00
1.825820159912109375e+02 1.700030975341796875e+02 1.968351440429687500e+02 -8.056379556655883789e-01 5.122672915458679199e-01 -2.975394129753112793e-01 0.000000000000000000e+00 2.000000000000000000e+00
1.819273681640625000e+02 1.704193572998046875e+02 1.965933685302734375e+02 -8.067291378974914551e-01 5.202903747558593750e-01 -2.801534533500671387e-01 0.000000000000000000e+00 2.000000000000000000e+00
1.812810668945312500e+02 1.708361816406250000e+02 1.963689270019531250e+02 -8.048567771911621094e-01 5.313733220100402832e-01 -2.642877399921417236e-01 0.000000000000000000e+00 2.000000000000000000e+00
1.806533660888671875e+02 1.712505950927734375e+02 1.961628112792968750e+02 -8.003158569335937500e-01 5.437272787094116211e-01 -2.526959180831909180e-01 0.000000000000000000e+00 2.000000000000000000e+00
1.800541687011718750e+02 1.716576843261718750e+02 1.959736175537109375e+02 -7.943812012672424316e-01 5.547155737876892090e-01 -2.474855035543441772e-01 0.000000000000000000e+00 2.000000000000000000e+00
1.794899444580078125e+02 1.720516815185546875e+02 1.957978363037109375e+02 -7.878632545471191406e-01 5.629155039787292480e-01 -2.497953176498413086e-01 0.000000000000000000e+00 2.000000000000000000e+00
1.789616088867187500e+02 1.724291687011718750e+02 1.956303253173828125e+02 -7.815367579460144043e-01 5.679831504821777344e-01 -2.580609321594238281e-01 0.000000000000000000e+00 2.000000000000000000e+00
1.784637756347656250e+02 1.727909698486328125e+02 1.954659423828125000e+02 -7.753486633300781250e-01 5.714618563652038574e-01 -2.688228189945220947e-01 0.000000000000000000e+00 2.000000000000000000e+00
1.779855194091796875e+02 1.731434631347656250e+02 1.953001251220703125e+02 -7.685537338256835938e-01 5.764277577400207520e-01 -2.775899171829223633e-01 0.000000000000000000e+00 2.000000000000000000e+00
1.775136260986328125e+02 1.734973907470703125e+02 1.951296844482421875e+02 -7.608770728111267090e-01 5.849118828773498535e-01 -2.809699177742004395e-01 0.000000000000000000e+00 2.000000000000000000e+00
1.770365295410156250e+02 1.738641510009765625e+02 1.949535064697265625e+02 -7.519196867942810059e-01 5.973407030105590820e-01 -2.789281010627746582e-01 0.000000000000000000e+00 2.000000000000000000e+00
1.765480651855468750e+02 1.742521972656250000e+02 1.947723083496093750e+02 -7.419464588165283203e-01 6.119791865348815918e-01 -2.738554775714874268e-01 0.000000000000000000e+00 2.000000000000000000e+00
1.760495452880859375e+02 1.746633911132812500e+02 1.945883026123046875e+02 -7.313659787178039551e-01 6.267164349555969238e-01 -2.689428925514221191e-01 0.000000000000000000e+00 2.000000000000000000e+00
1.755486602783203125e+02 1.750926055908203125e+02 1.944041137695312500e+02 -7.206739783287048340e-01 6.399353742599487305e-01 -2.666677236557006836e-01 0.000000000000000000e+00 2.000000000000000000e+00
1.750571136474609375e+02 1.755290832519531250e+02 1.942222290039062500e+02 -7.095136642456054688e-01 6.512941718101501465e-01 -2.690838277339935303e-01 0.000000000000000000e+00 2.000000000000000000e+00
1.745864562988281250e+02 1.759611206054687500e+02 1.940437316894531250e+02 -6.968033313751220703e-01 6.615136265754699707e-01 -2.772453129291534424e-01 0.000000000000000000e+00 2.000000000000000000e+00
1.741441650390625000e+02 1.763810119628906250e+02 1.938677520751953125e+02 -6.795842051506042480e-01 6.731045246124267578e-01 -2.917113900184631348e-01 0.000000000000000000e+00 2.000000000000000000e+00
1.737328796386718750e+02 1.767883758544921875e+02 1.936912078857421875e+02 -6.555206775665283203e-01 6.885940432548522949e-01 -3.100499212741851807e-01 0.000000000000000000e+00 2.000000000000000000e+00
1.733493957519531250e+02 1.771912078857421875e+02 1.935098266601562500e+02 -6.242250204086303711e-01 7.089788317680358887e-01 -3.281647861003875732e-01 0.000000000000000000e+00 2.000000000000000000e+00
1.729868469238281250e+02 1.776029815673828125e+02 1.933192291259765625e+02 -5.883682370185852051e-01 7.332745194435119629e-01 -3.407804071903228760e-01 0.000000000000000000e+00 2.000000000000000000e+00
1.726377258300781250e+02 1.780380859375000000e+02 1.931170196533203125e+02 -5.522196292877197266e-01 7.586315274238586426e-01 -3.457336425781250000e-01 0.000000000000000000e+00 2.000000000000000000e+00
1.722968597412109375e+02 1.785063629150390625e+02 1.929036102294921875e+02 -5.177526473999023438e-01 7.830153703689575195e-01 -3.447014987468719482e-01 0.000000000000000000e+00 2.000000000000000000e+00
1.719640960693359375e+02 1.790096130371093750e+02 1.926820678710937500e+02 -4.845956861972808838e-01 8.054872155189514160e-01 -3.411119282245635986e-01 0.000000000000000000e+00 2.000000000000000000e+00
1.716441192626953125e+02 1.795414733886718750e+02 1.924568328857421875e+02 -4.499214589595794678e-01 8.264009356498718262e-01 -3.385739028453826904e-01 0.000000000000000000e+00 2.000000000000000000e+00
1.713456420898437500e+02 1.800897064208984375e+02 1.922322235107421875e+02 -4.113988578319549561e-01 8.461422920227050781e-01 -3.388128280639648438e-01 0.000000000000000000e+00 2.000000000000000000e+00
1.710775451660156250e+02 1.806411132812500000e+02 1.920114288330078125e+02 -3.687196075916290283e-01 8.642547130584716797e-01 -3.422128856182098389e-01 0.000000000000000000e+00 2.000000000000000000e+00
1.708453369140625000e+02 1.811853942871093750e+02 1.917959136962890625e+02 -3.251647055149078369e-01 8.801928758621215820e-01 -3.457287847995758057e-01 0.000000000000000000e+00 2.000000000000000000e+00
1.706486968994140625e+02 1.817176818847656250e+02 1.915868377685546875e+02 -2.875572741031646729e-01 8.938792347908020020e-01 -3.439343869686126709e-01 0.000000000000000000e+00 2.000000000000000000e+00
1.704808197021484375e+02 1.822395324707031250e+02 1.913860473632812500e+02 -2.648659348487854004e-01 9.060261845588684082e-01 -3.300949037075042725e-01 0.000000000000000000e+00 2.000000000000000000e+00
1.703293914794921875e+02 1.827575225830078125e+02 1.911973266601562500e+02 -2.644052803516387939e-01 9.171750545501708984e-01 -2.981273233890533447e-01 0.000000000000000000e+00 2.000000000000000000e+00
1.701784057617187500e+02 1.832812652587890625e+02 1.910270843505859375e+02 -2.870614230632781982e-01 9.253919124603271484e-01 -2.474784851074218750e-01 0.000000000000000000e+00 2.000000000000000000e+00
1.700111999511718750e+02 1.838202819824218750e+02 1.908829345703125000e+02 -3.280234038829803467e-01 9.270588159561157227e-01 -1.815556287765502930e-01 0.000000000000000000e+00 2.000000000000000000e+00
1.698123474121093750e+02 1.843822784423828125e+02 1.907728729248046875e+02 -3.784307539463043213e-01 9.189916253089904785e-01 -1.106549203395843506e-01 0.000000000000000000e+00 2.000000000000000000e+00
1.695702667236328125e+02 1.849701538085937500e+02 1.907020874023437500e+02 -4.286043643951416016e-01 9.023535251617431641e-01 -4.534814506769180298e-02 0.000000000000000000e+00 2.000000000000000000e+00
1.692808227539062500e+02 1.855795288085937500e+02 1.906714630126953125e+02 -4.727012813091278076e-01 8.811886906623840332e-01 7.749201264232397079e-03 0.000000000000000000e+00 2.000000000000000000e+00
1.689494628906250000e+02 1.861972351074218750e+02 1.906768951416015625e+02 -5.089373588562011719e-01 8.595530986785888672e-01 4.638141766190528870e-02 0.000000000000000000e+00 2.000000000000000000e+00
1.685914916992187500e+02 1.868018188476562500e+02 1.907095184326171875e+02 -5.370320677757263184e-01 8.404416441917419434e-01 7.248786836862564087e-02 0.000000000000000000e+00 2.000000000000000000e+00
1.682304229736328125e+02 1.873668823242187500e+02 1.907582550048828125e+02 -5.583033561706542969e-01 8.248510956764221191e-01 8.898369222879409790e-02 0.000000000000000000e+00 2.000000000000000000e+00
1.678924713134765625e+02 1.878661804199218750e+02 1.908121185302734375e+02 -5.583033561706542969e-01 8.248510956764221191e-01 8.898369222879409790e-02 0.000000000000000000e+00 2.000000000000000000e+00
