3.886023864746093750e+02 7.282054901123046875e+01 8.266275787353515625e+01 2.268506959080696106e-02 -1.722045838832855225e-01 9.847999811172485352e-01 0.000000000000000000e+00 1.000000000000000000e+00
3.885840454101562500e+02 7.295977783203125000e+01 8.186653900146484375e+01 8.331884443759918213e-02 -1.339254528284072876e-01 9.874826073646545410e-01 0.000000000000000000e+00 1.000000000000000000e+00
3.885164794921875000e+02 7.306838226318359375e+01 8.106575775146484375e+01 1.342038959264755249e-01 -9.147074818611145020e-02 9.867230653762817383e-01 0.000000000000000000e+00 1.000000000000000000e+00
3.884085388183593750e+02 7.314195251464843750e+01 8.027213287353515625e+01 1.751758158206939697e-01 -4.997571930289268494e-02 9.832679629325866699e-01 0.000000000000000000e+00 1.000000000000000000e+00
3.882701721191406250e+02 7.318142700195312500e+01 7.949547576904296875e+01 2.060653269290924072e-01 -1.495954953134059906e-02 9.784238934516906738e-01 0.000000000000000000e+00 1.000000000000000000e+00
3.881114807128906250e+02 7.319294738769531250e+01 7.874198913574218750e+01 2.272629588842391968e-01 8.660935796797275543e-03 9.737948775291442871e-01 0.000000000000000000e+00 1.000000000000000000e+00
3.879413146972656250e+02 7.318646240234375000e+01 7.801284790039062500e+01 2.394193559885025024e-01 1.787899062037467957e-02 9.707517027854919434e-01 0.000000000000000000e+00 1.000000000000000000e+00
3.877668151855468750e+02 7.317343139648437500e+01 7.730532073974609375e+01 2.438691556453704834e-01 1.192187424749135971e-02 9.697349071502685547e-01 0.000000000000000000e+00 1.000000000000000000e+00
3.875928039550781250e+02 7.316492462158203125e+01 7.661337280273437500e+01 2.413589656352996826e-01 -7.451757788658142090e-03 9.704073071479797363e-01 0.000000000000000000e+00 1.000000000000000000e+00
3.874227905273437500e+02 7.317017364501953125e+01 7.592981719970703125e+01 2.328796386718750000e-01 -3.700362890958786011e-02 9.718012809753417969e-01 0.000000000000000000e+00 1.000000000000000000e+00
3.872591552734375000e+02 7.319617462158203125e+01 7.524697113037109375e+01 -2.182780355215072632e-01 7.287753373384475708e-02 -9.731616377830505371e-01 0.000000000000000000e+00 1.000000000000000000e+00
3.871041564941406250e+02 7.324792480468750000e+01 7.455593109130859375e+01 -1.971075683832168579e-01 1.108677685260772705e-01 -9.740929007530212402e-01 0.000000000000000000e+00 1.000000000000000000e+00
3.869605407714843750e+02 7.332870483398437500e+01 7.384619140625000000e+01 -1.704429090023040771e-01 1.468160599470138550e-01 -9.743686318397521973e-01 0.000000000000000000e+00 1.000000000000000000e+00
3.868311462402343750e+02 7.344016265869140625e+01 7.310648345947265625e+01 -1.400472074747085571e-01 1.774522364139556885e-01 -9.741137623786926270e-01 0.000000000000000000e+00 1.000000000000000000e+00
3.867190856933593750e+02 7.358215332031250000e+01 7.232703399658203125e+01 -1.092378199100494385e-01 2.011427283287048340e-01 -9.734519720077514648e-01 0.000000000000000000e+00 1.000000000000000000e+00
3.866265258789062500e+02 7.375258636474609375e+01 7.150220489501953125e+01 -8.050211519002914429e-02 2.182799726724624634e-01 -9.725601673126220703e-01 0.000000000000000000e+00 1.000000000000000000e+00
3.865546264648437500e+02 7.394754028320312500e+01 7.063357543945312500e+01 -5.557067319750785828e-02 2.304543703794479370e-01 -9.714950323104858398e-01 0.000000000000000000e+00 1.000000000000000000e+00
3.865028991699218750e+02 7.416205596923828125e+01 6.972927093505859375e+01 -3.520111367106437683e-02 2.395702302455902100e-01 -9.702406525611877441e-01 0.000000000000000000e+00 1.000000000000000000e+00
3.864692382812500000e+02 7.439114379882812500e+01 6.880148315429687500e+01 -1.949091255664825439e-02 2.476038634777069092e-01 -9.686652421951293945e-01 0.000000000000000000e+00 1.000000000000000000e+00
3.864503479003906250e+02 7.463111877441406250e+01 6.786266326904296875e+01 -1.949091255664825439e-02 2.476038634777069092e-01 -9.686652421951293945e-01 0.000000000000000000e+00 1.000000000000000000e+00
