3.108112487792968750e+02 8.552549743652343750e+01 1.663000640869140625e+02 -4.061522483825683594e-01 -8.749049305915832520e-01 -2.637835443019866943e-01 0.000000000000000000e+00 1.000000000000000000e+00
3.109061889648437500e+02 8.573001098632812500e+01 1.663617248535156250e+02 -4.066225886344909668e-01 -8.744384050369262695e-01 -2.646044194698333740e-01 0.000000000000000000e+00 1.000000000000000000e+00
3.110303955078125000e+02 8.599711608886718750e+01 1.664425506591796875e+02 -4.070532917976379395e-01 -8.737820982933044434e-01 -2.661061882972717285e-01 0.000000000000000000e+00 1.000000000000000000e+00
3.111822509765625000e+02 8.632308959960937500e+01 1.665418243408203125e+02 -4.081897735595703125e-01 -8.724257946014404297e-01 -2.688018381595611572e-01 0.000000000000000000e+00 1.000000000000000000e+00
3.113577270507812500e+02 8.669813537597656250e+01 1.666573791503906250e+02 -4.098233580589294434e-01 -8.701474070549011230e-01 -2.736572921276092529e-01 0.000000000000000000e+00 1.000000000000000000e+00
3.115512084960937500e+02 8.710894012451171875e+01 1.667865753173828125e+02 -4.127443730831146240e-01 -8.663599491119384766e-01 -2.811805605888366699e-01 0.000000000000000000e+00 1.000000000000000000e+00
3.117573852539062500e+02 8.754170989990234375e+01 1.669270324707031250e+02 -4.166522026062011719e-01 -8.608062863349914551e-01 -2.922558188438415527e-01 0.000000000000000000e+00 1.000000000000000000e+00
3.119716796875000000e+02 8.798444366455078125e+01 1.670773468017578125e+02 -4.220721125602722168e-01 -8.529593944549560547e-01 -3.071082234382629395e-01 0.000000000000000000e+00 1.000000000000000000e+00
3.121912231445312500e+02 8.842811584472656250e+01 1.672370910644531250e+02 -4.284221529960632324e-01 -8.431428670883178711e-01 -3.249068260192871094e-01 0.000000000000000000e+00 1.000000000000000000e+00
3.124142761230468750e+02 8.886708831787109375e+01 1.674062500000000000e+02 -4.348401725292205811e-01 -8.320612311363220215e-01 -3.443661034107208252e-01 0.000000000000000000e+00 1.000000000000000000e+00
3.126398620605468750e+02 8.929874420166015625e+01 1.675848999023437500e+02 -4.412102997303009033e-01 -8.205442428588867188e-01 -3.633739650249481201e-01 0.000000000000000000e+00 1.000000000000000000e+00
3.128678588867187500e+02 8.972276306152343750e+01 1.677726745605468750e+02 -4.470748603343963623e-01 -8.093652725219726562e-01 -3.808568716049194336e-01 0.000000000000000000e+00 1.000000000000000000e+00
3.130984191894531250e+02 9.014015960693359375e+01 1.679690856933593750e+02 -4.523703157901763916e-01 -7.989652752876281738e-01 -3.962518572807312012e-01 0.000000000000000000e+00 1.000000000000000000e+00
3.133323669433593750e+02 9.055335235595703125e+01 1.681740112304687500e+02 -4.577782452106475830e-01 -7.886999845504760742e-01 -4.103552699089050293e-01 0.000000000000000000e+00 1.000000000000000000e+00
3.135709838867187500e+02 9.096446228027343750e+01 1.683879089355468750e+02 -4.637410938739776611e-01 -7.775775790214538574e-01 -4.246380627155303955e-01 0.000000000000000000e+00 1.000000000000000000e+00
3.138156433105468750e+02 9.137469482421875000e+01 1.686119384765625000e+02 -4.722618162631988525e-01 -7.636619210243225098e-01 -4.402150511741638184e-01 0.000000000000000000e+00 1.000000000000000000e+00
3.140683898925781250e+02 9.178339385986328125e+01 1.688475341796875000e+02 -4.835707545280456543e-01 -7.461948394775390625e-01 -4.575505256652832031e-01 0.000000000000000000e+00 1.000000000000000000e+00
3.143304138183593750e+02 9.218772125244140625e+01 1.690954589843750000e+02 -4.981189072132110596e-01 -7.244120240211486816e-01 -4.765551984310150146e-01 0.000000000000000000e+00 1.000000000000000000e+00
3.146021728515625000e+02 9.258293914794921875e+01 1.693554534912109375e+02 -5.160872340202331543e-01 -6.983057260513305664e-01 -4.960072338581085205e-01 0.000000000000000000e+00 1.000000000000000000e+00
3.148833618164062500e+02 9.296340942382812500e+01 1.696257019042968750e+02 -5.361267328262329102e-01 -6.691257357597351074e-01 -5.146250724792480469e-01 0.000000000000000000e+00 1.000000000000000000e+00
3.151725158691406250e+02 9.332429504394531250e+01 1.699032592773437500e+02 -5.564955472946166992e-01 -6.387639641761779785e-01 -5.313127636909484863e-01 0.000000000000000000e+00 1.000000000000000000e+00
3.154675598144531250e+02 9.366295623779296875e+01 1.701849517822265625e+02 -5.754958987236022949e-01 -6.096215844154357910e-01 -5.451293587684631348e-01 0.000000000000000000e+00 1.000000000000000000e+00
3.157665710449218750e+02 9.397969818115234375e+01 1.704681854248046875e+02 -5.913000702857971191e-01 -5.845902562141418457e-01 -5.555344820022583008e-01 0.000000000000000000e+00 1.000000000000000000e+00
3.160677795410156250e+02 9.427748870849609375e+01 1.707511749267578125e+02 -6.030414104461669922e-01 -5.652828216552734375e-01 -5.628467798233032227e-01 0.000000000000000000e+00 1.000000000000000000e+00
3.163699645996093750e+02 9.456075286865234375e+01 1.710332183837890625e+02 -6.108374595642089844e-01 -5.521231889724731445e-01 -5.674834847450256348e-01 0.000000000000000000e+00 1.000000000000000000e+00
3.166724548339843750e+02 9.483416748046875000e+01 1.713142395019531250e+02 -6.155453324317932129e-01 -5.441125035285949707e-01 -5.701276063919067383e-01 0.000000000000000000e+00 1.000000000000000000e+00
3.169750061035156250e+02 9.510160827636718750e+01 1.715944671630859375e+02 -6.178542375564575195e-01 -5.399520993232727051e-01 -5.715837478637695312e-01 0.000000000000000000e+00 1.000000000000000000e+00
3.172773742675781250e+02 9.536585235595703125e+01 1.718741912841796875e+02 -6.191468834877014160e-01 -5.380517840385437012e-01 -5.719767808914184570e-01 0.000000000000000000e+00 1.000000000000000000e+00
3.175798034667968750e+02 9.562866973876953125e+01 1.721535797119140625e+02 -6.197400689125061035e-01 -5.377036929130554199e-01 -5.716615915298461914e-01 0.000000000000000000e+00 1.000000000000000000e+00
3.178825073242187500e+02 9.589130401611328125e+01 1.724328002929687500e+02 -6.199046373367309570e-01 -5.384646058082580566e-01 -5.707662701606750488e-01 0.000000000000000000e+00 1.000000000000000000e+00
3.181858825683593750e+02 9.615482330322265625e+01 1.727121276855468750e+02 -6.198799610137939453e-01 -5.404634475708007812e-01 -5.689007639884948730e-01 0.000000000000000000e+00 1.000000000000000000e+00
3.184907226562500000e+02 9.642060852050781250e+01 1.729918975830078125e+02 -6.196590662002563477e-01 -5.438467860221862793e-01 -5.659093260765075684e-01 0.000000000000000000e+00 1.000000000000000000e+00
3.187982177734375000e+02 9.669048309326171875e+01 1.732727203369140625e+02 -6.187181472778320312e-01 -5.488799214363098145e-01 -5.620663762092590332e-01 0.000000000000000000e+00 1.000000000000000000e+00
3.191100158691406250e+02 9.696708679199218750e+01 1.735559692382812500e+02 -6.164053678512573242e-01 -5.552855134010314941e-01 -5.583030581474304199e-01 0.000000000000000000e+00 1.000000000000000000e+00
3.194279479980468750e+02 9.725349426269531250e+01 1.738439331054687500e+02 -6.113915443420410156e-01 -5.624062418937683105e-01 -5.566862821578979492e-01 0.000000000000000000e+00 1.000000000000000000e+00
3.197533264160156250e+02 9.755280303955078125e+01 1.741401977539062500e+02 -6.020088791847229004e-01 -5.693582296371459961e-01 -5.598362684249877930e-01 0.000000000000000000e+00 1.000000000000000000e+00
3.200861511230468750e+02 9.786757659912109375e+01 1.744497070312500000e+02 -5.870224833488464355e-01 -5.749230384826660156e-01 -5.699720382690429688e-01 0.000000000000000000e+00 1.000000000000000000e+00
3.204244689941406250e+02 9.819892120361328125e+01 1.747781982421875000e+02 -5.637171268463134766e-01 -5.794337987899780273e-01 -5.886251330375671387e-01 0.000000000000000000e+00 1.000000000000000000e+00
3.207632446289062500e+02 9.854714202880859375e+01 1.751319427490234375e+02 -5.288744568824768066e-01 -5.834559798240661621e-01 -6.163367629051208496e-01 0.000000000000000000e+00 1.000000000000000000e+00
3.210938415527343750e+02 9.891185760498046875e+01 1.755172119140625000e+02 -4.804510474205017090e-01 -5.878224372863769531e-01 -6.508698463439941406e-01 0.000000000000000000e+00 1.000000000000000000e+00
3.214051208496093750e+02 9.929270172119140625e+01 1.759389038085937500e+02 -4.166990816593170166e-01 -5.923728346824645996e-01 -6.895334124565124512e-01 0.000000000000000000e+00 1.000000000000000000e+00
3.216838684082031250e+02 9.968896484375000000e+01 1.764001617431640625e+02 -3.402841687202453613e-01 -5.960072875022888184e-01 -7.273114323616027832e-01 0.000000000000000000e+00 1.000000000000000000e+00
3.219180297851562500e+02 1.000990982055664062e+02 1.769006500244140625e+02 -2.551937401294708252e-01 -5.970190167427062988e-01 -7.605553269386291504e-01 0.000000000000000000e+00 1.000000000000000000e+00
3.220977783203125000e+02 1.005196151733398438e+02 1.774363555908203125e+02 -1.683447360992431641e-01 -5.941610336303710938e-01 -7.865321636199951172e-01 0.000000000000000000e+00 1.000000000000000000e+00
3.222183227539062500e+02 1.009450683593750000e+02 1.779995574951171875e+02 -8.527495712041854858e-02 -5.874450206756591797e-01 -8.047586083412170410e-01 0.000000000000000000e+00 1.000000000000000000e+00
3.222798156738281250e+02 1.013686828613281250e+02 1.785798797607421875e+02 -1.002497971057891846e-02 -5.782416462898254395e-01 -8.158039450645446777e-01 0.000000000000000000e+00 1.000000000000000000e+00
3.222870178222656250e+02 1.017841033935546875e+02 1.791659698486328125e+02 5.613210424780845642e-02 -5.689675807952880859e-01 -8.204419612884521484e-01 0.000000000000000000e+00 1.000000000000000000e+00
3.222472534179687500e+02 1.021871643066406250e+02 1.797471771240234375e+02 1.132569164037704468e-01 -5.628789663314819336e-01 -8.187430500984191895e-01 0.000000000000000000e+00 1.000000000000000000e+00
3.221688537597656250e+02 1.025768051147460938e+02 1.803139343261718750e+02 1.617457270622253418e-01 -5.626683831214904785e-01 -8.107050061225891113e-01 0.000000000000000000e+00 1.000000000000000000e+00
3.220602111816406250e+02 1.029547424316406250e+02 1.808584747314453125e+02 2.024917602539062500e-01 -5.708286166191101074e-01 -7.957083582878112793e-01 0.000000000000000000e+00 1.000000000000000000e+00
3.219288940429687500e+02 1.033249282836914062e+02 1.813744964599609375e+02 2.348433434963226318e-01 -5.893067717552185059e-01 -7.730239629745483398e-01 0.000000000000000000e+00 1.000000000000000000e+00
3.217821960449218750e+02 1.036930465698242188e+02 1.818573760986328125e+02 2.561279237270355225e-01 -6.193726658821105957e-01 -7.421428561210632324e-01 0.000000000000000000e+00 1.000000000000000000e+00
3.216278991699218750e+02 1.040661697387695312e+02 1.823044586181640625e+02 2.626986801624298096e-01 -6.612521409988403320e-01 -7.026628255844116211e-01 0.000000000000000000e+00 1.000000000000000000e+00
3.214744262695312500e+02 1.044524841308593750e+02 1.827149658203125000e+02 2.506209909915924072e-01 -7.130217552185058594e-01 -6.548199653625488281e-01 0.000000000000000000e+00 1.000000000000000000e+00
3.213310241699218750e+02 1.048604660034179688e+02 1.830896453857421875e+02 2.171301543712615967e-01 -7.700242996215820312e-01 -5.999309420585632324e-01 0.000000000000000000e+00 1.000000000000000000e+00
3.212077941894531250e+02 1.052974853515625000e+02 1.834301300048828125e+02 1.625910401344299316e-01 -8.255548477172851562e-01 -5.403918623924255371e-01 0.000000000000000000e+00 1.000000000000000000e+00
3.211150512695312500e+02 1.057683868408203125e+02 1.837383728027343750e+02 8.982244133949279785e-02 -8.732649683952331543e-01 -4.788948893547058105e-01 0.000000000000000000e+00 1.000000000000000000e+00
3.210630493164062500e+02 1.062739562988281250e+02 1.840156250000000000e+02 3.870086744427680969e-03 -9.083222746849060059e-01 -4.182531833648681641e-01 0.000000000000000000e+00 1.000000000000000000e+00
3.210607604980468750e+02 1.068111495971679688e+02 1.842629852294921875e+02 -9.034160524606704712e-02 -9.283795356750488281e-01 -3.604856431484222412e-01 0.000000000000000000e+00 1.000000000000000000e+00
3.211155395507812500e+02 1.073740768432617188e+02 1.844815673828125000e+02 -1.856723278760910034e-01 -9.333831071853637695e-01 -3.071186840534210205e-01 0.000000000000000000e+00 1.000000000000000000e+00
3.212312011718750000e+02 1.079555130004882812e+02 1.846728820800781250e+02 -2.746125161647796631e-01 -9.255480766296386719e-01 -2.606697678565979004e-01 0.000000000000000000e+00 1.000000000000000000e+00
3.214070129394531250e+02 1.085480651855468750e+02 1.848397674560546875e+02 -3.506810367107391357e-01 -9.090939164161682129e-01 -2.248801440000534058e-01 0.000000000000000000e+00 1.000000000000000000e+00
3.216372985839843750e+02 1.091450500488281250e+02 1.849874420166015625e+02 -4.096272885799407959e-01 -8.892151117324829102e-01 -2.037203311920166016e-01 0.000000000000000000e+00 1.000000000000000000e+00
3.219117126464843750e+02 1.097407455444335938e+02 1.851239166259765625e+02 -4.514334201812744141e-01 -8.695573806762695312e-01 -2.001944482326507568e-01 0.000000000000000000e+00 1.000000000000000000e+00
3.222177734375000000e+02 1.103302841186523438e+02 1.852596435546875000e+02 -4.783363044261932373e-01 -8.515220880508422852e-01 -2.147197574377059937e-01 0.000000000000000000e+00 1.000000000000000000e+00
3.225431823730468750e+02 1.109095687866210938e+02 1.854057159423828125e+02 -4.943763911724090576e-01 -8.342489004135131836e-01 -2.441737055778503418e-01 0.000000000000000000e+00 1.000000000000000000e+00
3.228785095214843750e+02 1.114754257202148438e+02 1.855713348388671875e+02 -5.038950443267822266e-01 -8.165213465690612793e-01 -2.817494571208953857e-01 0.000000000000000000e+00 1.000000000000000000e+00
3.232182922363281250e+02 1.120260162353515625e+02 1.857613220214843750e+02 -5.109792351722717285e-01 -7.981858849525451660e-01 -3.190603256225585938e-01 0.000000000000000000e+00 1.000000000000000000e+00
3.235607299804687500e+02 1.125609283447265625e+02 1.859751434326171875e+02 -5.192010998725891113e-01 -7.804151177406311035e-01 -3.483997881412506104e-01 0.000000000000000000e+00 1.000000000000000000e+00
3.239068908691406250e+02 1.130812454223632812e+02 1.862074279785156250e+02 -5.292348265647888184e-01 -7.657251358032226562e-01 -3.654798269271850586e-01 0.000000000000000000e+00 1.000000000000000000e+00
3.242584533691406250e+02 1.135899047851562500e+02 1.864502105712890625e+02 -5.400244593620300293e-01 -7.559835910797119141e-01 -3.699494004249572754e-01 0.000000000000000000e+00 1.000000000000000000e+00
3.246165466308593750e+02 1.140912017822265625e+02 1.866955261230468750e+02 -5.495539903640747070e-01 -7.519173026084899902e-01 -3.641575872898101807e-01 0.000000000000000000e+00 1.000000000000000000e+00
3.249817810058593750e+02 1.145909271240234375e+02 1.869375457763671875e+02 -5.552473664283752441e-01 -7.533692717552185059e-01 -3.523281812667846680e-01 0.000000000000000000e+00 1.000000000000000000e+00
3.253535461425781250e+02 1.150953445434570312e+02 1.871734466552734375e+02 -5.561546683311462402e-01 -7.589657902717590332e-01 -3.386189639568328857e-01 0.000000000000000000e+00 1.000000000000000000e+00
3.257304687500000000e+02 1.156097183227539062e+02 1.874029388427734375e+02 -5.522767305374145508e-01 -7.670892477035522461e-01 -3.264422118663787842e-01 0.000000000000000000e+00 1.000000000000000000e+00
3.261100769042968750e+02 1.161369781494140625e+02 1.876273193359375000e+02 -5.452947616577148438e-01 -7.760969400405883789e-01 -3.167446553707122803e-01 0.000000000000000000e+00 1.000000000000000000e+00
3.264887695312500000e+02 1.166759567260742188e+02 1.878472900390625000e+02 -5.376414060592651367e-01 -7.848495244979858398e-01 -3.081443011760711670e-01 0.000000000000000000e+00 1.000000000000000000e+00
3.268630371093750000e+02 1.172223129272460938e+02 1.880617980957031250e+02 -5.306910276412963867e-01 -7.930759787559509277e-01 -2.989942431449890137e-01 0.000000000000000000e+00 1.000000000000000000e+00
3.272295532226562500e+02 1.177700424194335938e+02 1.882682952880859375e+02 -5.257202386856079102e-01 -8.008244633674621582e-01 -2.868768870830535889e-01 0.000000000000000000e+00 1.000000000000000000e+00
3.275869445800781250e+02 1.183144531250000000e+02 1.884633178710937500e+02 -5.232641696929931641e-01 -8.080203533172607422e-01 -2.707357108592987061e-01 0.000000000000000000e+00 1.000000000000000000e+00
3.279368896484375000e+02 1.188548355102539062e+02 1.886443786621093750e+02 -5.228360295295715332e-01 -8.147900104522705078e-01 -2.505188882350921631e-01 0.000000000000000000e+00 1.000000000000000000e+00
3.282838439941406250e+02 1.193955307006835938e+02 1.888106231689453125e+02 -5.234164595603942871e-01 -8.212573528289794922e-01 -2.270938754081726074e-01 0.000000000000000000e+00 1.000000000000000000e+00
3.286336364746093750e+02 1.199443664550781250e+02 1.889623870849609375e+02 -5.241616964340209961e-01 -8.275526165962219238e-01 -2.010253816843032837e-01 0.000000000000000000e+00 1.000000000000000000e+00
3.289919128417968750e+02 1.205100173950195312e+02 1.890997924804687500e+02 -5.235562920570373535e-01 -8.342934846878051758e-01 -1.727519482374191284e-01 0.000000000000000000e+00 1.000000000000000000e+00
3.293611755371093750e+02 1.210984420776367188e+02 1.892216339111328125e+02 -5.201977491378784180e-01 -8.418868780136108398e-01 -1.435988694429397583e-01 0.000000000000000000e+00 1.000000000000000000e+00
3.297402038574218750e+02 1.217118606567382812e+02 1.893262634277343750e+02 -5.119471549987792969e-01 -8.511518836021423340e-01 -1.159771904349327087e-01 0.000000000000000000e+00 1.000000000000000000e+00
3.301233215332031250e+02 1.223488235473632812e+02 1.894130554199218750e+02 -4.980043470859527588e-01 -8.620262145996093750e-01 -9.435302764177322388e-02 0.000000000000000000e+00 1.000000000000000000e+00
3.305024108886718750e+02 1.230050125122070312e+02 1.894848785400390625e+02 -4.783940911293029785e-01 -8.741906881332397461e-01 -8.324487507343292236e-02 0.000000000000000000e+00 1.000000000000000000e+00
3.308688659667968750e+02 1.236746520996093750e+02 1.895486450195312500e+02 -4.546041190624237061e-01 -8.866618275642395020e-01 -8.465138822793960571e-02 0.000000000000000000e+00 1.000000000000000000e+00
3.312160644531250000e+02 1.243518295288085938e+02 1.896132965087890625e+02 -4.291503429412841797e-01 -8.980879187583923340e-01 -9.627082198858261108e-02 0.000000000000000000e+00 1.000000000000000000e+00
3.315411987304687500e+02 1.250322418212890625e+02 1.896862335205078125e+02 -4.050055444240570068e-01 -9.074541330337524414e-01 -1.117928996682167053e-01 0.000000000000000000e+00 1.000000000000000000e+00
3.318454589843750000e+02 1.257139663696289062e+02 1.897702178955078125e+02 -3.840945363044738770e-01 -9.150013923645019531e-01 -1.234662309288978577e-01 0.000000000000000000e+00 1.000000000000000000e+00
3.321330261230468750e+02 1.263990173339843750e+02 1.898626556396484375e+02 -3.679715394973754883e-01 -9.214069247245788574e-01 -1.249248608946800232e-01 0.000000000000000000e+00 1.000000000000000000e+00
3.324103393554687500e+02 1.270934143066406250e+02 1.899568023681640625e+02 -3.555668890476226807e-01 -9.275363683700561523e-01 -1.151018515229225159e-01 0.000000000000000000e+00 1.000000000000000000e+00
3.326831665039062500e+02 1.278051147460937500e+02 1.900451202392578125e+02 -3.461153805255889893e-01 -9.330890178680419922e-01 -9.771941602230072021e-02 0.000000000000000000e+00 1.000000000000000000e+00
3.329564208984375000e+02 1.285417785644531250e+02 1.901222686767578125e+02 -3.379411399364471436e-01 -9.378296732902526855e-01 -7.919209450483322144e-02 0.000000000000000000e+00 1.000000000000000000e+00
3.332321166992187500e+02 1.293068695068359375e+02 1.901868743896484375e+02 -3.307101428508758545e-01 -9.414933919906616211e-01 -6.496999412775039673e-02 0.000000000000000000e+00 1.000000000000000000e+00
3.335102539062500000e+02 1.300986938476562500e+02 1.902415161132812500e+02 -3.231014907360076904e-01 -9.445064663887023926e-01 -5.927018076181411743e-02 0.000000000000000000e+00 1.000000000000000000e+00
3.337879943847656250e+02 1.309105987548828125e+02 1.902924652099609375e+02 -3.134760856628417969e-01 -9.474424123764038086e-01 -6.391874700784683228e-02 0.000000000000000000e+00 1.000000000000000000e+00
3.340600891113281250e+02 1.317329711914062500e+02 1.903479461669921875e+02 -2.996664047241210938e-01 -9.506646394729614258e-01 -8.022940158843994141e-02 0.000000000000000000e+00 1.000000000000000000e+00
3.343195800781250000e+02 1.325561828613281250e+02 1.904174194335937500e+02 -2.786609530448913574e-01 -9.542550444602966309e-01 -1.083760708570480347e-01 0.000000000000000000e+00 1.000000000000000000e+00
3.345580444335937500e+02 1.333727874755859375e+02 1.905101623535156250e+02 -2.477980256080627441e-01 -9.575481414794921875e-01 -1.473011523485183716e-01 0.000000000000000000e+00 1.000000000000000000e+00
3.347666320800781250e+02 1.341788177490234375e+02 1.906341552734375000e+02 -2.061544805765151978e-01 -9.592017531394958496e-01 -1.934745758771896362e-01 0.000000000000000000e+00 1.000000000000000000e+00
3.349375610351562500e+02 1.349741210937500000e+02 1.907945709228515625e+02 -1.545702964067459106e-01 -9.578713178634643555e-01 -2.420548498630523682e-01 0.000000000000000000e+00 1.000000000000000000e+00
3.350645141601562500e+02 1.357608489990234375e+02 1.909933776855468750e+02 -9.661249816417694092e-02 -9.525545835494995117e-01 -2.886275053024291992e-01 0.000000000000000000e+00 1.000000000000000000e+00
3.351437072753906250e+02 1.365416564941406250e+02 1.912299652099609375e+02 -3.578640148043632507e-02 -9.431902170181274414e-01 -3.303203284740447998e-01 0.000000000000000000e+00 1.000000000000000000e+00
3.351731872558593750e+02 1.373186340332031250e+02 1.915020751953125000e+02 2.427670732140541077e-02 -9.299705624580383301e-01 -3.668317198753356934e-01 0.000000000000000000e+00 1.000000000000000000e+00
3.351530151367187500e+02 1.380913696289062500e+02 1.918068847656250000e+02 8.189842104911804199e-02 -9.130036234855651855e-01 -3.996461033821105957e-01 0.000000000000000000e+00 1.000000000000000000e+00
3.350843505859375000e+02 1.388568420410156250e+02 1.921419525146484375e+02 1.361244022846221924e-01 -8.925597667694091797e-01 -4.298922121524810791e-01 0.000000000000000000e+00 1.000000000000000000e+00
3.349693908691406250e+02 1.396106262207031250e+02 1.925050048828125000e+02 1.858433485031127930e-01 -8.692783117294311523e-01 -4.580585062503814697e-01 0.000000000000000000e+00 1.000000000000000000e+00
3.348117980957031250e+02 1.403477630615234375e+02 1.928934326171875000e+02 2.307365387678146362e-01 -8.441576361656188965e-01 -4.838993251323699951e-01 0.000000000000000000e+00 1.000000000000000000e+00
3.346160278320312500e+02 1.410639953613281250e+02 1.933040008544921875e+02 2.701741158962249756e-01 -8.187488317489624023e-01 -5.066125988960266113e-01 0.000000000000000000e+00 1.000000000000000000e+00
3.343875122070312500e+02 1.417565002441406250e+02 1.937324981689453125e+02 3.039614260196685791e-01 -7.943653464317321777e-01 -5.259193778038024902e-01 0.000000000000000000e+00 1.000000000000000000e+00
3.341322021484375000e+02 1.424237213134765625e+02 1.941742401123046875e+02 3.327786326408386230e-01 -7.718921303749084473e-01 -5.417019128799438477e-01 0.000000000000000000e+00 1.000000000000000000e+00
3.338557128906250000e+02 1.430650482177734375e+02 1.946243133544921875e+02 3.573105931282043457e-01 -7.517836093902587891e-01 -5.542116165161132812e-01 0.000000000000000000e+00 1.000000000000000000e+00
3.335631713867187500e+02 1.436805572509765625e+02 1.950780639648437500e+02 3.785395026206970215e-01 -7.342269420623779297e-01 -5.635766983032226562e-01 0.000000000000000000e+00 1.000000000000000000e+00
3.332588500976562500e+02 1.442708282470703125e+02 1.955311431884765625e+02 3.977660536766052246e-01 -7.191504836082458496e-01 -5.697410106658935547e-01 0.000000000000000000e+00 1.000000000000000000e+00
3.329457702636718750e+02 1.448368682861328125e+02 1.959795837402343750e+02 4.164109528064727783e-01 -7.064142823219299316e-01 -5.723467469215393066e-01 0.000000000000000000e+00 1.000000000000000000e+00
3.326255798339843750e+02 1.453800506591796875e+02 1.964196777343750000e+02 4.365818202495574951e-01 -6.955913305282592773e-01 -5.705690979957580566e-01 0.000000000000000000e+00 1.000000000000000000e+00
3.322978820800781250e+02 1.459021606445312500e+02 1.968479461669921875e+02 4.599264264106750488e-01 -6.864365339279174805e-01 -5.632694363594055176e-01 0.000000000000000000e+00 1.000000000000000000e+00
3.319605102539062500e+02 1.464056854248046875e+02 1.972611236572265625e+02 4.881182312965393066e-01 -6.782768368721008301e-01 -5.492550134658813477e-01 0.000000000000000000e+00 1.000000000000000000e+00
3.316095275878906250e+02 1.468934020996093750e+02 1.976560668945312500e+02 5.212722420692443848e-01 -6.704471707344055176e-01 -5.279921889305114746e-01 0.000000000000000000e+00 1.000000000000000000e+00
3.312402343750000000e+02 1.473683776855468750e+02 1.980301208496093750e+02 5.583696365356445312e-01 -6.621295213699340820e-01 -4.998077452182769775e-01 0.000000000000000000e+00 1.000000000000000000e+00
3.308481445312500000e+02 1.478333282470703125e+02 1.983810882568359375e+02 5.963849425315856934e-01 -6.531679034233093262e-01 -4.665796756744384766e-01 0.000000000000000000e+00 1.000000000000000000e+00
3.304306640625000000e+02 1.482905578613281250e+02 1.987077026367187500e+02 6.325853466987609863e-01 -6.434987783432006836e-01 -4.309814572334289551e-01 0.000000000000000000e+00 1.000000000000000000e+00
3.299875488281250000e+02 1.487413177490234375e+02 1.990095977783203125e+02 6.646883487701416016e-01 -6.335107088088989258e-01 -3.960474431514739990e-01 0.000000000000000000e+00 1.000000000000000000e+00
3.295210571289062500e+02 1.491859283447265625e+02 1.992875518798828125e+02 6.913460493087768555e-01 -6.239368915557861328e-01 -3.643398284912109375e-01 0.000000000000000000e+00 1.000000000000000000e+00
3.290356140136718750e+02 1.496240386962890625e+02 1.995433807373046875e+02 7.126172184944152832e-01 -6.151410937309265137e-01 -3.373101353645324707e-01 0.000000000000000000e+00 1.000000000000000000e+00
3.285365295410156250e+02 1.500548553466796875e+02 1.997796173095703125e+02 7.290237545967102051e-01 -6.076002120971679688e-01 -3.151924908161163330e-01 0.000000000000000000e+00 1.000000000000000000e+00
3.280292663574218750e+02 1.504776306152343750e+02 1.999989318847656250e+02 7.415323853492736816e-01 -6.014572381973266602e-01 -2.972859740257263184e-01 0.000000000000000000e+00 1.000000000000000000e+00
3.275181884765625000e+02 1.508921661376953125e+02 2.002038269042968750e+02 7.506641149520874023e-01 -5.972698330879211426e-01 -2.824398279190063477e-01 0.000000000000000000e+00 1.000000000000000000e+00
3.270068359375000000e+02 1.512990264892578125e+02 2.003962249755859375e+02 -7.566600441932678223e-01 5.962704420089721680e-01 2.681924998760223389e-01 0.000000000000000000e+00 1.000000000000000000e+00
3.264974670410156250e+02 1.517004241943359375e+02 2.005767669677734375e+02 -7.592300176620483398e-01 6.000993847846984863e-01 2.518938481807708740e-01 0.000000000000000000e+00 1.000000000000000000e+00
3.259914245605468750e+02 1.521004028320312500e+02 2.007446594238281250e+02 -7.571719884872436523e-01 6.111350655555725098e-01 2.306609004735946655e-01 0.000000000000000000e+00 1.000000000000000000e+00
3.254896850585937500e+02 1.525053710937500000e+02 2.008975067138671875e+02 -7.491804957389831543e-01 6.307083368301391602e-01 2.023256868124008179e-01 0.000000000000000000e+00 1.000000000000000000e+00
3.249930419921875000e+02 1.529234771728515625e+02 2.010316314697265625e+02 -7.340004444122314453e-01 6.584811806678771973e-01 1.662702113389968872e-01 0.000000000000000000e+00 1.000000000000000000e+00
3.245025939941406250e+02 1.533634643554687500e+02 2.011427307128906250e+02 -7.111621499061584473e-01 6.920035481452941895e-01 1.240137591958045959e-01 0.000000000000000000e+00 1.000000000000000000e+00
3.240200195312500000e+02 1.538330383300781250e+02 2.012268829345703125e+02 -6.822876930236816406e-01 7.268698811531066895e-01 7.838188856840133667e-02 0.000000000000000000e+00 1.000000000000000000e+00
3.235469055175781250e+02 1.543370666503906250e+02 2.012812347412109375e+02 -6.501746177673339844e-01 7.590522170066833496e-01 3.335880115628242493e-02 0.000000000000000000e+00 1.000000000000000000e+00
3.230847473144531250e+02 1.548766174316406250e+02 2.013049468994140625e+02 -6.182544827461242676e-01 7.859366536140441895e-01 -8.061639964580535889e-03 0.000000000000000000e+00 1.000000000000000000e+00
3.226342163085937500e+02 1.554493408203125000e+02 2.012990722656250000e+02 -5.896076560020446777e-01 8.064985871315002441e-01 -4.384902492165565491e-02 0.000000000000000000e+00 1.000000000000000000e+00
3.221947326660156250e+02 1.560504913330078125e+02 2.012663879394531250e+02 -5.660142302513122559e-01 8.211382031440734863e-01 -7.321088016033172607e-02 0.000000000000000000e+00 1.000000000000000000e+00
3.217644958496093750e+02 1.566746520996093750e+02 2.012107391357421875e+02 -5.483785867691040039e-01 8.306792974472045898e-01 -9.619222581386566162e-02 0.000000000000000000e+00 1.000000000000000000e+00
3.213405151367187500e+02 1.573168945312500000e+02 2.011363677978515625e+02 -5.366112589836120605e-01 8.362581133842468262e-01 -1.127855852246284485e-01 0.000000000000000000e+00 1.000000000000000000e+00
3.209193725585937500e+02 1.579732055664062500e+02 2.010478515625000000e+02 -5.308666825294494629e-01 8.384508490562438965e-01 -1.232101768255233765e-01 0.000000000000000000e+00 1.000000000000000000e+00
3.204971618652343750e+02 1.586400451660156250e+02 2.009498596191406250e+02 -5.309796929359436035e-01 8.376455903053283691e-01 -1.281033605337142944e-01 0.000000000000000000e+00 1.000000000000000000e+00
3.200703735351562500e+02 1.593133239746093750e+02 2.008468933105468750e+02 -5.376642346382141113e-01 8.334324359893798828e-01 -1.277009248733520508e-01 0.000000000000000000e+00 1.000000000000000000e+00
3.196354370117187500e+02 1.599875183105468750e+02 2.007435913085937500e+02 -5.515288710594177246e-01 8.251065015792846680e-01 -1.225368380546569824e-01 0.000000000000000000e+00 1.000000000000000000e+00
3.191890258789062500e+02 1.606553649902343750e+02 2.006444091796875000e+02 -5.728995203971862793e-01 8.118637204170227051e-01 -1.125318035483360291e-01 0.000000000000000000e+00 1.000000000000000000e+00
3.187280578613281250e+02 1.613086090087890625e+02 2.005538635253906250e+02 -6.013652086257934570e-01 7.930873036384582520e-01 -9.681111574172973633e-02 0.000000000000000000e+00 1.000000000000000000e+00
3.182499694824218750e+02 1.619391174316406250e+02 2.004768981933593750e+02 -6.356977820396423340e-01 7.683442831039428711e-01 -7.440052926540374756e-02 0.000000000000000000e+00 1.000000000000000000e+00
3.177521972656250000e+02 1.625407562255859375e+02 2.004186401367187500e+02 -6.728578209877014160e-01 7.384234070777893066e-01 -4.464628174901008606e-02 0.000000000000000000e+00 1.000000000000000000e+00
3.172329406738281250e+02 1.631106109619140625e+02 2.003841857910156250e+02 -7.090191245079040527e-01 7.051473259925842285e-01 -7.683734875172376633e-03 0.000000000000000000e+00 1.000000000000000000e+00
3.166908569335937500e+02 1.636497344970703125e+02 2.003783111572265625e+02 -7.397807240486145020e-01 6.719391942024230957e-01 3.496018797159194946e-02 0.000000000000000000e+00 1.000000000000000000e+00
3.161261291503906250e+02 1.641626739501953125e+02 2.004049987792968750e+02 -7.617080807685852051e-01 6.427930593490600586e-01 8.135035634040832520e-02 0.000000000000000000e+00 1.000000000000000000e+00
3.155413513183593750e+02 1.646561584472656250e+02 2.004674530029296875e+02 -7.728508710861206055e-01 6.210957169532775879e-01 1.301602125167846680e-01 0.000000000000000000e+00 1.000000000000000000e+00
3.149422912597656250e+02 1.651375885009765625e+02 2.005683441162109375e+02 -7.726803421974182129e-01 6.084131002426147461e-01 1.811036616563796997e-01 0.000000000000000000e+00 1.000000000000000000e+00
3.143379516601562500e+02 1.656134490966796875e+02 2.007099914550781250e+02 -7.611650228500366211e-01 6.047115325927734375e-01 2.344181686639785767e-01 0.000000000000000000e+00 1.000000000000000000e+00
3.137396850585937500e+02 1.660887451171875000e+02 2.008942413330078125e+02 -7.385985851287841797e-01 6.088542342185974121e-01 2.894282042980194092e-01 0.000000000000000000e+00 1.000000000000000000e+00
3.131596069335937500e+02 1.665669250488281250e+02 2.011215515136718750e+02 -7.059463262557983398e-01 6.190900802612304688e-01 3.440452814102172852e-01 0.000000000000000000e+00 1.000000000000000000e+00
3.126082153320312500e+02 1.670504760742187500e+02 2.013902740478515625e+02 -6.651107072830200195e-01 6.335213184356689453e-01 3.953205943107604980e-01 0.000000000000000000e+00 1.000000000000000000e+00
3.120928955078125000e+02 1.675413208007812500e+02 2.016965637207031250e+02 -6.188938021659851074e-01 6.507083773612976074e-01 4.399420917034149170e-01 0.000000000000000000e+00 1.000000000000000000e+00
3.116173706054687500e+02 1.680412902832031250e+02 2.020345916748046875e+02 -5.706054568290710449e-01 6.693379282951354980e-01 4.758110642433166504e-01 0.000000000000000000e+00 1.000000000000000000e+00
3.111818237304687500e+02 1.685522003173828125e+02 2.023977813720703125e+02 -5.229244828224182129e-01 6.884135007858276367e-01 5.026298165321350098e-01 0.000000000000000000e+00 1.000000000000000000e+00
3.107843322753906250e+02 1.690754852294921875e+02 2.027798461914062500e+02 -4.774256646633148193e-01 7.070739269256591797e-01 5.216429233551025391e-01 0.000000000000000000e+00 1.000000000000000000e+00
3.104218750000000000e+02 1.696122894287109375e+02 2.031758728027343750e+02 -4.347614049911499023e-01 7.245554924011230469e-01 5.347914099693298340e-01 0.000000000000000000e+00 1.000000000000000000e+00
3.100913391113281250e+02 1.701631469726562500e+02 2.035824584960937500e+02 -3.943202495574951172e-01 7.403457760810852051e-01 5.444260239601135254e-01 0.000000000000000000e+00 1.000000000000000000e+00
3.097905883789062500e+02 1.707278137207031250e+02 2.039976959228515625e+02 -3.565476238727569580e-01 7.536528110504150391e-01 5.521605610847473145e-01 0.000000000000000000e+00 1.000000000000000000e+00
3.095176086425781250e+02 1.713048248291015625e+02 2.044204406738281250e+02 -3.212715387344360352e-01 7.636659145355224609e-01 5.599991083145141602e-01 0.000000000000000000e+00 1.000000000000000000e+00
3.092709655761718750e+02 1.718910980224609375e+02 2.048503570556640625e+02 -2.896718382835388184e-01 7.693488597869873047e-01 5.693790316581726074e-01 0.000000000000000000e+00 1.000000000000000000e+00
3.090487365722656250e+02 1.724813232421875000e+02 2.052871704101562500e+02 -2.633098065853118896e-01 7.697071433067321777e-01 5.815658569335937500e-01 0.000000000000000000e+00 1.000000000000000000e+00
3.088478698730468750e+02 1.730684967041015625e+02 2.057308197021484375e+02 -2.440417259931564331e-01 7.637534737586975098e-01 5.975987315177917480e-01 0.000000000000000000e+00 1.000000000000000000e+00
3.086638488769531250e+02 1.736444091796875000e+02 2.061814422607421875e+02 -2.326473444700241089e-01 7.509791851043701172e-01 6.179849505424499512e-01 0.000000000000000000e+00 1.000000000000000000e+00
3.084913635253906250e+02 1.742011871337890625e+02 2.066396179199218750e+02 -2.281265258789062500e-01 7.316418290138244629e-01 6.423850059509277344e-01 0.000000000000000000e+00 1.000000000000000000e+00
3.083255004882812500e+02 1.747331390380859375e+02 2.071066741943359375e+02 -2.275103926658630371e-01 7.072615027427673340e-01 6.693431138992309570e-01 0.000000000000000000e+00 1.000000000000000000e+00
3.081630859375000000e+02 1.752380371093750000e+02 2.075845031738281250e+02 -2.251088619232177734e-01 6.806553602218627930e-01 6.971616148948669434e-01 0.000000000000000000e+00 1.000000000000000000e+00
3.080045166015625000e+02 1.757174987792968750e+02 2.080755920410156250e+02 -2.161340713500976562e-01 6.554657220840454102e-01 7.236371040344238281e-01 0.000000000000000000e+00 1.000000000000000000e+00
3.078532409667968750e+02 1.761762695312500000e+02 2.085820770263671875e+02 -1.968105733394622803e-01 6.347576379776000977e-01 7.472270131111145020e-01 0.000000000000000000e+00 1.000000000000000000e+00
3.077153015136718750e+02 1.766211547851562500e+02 2.091057891845703125e+02 -1.689672023057937622e-01 6.195032000541687012e-01 7.665936946868896484e-01 0.000000000000000000e+00 1.000000000000000000e+00
3.075959167480468750e+02 1.770588684082031250e+02 2.096474304199218750e+02 -1.381070315837860107e-01 6.089497208595275879e-01 7.810933589935302734e-01 0.000000000000000000e+00 1.000000000000000000e+00
3.074970397949218750e+02 1.774948425292968750e+02 2.102066497802734375e+02 -1.121603772044181824e-01 6.015093326568603516e-01 7.909529805183410645e-01 0.000000000000000000e+00 1.000000000000000000e+00
3.074154357910156250e+02 1.779324798583984375e+02 2.107821197509765625e+02 -9.771916270256042480e-02 5.958269238471984863e-01 7.971457242965698242e-01 0.000000000000000000e+00 1.000000000000000000e+00
3.073431701660156250e+02 1.783731079101562500e+02 2.113716278076171875e+02 -9.817887097597122192e-02 5.911270976066589355e-01 8.005807399749755859e-01 0.000000000000000000e+00 1.000000000000000000e+00
3.072695007324218750e+02 1.788166656494140625e+02 2.119723510742187500e+02 -1.113941296935081482e-01 5.867882370948791504e-01 8.020417094230651855e-01 0.000000000000000000e+00 1.000000000000000000e+00
3.071849060058593750e+02 1.792622833251953125e+02 2.125814361572265625e+02 -1.329410523176193237e-01 5.821695327758789062e-01 8.021254539489746094e-01 0.000000000000000000e+00 1.000000000000000000e+00
3.070830078125000000e+02 1.797085113525390625e+02 2.131962585449218750e+02 -1.569000184535980225e-01 5.768301486968994141e-01 8.016542196273803711e-01 0.000000000000000000e+00 1.000000000000000000e+00
3.069620056152343750e+02 1.801533660888671875e+02 2.138144989013671875e+02 -1.785831600427627563e-01 5.698282718658447266e-01 8.021245002746582031e-01 0.000000000000000000e+00 1.000000000000000000e+00
3.068239135742187500e+02 1.805939941406250000e+02 2.144347534179687500e+02 -1.957360953092575073e-01 5.596637725830078125e-01 8.052724599838256836e-01 0.000000000000000000e+00 1.000000000000000000e+00
3.066727600097656250e+02 1.810261840820312500e+02 2.150566101074218750e+02 -2.074825316667556763e-01 5.441451668739318848e-01 8.129311800003051758e-01 0.000000000000000000e+00 1.000000000000000000e+00
3.065133361816406250e+02 1.814442901611328125e+02 2.156812438964843750e+02 -2.145413011312484741e-01 5.206258296966552734e-01 8.263902068138122559e-01 0.000000000000000000e+00 1.000000000000000000e+00
3.063497314453125000e+02 1.818413085937500000e+02 2.163114318847656250e+02 -2.180451005697250366e-01 4.863244891166687012e-01 8.461352586746215820e-01 0.000000000000000000e+00 1.000000000000000000e+00
3.061848144531250000e+02 1.822091369628906250e+02 2.169514007568359375e+02 -2.194771915674209595e-01 4.396041929721832275e-01 8.709638118743896484e-01 0.000000000000000000e+00 1.000000000000000000e+00
3.060198974609375000e+02 1.825394592285156250e+02 2.176058502197265625e+02 -2.206318229436874390e-01 3.808341324329376221e-01 8.979349136352539062e-01 0.000000000000000000e+00 1.000000000000000000e+00
3.058544921875000000e+02 1.828249664306640625e+02 2.182790222167968750e+02 -2.225619256496429443e-01 3.129840493202209473e-01 9.233131408691406250e-01 0.000000000000000000e+00 1.000000000000000000e+00
3.056872863769531250e+02 1.830601043701171875e+02 2.189726867675781250e+02 -2.258715629577636719e-01 2.412324398756027222e-01 9.438161253929138184e-01 0.000000000000000000e+00 1.000000000000000000e+00
3.055165405273437500e+02 1.832424621582031250e+02 2.196861572265625000e+02 -2.296458631753921509e-01 1.716435551643371582e-01 9.580194354057312012e-01 0.000000000000000000e+00 1.000000000000000000e+00
3.053415832519531250e+02 1.833732299804687500e+02 2.204160308837890625e+02 -2.324741780757904053e-01 1.087770685553550720e-01 9.665005207061767578e-01 0.000000000000000000e+00 1.000000000000000000e+00
3.051632690429687500e+02 1.834566650390625000e+02 2.211573638916015625e+02 -2.330972850322723389e-01 5.502585321664810181e-02 9.708953499794006348e-01 0.000000000000000000e+00 1.000000000000000000e+00
3.049837036132812500e+02 1.834990539550781250e+02 2.219052886962890625e+02 -2.314170151948928833e-01 1.019736751914024353e-02 9.728012084960937500e-01 0.000000000000000000e+00 1.000000000000000000e+00
3.048050231933593750e+02 1.835069274902343750e+02 2.226564025878906250e+02 -2.282907813787460327e-01 -2.743594907224178314e-02 9.732064008712768555e-01 0.000000000000000000e+00 1.000000000000000000e+00
3.046285400390625000e+02 1.834857177734375000e+02 2.234087524414062500e+02 -2.253984808921813965e-01 -5.983018130064010620e-02 9.724277853965759277e-01 0.000000000000000000e+00 1.000000000000000000e+00
3.044541320800781250e+02 1.834394226074218750e+02 2.241611938476562500e+02 -2.237627059221267700e-01 -8.856204897165298462e-02 9.706116914749145508e-01 0.000000000000000000e+00 1.000000000000000000e+00
3.042810668945312500e+02 1.833709259033203125e+02 2.249118957519531250e+02 -2.240417450666427612e-01 -1.137250661849975586e-01 9.679213762283325195e-01 0.000000000000000000e+00 1.000000000000000000e+00
3.041085510253906250e+02 1.832833557128906250e+02 2.256572113037109375e+02 -2.262951582670211792e-01 -1.344867348670959473e-01 9.647299051284790039e-01 0.000000000000000000e+00 1.000000000000000000e+00
3.039362182617187500e+02 1.831809387207031250e+02 2.263918914794921875e+02 -2.310853600502014160e-01 -1.493217200040817261e-01 9.614065289497375488e-01 0.000000000000000000e+00 1.000000000000000000e+00
3.037634582519531250e+02 1.830693054199218750e+02 2.271106414794921875e+02 -2.390831559896469116e-01 -1.566630452871322632e-01 9.582775831222534180e-01 0.000000000000000000e+00 1.000000000000000000e+00
3.035890197753906250e+02 1.829550018310546875e+02 2.278098144531250000e+02 -2.506133317947387695e-01 -1.553356498479843140e-01 9.555437564849853516e-01 0.000000000000000000e+00 1.000000000000000000e+00
3.034107360839843750e+02 1.828444976806640625e+02 2.284895782470703125e+02 -2.655951082706451416e-01 -1.445857435464859009e-01 9.531810879707336426e-01 0.000000000000000000e+00 1.000000000000000000e+00
3.032254333496093750e+02 1.827436218261718750e+02 2.291546020507812500e+02 -2.830309271812438965e-01 -1.244234815239906311e-01 9.510059356689453125e-01 0.000000000000000000e+00 1.000000000000000000e+00
3.030293579101562500e+02 1.826574249267578125e+02 2.298134307861328125e+02 -3.013330101966857910e-01 -9.609489887952804565e-02 9.486643671989440918e-01 0.000000000000000000e+00 1.000000000000000000e+00
3.028186340332031250e+02 1.825902252197265625e+02 2.304768371582031250e+02 -3.195132017135620117e-01 -6.235907599329948425e-02 9.455277323722839355e-01 0.000000000000000000e+00 1.000000000000000000e+00
3.025893249511718750e+02 1.825454711914062500e+02 2.311554260253906250e+02 -3.366827368736267090e-01 -2.652429044246673584e-02 9.412444829940795898e-01 0.000000000000000000e+00 1.000000000000000000e+00
3.023379211425781250e+02 1.825256652832031250e+02 2.318582611083984375e+02 -3.527945578098297119e-01 8.108426816761493683e-03 9.356657266616821289e-01 0.000000000000000000e+00 1.000000000000000000e+00
3.020617370605468750e+02 1.825320129394531250e+02 2.325907440185546875e+02 -3.674790859222412109e-01 3.896660730242729187e-02 9.292151331901550293e-01 0.000000000000000000e+00 1.000000000000000000e+00
3.017599792480468750e+02 1.825640106201171875e+02 2.333537750244140625e+02 -3.806023895740509033e-01 6.477580219507217407e-02 9.224672913551330566e-01 0.000000000000000000e+00 1.000000000000000000e+00
3.014339904785156250e+02 1.826194915771484375e+02 2.341438751220703125e+02 -3.916546106338500977e-01 8.543623238801956177e-02 9.161371588706970215e-01 0.000000000000000000e+00 1.000000000000000000e+00
3.010874633789062500e+02 1.826950836181640625e+02 2.349544525146484375e+02 -4.002577066421508789e-01 1.021013855934143066e-01 9.106969833374023438e-01 0.000000000000000000e+00 1.000000000000000000e+00
3.007261657714843750e+02 1.827872467041015625e+02 2.357765045166015625e+02 -4.068308472633361816e-01 1.165635138750076294e-01 9.060362577438354492e-01 0.000000000000000000e+00 1.000000000000000000e+00
3.003563537597656250e+02 1.828932037353515625e+02 2.366000976562500000e+02 -4.114831686019897461e-01 1.308313161134719849e-01 9.019782543182373047e-01 0.000000000000000000e+00 1.000000000000000000e+00
2.999843750000000000e+02 1.830114746093750000e+02 2.374154815673828125e+02 -4.145853519439697266e-01 1.465948522090911865e-01 8.981252312660217285e-01 0.000000000000000000e+00 1.000000000000000000e+00
2.996158447265625000e+02 1.831417846679687500e+02 2.382138366699218750e+02 -4.161659777164459229e-01 1.645495742559432983e-01 8.942759037017822266e-01 0.000000000000000000e+00 1.000000000000000000e+00
2.992554016113281250e+02 1.832843017578125000e+02 2.389883728027343750e+02 -4.159619510173797607e-01 1.835094094276428223e-01 8.906738162040710449e-01 0.000000000000000000e+00 1.000000000000000000e+00
2.989065551757812500e+02 1.834382019042968750e+02 2.397353363037109375e+02 -4.134093821048736572e-01 2.005858272314071655e-01 8.881768584251403809e-01 0.000000000000000000e+00 1.000000000000000000e+00
2.985715026855468750e+02 1.836007690429687500e+02 2.404551696777343750e+02 -4.085049927234649658e-01 2.117417454719543457e-01 8.878564238548278809e-01 0.000000000000000000e+00 1.000000000000000000e+00
2.982510681152343750e+02 1.837668609619140625e+02 2.411516113281250000e+02 -4.018209278583526611e-01 2.138633877038955688e-01 8.903945088386535645e-01 0.000000000000000000e+00 1.000000000000000000e+00
2.979443359375000000e+02 1.839301147460937500e+02 2.418312988281250000e+02 -3.951012194156646729e-01 2.058481425046920776e-01 8.952773213386535645e-01 0.000000000000000000e+00 1.000000000000000000e+00
2.976486206054687500e+02 1.840841827392578125e+02 2.425013732910156250e+02 -3.899848163127899170e-01 1.899131834506988525e-01 9.010242819786071777e-01 0.000000000000000000e+00 1.000000000000000000e+00
2.973604125976562500e+02 1.842245330810546875e+02 2.431672515869140625e+02 -3.881833255290985107e-01 1.693648844957351685e-01 9.058858752250671387e-01 0.000000000000000000e+00 1.000000000000000000e+00
2.970755920410156250e+02 1.843488006591796875e+02 2.438319244384765625e+02 -3.901406526565551758e-01 1.479642093181610107e-01 9.087886214256286621e-01 0.000000000000000000e+00 1.000000000000000000e+00
2.967907409667968750e+02 1.844568328857421875e+02 2.444954528808593750e+02 -3.957471549510955811e-01 1.274386495351791382e-01 9.094743728637695312e-01 0.000000000000000000e+00 1.000000000000000000e+00
2.965034484863281250e+02 1.845493469238281250e+02 2.451556854248046875e+02 -4.041826426982879639e-01 1.079317703843116760e-01 9.082880020141601562e-01 0.000000000000000000e+00 1.000000000000000000e+00
2.962123718261718750e+02 1.846270751953125000e+02 2.458097991943359375e+02 -4.144813418388366699e-01 8.852999657392501831e-02 9.057414531707763672e-01 0.000000000000000000e+00 1.000000000000000000e+00
2.959169006347656250e+02 1.846901855468750000e+02 2.464554748535156250e+02 -4.258497655391693115e-01 6.844554096460342407e-02 9.022013545036315918e-01 0.000000000000000000e+00 1.000000000000000000e+00
2.956163330078125000e+02 1.847384948730468750e+02 2.470922546386718750e+02 -4.372193813323974609e-01 4.777187854051589966e-02 8.980851769447326660e-01 0.000000000000000000e+00 1.000000000000000000e+00
2.953099365234375000e+02 1.847719726562500000e+02 2.477216186523437500e+02 -4.477218687534332275e-01 2.710355259478092194e-02 8.937620520591735840e-01 0.000000000000000000e+00 1.000000000000000000e+00
2.949971313476562500e+02 1.847909088134765625e+02 2.483460540771484375e+02 -4.568300247192382812e-01 7.792084012180566788e-03 8.895198702812194824e-01 0.000000000000000000e+00 1.000000000000000000e+00
2.946777648925781250e+02 1.847963562011718750e+02 2.489679107666015625e+02 -4.636586010456085205e-01 -9.385537356138229370e-03 8.859642148017883301e-01 0.000000000000000000e+00 1.000000000000000000e+00
2.943528747558593750e+02 1.847897796630859375e+02 2.495887145996093750e+02 -4.680425524711608887e-01 -2.388636954128742218e-02 8.833830952644348145e-01 0.000000000000000000e+00 1.000000000000000000e+00
2.940239868164062500e+02 1.847729949951171875e+02 2.502094573974609375e+02 -4.698690176010131836e-01 -3.525531664490699768e-02 8.820317983627319336e-01 0.000000000000000000e+00 1.000000000000000000e+00
2.936925048828125000e+02 1.847481231689453125e+02 2.508317108154296875e+02 -4.690188169479370117e-01 -4.316914826631546021e-02 8.821325302124023438e-01 0.000000000000000000e+00 1.000000000000000000e+00
2.933592834472656250e+02 1.847174530029296875e+02 2.514584350585937500e+02 -4.659546315670013428e-01 -4.694746434688568115e-02 8.835622668266296387e-01 0.000000000000000000e+00 1.000000000000000000e+00
2.930239868164062500e+02 1.846836700439453125e+02 2.520942382812500000e+02 -4.607416987419128418e-01 -4.649476706981658936e-02 8.863155841827392578e-01 0.000000000000000000e+00 1.000000000000000000e+00
2.926863403320312500e+02 1.846495971679687500e+02 2.527437591552734375e+02 -4.541247785091400146e-01 -4.168580472469329834e-02 8.899623751640319824e-01 0.000000000000000000e+00 1.000000000000000000e+00
2.923460693359375000e+02 1.846183624267578125e+02 2.534105987548828125e+02 -4.465987682342529297e-01 -3.384651988744735718e-02 8.940939903259277344e-01 0.000000000000000000e+00 1.000000000000000000e+00
2.920039978027343750e+02 1.845924377441406250e+02 2.540954284667968750e+02 -4.385915994644165039e-01 -2.394238300621509552e-02 8.983675241470336914e-01 0.000000000000000000e+00 1.000000000000000000e+00
2.916618652343750000e+02 1.845737609863281250e+02 2.547962188720703125e+02 -4.310500919818878174e-01 -1.393971871584653854e-02 9.022203087806701660e-01 0.000000000000000000e+00 1.000000000000000000e+00
2.913211975097656250e+02 1.845627441406250000e+02 2.555092620849609375e+02 -4.249058663845062256e-01 -6.381636951118707657e-03 9.052150845527648926e-01 0.000000000000000000e+00 1.000000000000000000e+00
2.909828796386718750e+02 1.845576629638671875e+02 2.562300109863281250e+02 -4.209444820880889893e-01 -2.622289815917611122e-03 9.070825576782226562e-01 0.000000000000000000e+00 1.000000000000000000e+00
2.906473083496093750e+02 1.845555725097656250e+02 2.569531250000000000e+02 -4.202304184436798096e-01 -4.940947052091360092e-03 9.074039459228515625e-01 0.000000000000000000e+00 1.000000000000000000e+00
2.903137817382812500e+02 1.845516510009765625e+02 2.576733093261718750e+02 -4.230496883392333984e-01 -1.222990360110998154e-02 9.060239195823669434e-01 0.000000000000000000e+00 1.000000000000000000e+00
2.899817810058593750e+02 1.845420532226562500e+02 2.583843383789062500e+02 -4.280235767364501953e-01 -1.868136227130889893e-02 9.035744071006774902e-01 0.000000000000000000e+00 1.000000000000000000e+00
2.896528015136718750e+02 1.845276947021484375e+02 2.590788269042968750e+02 -4.327918291091918945e-01 -1.231906004250049591e-02 9.014096856117248535e-01 0.000000000000000000e+00 1.000000000000000000e+00
2.893316955566406250e+02 1.845185546875000000e+02 2.597476196289062500e+02 -4.327493011951446533e-01 2.594930864870548248e-02 9.011408686637878418e-01 0.000000000000000000e+00 1.000000000000000000e+00
2.890278625488281250e+02 1.845367736816406250e+02 2.603803100585937500e+02 -4.200030565261840820e-01 1.190633699297904968e-01 8.996784090995788574e-01 0.000000000000000000e+00 1.000000000000000000e+00
2.887544250488281250e+02 1.846142883300781250e+02 2.609660339355468750e+02 -3.802468180656433105e-01 2.880749702453613281e-01 8.788771033287048340e-01 0.000000000000000000e+00 1.000000000000000000e+00
2.885255432128906250e+02 1.847876892089843750e+02 2.614950561523437500e+02 -2.976505756378173828e-01 5.157819986343383789e-01 8.033512234687805176e-01 0.000000000000000000e+00 1.000000000000000000e+00
2.883529968261718750e+02 1.850866851806640625e+02 2.619607543945312500e+02 -1.845099031925201416e-01 7.240316867828369141e-01 6.646308302879333496e-01 0.000000000000000000e+00 1.000000000000000000e+00
2.882418518066406250e+02 1.855228271484375000e+02 2.623611145019531250e+02 -8.074796944856643677e-02 8.535814881324768066e-01 5.146635174751281738e-01 0.000000000000000000e+00 1.000000000000000000e+00
2.881889343261718750e+02 1.860822143554687500e+02 2.626983947753906250e+02 -7.699215319007635117e-03 9.169896245002746582e-01 3.988367617130279541e-01 0.000000000000000000e+00 1.000000000000000000e+00
2.881835327148437500e+02 1.867255554199218750e+02 2.629782104492187500e+02 3.790463879704475403e-02 9.459380507469177246e-01 3.221248984336853027e-01 0.000000000000000000e+00 1.000000000000000000e+00
2.882104187011718750e+02 1.873965148925781250e+02 2.632066955566406250e+02 6.513774394989013672e-02 9.593138098716735840e-01 2.747253179550170898e-01 0.000000000000000000e+00 1.000000000000000000e+00
2.882537536621093750e+02 1.880347290039062500e+02 2.633894653320312500e+02 8.111198246479034424e-02 9.658589363098144531e-01 2.460432052612304688e-01 0.000000000000000000e+00 1.000000000000000000e+00
2.883003845214843750e+02 1.885899963378906250e+02 2.635309143066406250e+02 8.111198246479034424e-02 9.658589363098144531e-01 2.460432052612304688e-01 0.000000000000000000e+00 1.000000000000000000e+00
