1.206131896972656250e+02 1.840204467773437500e+02 1.649371337890625000e+02 -3.187023401260375977e-01 -9.460387825965881348e-01 -5.864605307579040527e-02 0.000000000000000000e+00 1.000000000000000000e+00
1.207180023193359375e+02 1.843315734863281250e+02 1.649564208984375000e+02 -3.181390166282653809e-01 -9.461239576339721680e-01 -6.030701100826263428e-02 0.000000000000000000e+00 1.000000000000000000e+00
1.208546829223632812e+02 1.847380523681640625e+02 1.649823303222656250e+02 -3.171653151512145996e-01 -9.462574124336242676e-01 -6.327008455991744995e-02 0.000000000000000000e+00 1.000000000000000000e+00
1.210209732055664062e+02 1.852341766357421875e+02 1.650155029296875000e+02 -3.152552843093872070e-01 -9.465243816375732422e-01 -6.859862059354782104e-02 0.000000000000000000e+00 1.000000000000000000e+00
1.212112197875976562e+02 1.858053741455078125e+02 1.650569000244140625e+02 -3.119738101959228516e-01 -9.468899369239807129e-01 -7.792136818170547485e-02 0.000000000000000000e+00 1.000000000000000000e+00
1.214175872802734375e+02 1.864317321777343750e+02 1.651084442138671875e+02 -3.067126572132110596e-01 -9.472554922103881836e-01 -9.292135387659072876e-02 0.000000000000000000e+00 1.000000000000000000e+00
1.216315917968750000e+02 1.870926666259765625e+02 1.651732788085937500e+02 -2.986757755279541016e-01 -9.473849534988403320e-01 -1.151279583573341370e-01 0.000000000000000000e+00 1.000000000000000000e+00
1.218452758789062500e+02 1.877704620361328125e+02 1.652556457519531250e+02 -2.876195907592773438e-01 -9.467133879661560059e-01 -1.449438184499740601e-01 0.000000000000000000e+00 1.000000000000000000e+00
1.220523223876953125e+02 1.884519653320312500e+02 1.653599853515625000e+02 -2.735773622989654541e-01 -9.446402788162231445e-01 -1.811358928680419922e-01 0.000000000000000000e+00 1.000000000000000000e+00
1.222483978271484375e+02 1.891289978027343750e+02 1.654898071289062500e+02 -2.577110230922698975e-01 -9.407703876495361328e-01 -2.203091681003570557e-01 0.000000000000000000e+00 1.000000000000000000e+00
1.224314956665039062e+02 1.897973937988281250e+02 1.656463317871093750e+02 -2.415735125541687012e-01 -9.354286193847656250e-01 -2.581000626087188721e-01 0.000000000000000000e+00 1.000000000000000000e+00
1.226016769409179688e+02 1.904563751220703125e+02 1.658281555175781250e+02 -2.266657203435897827e-01 -9.296412467956542969e-01 -2.904992699623107910e-01 0.000000000000000000e+00 1.000000000000000000e+00
1.227603225708007812e+02 1.911070404052734375e+02 1.660314788818359375e+02 -2.143013179302215576e-01 -9.245652556419372559e-01 -3.150461018085479736e-01 0.000000000000000000e+00 1.000000000000000000e+00
1.229098892211914062e+02 1.917523193359375000e+02 1.662513580322265625e+02 -2.046462446451187134e-01 -9.210610389709472656e-01 -3.313101828098297119e-01 0.000000000000000000e+00 1.000000000000000000e+00
1.230528030395507812e+02 1.923955383300781250e+02 1.664827270507812500e+02 -1.972032785415649414e-01 -9.195201396942138672e-01 -3.399906456470489502e-01 0.000000000000000000e+00 1.000000000000000000e+00
1.231910476684570312e+02 1.930401458740234375e+02 1.667210693359375000e+02 -1.916851550340652466e-01 -9.197426438331604004e-01 -3.425351381301879883e-01 0.000000000000000000e+00 1.000000000000000000e+00
1.233262786865234375e+02 1.936890106201171875e+02 1.669627227783203125e+02 -1.875791549682617188e-01 -9.215239286422729492e-01 -3.400113582611083984e-01 0.000000000000000000e+00 1.000000000000000000e+00
1.234596710205078125e+02 1.943443298339843750e+02 1.672045135498046875e+02 -1.840691566467285156e-01 -9.249733090400695801e-01 -3.324797749519348145e-01 0.000000000000000000e+00 1.000000000000000000e+00
1.235916824340820312e+02 1.950077056884765625e+02 1.674429626464843750e+02 -1.797855049371719360e-01 -9.300037026405334473e-01 -3.205780982971191406e-01 0.000000000000000000e+00 1.000000000000000000e+00
1.237216262817382812e+02 1.956798858642578125e+02 1.676746673583984375e+02 -1.726333796977996826e-01 -9.368978738784790039e-01 -3.040067255496978760e-01 0.000000000000000000e+00 1.000000000000000000e+00
1.238472061157226562e+02 1.963614196777343750e+02 1.678958129882812500e+02 -1.603673994541168213e-01 -9.453576803207397461e-01 -2.838682532310485840e-01 0.000000000000000000e+00 1.000000000000000000e+00
1.239644241333007812e+02 1.970524139404296875e+02 1.681033020019531250e+02 -1.416347324848175049e-01 -9.548338651657104492e-01 -2.612124383449554443e-01 0.000000000000000000e+00 1.000000000000000000e+00
1.240683822631835938e+02 1.977532501220703125e+02 1.682950286865234375e+02 -1.173719316720962524e-01 -9.642966389656066895e-01 -2.373939901590347290e-01 0.000000000000000000e+00 1.000000000000000000e+00
1.241548843383789062e+02 1.984639282226562500e+02 1.684699859619140625e+02 -9.030286967754364014e-02 -9.725637435913085938e-01 -2.143946290016174316e-01 0.000000000000000000e+00 1.000000000000000000e+00
1.242217636108398438e+02 1.991842193603515625e+02 1.686287689208984375e+02 -6.468341499567031860e-02 -9.790936112403869629e-01 -1.928514689207077026e-01 0.000000000000000000e+00 1.000000000000000000e+00
1.242699279785156250e+02 1.999132690429687500e+02 1.687723693847656250e+02 -4.483993723988533020e-02 -9.840327501296997070e-01 -1.722465008497238159e-01 0.000000000000000000e+00 1.000000000000000000e+00
1.243034973144531250e+02 2.006499633789062500e+02 1.689013214111328125e+02 -3.413746878504753113e-02 -9.879880547523498535e-01 -1.507121026515960693e-01 0.000000000000000000e+00 1.000000000000000000e+00
1.243291702270507812e+02 2.013929748535156250e+02 1.690146636962890625e+02 -3.477138653397560120e-02 -9.915708303451538086e-01 -1.248131096363067627e-01 0.000000000000000000e+00 1.000000000000000000e+00
1.243554153442382812e+02 2.021414031982421875e+02 1.691088714599609375e+02 -4.754437878727912903e-02 -9.946210980415344238e-01 -9.202397614717483521e-02 0.000000000000000000e+00 1.000000000000000000e+00
1.243913955688476562e+02 2.028941040039062500e+02 1.691785125732421875e+02 -7.202602922916412354e-02 -9.960969686508178711e-01 -5.102053284645080566e-02 0.000000000000000000e+00 1.000000000000000000e+00
1.244460449218750000e+02 2.036498870849609375e+02 1.692172241210937500e+02 -1.066168248653411865e-01 -9.942950606346130371e-01 -3.167630173265933990e-03 0.000000000000000000e+00 1.000000000000000000e+00
1.245271911621093750e+02 2.044066467285156250e+02 1.692196350097656250e+02 -1.489288806915283203e-01 -9.877083897590637207e-01 4.745788127183914185e-02 0.000000000000000000e+00 1.000000000000000000e+00
1.246407241821289062e+02 2.051596069335937500e+02 1.691834564208984375e+02 -1.971434503793716431e-01 -9.756521582603454590e-01 9.611069411039352417e-02 0.000000000000000000e+00 1.000000000000000000e+00
1.247904586791992188e+02 2.059006347656250000e+02 1.691104583740234375e+02 -2.510892450809478760e-01 -9.578076601028442383e-01 1.398518234491348267e-01 0.000000000000000000e+00 1.000000000000000000e+00
1.249784469604492188e+02 2.066177368164062500e+02 1.690057525634765625e+02 -3.125034570693969727e-01 -9.331754446029663086e-01 1.775537729263305664e-01 0.000000000000000000e+00 1.000000000000000000e+00
1.252055969238281250e+02 2.072960357666015625e+02 1.688766937255859375e+02 -3.842462003231048584e-01 -8.990131020545959473e-01 2.100721597671508789e-01 0.000000000000000000e+00 1.000000000000000000e+00
1.254724731445312500e+02 2.079204406738281250e+02 1.687307891845703125e+02 -4.674534797668457031e-01 -8.512161970138549805e-01 2.385755926370620728e-01 0.000000000000000000e+00 1.000000000000000000e+00
1.257795486450195312e+02 2.084796142578125000e+02 1.685740661621093750e+02 -5.578023791313171387e-01 -7.872618436813354492e-01 2.628217339515686035e-01 0.000000000000000000e+00 1.000000000000000000e+00
1.261261291503906250e+02 2.089687652587890625e+02 1.684107666015625000e+02 -6.448526382446289062e-01 -7.105067968368530273e-01 2.816827893257141113e-01 0.000000000000000000e+00 1.000000000000000000e+00
1.265095748901367188e+02 2.093912506103515625e+02 1.682432708740234375e+02 -7.161400318145751953e-01 -6.329652667045593262e-01 2.941061556339263916e-01 0.000000000000000000e+00 1.000000000000000000e+00
1.269246673583984375e+02 2.097581329345703125e+02 1.680727996826171875e+02 -7.649604678153991699e-01 -5.692735314369201660e-01 3.012692332267761230e-01 0.000000000000000000e+00 1.000000000000000000e+00
1.273643341064453125e+02 2.100853271484375000e+02 1.678996429443359375e+02 -7.913604974746704102e-01 -5.296825170516967773e-01 3.052622973918914795e-01 0.000000000000000000e+00 1.000000000000000000e+00
1.278205032348632812e+02 2.103906555175781250e+02 1.677236785888671875e+02 -7.977994680404663086e-01 -5.178810954093933105e-01 3.087317645549774170e-01 0.000000000000000000e+00 1.000000000000000000e+00
1.282850341796875000e+02 2.106921997070312500e+02 1.675439147949218750e+02 -7.864316105842590332e-01 -5.324177742004394531e-01 3.131397664546966553e-01 0.000000000000000000e+00 1.000000000000000000e+00
1.287489929199218750e+02 2.110063018798828125e+02 1.673591766357421875e+02 -7.574264407157897949e-01 -5.697135329246520996e-01 3.189539611339569092e-01 0.000000000000000000e+00 1.000000000000000000e+00
1.292025146484375000e+02 2.113474273681640625e+02 1.671681976318359375e+02 -7.095285058021545410e-01 -6.248251795768737793e-01 3.258264660835266113e-01 0.000000000000000000e+00 1.000000000000000000e+00
1.296335144042968750e+02 2.117269744873046875e+02 1.669702758789062500e+02 -6.407598853111267090e-01 -6.918894648551940918e-01 3.327399790287017822e-01 0.000000000000000000e+00 1.000000000000000000e+00
1.300270538330078125e+02 2.121519165039062500e+02 1.667659149169921875e+02 -5.489422678947448730e-01 -7.643899917602539062e-01 3.381867706775665283e-01 0.000000000000000000e+00 1.000000000000000000e+00
1.303662261962890625e+02 2.126242065429687500e+02 1.665569610595703125e+02 -4.332287609577178955e-01 -8.344872593879699707e-01 3.405052125453948975e-01 0.000000000000000000e+00 1.000000000000000000e+00
1.306337890625000000e+02 2.131395874023437500e+02 1.663466644287109375e+02 -2.934586703777313232e-01 -8.944033980369567871e-01 3.375270962715148926e-01 0.000000000000000000e+00 1.000000000000000000e+00
1.308141479492187500e+02 2.136892852783203125e+02 1.661392211914062500e+02 -1.338451206684112549e-01 -9.357210397720336914e-01 3.263610601425170898e-01 0.000000000000000000e+00 1.000000000000000000e+00
1.308961944580078125e+02 2.142628784179687500e+02 1.659391632080078125e+02 3.298351913690567017e-02 -9.519335031509399414e-01 3.045239746570587158e-01 0.000000000000000000e+00 1.000000000000000000e+00
1.308757934570312500e+02 2.148516693115234375e+02 1.657508087158203125e+02 1.865502893924713135e-01 -9.438621997833251953e-01 2.726226747035980225e-01 0.000000000000000000e+00 1.000000000000000000e+00
1.307574310302734375e+02 2.154505310058593750e+02 1.655778350830078125e+02 3.073420524597167969e-01 -9.223494529724121094e-01 2.341202944517135620e-01 0.000000000000000000e+00 1.000000000000000000e+00
1.305543365478515625e+02 2.160600280761718750e+02 1.654231262207031250e+02 3.862542808055877686e-01 -9.016709327697753906e-01 1.944150179624557495e-01 0.000000000000000000e+00 1.000000000000000000e+00
1.302866210937500000e+02 2.166849822998046875e+02 1.652883758544921875e+02 4.251097440719604492e-01 -8.912967443466186523e-01 1.577080935239791870e-01 0.000000000000000000e+00 1.000000000000000000e+00
1.299780578613281250e+02 2.173319244384765625e+02 1.651739044189453125e+02 4.314981400966644287e-01 -8.931952714920043945e-01 1.265366673469543457e-01 0.000000000000000000e+00 1.000000000000000000e+00
1.296523284912109375e+02 2.180061798095703125e+02 1.650783843994140625e+02 4.153259992599487305e-01 -9.039587378501892090e-01 1.017984896898269653e-01 0.000000000000000000e+00 1.000000000000000000e+00
1.293304748535156250e+02 2.187066955566406250e+02 1.649994964599609375e+02 3.859922289848327637e-01 -9.187086820602416992e-01 8.357216417789459229e-02 0.000000000000000000e+00 1.000000000000000000e+00
1.290284881591796875e+02 2.194254608154296875e+02 1.649341125488281250e+02 3.515886366367340088e-01 -9.334753751754760742e-01 7.077587395906448364e-02 0.000000000000000000e+00 1.000000000000000000e+00
1.287568206787109375e+02 2.201467437744140625e+02 1.648794250488281250e+02 3.183583319187164307e-01 -9.459872841835021973e-01 6.128537282347679138e-02 0.000000000000000000e+00 1.000000000000000000e+00
1.285210876464843750e+02 2.208472137451171875e+02 1.648340454101562500e+02 2.901367843151092529e-01 -9.555760025978088379e-01 5.191497132182121277e-02 0.000000000000000000e+00 1.000000000000000000e+00
1.283235015869140625e+02 2.214979705810546875e+02 1.647986907958984375e+02 2.675962448120117188e-01 -9.627476930618286133e-01 3.884753212332725525e-02 0.000000000000000000e+00 1.000000000000000000e+00
1.281653137207031250e+02 2.220670928955078125e+02 1.647757263183593750e+02 2.497295737266540527e-01 -9.682093262672424316e-01 1.434816978871822357e-02 0.000000000000000000e+00 1.000000000000000000e+00
1.280479278564453125e+02 2.225222015380859375e+02 1.647689819335937500e+02 2.286586463451385498e-01 -9.726637601852416992e-01 -4.050199687480926514e-02 0.000000000000000000e+00 1.000000000000000000e+00
1.279742736816406250e+02 2.228355102539062500e+02 1.647820281982421875e+02 1.662777215242385864e-01 -9.620353579521179199e-01 -2.164249569177627563e-01 0.000000000000000000e+00 1.000000000000000000e+00
1.279473571777343750e+02 2.229912414550781250e+02 1.648170623779296875e+02 -3.482607007026672363e-01 5.467830970883369446e-02 -9.358016848564147949e-01 0.000000000000000000e+00 1.000000000000000000e+00
1.279685440063476562e+02 2.229879150390625000e+02 1.648739929199218750e+02 -3.774274587631225586e-01 8.199034333229064941e-01 -4.304729700088500977e-01 0.000000000000000000e+00 1.000000000000000000e+00
1.280354766845703125e+02 2.228425140380859375e+02 1.649503326416015625e+02 -3.656188547611236572e-01 8.760566711425781250e-01 -3.144004642963409424e-01 0.000000000000000000e+00 1.000000000000000000e+00
1.281409149169921875e+02 2.225898742675781250e+02 1.650410003662109375e+02 -3.750332593917846680e-01 8.846403956413269043e-01 -2.770586609840393066e-01 0.000000000000000000e+00 1.000000000000000000e+00
1.282725677490234375e+02 2.222793273925781250e+02 1.651382598876953125e+02 -4.010872840881347656e-01 8.763298988342285156e-01 -2.667861878871917725e-01 0.000000000000000000e+00 1.000000000000000000e+00
1.284141082763671875e+02 2.219700775146484375e+02 1.652324066162109375e+02 -4.574293792247772217e-01 8.456230759620666504e-01 -2.750999629497528076e-01 0.000000000000000000e+00 1.000000000000000000e+00
1.285466766357421875e+02 2.217250061035156250e+02 1.653121337890625000e+02 -6.140252947807312012e-01 7.226626276969909668e-01 -3.173825740814208984e-01 0.000000000000000000e+00 1.000000000000000000e+00
1.286510314941406250e+02 2.216021881103515625e+02 1.653660736083984375e+02 -7.810300588607788086e-01 -5.739690661430358887e-01 -2.460724711418151855e-01 0.000000000000000000e+00 1.000000000000000000e+00
1.287106018066406250e+02 2.216459655761718750e+02 1.653848419189453125e+02 -1.629178971052169800e-02 -9.955657124519348145e-01 9.264728426933288574e-02 0.000000000000000000e+00 1.000000000000000000e+00
1.287144012451171875e+02 2.218781433105468750e+02 1.653632354736328125e+02 1.293244510889053345e-01 -9.807761907577514648e-01 1.461272835731506348e-01 0.000000000000000000e+00 1.000000000000000000e+00
1.286594390869140625e+02 2.222949676513671875e+02 1.653011322021484375e+02 1.838740408420562744e-01 -9.691207408905029297e-01 1.643025875091552734e-01 0.000000000000000000e+00 1.000000000000000000e+00
1.285502014160156250e+02 2.228707122802734375e+02 1.652035217285156250e+02 2.116687446832656860e-01 -9.618709683418273926e-01 1.732065975666046143e-01 0.000000000000000000e+00 1.000000000000000000e+00
1.283975372314453125e+02 2.235644531250000000e+02 1.650785980224609375e+02 2.280586063861846924e-01 -9.572101235389709473e-01 1.781511455774307251e-01 0.000000000000000000e+00 1.000000000000000000e+00
1.282147827148437500e+02 2.243315124511718750e+02 1.649358367919921875e+02 2.383345514535903931e-01 -9.541209936141967773e-01 1.812449395656585693e-01 0.000000000000000000e+00 1.000000000000000000e+00
1.280150146484375000e+02 2.251312408447265625e+02 1.647839202880859375e+02 2.453452348709106445e-01 -9.519194960594177246e-01 1.834526658058166504e-01 0.000000000000000000e+00 1.000000000000000000e+00
1.278089065551757812e+02 2.259309234619140625e+02 1.646298065185546875e+02 2.505819797515869141e-01 -9.502186775207519531e-01 1.851839423179626465e-01 0.000000000000000000e+00 1.000000000000000000e+00
1.276041870117187500e+02 2.267072296142578125e+02 1.644785156250000000e+02 2.551584839820861816e-01 -9.486890435218811035e-01 1.867706477642059326e-01 0.000000000000000000e+00 1.000000000000000000e+00
1.274055252075195312e+02 2.274458618164062500e+02 1.643330993652343750e+02 2.594595551490783691e-01 -9.471808075904846191e-01 1.884917318820953369e-01 0.000000000000000000e+00 1.000000000000000000e+00
1.272152099609375000e+02 2.281406250000000000e+02 1.641948394775390625e+02 2.636871039867401123e-01 -9.456693530082702637e-01 1.902067065238952637e-01 0.000000000000000000e+00 1.000000000000000000e+00
1.270336914062500000e+02 2.287916107177734375e+02 1.640639038085937500e+02 2.673727869987487793e-01 -9.443408846855163574e-01 1.916560828685760498e-01 0.000000000000000000e+00 1.000000000000000000e+00
1.268598403930664062e+02 2.294056396484375000e+02 1.639392852783203125e+02 2.704732120037078857e-01 -9.431810379028320312e-01 1.930126994848251343e-01 0.000000000000000000e+00 1.000000000000000000e+00
1.266917953491210938e+02 2.299916381835937500e+02 1.638193664550781250e+02 2.727274894714355469e-01 -9.423431754112243652e-01 1.939305365085601807e-01 0.000000000000000000e+00 1.000000000000000000e+00
1.265276794433593750e+02 2.305587005615234375e+02 1.637026672363281250e+02 2.741969227790832520e-01 -9.417888522148132324e-01 1.945504844188690186e-01 0.000000000000000000e+00 1.000000000000000000e+00
1.263659362792968750e+02 2.311142425537109375e+02 1.635879058837890625e+02 2.749912738800048828e-01 -9.414822459220886230e-01 1.949129700660705566e-01 0.000000000000000000e+00 1.000000000000000000e+00
1.262054901123046875e+02 2.316635589599609375e+02 1.634741821289062500e+02 2.753990888595581055e-01 -9.413478970527648926e-01 1.949855983257293701e-01 0.000000000000000000e+00 1.000000000000000000e+00
1.260456848144531250e+02 2.322097930908203125e+02 1.633610382080078125e+02 2.755759656429290771e-01 -9.412700533866882324e-01 1.951117813587188721e-01 0.000000000000000000e+00 1.000000000000000000e+00
1.258861389160156250e+02 2.327547454833984375e+02 1.632480773925781250e+02 2.756464779376983643e-01 -9.412447214126586914e-01 1.951341778039932251e-01 0.000000000000000000e+00 1.000000000000000000e+00
1.257266998291015625e+02 2.332991790771484375e+02 1.631352081298828125e+02 2.756083905696868896e-01 -9.412575364112854004e-01 1.951258927583694458e-01 0.000000000000000000e+00 1.000000000000000000e+00
1.255672760009765625e+02 2.338436431884765625e+02 1.630223388671875000e+02 2.756737768650054932e-01 -9.412401914596557617e-01 1.951177865266799927e-01 0.000000000000000000e+00 1.000000000000000000e+00
1.254078292846679688e+02 2.343880462646484375e+02 1.629094848632812500e+02 2.756313681602478027e-01 -9.412459135055541992e-01 1.951498538255691528e-01 0.000000000000000000e+00 1.000000000000000000e+00
1.252483901977539062e+02 2.349325103759765625e+02 1.627966003417968750e+02 2.756465673446655273e-01 -9.412372708320617676e-01 1.951699554920196533e-01 0.000000000000000000e+00 1.000000000000000000e+00
1.250889587402343750e+02 2.354769134521484375e+02 1.626837158203125000e+02 2.756464183330535889e-01 -9.412522315979003906e-01 1.950984001159667969e-01 0.000000000000000000e+00 1.000000000000000000e+00
1.249295120239257812e+02 2.360213775634765625e+02 1.625708618164062500e+02 -2.756289243698120117e-01 9.412485361099243164e-01 -1.951404362916946411e-01 0.000000000000000000e+00 1.000000000000000000e+00
1.247700881958007812e+02 2.365657958984375000e+02 1.624579925537109375e+02 -2.756070196628570557e-01 9.412527680397033691e-01 -1.951512843370437622e-01 0.000000000000000000e+00 1.000000000000000000e+00
1.246106643676757812e+02 2.371102600097656250e+02 1.623451080322265625e+02 -2.756723463535308838e-01 9.412352442741394043e-01 -1.951431483030319214e-01 0.000000000000000000e+00 1.000000000000000000e+00
1.244512176513671875e+02 2.376546630859375000e+02 1.622322387695312500e+02 -2.756397128105163574e-01 9.412403106689453125e-01 -1.951650977134704590e-01 0.000000000000000000e+00 1.000000000000000000e+00
1.242917861938476562e+02 2.381990814208984375e+02 1.621193542480468750e+02 -2.756274342536926270e-01 9.412511587142944336e-01 -1.951300352811813354e-01 0.000000000000000000e+00 1.000000000000000000e+00
1.241323547363281250e+02 2.387435302734375000e+02 1.620064849853515625e+02 -2.756518125534057617e-01 9.412442445755004883e-01 -1.951286047697067261e-01 0.000000000000000000e+00 1.000000000000000000e+00
1.239729080200195312e+02 2.392879791259765625e+02 1.618936157226562500e+02 -2.756519019603729248e-01 9.412369132041931152e-01 -1.951643973588943481e-01 0.000000000000000000e+00 1.000000000000000000e+00
1.238134689331054688e+02 2.398323974609375000e+02 1.617807312011718750e+02 -2.756328582763671875e-01 9.412432909011840820e-01 -1.951602548360824585e-01 0.000000000000000000e+00 1.000000000000000000e+00
1.236540374755859375e+02 2.403768310546875000e+02 1.616678466796875000e+02 -2.756484448909759521e-01 9.412494897842407227e-01 -1.951084136962890625e-01 0.000000000000000000e+00 1.000000000000000000e+00
1.234948348999023438e+02 2.409204559326171875e+02 1.615551605224609375e+02 -2.756180167198181152e-01 9.412517547607421875e-01 -1.951404660940170288e-01 0.000000000000000000e+00 1.000000000000000000e+00
1.233362579345703125e+02 2.414620056152343750e+02 1.614428863525390625e+02 -2.756520807743072510e-01 9.412438273429870605e-01 -1.951303780078887939e-01 0.000000000000000000e+00 1.000000000000000000e+00
1.231790542602539062e+02 2.419987945556640625e+02 1.613316040039062500e+02 -2.756383121013641357e-01 9.412419199943542480e-01 -1.951597779989242554e-01 0.000000000000000000e+00 1.000000000000000000e+00
1.230247268676757812e+02 2.425257873535156250e+02 1.612223358154296875e+02 -2.756220996379852295e-01 9.412525296211242676e-01 -1.951311826705932617e-01 0.000000000000000000e+00 1.000000000000000000e+00
1.228757095336914062e+02 2.430346832275390625e+02 1.611168365478515625e+02 -2.756452262401580811e-01 9.412407279014587402e-01 -1.951550096273422241e-01 0.000000000000000000e+00 1.000000000000000000e+00
1.227354049682617188e+02 2.435137786865234375e+02 1.610175018310546875e+02 -2.756308615207672119e-01 9.412478208541870117e-01 -1.951415687799453735e-01 0.000000000000000000e+00 1.000000000000000000e+00
1.226079864501953125e+02 2.439488983154296875e+02 1.609272918701171875e+02 -2.756690979003906250e-01 9.412441253662109375e-01 -1.951053142547607422e-01 0.000000000000000000e+00 1.000000000000000000e+00
1.224975585937500000e+02 2.443259429931640625e+02 1.608491363525390625e+02 -2.756329476833343506e-01 9.412493109703063965e-01 -1.951313763856887817e-01 0.000000000000000000e+00 1.000000000000000000e+00
1.224072265625000000e+02 2.446344146728515625e+02 1.607851867675781250e+02 -5.904442667961120605e-01 8.027780652046203613e-01 -8.320353180170059204e-02 0.000000000000000000e+00 1.000000000000000000e+00
1.127967453002929688e+02 2.577009887695312500e+02 1.594309082031250000e+02 1.677965074777603149e-01 5.716870352625846863e-02 -9.841626286506652832e-01 0.000000000000000000e+00 1.000000000000000000e+00
1.129537658691406250e+02 2.577544860839843750e+02 1.585099487304687500e+02 1.589615345001220703e-01 4.270829632878303528e-02 -9.863606095314025879e-01 0.000000000000000000e+00 1.000000000000000000e+00
1.131009750366210938e+02 2.577940368652343750e+02 1.575965118408203125e+02 1.551993489265441895e-01 2.027450874447822571e-02 -9.876750707626342773e-01 0.000000000000000000e+00 1.000000000000000000e+00
1.132416076660156250e+02 2.578124084472656250e+02 1.567015380859375000e+02 1.584309488534927368e-01 -1.008283905684947968e-02 -9.873185753822326660e-01 0.000000000000000000e+00 1.000000000000000000e+00
1.133806686401367188e+02 2.578035583496093750e+02 1.558349304199218750e+02 1.701324582099914551e-01 -4.668885469436645508e-02 -9.843145608901977539e-01 0.000000000000000000e+00 1.000000000000000000e+00
1.135243453979492188e+02 2.577641296386718750e+02 1.550036773681640625e+02 1.911962628364562988e-01 -8.637342602014541626e-02 -9.777441620826721191e-01 0.000000000000000000e+00 1.000000000000000000e+00
1.136793136596679688e+02 2.576941223144531250e+02 1.542111968994140625e+02 2.207669168710708618e-01 -1.248200684785842896e-01 -9.673065543174743652e-01 0.000000000000000000e+00 1.000000000000000000e+00
1.138512268066406250e+02 2.575969238281250000e+02 1.534579467773437500e+02 2.576728463172912598e-01 -1.578510701656341553e-01 -9.532511234283447266e-01 0.000000000000000000e+00 1.000000000000000000e+00
1.140444641113281250e+02 2.574785461425781250e+02 1.527430725097656250e+02 3.006807565689086914e-01 -1.819981932640075684e-01 -9.361985325813293457e-01 0.000000000000000000e+00 1.000000000000000000e+00
1.142620697021484375e+02 2.573468322753906250e+02 1.520655364990234375e+02 3.500096499919891357e-01 -1.948862820863723755e-01 -9.162492156028747559e-01 0.000000000000000000e+00 1.000000000000000000e+00
1.145067901611328125e+02 2.572105712890625000e+02 1.514249114990234375e+02 4.071411192417144775e-01 -1.943820118904113770e-01 -8.924414515495300293e-01 0.000000000000000000e+00 1.000000000000000000e+00
1.147819671630859375e+02 2.570791931152343750e+02 1.508217315673828125e+02 4.738623499870300293e-01 -1.785098612308502197e-01 -8.623159527778625488e-01 0.000000000000000000e+00 1.000000000000000000e+00
1.150921554565429688e+02 2.569623413085937500e+02 1.502572631835937500e+02 5.501837730407714844e-01 -1.458725333213806152e-01 -8.222036957740783691e-01 0.000000000000000000e+00 1.000000000000000000e+00
1.154426422119140625e+02 2.568694152832031250e+02 1.497334899902343750e+02 6.324871182441711426e-01 -9.708032757043838501e-02 -7.684630751609802246e-01 0.000000000000000000e+00 1.000000000000000000e+00
1.158379058837890625e+02 2.568087463378906250e+02 1.492532501220703125e+02 7.133809328079223633e-01 -3.618723899126052856e-02 -6.998414993286132812e-01 0.000000000000000000e+00 1.000000000000000000e+00
1.162800903320312500e+02 2.567863159179687500e+02 1.488194580078125000e+02 7.845881581306457520e-01 2.985633537173271179e-02 -6.192979812622070312e-01 0.000000000000000000e+00 1.000000000000000000e+00
1.167676849365234375e+02 2.568048706054687500e+02 1.484345855712890625e+02 8.399777412414550781e-01 9.357365965843200684e-02 -5.344915986061096191e-01 0.000000000000000000e+00 1.000000000000000000e+00
1.172955780029296875e+02 2.568636779785156250e+02 1.480986785888671875e+02 8.780663609504699707e-01 1.499930471181869507e-01 -4.544244110584259033e-01 0.000000000000000000e+00 1.000000000000000000e+00
1.178561859130859375e+02 2.569594421386718750e+02 1.478085479736328125e+02 9.008476734161376953e-01 1.991382092237472534e-01 -3.857685625553131104e-01 0.000000000000000000e+00 1.000000000000000000e+00
1.184408416748046875e+02 2.570886840820312500e+02 1.475581817626953125e+02 9.117317199707031250e-01 2.446784526109695435e-01 -3.299662172794342041e-01 0.000000000000000000e+00 1.000000000000000000e+00
1.190416030883789062e+02 2.572499084472656250e+02 1.473407592773437500e+02 9.126105308532714844e-01 2.939744889736175537e-01 -2.841144800186157227e-01 0.000000000000000000e+00 1.000000000000000000e+00
1.196517181396484375e+02 2.574464416503906250e+02 1.471508178710937500e+02 9.037127494812011719e-01 3.526420891284942627e-01 -2.427895069122314453e-01 0.000000000000000000e+00 1.000000000000000000e+00
1.202658004760742188e+02 2.576860656738281250e+02 1.469858398437500000e+02 8.832245469093322754e-01 4.237472414970397949e-01 -2.008797675371170044e-01 0.000000000000000000e+00 1.000000000000000000e+00
1.208787307739257812e+02 2.579801330566406250e+02 1.468464355468750000e+02 8.486592769622802734e-01 5.055778622627258301e-01 -1.554621011018753052e-01 0.000000000000000000e+00 1.000000000000000000e+00
1.214843826293945312e+02 2.583409423828125000e+02 1.467354888916015625e+02 7.990328669548034668e-01 5.917645096778869629e-01 -1.065886840224266052e-01 0.000000000000000000e+00 1.000000000000000000e+00
1.220745010375976562e+02 2.587779846191406250e+02 1.466567687988281250e+02 7.358893156051635742e-01 6.746249198913574219e-01 -5.786306783556938171e-02 0.000000000000000000e+00 1.000000000000000000e+00
1.226390151977539062e+02 2.592955017089843750e+02 1.466123809814453125e+02 6.630997657775878906e-01 7.484260797500610352e-01 -1.253446005284786224e-02 0.000000000000000000e+00 1.000000000000000000e+00
1.231669387817382812e+02 2.598913574218750000e+02 1.466024017333984375e+02 5.863238573074340820e-01 8.096137046813964844e-01 2.738443017005920410e-02 0.000000000000000000e+00 1.000000000000000000e+00
1.236488265991210938e+02 2.605567626953125000e+02 1.466249084472656250e+02 5.116761326789855957e-01 8.570302724838256836e-01 6.071841344237327576e-02 0.000000000000000000e+00 1.000000000000000000e+00
1.240788192749023438e+02 2.612769775390625000e+02 1.466759338378906250e+02 4.452430307865142822e-01 8.910440206527709961e-01 8.831252157688140869e-02 0.000000000000000000e+00 1.000000000000000000e+00
1.244563140869140625e+02 2.620324401855468750e+02 1.467508087158203125e+02 3.917157649993896484e-01 9.132384657859802246e-01 1.120457872748374939e-01 0.000000000000000000e+00 1.000000000000000000e+00
1.247857742309570312e+02 2.628005371093750000e+02 1.468450469970703125e+02 3.536748290061950684e-01 9.256080389022827148e-01 1.347732096910476685e-01 0.000000000000000000e+00 1.000000000000000000e+00
1.250752410888671875e+02 2.635581054687500000e+02 1.469553527832031250e+02 3.311541974544525146e-01 9.299761652946472168e-01 1.596285998821258545e-01 0.000000000000000000e+00 1.000000000000000000e+00
1.253341140747070312e+02 2.642850952148437500e+02 1.470801391601562500e+02 3.223074078559875488e-01 9.273645877838134766e-01 1.900340616703033447e-01 0.000000000000000000e+00 1.000000000000000000e+00
1.255713272094726562e+02 2.649676208496093750e+02 1.472200012207031250e+02 3.234973847866058350e-01 9.182893633842468262e-01 2.282414883375167847e-01 0.000000000000000000e+00 1.000000000000000000e+00
1.257938690185546875e+02 2.655993347167968750e+02 1.473770141601562500e+02 3.300666809082031250e-01 9.029219746589660645e-01 2.752960920333862305e-01 0.000000000000000000e+00 1.000000000000000000e+00
1.260067443847656250e+02 2.661816711425781250e+02 1.475545654296875000e+02 3.380820453166961670e-01 8.813956975936889648e-01 3.299122154712677002e-01 0.000000000000000000e+00 1.000000000000000000e+00
1.262135391235351562e+02 2.667207946777343750e+02 1.477563629150390625e+02 3.452823758125305176e-01 8.540100455284118652e-01 3.891616165637969971e-01 0.000000000000000000e+00 1.000000000000000000e+00
1.264173583984375000e+02 2.672249145507812500e+02 1.479860839843750000e+02 3.521047234535217285e-01 8.211391568183898926e-01 4.491690099239349365e-01 0.000000000000000000e+00 1.000000000000000000e+00
1.266215515136718750e+02 2.677011108398437500e+02 1.482465667724609375e+02 3.609111309051513672e-01 7.829167842864990234e-01 5.067390203475952148e-01 0.000000000000000000e+00 1.000000000000000000e+00
1.268304061889648438e+02 2.681541748046875000e+02 1.485398101806640625e+02 3.735521137714385986e-01 7.398096323013305664e-01 5.595895648002624512e-01 0.000000000000000000e+00 1.000000000000000000e+00
1.270484161376953125e+02 2.685859375000000000e+02 1.488663940429687500e+02 3.908611238002777100e-01 6.923737525939941406e-01 6.065033078193664551e-01 0.000000000000000000e+00 1.000000000000000000e+00
1.272799072265625000e+02 2.689960021972656250e+02 1.492256011962890625e+02 4.120062887668609619e-01 6.423095464706420898e-01 6.462888121604919434e-01 0.000000000000000000e+00 1.000000000000000000e+00
1.275279464721679688e+02 2.693826904296875000e+02 1.496146850585937500e+02 4.354329407215118408e-01 5.910759568214416504e-01 6.789899468421936035e-01 0.000000000000000000e+00 1.000000000000000000e+00
1.277937469482421875e+02 2.697434997558593750e+02 1.500291595458984375e+02 4.581460058689117432e-01 5.412988662719726562e-01 7.050516605377197266e-01 0.000000000000000000e+00 1.000000000000000000e+00
1.280758056640625000e+02 2.700767517089843750e+02 1.504632263183593750e+02 4.786539375782012939e-01 4.946041107177734375e-01 7.254358530044555664e-01 0.000000000000000000e+00 1.000000000000000000e+00
1.283706970214843750e+02 2.703814697265625000e+02 1.509101562500000000e+02 4.944173395633697510e-01 4.537963569164276123e-01 7.413638830184936523e-01 0.000000000000000000e+00 1.000000000000000000e+00
1.286728668212890625e+02 2.706588134765625000e+02 1.513632507324218750e+02 5.023505687713623047e-01 4.224283099174499512e-01 7.544522881507873535e-01 0.000000000000000000e+00 1.000000000000000000e+00
1.289748840332031250e+02 2.709127807617187500e+02 1.518168334960937500e+02 4.983185827732086182e-01 4.057024419307708740e-01 7.662141919136047363e-01 0.000000000000000000e+00 1.000000000000000000e+00
1.292674865722656250e+02 2.711510009765625000e+02 1.522667388916015625e+02 4.779093265533447266e-01 4.090255796909332275e-01 7.773677706718444824e-01 0.000000000000000000e+00 1.000000000000000000e+00
1.295402984619140625e+02 2.713844909667968750e+02 1.527104949951171875e+02 4.365307092666625977e-01 4.363659918308258057e-01 7.867819666862487793e-01 0.000000000000000000e+00 1.000000000000000000e+00
1.297829437255859375e+02 2.716270446777343750e+02 1.531478271484375000e+02 3.729949891567230225e-01 4.857362508773803711e-01 7.905283570289611816e-01 0.000000000000000000e+00 1.000000000000000000e+00
1.299868927001953125e+02 2.718926391601562500e+02 1.535800781250000000e+02 2.923249602317810059e-01 5.468946099281311035e-01 7.845078110694885254e-01 0.000000000000000000e+00 1.000000000000000000e+00
1.301470947265625000e+02 2.721923522949218750e+02 1.540100097656250000e+02 2.073724865913391113e-01 6.055471897125244141e-01 7.683158516883850098e-01 0.000000000000000000e+00 1.000000000000000000e+00
1.302635803222656250e+02 2.725325012207031250e+02 1.544415893554687500e+02 1.326412260532379150e-01 6.509056687355041504e-01 7.474812269210815430e-01 0.000000000000000000e+00 1.000000000000000000e+00
1.303410797119140625e+02 2.729128112792968750e+02 1.548783264160156250e+02 7.652016729116439819e-02 6.803515553474426270e-01 7.288802266120910645e-01 0.000000000000000000e+00 1.000000000000000000e+00
1.303877563476562500e+02 2.733278198242187500e+02 1.553229370117187500e+02 4.013085737824440002e-02 6.966775059700012207e-01 7.162611484527587891e-01 0.000000000000000000e+00 1.000000000000000000e+00
1.304131774902343750e+02 2.737691345214843750e+02 1.557766571044921875e+02 1.993357017636299133e-02 7.048809528350830078e-01 7.090454697608947754e-01 0.000000000000000000e+00 1.000000000000000000e+00
1.304261779785156250e+02 2.742288513183593750e+02 1.562390899658203125e+02 1.160403247922658920e-02 7.090590596199035645e-01 7.050536870956420898e-01 0.000000000000000000e+00 1.000000000000000000e+00
1.304339141845703125e+02 2.747015686035156250e+02 1.567091369628906250e+02 1.112524606287479401e-02 7.130495905876159668e-01 7.010253667831420898e-01 0.000000000000000000e+00 1.000000000000000000e+00
1.304414672851562500e+02 2.751856689453125000e+02 1.571850738525390625e+02 1.548966113477945328e-02 7.187556624412536621e-01 6.950902938842773438e-01 0.000000000000000000e+00 1.000000000000000000e+00
1.304521636962890625e+02 2.756820068359375000e+02 1.576650695800781250e+02 2.241112478077411652e-02 7.274060249328613281e-01 6.858412027359008789e-01 0.000000000000000000e+00 1.000000000000000000e+00
1.304679107666015625e+02 2.761931152343750000e+02 1.581469726562500000e+02 3.036491200327873230e-02 7.388795614242553711e-01 6.731529831886291504e-01 0.000000000000000000e+00 1.000000000000000000e+00
1.304896087646484375e+02 2.767210998535156250e+02 1.586279907226562500e+02 3.855981677770614624e-02 7.517689466476440430e-01 6.582982540130615234e-01 0.000000000000000000e+00 1.000000000000000000e+00
1.305175323486328125e+02 2.772655029296875000e+02 1.591047058105468750e+02 4.558636620640754700e-02 7.655502557754516602e-01 6.417591571807861328e-01 0.000000000000000000e+00 1.000000000000000000e+00
1.305508422851562500e+02 2.778248901367187500e+02 1.595736389160156250e+02 5.139784142374992371e-02 7.786492109298706055e-01 6.253508329391479492e-01 0.000000000000000000e+00 1.000000000000000000e+00
1.305885162353515625e+02 2.783956298828125000e+02 1.600320129394531250e+02 5.608290806412696838e-02 7.901718616485595703e-01 6.103140115737915039e-01 0.000000000000000000e+00 1.000000000000000000e+00
1.306295013427734375e+02 2.789730834960937500e+02 1.604780273437500000e+02 6.029960513114929199e-02 7.991909980773925781e-01 5.980448126792907715e-01 0.000000000000000000e+00 1.000000000000000000e+00
1.306731719970703125e+02 2.795518798828125000e+02 1.609111480712890625e+02 6.488176435232162476e-02 8.051587343215942383e-01 5.894996523857116699e-01 0.000000000000000000e+00 1.000000000000000000e+00
1.307194366455078125e+02 2.801260070800781250e+02 1.613314971923828125e+02 7.091627269983291626e-02 8.077889084815979004e-01 5.851905941963195801e-01 0.000000000000000000e+00 1.000000000000000000e+00
1.307688751220703125e+02 2.806891479492187500e+02 1.617394561767578125e+02 7.907236367464065552e-02 8.070026040077209473e-01 5.852302312850952148e-01 0.000000000000000000e+00 1.000000000000000000e+00
1.308223876953125000e+02 2.812352905273437500e+02 1.621355133056640625e+02 8.884863555431365967e-02 8.041269183158874512e-01 5.877804756164550781e-01 0.000000000000000000e+00 1.000000000000000000e+00
1.308803710937500000e+02 2.817600708007812500e+02 1.625191040039062500e+02 9.935693442821502686e-02 8.006555438041687012e-01 5.908288955688476562e-01 0.000000000000000000e+00 1.000000000000000000e+00
1.309425811767578125e+02 2.822613830566406250e+02 1.628890380859375000e+02 1.081897020339965820e-01 7.998136878013610840e-01 5.904175639152526855e-01 0.000000000000000000e+00 1.000000000000000000e+00
1.310073547363281250e+02 2.827402343750000000e+02 1.632425231933593750e+02 1.119968444108963013e-01 8.068272471427917480e-01 5.800745487213134766e-01 0.000000000000000000e+00 1.000000000000000000e+00
1.310711517333984375e+02 2.831998291015625000e+02 1.635729522705078125e+02 1.069219186902046204e-01 8.273591399192810059e-01 5.514022707939147949e-01 0.000000000000000000e+00 1.000000000000000000e+00
1.311285705566406250e+02 2.836441345214843750e+02 1.638690643310546875e+02 8.784434944391250610e-02 8.668206334114074707e-01 4.908211231231689453e-01 0.000000000000000000e+00 1.000000000000000000e+00
1.311723937988281250e+02 2.840765686035156250e+02 1.641139221191406250e+02 4.914877936244010925e-02 9.237167239189147949e-01 3.799103796482086182e-01 0.000000000000000000e+00 1.000000000000000000e+00
1.311948699951171875e+02 2.844989929199218750e+02 1.642876586914062500e+02 -1.297852676361799240e-02 9.792425632476806641e-01 2.022759765386581421e-01 0.000000000000000000e+00 1.000000000000000000e+00
1.311894226074218750e+02 2.849100036621093750e+02 1.643725585937500000e+02 -1.297852676361799240e-02 9.792425632476806641e-01 2.022759765386581421e-01 0.000000000000000000e+00 1.000000000000000000e+00
