3.324175109863281250e+02 6.562946319580078125e+01 6.374724960327148438e+01 -9.965215921401977539e-01 8.292831480503082275e-02 8.214144967496395111e-03 0.000000000000000000e+00 1.000000000000000000e+00
3.328136596679687500e+02 6.559649658203125000e+01 6.374398422241210938e+01 -9.987035989761352539e-01 4.929964244365692139e-02 1.267294399440288544e-02 0.000000000000000000e+00 1.000000000000000000e+00
3.333171997070312500e+02 6.557164001464843750e+01 6.373759460449218750e+01 -9.997841119766235352e-01 1.197093818336725235e-02 1.698544435203075409e-02 0.000000000000000000e+00 1.000000000000000000e+00
3.339142456054687500e+02 6.556449127197265625e+01 6.372745132446289062e+01 -9.994080662727355957e-01 -2.748611755669116974e-02 2.068878337740898132e-02 0.000000000000000000e+00 1.000000000000000000e+00
3.345822448730468750e+02 6.558286285400390625e+01 6.371362304687500000e+01 -9.975543022155761719e-01 -6.617540866136550903e-02 2.250070497393608093e-02 0.000000000000000000e+00 1.000000000000000000e+00
3.352964477539062500e+02 6.563024139404296875e+01 6.369751358032226562e+01 -9.947403073310852051e-01 -1.004202514886856079e-01 2.018667571246623993e-02 0.000000000000000000e+00 1.000000000000000000e+00
3.360359497070312500e+02 6.570489501953125000e+01 6.368250656127929688e+01 -9.919103980064392090e-01 -1.264748126268386841e-01 1.085996534675359726e-02 0.000000000000000000e+00 1.000000000000000000e+00
3.367878417968750000e+02 6.580076599121093750e+01 6.367427444458007812e+01 -9.898140430450439453e-01 -1.420944333076477051e-01 -8.798169903457164764e-03 0.000000000000000000e+00 1.000000000000000000e+00
3.375466003417968750e+02 6.590969085693359375e+01 6.368101882934570312e+01 -9.883012175559997559e-01 -1.468476653099060059e-01 -4.118742048740386963e-02 0.000000000000000000e+00 1.000000000000000000e+00
3.383127441406250000e+02 6.602352905273437500e+01 6.371294784545898438e+01 -9.860033988952636719e-01 -1.425271928310394287e-01 -8.650603890419006348e-02 0.000000000000000000e+00 1.000000000000000000e+00
3.390903015136718750e+02 6.613592529296875000e+01 6.378116607666015625e+01 -9.810070991516113281e-01 -1.325040459632873535e-01 -1.416607946157455444e-01 0.000000000000000000e+00 1.000000000000000000e+00
3.398839721679687500e+02 6.624312591552734375e+01 6.389577484130859375e+01 -9.721101522445678711e-01 -1.208845451474189758e-01 -2.009696513414382935e-01 0.000000000000000000e+00 1.000000000000000000e+00
3.406972656250000000e+02 6.634426116943359375e+01 6.406391143798828125e+01 -9.598087668418884277e-01 -1.104981824755668640e-01 -2.579869925975799561e-01 0.000000000000000000e+00 1.000000000000000000e+00
3.415320739746093750e+02 6.644036865234375000e+01 6.428829956054687500e+01 -9.457055330276489258e-01 -1.032223552465438843e-01 -3.081983625888824463e-01 0.000000000000000000e+00 1.000000000000000000e+00
3.423868713378906250e+02 6.653366851806640625e+01 6.456687164306640625e+01 -9.316292405128479004e-01 -9.981275349855422974e-02 -3.494344651699066162e-01 0.000000000000000000e+00 1.000000000000000000e+00
3.432573547363281250e+02 6.662693023681640625e+01 6.489337158203125000e+01 -9.190573096275329590e-01 -9.942775219678878784e-02 -3.813761174678802490e-01 0.000000000000000000e+00 1.000000000000000000e+00
3.441373291015625000e+02 6.672212982177734375e+01 6.525852966308593750e+01 -9.091680645942687988e-01 -1.006165072321891785e-01 -4.040912687778472900e-01 0.000000000000000000e+00 1.000000000000000000e+00
3.450207824707031250e+02 6.681990051269531250e+01 6.565119171142578125e+01 -9.030842781066894531e-01 -1.019477844238281250e-01 -4.171875417232513428e-01 0.000000000000000000e+00 1.000000000000000000e+00
3.459036254882812500e+02 6.691956329345703125e+01 6.605902862548828125e+01 -9.020762443542480469e-01 -1.021507307887077332e-01 -4.193132817745208740e-01 0.000000000000000000e+00 1.000000000000000000e+00
3.467846069335937500e+02 6.701932525634765625e+01 6.646853637695312500e+01 -9.073003530502319336e-01 -1.005579680204391479e-01 -4.082820117473602295e-01 0.000000000000000000e+00 1.000000000000000000e+00
3.476655883789062500e+02 6.711696624755859375e+01 6.686497497558593750e+01 -9.189953207969665527e-01 -9.695328027009963989e-02 -3.821617364883422852e-01 0.000000000000000000e+00 1.000000000000000000e+00
3.485501708984375000e+02 6.721028900146484375e+01 6.723282623291015625e+01 -9.360494613647460938e-01 -9.192886203527450562e-02 -3.396473824977874756e-01 0.000000000000000000e+00 1.000000000000000000e+00
3.494432373046875000e+02 6.729799652099609375e+01 6.755687713623046875e+01 -9.552206993103027344e-01 -8.652839809656143188e-02 -2.829597294330596924e-01 0.000000000000000000e+00 1.000000000000000000e+00
3.503477172851562500e+02 6.737992858886718750e+01 6.782480621337890625e+01 -9.725828170776367188e-01 -8.300720155239105225e-02 -2.172383219003677368e-01 0.000000000000000000e+00 1.000000000000000000e+00
3.512645263671875000e+02 6.745817565917968750e+01 6.802958679199218750e+01 -9.850772619247436523e-01 -8.363695442676544189e-02 -1.504250019788742065e-01 0.000000000000000000e+00 1.000000000000000000e+00
3.521923217773437500e+02 6.753694915771484375e+01 6.817126464843750000e+01 -9.916664958000183105e-01 -9.053303301334381104e-02 -9.165922552347183228e-02 0.000000000000000000e+00 1.000000000000000000e+00
3.531261291503906250e+02 6.762220001220703125e+01 6.825757598876953125e+01 -9.934482574462890625e-01 -1.040356531739234924e-01 -4.729854315519332886e-02 0.000000000000000000e+00 1.000000000000000000e+00
3.540584411621093750e+02 6.771983337402343750e+01 6.830196380615234375e+01 -9.923058152198791504e-01 -1.222166121006011963e-01 -1.980335079133510590e-02 0.000000000000000000e+00 1.000000000000000000e+00
3.549790039062500000e+02 6.783321380615234375e+01 6.832033538818359375e+01 -9.900025725364685059e-01 -1.408471763134002686e-01 -7.547187618911266327e-03 0.000000000000000000e+00 1.000000000000000000e+00
3.558767089843750000e+02 6.796092987060546875e+01 6.832717895507812500e+01 -9.880337119102478027e-01 -1.541044414043426514e-01 -6.410479545593261719e-03 0.000000000000000000e+00 1.000000000000000000e+00
3.567409973144531250e+02 6.809573364257812500e+01 6.833278656005859375e+01 -9.876869916915893555e-01 -1.560415923595428467e-01 -1.119876373559236526e-02 0.000000000000000000e+00 1.000000000000000000e+00
3.575646057128906250e+02 6.822585296630859375e+01 6.834212493896484375e+01 -9.896917939186096191e-01 -1.422019898891448975e-01 -1.699232496321201324e-02 0.000000000000000000e+00 1.000000000000000000e+00
3.583457946777343750e+02 6.833809661865234375e+01 6.835553741455078125e+01 -9.935895800590515137e-01 -1.111622229218482971e-01 -2.056026458740234375e-02 0.000000000000000000e+00 1.000000000000000000e+00
3.590883483886718750e+02 6.842117309570312500e+01 6.837090301513671875e+01 -9.975662827491760254e-01 -6.648518890142440796e-02 -2.100431919097900391e-02 0.000000000000000000e+00 1.000000000000000000e+00
3.598007202148437500e+02 6.846865081787109375e+01 6.838590240478515625e+01 -9.996802210807800293e-01 -1.570686511695384979e-02 -1.982109434902667999e-02 0.000000000000000000e+00 1.000000000000000000e+00
3.604921875000000000e+02 6.847951507568359375e+01 6.839961242675781250e+01 -9.992102980613708496e-01 3.396083787083625793e-02 -2.062590047717094421e-02 0.000000000000000000e+00 1.000000000000000000e+00
3.611707763671875000e+02 6.845645141601562500e+01 6.841361999511718750e+01 -9.964337944984436035e-01 7.945367693901062012e-02 -2.840630710124969482e-02 0.000000000000000000e+00 1.000000000000000000e+00
3.618406372070312500e+02 6.840303802490234375e+01 6.843271636962890625e+01 -9.913669228553771973e-01 1.220958977937698364e-01 -4.779257252812385559e-02 0.000000000000000000e+00 1.000000000000000000e+00
3.625016784667968750e+02 6.832162475585937500e+01 6.846458435058593750e+01 -9.826924800872802734e-01 1.656090766191482544e-01 -8.300111442804336548e-02 0.000000000000000000e+00 1.000000000000000000e+00
3.631500549316406250e+02 6.821235656738281250e+01 6.851934814453125000e+01 -9.674388170242309570e-01 2.130512148141860962e-01 -1.366435587406158447e-01 0.000000000000000000e+00 1.000000000000000000e+00
3.637785339355468750e+02 6.807395172119140625e+01 6.860811614990234375e+01 -9.416264295578002930e-01 2.641921043395996094e-01 -2.086678296327590942e-01 0.000000000000000000e+00 1.000000000000000000e+00
3.643787536621093750e+02 6.790554809570312500e+01 6.874112701416015625e+01 -9.017712473869323730e-01 3.152732253074645996e-01 -2.956541180610656738e-01 0.000000000000000000e+00 1.000000000000000000e+00
3.649422912597656250e+02 6.770852661132812500e+01 6.892588806152343750e+01 -8.469198346138000488e-01 3.604410588741302490e-01 -3.909080326557159424e-01 0.000000000000000000e+00 1.000000000000000000e+00
3.654629516601562500e+02 6.748693847656250000e+01 6.916620635986328125e+01 -7.800854444503784180e-01 3.941098451614379883e-01 -4.859466254711151123e-01 0.000000000000000000e+00 1.000000000000000000e+00
3.659370727539062500e+02 6.724740600585937500e+01 6.946155548095703125e+01 -7.072873115539550781e-01 4.135259687900543213e-01 -5.733593106269836426e-01 0.000000000000000000e+00 1.000000000000000000e+00
3.663649291992187500e+02 6.699725341796875000e+01 6.980839538574218750e+01 -6.345357894897460938e-01 4.195668995380401611e-01 -6.490978002548217773e-01 0.000000000000000000e+00 1.000000000000000000e+00
3.667495727539062500e+02 6.674291992187500000e+01 7.020186614990234375e+01 -5.647951960563659668e-01 4.160854220390319824e-01 -7.126565575599670410e-01 0.000000000000000000e+00 1.000000000000000000e+00
3.670949401855468750e+02 6.648848724365234375e+01 7.063764953613281250e+01 -4.975001811981201172e-01 4.084466695785522461e-01 -7.652875185012817383e-01 0.000000000000000000e+00 1.000000000000000000e+00
3.674037780761718750e+02 6.623493194580078125e+01 7.111272430419921875e+01 -4.306198954582214355e-01 4.010791182518005371e-01 -8.085184693336486816e-01 0.000000000000000000e+00 1.000000000000000000e+00
3.676770324707031250e+02 6.598042297363281250e+01 7.162577819824218750e+01 -3.613726794719696045e-01 3.967355489730834961e-01 -8.438073396682739258e-01 0.000000000000000000e+00 1.000000000000000000e+00
3.679127197265625000e+02 6.572167205810546875e+01 7.217610931396484375e+01 -2.885596752166748047e-01 3.960542678833007812e-01 -8.717076778411865234e-01 0.000000000000000000e+00 1.000000000000000000e+00
3.681066284179687500e+02 6.545552825927734375e+01 7.276188659667968750e+01 -2.123205363750457764e-01 3.975045979022979736e-01 -8.926982879638671875e-01 0.000000000000000000e+00 1.000000000000000000e+00
3.682532958984375000e+02 6.518093872070312500e+01 7.337854766845703125e+01 -1.327485442161560059e-01 3.987762033939361572e-01 -9.073893427848815918e-01 0.000000000000000000e+00 1.000000000000000000e+00
3.683468322753906250e+02 6.489995574951171875e+01 7.401790618896484375e+01 -4.970394447445869446e-02 3.962031602859497070e-01 -9.168165326118469238e-01 0.000000000000000000e+00 1.000000000000000000e+00
3.683821411132812500e+02 6.461849975585937500e+01 7.466919708251953125e+01 3.860853612422943115e-02 3.864848613739013672e-01 -9.214873313903808594e-01 0.000000000000000000e+00 1.000000000000000000e+00
3.683548583984375000e+02 6.434539031982421875e+01 7.532036590576171875e+01 1.333185434341430664e-01 3.670322000980377197e-01 -9.206049442291259766e-01 0.000000000000000000e+00 1.000000000000000000e+00
3.682622070312500000e+02 6.409031677246093750e+01 7.596015167236328125e+01 2.333532124757766724e-01 3.369902074337005615e-01 -9.121314883232116699e-01 0.000000000000000000e+00 1.000000000000000000e+00
3.681037597656250000e+02 6.386149978637695312e+01 7.657949066162109375e+01 3.346892297267913818e-01 2.988074719905853271e-01 -8.936985731124877930e-01 0.000000000000000000e+00 1.000000000000000000e+00
3.678820495605468750e+02 6.366355895996093750e+01 7.717150878906250000e+01 4.305147528648376465e-01 2.578525245189666748e-01 -8.649677038192749023e-01 0.000000000000000000e+00 1.000000000000000000e+00
3.676034851074218750e+02 6.349671554565429688e+01 7.773118591308593750e+01 5.150030255317687988e-01 2.208000719547271729e-01 -8.282627463340759277e-01 0.000000000000000000e+00 1.000000000000000000e+00
3.672779235839843750e+02 6.335713577270507812e+01 7.825477600097656250e+01 5.854488611221313477e-01 1.923148781061172485e-01 -7.875687479972839355e-01 0.000000000000000000e+00 1.000000000000000000e+00
3.669173583984375000e+02 6.323869323730468750e+01 7.873982238769531250e+01 6.419046521186828613e-01 1.736393719911575317e-01 -7.468652725219726562e-01 0.000000000000000000e+00 1.000000000000000000e+00
3.665341491699218750e+02 6.313503265380859375e+01 7.918569183349609375e+01 6.851842403411865234e-01 1.633191108703613281e-01 -7.098234891891479492e-01 0.000000000000000000e+00 1.000000000000000000e+00
3.661393127441406250e+02 6.304092025756835938e+01 7.959472656250000000e+01 7.174292206764221191e-01 1.583755463361740112e-01 -6.783895492553710938e-01 0.000000000000000000e+00 1.000000000000000000e+00
3.657405700683593750e+02 6.295289611816406250e+01 7.997177124023437500e+01 7.402643561363220215e-01 1.560657322406768799e-01 -6.539512276649475098e-01 0.000000000000000000e+00 1.000000000000000000e+00
3.653424072265625000e+02 6.286895370483398438e+01 8.032350921630859375e+01 7.551857233047485352e-01 1.547445952892303467e-01 -6.369839906692504883e-01 0.000000000000000000e+00 1.000000000000000000e+00
3.649468994140625000e+02 6.278791046142578125e+01 8.065711212158203125e+01 7.642078995704650879e-01 1.536535322666168213e-01 -6.263999342918395996e-01 0.000000000000000000e+00 1.000000000000000000e+00
3.645541076660156250e+02 6.270893478393554688e+01 8.097907257080078125e+01 7.692652344703674316e-01 1.527641862630844116e-01 -6.203984618186950684e-01 0.000000000000000000e+00 1.000000000000000000e+00
3.641633300781250000e+02 6.263133239746093750e+01 8.129422760009765625e+01 7.716306447982788086e-01 1.522302627563476562e-01 -6.175857782363891602e-01 0.000000000000000000e+00 1.000000000000000000e+00
3.637740173339843750e+02 6.255452728271484375e+01 8.160581970214843750e+01 7.728200554847717285e-01 1.519457995891571045e-01 -6.161668896675109863e-01 0.000000000000000000e+00 1.000000000000000000e+00
3.633851013183593750e+02 6.247806167602539062e+01 8.191590118408203125e+01 7.735928297042846680e-01 1.514190137386322021e-01 -6.153262853622436523e-01 0.000000000000000000e+00 1.000000000000000000e+00
3.629955139160156250e+02 6.240180587768554688e+01 8.222578430175781250e+01 7.742463946342468262e-01 1.504356116056442261e-01 -6.147451400756835938e-01 0.000000000000000000e+00 1.000000000000000000e+00
3.626039123535156250e+02 6.232571792602539062e+01 8.253671264648437500e+01 7.752825617790222168e-01 1.488780230283737183e-01 -6.138176321983337402e-01 0.000000000000000000e+00 1.000000000000000000e+00
3.622077636718750000e+02 6.224964523315429688e+01 8.285035705566406250e+01 7.767516374588012695e-01 1.458534747362136841e-01 -6.126857399940490723e-01 0.000000000000000000e+00 1.000000000000000000e+00
3.618034667968750000e+02 6.217372894287109375e+01 8.316925811767578125e+01 7.789860963821411133e-01 1.405870914459228516e-01 -6.110776662826538086e-01 0.000000000000000000e+00 1.000000000000000000e+00
3.613853759765625000e+02 6.209827423095703125e+01 8.349723052978515625e+01 7.808834314346313477e-01 1.326467543840408325e-01 -6.104309558868408203e-01 0.000000000000000000e+00 1.000000000000000000e+00
3.609476013183593750e+02 6.202391052246093750e+01 8.383944702148437500e+01 7.819536924362182617e-01 1.219518259167671204e-01 -6.112906336784362793e-01 0.000000000000000000e+00 1.000000000000000000e+00
3.604840393066406250e+02 6.195161437988281250e+01 8.420183563232421875e+01 -7.807351946830749512e-01 -1.095884293317794800e-01 6.151770949363708496e-01 0.000000000000000000e+00 1.000000000000000000e+00
3.599912414550781250e+02 6.188244247436523438e+01 8.459013366699218750e+01 -7.763783931732177734e-01 -9.676921367645263672e-02 6.227939724922180176e-01 0.000000000000000000e+00 1.000000000000000000e+00
3.594693908691406250e+02 6.181739807128906250e+01 8.500875091552734375e+01 -7.682548165321350098e-01 -8.469986915588378906e-02 6.345158815383911133e-01 0.000000000000000000e+00 1.000000000000000000e+00
3.589237060546875000e+02 6.175723648071289062e+01 8.545944213867187500e+01 -7.566986680030822754e-01 -7.412503659725189209e-02 6.495479941368103027e-01 0.000000000000000000e+00 1.000000000000000000e+00
3.583623962402343750e+02 6.170225143432617188e+01 8.594126892089843750e+01 -7.422443628311157227e-01 -6.526283919811248779e-02 6.669437885284423828e-01 0.000000000000000000e+00 1.000000000000000000e+00
3.577951354980468750e+02 6.165237426757812500e+01 8.645098114013671875e+01 -7.260676026344299316e-01 -5.782674252986907959e-02 6.851875185966491699e-01 0.000000000000000000e+00 1.000000000000000000e+00
3.572306213378906250e+02 6.160741424560546875e+01 8.698371124267578125e+01 -7.094241380691528320e-01 -5.146513879299163818e-02 7.029002308845520020e-01 0.000000000000000000e+00 1.000000000000000000e+00
3.566755981445312500e+02 6.156715011596679688e+01 8.753363037109375000e+01 -6.934300065040588379e-01 -4.583435878157615662e-02 7.190647125244140625e-01 0.000000000000000000e+00 1.000000000000000000e+00
3.561348876953125000e+02 6.153141021728515625e+01 8.809432983398437500e+01 -6.784282326698303223e-01 -4.064667969942092896e-02 7.335413694381713867e-01 0.000000000000000000e+00 1.000000000000000000e+00
3.556121520996093750e+02 6.150009155273437500e+01 8.865953063964843750e+01 -6.645497679710388184e-01 -3.580078110098838806e-02 7.463859319686889648e-01 0.000000000000000000e+00 1.000000000000000000e+00
3.551103210449218750e+02 6.147305679321289062e+01 8.922315979003906250e+01 -6.512435674667358398e-01 -3.100023977458477020e-02 7.582353949546813965e-01 0.000000000000000000e+00 1.000000000000000000e+00
3.546312561035156250e+02 6.145025253295898438e+01 8.978092956542968750e+01 -6.379374861717224121e-01 -2.593779005110263824e-02 7.696511745452880859e-01 0.000000000000000000e+00 1.000000000000000000e+00
3.541745300292968750e+02 6.143168258666992188e+01 9.033195495605468750e+01 -6.247354745864868164e-01 -2.033519558608531952e-02 7.805716395378112793e-01 0.000000000000000000e+00 1.000000000000000000e+00
3.537358703613281250e+02 6.141740417480468750e+01 9.088003540039062500e+01 -6.122559309005737305e-01 -1.417057216167449951e-02 7.905326485633850098e-01 0.000000000000000000e+00 1.000000000000000000e+00
3.533073425292968750e+02 6.140748596191406250e+01 9.143334197998046875e+01 -6.016656756401062012e-01 -7.716132327914237976e-03 7.987107038497924805e-01 0.000000000000000000e+00 1.000000000000000000e+00
3.528784179687500000e+02 6.140198516845703125e+01 9.200273895263671875e+01 -5.939943194389343262e-01 -1.524647232145071030e-03 8.044677972793579102e-01 0.000000000000000000e+00 1.000000000000000000e+00
3.524385070800781250e+02 6.140085601806640625e+01 9.259852600097656250e+01 -5.899729132652282715e-01 3.828255692496895790e-03 8.074139356613159180e-01 0.000000000000000000e+00 1.000000000000000000e+00
3.519793701171875000e+02 6.140383529663085938e+01 9.322688293457031250e+01 -5.896681547164916992e-01 8.198126219213008881e-03 8.076040148735046387e-01 0.000000000000000000e+00 1.000000000000000000e+00
3.514970092773437500e+02 6.141054153442382812e+01 9.388751983642578125e+01 -5.924037694931030273e-01 1.155203487724065781e-02 8.055583238601684570e-01 0.000000000000000000e+00 1.000000000000000000e+00
3.509928894042968750e+02 6.142037200927734375e+01 9.457302856445312500e+01 -5.980766415596008301e-01 1.424638926982879639e-02 8.013122677803039551e-01 0.000000000000000000e+00 1.000000000000000000e+00
3.504722595214843750e+02 6.143277359008789062e+01 9.527057647705078125e+01 -6.066264510154724121e-01 1.641607657074928284e-02 7.948175072669982910e-01 0.000000000000000000e+00 1.000000000000000000e+00
3.499422302246093750e+02 6.144711685180664062e+01 9.596503448486328125e+01 -6.183332800865173340e-01 1.840614527463912964e-02 7.857004404067993164e-01 0.000000000000000000e+00 1.000000000000000000e+00
3.494089965820312500e+02 6.146298980712890625e+01 9.664260101318359375e+01 -6.337692141532897949e-01 2.084456570446491241e-02 7.732412219047546387e-01 0.000000000000000000e+00 1.000000000000000000e+00
3.488762817382812500e+02 6.148051071166992188e+01 9.729254913330078125e+01 -6.533203125000000000e-01 2.461202442646026611e-02 7.566814422607421875e-01 0.000000000000000000e+00 1.000000000000000000e+00
3.483446655273437500e+02 6.150053787231445312e+01 9.790827178955078125e+01 -6.772516369819641113e-01 3.083221055567264557e-02 7.351050972938537598e-01 0.000000000000000000e+00 1.000000000000000000e+00
3.478118286132812500e+02 6.152479553222656250e+01 9.848662567138671875e+01 -7.052299976348876953e-01 4.050902277231216431e-02 7.078202962875366211e-01 0.000000000000000000e+00 1.000000000000000000e+00
3.472738342285156250e+02 6.155569839477539062e+01 9.902659606933593750e+01 -7.354978322982788086e-01 5.410910397768020630e-02 6.753629446029663086e-01 0.000000000000000000e+00 1.000000000000000000e+00
3.467272033691406250e+02 6.159591293334960938e+01 9.952853393554687500e+01 -7.659101486206054688e-01 7.083201408386230469e-02 6.390340328216552734e-01 0.000000000000000000e+00 1.000000000000000000e+00
3.461696472167968750e+02 6.164747619628906250e+01 9.999372863769531250e+01 -7.937157154083251953e-01 8.887574821710586548e-02 6.017611026763916016e-01 0.000000000000000000e+00 1.000000000000000000e+00
3.456000366210937500e+02 6.171125793457031250e+01 1.004255828857421875e+02 -8.169649243354797363e-01 1.058053299784660339e-01 5.668981671333312988e-01 0.000000000000000000e+00 1.000000000000000000e+00
3.450189819335937500e+02 6.178651046752929688e+01 1.008287811279296875e+02 -8.348298668861389160e-01 1.189120858907699585e-01 5.375119447708129883e-01 0.000000000000000000e+00 1.000000000000000000e+00
3.444277038574218750e+02 6.187073135375976562e+01 1.012094802856445312e+02 -8.476483821868896484e-01 1.264973878860473633e-01 5.152579545974731445e-01 0.000000000000000000e+00 1.000000000000000000e+00
3.438276367187500000e+02 6.196028137207031250e+01 1.015742416381835938e+02 -8.564395904541015625e-01 1.275777220726013184e-01 5.002349615097045898e-01 0.000000000000000000e+00 1.000000000000000000e+00
3.432200012207031250e+02 6.205079650878906250e+01 1.019291534423828125e+02 -8.623265624046325684e-01 1.227151229977607727e-01 4.912574589252471924e-01 0.000000000000000000e+00 1.000000000000000000e+00
3.426068115234375000e+02 6.213805770874023438e+01 1.022784805297851562e+02 -8.662292957305908203e-01 1.131833493709564209e-01 4.866583347320556641e-01 0.000000000000000000e+00 1.000000000000000000e+00
3.419910278320312500e+02 6.221851730346679688e+01 1.026244354248046875e+02 -8.689240217208862305e-01 1.009354591369628906e-01 4.845441281795501709e-01 0.000000000000000000e+00 1.000000000000000000e+00
3.413764343261718750e+02 6.228990936279296875e+01 1.029671554565429688e+02 -8.709114193916320801e-01 8.815082907676696777e-02 4.834694564342498779e-01 0.000000000000000000e+00 1.000000000000000000e+00
3.407682189941406250e+02 6.235147094726562500e+01 1.033047943115234375e+02 -8.729450106620788574e-01 7.680312544107437134e-02 4.817346632480621338e-01 0.000000000000000000e+00 1.000000000000000000e+00
3.401702270507812500e+02 6.240408325195312500e+01 1.036347961425781250e+02 -8.756837844848632812e-01 6.770868599414825439e-02 4.781143367290496826e-01 0.000000000000000000e+00 1.000000000000000000e+00
3.395831298828125000e+02 6.244947814941406250e+01 1.039553451538085938e+02 -8.796054124832153320e-01 6.141769513487815857e-02 4.717225730419158936e-01 0.000000000000000000e+00 1.000000000000000000e+00
3.390026550292968750e+02 6.249000930786132812e+01 1.042666473388671875e+02 -8.843043446540832520e-01 5.742911994457244873e-02 4.633656740188598633e-01 0.000000000000000000e+00 1.000000000000000000e+00
3.384193725585937500e+02 6.252788925170898438e+01 1.045722808837890625e+02 -8.886481523513793945e-01 5.537623912096023560e-02 4.552339315414428711e-01 0.000000000000000000e+00 1.000000000000000000e+00
3.378209228515625000e+02 6.256518173217773438e+01 1.048788528442382812e+02 -8.913509249687194824e-01 5.537209659814834595e-02 4.499193429946899414e-01 0.000000000000000000e+00 1.000000000000000000e+00
3.371959838867187500e+02 6.260400390625000000e+01 1.051942977905273438e+02 -8.915538191795349121e-01 5.812210217118263245e-02 4.491699934005737305e-01 0.000000000000000000e+00 1.000000000000000000e+00
3.365384521484375000e+02 6.264686965942382812e+01 1.055255661010742188e+02 -8.892360925674438477e-01 6.441377848386764526e-02 4.528907537460327148e-01 0.000000000000000000e+00 1.000000000000000000e+00
3.358495788574218750e+02 6.269676971435546875e+01 1.058764114379882812e+02 -8.847885131835937500e-01 7.465735077857971191e-02 4.599735140800476074e-01 0.000000000000000000e+00 1.000000000000000000e+00
3.351380310058593750e+02 6.275680923461914062e+01 1.062463226318359375e+02 -8.788453936576843262e-01 8.849420398473739624e-02 4.688278436660766602e-01 0.000000000000000000e+00 1.000000000000000000e+00
3.344165649414062500e+02 6.282945632934570312e+01 1.066311950683593750e+02 -8.720624446868896484e-01 1.047491431236267090e-01 4.780530631542205811e-01 0.000000000000000000e+00 1.000000000000000000e+00
3.336979064941406250e+02 6.291577911376953125e+01 1.070251541137695312e+02 -8.652065396308898926e-01 1.215233802795410156e-01 4.864665269851684570e-01 0.000000000000000000e+00 1.000000000000000000e+00
3.329900512695312500e+02 6.301520156860351562e+01 1.074231491088867188e+02 -8.590272068977355957e-01 1.366848647594451904e-01 4.933451712131500244e-01 0.000000000000000000e+00 1.000000000000000000e+00
3.322955627441406250e+02 6.312570571899414062e+01 1.078219985961914062e+02 -8.542741537094116211e-01 1.482390016317367554e-01 4.982376992702484131e-01 0.000000000000000000e+00 1.000000000000000000e+00
3.316111755371093750e+02 6.324446487426757812e+01 1.082211532592773438e+02 -8.513370156288146973e-01 1.552055627107620239e-01 5.011351704597473145e-01 0.000000000000000000e+00 1.000000000000000000e+00
3.309308166503906250e+02 6.336849975585937500e+01 1.086216430664062500e+02 -8.502806425094604492e-01 1.579513102769851685e-01 5.020700097084045410e-01 0.000000000000000000e+00 1.000000000000000000e+00
3.302475280761718750e+02 6.349542999267578125e+01 1.090251083374023438e+02 -8.508397936820983887e-01 1.570920497179031372e-01 5.013917684555053711e-01 0.000000000000000000e+00 1.000000000000000000e+00
3.295559387207031250e+02 6.362311935424804688e+01 1.094326553344726562e+02 -8.528586626052856445e-01 1.532520949840545654e-01 4.991451799869537354e-01 0.000000000000000000e+00 1.000000000000000000e+00
3.288528747558593750e+02 6.374945449829101562e+01 1.098441314697265625e+02 -8.564889430999755859e-01 1.463404297828674316e-01 4.949859976768493652e-01 0.000000000000000000e+00 1.000000000000000000e+00
3.281367797851562500e+02 6.387180709838867188e+01 1.102579803466796875e+02 -8.618495464324951172e-01 1.361261606216430664e-01 4.885540902614593506e-01 0.000000000000000000e+00 1.000000000000000000e+00
3.274082641601562500e+02 6.398687362670898438e+01 1.106709518432617188e+02 -8.690816164016723633e-01 1.227712780237197876e-01 4.791914224624633789e-01 0.000000000000000000e+00 1.000000000000000000e+00
3.266690368652343750e+02 6.409130096435546875e+01 1.110785446166992188e+02 -8.779629468917846680e-01 1.071143522858619690e-01 4.665915071964263916e-01 0.000000000000000000e+00 1.000000000000000000e+00
3.259218139648437500e+02 6.418246459960937500e+01 1.114756546020507812e+02 -8.880234360694885254e-01 9.060378372669219971e-02 4.507828950881958008e-01 0.000000000000000000e+00 1.000000000000000000e+00
3.251703796386718750e+02 6.425913238525390625e+01 1.118571014404296875e+02 -8.983877301216125488e-01 7.496304064989089966e-02 4.327585995197296143e-01 0.000000000000000000e+00 1.000000000000000000e+00
3.244197082519531250e+02 6.432176971435546875e+01 1.122187042236328125e+02 -9.082320332527160645e-01 6.117721647024154663e-02 4.139707982540130615e-01 0.000000000000000000e+00 1.000000000000000000e+00
3.236757812500000000e+02 6.437187957763671875e+01 1.125577850341796875e+02 -9.169115424156188965e-01 4.931248724460601807e-02 3.960322439670562744e-01 0.000000000000000000e+00 1.000000000000000000e+00
3.229453430175781250e+02 6.441116333007812500e+01 1.128732757568359375e+02 -9.240708947181701660e-01 3.856082260608673096e-02 3.802710175514221191e-01 0.000000000000000000e+00 1.000000000000000000e+00
3.222346801757812500e+02 6.444081878662109375e+01 1.131657257080078125e+02 -9.296767711639404297e-01 2.782585099339485168e-02 3.673239648342132568e-01 0.000000000000000000e+00 1.000000000000000000e+00
3.215479736328125000e+02 6.446137237548828125e+01 1.134370498657226562e+02 -9.338120818138122559e-01 1.637700386345386505e-02 3.573888540267944336e-01 0.000000000000000000e+00 1.000000000000000000e+00
3.208858642578125000e+02 6.447298431396484375e+01 1.136904525756835938e+02 -9.366643428802490234e-01 4.369851667433977127e-03 3.502012491226196289e-01 0.000000000000000000e+00 1.000000000000000000e+00
3.202448120117187500e+02 6.447597503662109375e+01 1.139301300048828125e+02 -9.384571313858032227e-01 -7.299567572772502899e-03 3.453186750411987305e-01 0.000000000000000000e+00 1.000000000000000000e+00
3.196180419921875000e+02 6.447109985351562500e+01 1.141607589721679688e+02 -9.393902420997619629e-01 -1.742697320878505707e-02 3.424064815044403076e-01 0.000000000000000000e+00 1.000000000000000000e+00
3.189986877441406250e+02 6.445960998535156250e+01 1.143865127563476562e+02 -9.397916793823242188e-01 -2.527545578777790070e-02 3.408121168613433838e-01 0.000000000000000000e+00 1.000000000000000000e+00
3.183814086914062500e+02 6.444300842285156250e+01 1.146103668212890625e+02 -9.398927688598632812e-01 -3.072958998382091522e-02 3.400841951370239258e-01 0.000000000000000000e+00 1.000000000000000000e+00
3.177648925781250000e+02 6.442285156250000000e+01 1.148334426879882812e+02 -9.398140311241149902e-01 -3.434396162629127502e-02 3.399559557437896729e-01 0.000000000000000000e+00 1.000000000000000000e+00
3.171535949707031250e+02 6.440051269531250000e+01 1.150545654296875000e+02 -9.397488236427307129e-01 -3.650327399373054504e-02 3.399111926555633545e-01 0.000000000000000000e+00 1.000000000000000000e+00
3.165576782226562500e+02 6.437736511230468750e+01 1.152701110839843750e+02 -9.396703243255615234e-01 -3.774872049689292908e-02 3.399922549724578857e-01 0.000000000000000000e+00 1.000000000000000000e+00
3.159926757812500000e+02 6.435466766357421875e+01 1.154745407104492188e+02 -9.396120309829711914e-01 -3.843209892511367798e-02 3.400768041610717773e-01 0.000000000000000000e+00 1.000000000000000000e+00
3.154771118164062500e+02 6.433358001708984375e+01 1.156611404418945312e+02 -9.395859837532043457e-01 -3.870426490902900696e-02 3.401177227497100830e-01 0.000000000000000000e+00 1.000000000000000000e+00
3.150289001464843750e+02 6.431511688232421875e+01 1.158233871459960938e+02 -9.395772814750671387e-01 -3.885631635785102844e-02 3.401244878768920898e-01 0.000000000000000000e+00 1.000000000000000000e+00
3.146615905761718750e+02 6.429992675781250000e+01 1.159563522338867188e+02 -9.395772814750671387e-01 -3.885631635785102844e-02 3.401244878768920898e-01 0.000000000000000000e+00 1.000000000000000000e+00
