3.684420471191406250e+02 1.056877365112304688e+02 1.485112304687500000e+02 8.901560902595520020e-01 4.550386071205139160e-01 2.370584197342395782e-02 0.000000000000000000e+00 1.000000000000000000e+00
3.680472717285156250e+02 1.054859313964843750e+02 1.485007171630859375e+02 8.861866593360900879e-01 4.617639780044555664e-01 3.804432228207588196e-02 0.000000000000000000e+00 1.000000000000000000e+00
3.675471801757812500e+02 1.052253494262695312e+02 1.484792480468750000e+02 8.800826668739318848e-01 4.712468385696411133e-01 5.814635381102561951e-02 0.000000000000000000e+00 1.000000000000000000e+00
3.669614868164062500e+02 1.049117355346679688e+02 1.484405517578125000e+02 8.707386851310729980e-01 4.841851294040679932e-01 8.590079098939895630e-02 0.000000000000000000e+00 1.000000000000000000e+00
3.663226928710937500e+02 1.045565261840820312e+02 1.483775329589843750e+02 8.566080927848815918e-01 5.011790394783020020e-01 1.226464360952377319e-01 0.000000000000000000e+00 1.000000000000000000e+00
3.656681213378906250e+02 1.041735534667968750e+02 1.482838134765625000e+02 8.357732295989990234e-01 5.224283337593078613e-01 1.689729392528533936e-01 0.000000000000000000e+00 1.000000000000000000e+00
3.650312805175781250e+02 1.037754745483398438e+02 1.481550598144531250e+02 8.069847822189331055e-01 5.467047095298767090e-01 2.233596444129943848e-01 0.000000000000000000e+00 1.000000000000000000e+00
3.644347839355468750e+02 1.033713684082031250e+02 1.479899597167968750e+02 7.702516913414001465e-01 5.722091197967529297e-01 2.815830409526824951e-01 0.000000000000000000e+00 1.000000000000000000e+00
3.638889160156250000e+02 1.029658508300781250e+02 1.477904052734375000e+02 7.281983494758605957e-01 5.962662100791931152e-01 3.379256427288055420e-01 0.000000000000000000e+00 1.000000000000000000e+00
3.633930664062500000e+02 1.025598373413085938e+02 1.475603027343750000e+02 6.848009824752807617e-01 6.174629926681518555e-01 3.870232999324798584e-01 0.000000000000000000e+00 1.000000000000000000e+00
3.629401855468750000e+02 1.021514892578125000e+02 1.473043518066406250e+02 6.446236371994018555e-01 6.357520222663879395e-01 4.245935380458831787e-01 0.000000000000000000e+00 1.000000000000000000e+00
3.625210876464843750e+02 1.017381591796875000e+02 1.470283050537109375e+02 6.089156866073608398e-01 6.529965996742248535e-01 4.503522813320159912e-01 0.000000000000000000e+00 1.000000000000000000e+00
3.621287231445312500e+02 1.013173904418945312e+02 1.467381134033203125e+02 5.771380066871643066e-01 6.720867156982421875e-01 4.639083743095397949e-01 0.000000000000000000e+00 1.000000000000000000e+00
3.617585144042968750e+02 1.008862762451171875e+02 1.464405364990234375e+02 5.474098920822143555e-01 6.964309811592102051e-01 4.640325605869293213e-01 0.000000000000000000e+00 1.000000000000000000e+00
3.614087829589843750e+02 1.004413375854492188e+02 1.461440734863281250e+02 5.186461210250854492e-01 7.286543250083923340e-01 4.472908675670623779e-01 0.000000000000000000e+00 1.000000000000000000e+00
3.610791625976562500e+02 9.997824859619140625e+01 1.458598022460937500e+02 4.909618496894836426e-01 7.695810198783874512e-01 4.082910418510437012e-01 0.000000000000000000e+00 1.000000000000000000e+00
3.607684326171875000e+02 9.949118041992187500e+01 1.456013946533203125e+02 4.657488167285919189e-01 8.159886598587036133e-01 3.424042165279388428e-01 0.000000000000000000e+00 1.000000000000000000e+00
3.604736633300781250e+02 9.897474670410156250e+01 1.453846893310546875e+02 4.449489712715148926e-01 8.603696823120117188e-01 2.485648095607757568e-01 0.000000000000000000e+00 1.000000000000000000e+00
3.601902770996093750e+02 9.842678070068359375e+01 1.452263793945312500e+02 4.303046166896820068e-01 8.932088017463684082e-01 1.304455548524856567e-01 0.000000000000000000e+00 1.000000000000000000e+00
3.599129333496093750e+02 9.785108184814453125e+01 1.451423034667968750e+02 4.222941994667053223e-01 9.064477086067199707e-01 -4.489506129175424576e-03 0.000000000000000000e+00 1.000000000000000000e+00
3.596373596191406250e+02 9.725956726074218750e+01 1.451452331542968750e+02 4.199821949005126953e-01 8.952533602714538574e-01 -1.487833559513092041e-01 0.000000000000000000e+00 1.000000000000000000e+00
3.593612670898437500e+02 9.667103576660156250e+01 1.452430419921875000e+02 4.211144745349884033e-01 8.573996424674987793e-01 -2.958518266677856445e-01 0.000000000000000000e+00 1.000000000000000000e+00
3.590842590332031250e+02 9.610704040527343750e+01 1.454376525878906250e+02 4.232773780822753906e-01 7.929586768150329590e-01 -4.382382035255432129e-01 0.000000000000000000e+00 1.000000000000000000e+00
3.588066711425781250e+02 9.558701324462890625e+01 1.457250518798828125e+02 4.243753552436828613e-01 7.068343162536621094e-01 -5.659424662590026855e-01 0.000000000000000000e+00 1.000000000000000000e+00
3.585285644531250000e+02 9.512380218505859375e+01 1.460959320068359375e+02 4.255463182926177979e-01 6.099211573600769043e-01 -6.685107350349426270e-01 0.000000000000000000e+00 1.000000000000000000e+00
3.582478942871093750e+02 9.472152709960937500e+01 1.465368499755859375e+02 4.298444986343383789e-01 5.160667896270751953e-01 -7.408837676048278809e-01 0.000000000000000000e+00 1.000000000000000000e+00
3.579605407714843750e+02 9.437653350830078125e+01 1.470321350097656250e+02 4.416817724704742432e-01 4.356270432472229004e-01 -7.843125462532043457e-01 0.000000000000000000e+00 1.000000000000000000e+00
3.576600036621093750e+02 9.408011627197265625e+01 1.475658111572265625e+02 4.631324708461761475e-01 3.725435137748718262e-01 -8.041887879371643066e-01 0.000000000000000000e+00 1.000000000000000000e+00
3.573388366699218750e+02 9.382176971435546875e+01 1.481234893798828125e+02 4.939709603786468506e-01 3.246501982212066650e-01 -8.065946698188781738e-01 0.000000000000000000e+00 1.000000000000000000e+00
3.569897460937500000e+02 9.359233856201171875e+01 1.486935119628906250e+02 5.315842628479003906e-01 2.878531515598297119e-01 -7.965919375419616699e-01 0.000000000000000000e+00 1.000000000000000000e+00
3.566071777343750000e+02 9.338517761230468750e+01 1.492667999267578125e+02 5.722059607505798340e-01 2.563474178314208984e-01 -7.790163159370422363e-01 0.000000000000000000e+00 1.000000000000000000e+00
3.561878662109375000e+02 9.319732666015625000e+01 1.498376617431640625e+02 6.132482290267944336e-01 2.255479693412780762e-01 -7.570038437843322754e-01 0.000000000000000000e+00 1.000000000000000000e+00
3.557305908203125000e+02 9.302914428710937500e+01 1.504021301269531250e+02 6.526970267295837402e-01 1.925037503242492676e-01 -7.327542901039123535e-01 0.000000000000000000e+00 1.000000000000000000e+00
3.552358398437500000e+02 9.288322448730468750e+01 1.509575653076171875e+02 6.900132894515991211e-01 1.574500352144241333e-01 -7.064638733863830566e-01 0.000000000000000000e+00 1.000000000000000000e+00
3.547046203613281250e+02 9.276200866699218750e+01 1.515014495849609375e+02 7.248426079750061035e-01 1.220890283584594727e-01 -6.780099272727966309e-01 0.000000000000000000e+00 1.000000000000000000e+00
3.541380615234375000e+02 9.266658020019531250e+01 1.520314025878906250e+02 7.574612498283386230e-01 9.052796661853790283e-02 -6.465734243392944336e-01 0.000000000000000000e+00 1.000000000000000000e+00
3.535371704101562500e+02 9.259476470947265625e+01 1.525443267822265625e+02 7.883316874504089355e-01 6.677789241075515747e-02 -6.116157174110412598e-01 0.000000000000000000e+00 1.000000000000000000e+00
3.529025573730468750e+02 9.254100799560546875e+01 1.530366821289062500e+02 8.175842761993408203e-01 5.348909273743629456e-02 -5.733192563056945801e-01 0.000000000000000000e+00 1.000000000000000000e+00
3.522357482910156250e+02 9.249738311767578125e+01 1.535042724609375000e+02 8.452693819999694824e-01 5.098309367895126343e-02 -5.319026708602905273e-01 0.000000000000000000e+00 1.000000000000000000e+00
3.515380249023437500e+02 9.245529937744140625e+01 1.539433288574218750e+02 8.713669776916503906e-01 5.801314860582351685e-02 -4.871898293495178223e-01 0.000000000000000000e+00 1.000000000000000000e+00
3.508105773925781250e+02 9.240686798095703125e+01 1.543500518798828125e+02 8.953520059585571289e-01 7.200769335031509399e-02 -4.394992887973785400e-01 0.000000000000000000e+00 1.000000000000000000e+00
3.500553588867187500e+02 9.234613037109375000e+01 1.547207641601562500e+02 9.170293807983398438e-01 9.009229391813278198e-02 -3.885106742382049561e-01 0.000000000000000000e+00 1.000000000000000000e+00
3.492752075195312500e+02 9.226948547363281250e+01 1.550512847900390625e+02 9.361590147018432617e-01 1.097792387008666992e-01 -3.339981436729431152e-01 0.000000000000000000e+00 1.000000000000000000e+00
3.484752197265625000e+02 9.217567443847656250e+01 1.553367004394531250e+02 9.523462653160095215e-01 1.294699758291244507e-01 -2.761775553226470947e-01 0.000000000000000000e+00 1.000000000000000000e+00
3.476633911132812500e+02 9.206530761718750000e+01 1.555721282958984375e+02 9.652524590492248535e-01 1.483199447393417358e-01 -2.151485979557037354e-01 0.000000000000000000e+00 1.000000000000000000e+00
3.468502502441406250e+02 9.194036102294921875e+01 1.557533721923828125e+02 9.743230342864990234e-01 1.664627343416213989e-01 -1.516074389219284058e-01 0.000000000000000000e+00 1.000000000000000000e+00
3.460471191406250000e+02 9.180314636230468750e+01 1.558783416748046875e+02 9.789947271347045898e-01 1.843986362218856812e-01 -8.698571473360061646e-02 0.000000000000000000e+00 1.000000000000000000e+00
3.452641906738281250e+02 9.165567779541015625e+01 1.559479064941406250e+02 9.789721965789794922e-01 2.027252465486526489e-01 -2.271392568945884705e-02 0.000000000000000000e+00 1.000000000000000000e+00
3.445085449218750000e+02 9.149919891357421875e+01 1.559654388427734375e+02 9.742350578308105469e-01 2.219881117343902588e-01 3.984165564179420471e-02 0.000000000000000000e+00 1.000000000000000000e+00
3.437832031250000000e+02 9.133392333984375000e+01 1.559357757568359375e+02 9.648666977882385254e-01 2.426454275846481323e-01 1.007750630378723145e-01 0.000000000000000000e+00 1.000000000000000000e+00
3.430876464843750000e+02 9.115900421142578125e+01 1.558631286621093750e+02 9.507311582565307617e-01 2.649749517440795898e-01 1.609303802251815796e-01 0.000000000000000000e+00 1.000000000000000000e+00
3.424194946289062500e+02 9.097278594970703125e+01 1.557500305175781250e+02 9.312654137611389160e-01 2.888874411582946777e-01 2.220105379819869995e-01 0.000000000000000000e+00 1.000000000000000000e+00
3.417757873535156250e+02 9.077310180664062500e+01 1.555965728759765625e+02 9.057959318161010742e-01 3.139947056770324707e-01 2.845014035701751709e-01 0.000000000000000000e+00 1.000000000000000000e+00
3.411543884277343750e+02 9.055769348144531250e+01 1.554013977050781250e+02 8.741683363914489746e-01 3.393329083919525146e-01 3.473945260047912598e-01 0.000000000000000000e+00 1.000000000000000000e+00
3.405545959472656250e+02 9.032486724853515625e+01 1.551630401611328125e+02 8.373449444770812988e-01 3.636538982391357422e-01 4.081780016422271729e-01 0.000000000000000000e+00 1.000000000000000000e+00
3.399775085449218750e+02 9.007424163818359375e+01 1.548817291259765625e+02 7.977311015129089355e-01 3.854614496231079102e-01 4.637290835380554199e-01 0.000000000000000000e+00 1.000000000000000000e+00
3.394244689941406250e+02 8.980701446533203125e+01 1.545602416992187500e+02 7.584667205810546875e-01 4.038106501102447510e-01 5.115321874618530273e-01 0.000000000000000000e+00 1.000000000000000000e+00
3.388963623046875000e+02 8.952584838867187500e+01 1.542040710449218750e+02 7.225905656814575195e-01 4.182797074317932129e-01 5.503680109977722168e-01 0.000000000000000000e+00 1.000000000000000000e+00
3.383925170898437500e+02 8.923419189453125000e+01 1.538203125000000000e+02 6.924450397491455078e-01 4.294022917747497559e-01 5.797703266143798828e-01 0.000000000000000000e+00 1.000000000000000000e+00
3.379105224609375000e+02 8.893529510498046875e+01 1.534167480468750000e+02 6.689549088478088379e-01 4.384170174598693848e-01 6.002414226531982422e-01 0.000000000000000000e+00 1.000000000000000000e+00
3.374467468261718750e+02 8.863134765625000000e+01 1.530006103515625000e+02 6.510068178176879883e-01 4.472989141941070557e-01 6.132811307907104492e-01 0.000000000000000000e+00 1.000000000000000000e+00
3.369978027343750000e+02 8.832288360595703125e+01 1.525776824951171875e+02 6.362574696540832520e-01 4.582242369651794434e-01 6.206504702568054199e-01 0.000000000000000000e+00 1.000000000000000000e+00
3.365617370605468750e+02 8.800883483886718750e+01 1.521523132324218750e+02 6.222301721572875977e-01 4.728286862373352051e-01 6.239091157913208008e-01 0.000000000000000000e+00 1.000000000000000000e+00
3.361376037597656250e+02 8.768653869628906250e+01 1.517270355224609375e+02 6.065928339958190918e-01 4.921517670154571533e-01 6.243650913238525391e-01 0.000000000000000000e+00 1.000000000000000000e+00
3.357256469726562500e+02 8.735230255126953125e+01 1.513030090332031250e+02 5.886363387107849121e-01 5.156691670417785645e-01 6.225693225860595703e-01 0.000000000000000000e+00 1.000000000000000000e+00
3.353259582519531250e+02 8.700215911865234375e+01 1.508802795410156250e+02 5.691434144973754883e-01 5.414397716522216797e-01 6.188042759895324707e-01 0.000000000000000000e+00 1.000000000000000000e+00
3.349375610351562500e+02 8.663266754150390625e+01 1.504579925537109375e+02 5.498384833335876465e-01 5.671966671943664551e-01 6.131604313850402832e-01 0.000000000000000000e+00 1.000000000000000000e+00
3.345586242675781250e+02 8.624176788330078125e+01 1.500354156494140625e+02 5.322003364562988281e-01 5.908609628677368164e-01 6.063382625579833984e-01 0.000000000000000000e+00 1.000000000000000000e+00
3.341874084472656250e+02 8.582963562011718750e+01 1.496124877929687500e+02 5.173850059509277344e-01 6.110801696777343750e-01 5.990774035453796387e-01 0.000000000000000000e+00 1.000000000000000000e+00
3.338226928710937500e+02 8.539887237548828125e+01 1.491901855468750000e+02 5.053340196609497070e-01 6.277455687522888184e-01 5.920920372009277344e-01 0.000000000000000000e+00 1.000000000000000000e+00
3.334648742675781250e+02 8.495437622070312500e+01 1.487709350585937500e+02 4.954150319099426270e-01 6.411590576171875000e-01 5.860708355903625488e-01 0.000000000000000000e+00 1.000000000000000000e+00
3.331155700683593750e+02 8.450231170654296875e+01 1.483577117919921875e+02 4.859804809093475342e-01 6.524961590766906738e-01 5.814393758773803711e-01 0.000000000000000000e+00 1.000000000000000000e+00
3.327774963378906250e+02 8.404840087890625000e+01 1.479532318115234375e+02 4.755056500434875488e-01 6.630107164382934570e-01 5.781965851783752441e-01 0.000000000000000000e+00 1.000000000000000000e+00
3.324536132812500000e+02 8.359680175781250000e+01 1.475594024658203125e+02 4.625686407089233398e-01 6.739495396614074707e-01 5.760401487350463867e-01 0.000000000000000000e+00 1.000000000000000000e+00
3.321463317871093750e+02 8.314910125732421875e+01 1.471767425537109375e+02 4.455753564834594727e-01 6.867206692695617676e-01 5.743494629859924316e-01 0.000000000000000000e+00 1.000000000000000000e+00
3.318576354980468750e+02 8.270416259765625000e+01 1.468046112060546875e+02 4.243951439857482910e-01 7.014957070350646973e-01 5.725317001342773438e-01 0.000000000000000000e+00 1.000000000000000000e+00
3.315884399414062500e+02 8.225920104980468750e+01 1.464414520263671875e+02 3.991860747337341309e-01 7.180243134498596191e-01 5.701680779457092285e-01 0.000000000000000000e+00 1.000000000000000000e+00
3.313391418457031250e+02 8.181078338623046875e+01 1.460853729248046875e+02 3.728733062744140625e-01 7.342637181282043457e-01 5.672937631607055664e-01 0.000000000000000000e+00 1.000000000000000000e+00
3.311082458496093750e+02 8.135610198974609375e+01 1.457340850830078125e+02 3.482329547405242920e-01 7.482860088348388672e-01 5.646253824234008789e-01 0.000000000000000000e+00 1.000000000000000000e+00
3.308930664062500000e+02 8.089372253417968750e+01 1.453851928710937500e+02 3.300821781158447266e-01 7.580836415290832520e-01 5.624543428421020508e-01 0.000000000000000000e+00 1.000000000000000000e+00
3.306884765625000000e+02 8.042385101318359375e+01 1.450365753173828125e+02 3.227955996990203857e-01 7.623941302299499512e-01 5.608549118041992188e-01 0.000000000000000000e+00 1.000000000000000000e+00
3.304871826171875000e+02 7.994842529296875000e+01 1.446868286132812500e+02 3.320137858390808105e-01 7.601905465126037598e-01 5.584596991539001465e-01 0.000000000000000000e+00 1.000000000000000000e+00
3.302787170410156250e+02 7.947111511230468750e+01 1.443361816406250000e+02 3.614417016506195068e-01 7.506977319717407227e-01 5.530033707618713379e-01 0.000000000000000000e+00 1.000000000000000000e+00
3.300502929687500000e+02 7.899668884277343750e+01 1.439866943359375000e+02 4.131596088409423828e-01 7.321600317955017090e-01 5.415170788764953613e-01 0.000000000000000000e+00 1.000000000000000000e+00
3.297872314453125000e+02 7.853051757812500000e+01 1.436419067382812500e+02 4.845461249351501465e-01 7.028453946113586426e-01 5.207911729812622070e-01 0.000000000000000000e+00 1.000000000000000000e+00
3.294751281738281250e+02 7.807780456542968750e+01 1.433064575195312500e+02 5.686122179031372070e-01 6.617317795753479004e-01 4.886627495288848877e-01 0.000000000000000000e+00 1.000000000000000000e+00
3.291015930175781250e+02 7.764309692382812500e+01 1.429854431152343750e+02 6.547484397888183594e-01 6.108089685440063477e-01 4.452154040336608887e-01 0.000000000000000000e+00 1.000000000000000000e+00
3.286587829589843750e+02 7.723000335693359375e+01 1.426843414306640625e+02 7.336072921752929688e-01 5.543177723884582520e-01 3.931313455104827881e-01 0.000000000000000000e+00 1.000000000000000000e+00
3.281443176269531250e+02 7.684127044677734375e+01 1.424086456298828125e+02 7.999208569526672363e-01 4.970554411411285400e-01 3.362476825714111328e-01 0.000000000000000000e+00 1.000000000000000000e+00
3.275603942871093750e+02 7.647843170166015625e+01 1.421631927490234375e+02 8.522230982780456543e-01 4.426728188991546631e-01 2.788487076759338379e-01 0.000000000000000000e+00 1.000000000000000000e+00
3.269133911132812500e+02 7.614235687255859375e+01 1.419514923095703125e+02 8.914120793342590332e-01 3.933185338973999023e-01 2.251332551240921021e-01 0.000000000000000000e+00 1.000000000000000000e+00
3.262124938964843750e+02 7.583309936523437500e+01 1.417744750976562500e+02 9.194098114967346191e-01 3.502945005893707275e-01 1.788276135921478271e-01 0.000000000000000000e+00 1.000000000000000000e+00
3.254691772460937500e+02 7.554989624023437500e+01 1.416298980712890625e+02 9.387618899345397949e-01 3.139502108097076416e-01 1.419904232025146484e-01 0.000000000000000000e+00 1.000000000000000000e+00
3.246970214843750000e+02 7.529166412353515625e+01 1.415131072998046875e+02 9.518983960151672363e-01 2.840178012847900391e-01 1.149925738573074341e-01 0.000000000000000000e+00 1.000000000000000000e+00
3.239107360839843750e+02 7.505706024169921875e+01 1.414181213378906250e+02 9.608266353607177734e-01 2.598117589950561523e-01 9.648873656988143921e-02 0.000000000000000000e+00 1.000000000000000000e+00
3.231236572265625000e+02 7.484423065185546875e+01 1.413390808105468750e+02 9.669237136840820312e-01 2.407814711332321167e-01 8.415958285331726074e-02 0.000000000000000000e+00 1.000000000000000000e+00
3.223466796875000000e+02 7.465074920654296875e+01 1.412714538574218750e+02 9.709466695785522461e-01 2.268274873495101929e-01 7.623553276062011719e-02 0.000000000000000000e+00 1.000000000000000000e+00
3.215858459472656250e+02 7.447300720214843750e+01 1.412117156982421875e+02 9.733118414878845215e-01 2.178264707326889038e-01 7.221926003694534302e-02 0.000000000000000000e+00 1.000000000000000000e+00
3.208424377441406250e+02 7.430663299560546875e+01 1.411565551757812500e+02 9.741783738136291504e-01 2.136980444192886353e-01 7.286759465932846069e-02 0.000000000000000000e+00 1.000000000000000000e+00
3.201135559082031250e+02 7.414674377441406250e+01 1.411020355224609375e+02 9.735764861106872559e-01 2.139353007078170776e-01 7.987853884696960449e-02 0.000000000000000000e+00 1.000000000000000000e+00
3.193941955566406250e+02 7.398867034912109375e+01 1.410430145263671875e+02 9.713452458381652832e-01 2.179890125989913940e-01 9.470574557781219482e-02 0.000000000000000000e+00 1.000000000000000000e+00
3.186789855957031250e+02 7.382816314697265625e+01 1.409732818603515625e+02 9.673063755035400391e-01 2.249499261379241943e-01 1.171147599816322327e-01 0.000000000000000000e+00 1.000000000000000000e+00
3.179640197753906250e+02 7.366189575195312500e+01 1.408867187500000000e+02 9.609347581863403320e-01 2.349945008754730225e-01 1.462256312370300293e-01 0.000000000000000000e+00 1.000000000000000000e+00
3.172489624023437500e+02 7.348703002929687500e+01 1.407779083251953125e+02 9.516686201095581055e-01 2.483731508255004883e-01 1.806591302156448364e-01 0.000000000000000000e+00 1.000000000000000000e+00
3.165372009277343750e+02 7.330126953125000000e+01 1.406427917480468750e+02 9.388562440872192383e-01 2.660140395164489746e-01 2.185991108417510986e-01 0.000000000000000000e+00 1.000000000000000000e+00
3.158362426757812500e+02 7.310266113281250000e+01 1.404795837402343750e+02 9.220113158226013184e-01 2.882679700851440430e-01 2.584506869316101074e-01 0.000000000000000000e+00 1.000000000000000000e+00
3.151551513671875000e+02 7.288971710205078125e+01 1.402886657714843750e+02 9.011262655258178711e-01 3.149874210357666016e-01 2.979166507720947266e-01 0.000000000000000000e+00 1.000000000000000000e+00
3.145027160644531250e+02 7.266165924072265625e+01 1.400729675292968750e+02 8.770925402641296387e-01 3.451645970344543457e-01 3.340211808681488037e-01 0.000000000000000000e+00 1.000000000000000000e+00
3.138847961425781250e+02 7.241848754882812500e+01 1.398376464843750000e+02 8.520358204841613770e-01 3.769041001796722412e-01 3.632880747318267822e-01 0.000000000000000000e+00 1.000000000000000000e+00
3.133028259277343750e+02 7.216104888916015625e+01 1.395895080566406250e+02 8.288043737411499023e-01 4.082487225532531738e-01 3.826438784599304199e-01 0.000000000000000000e+00 1.000000000000000000e+00
3.127540893554687500e+02 7.189075469970703125e+01 1.393361663818359375e+02 8.098592162132263184e-01 4.373083412647247314e-01 3.910106718540191650e-01 0.000000000000000000e+00 1.000000000000000000e+00
3.122329406738281250e+02 7.160934448242187500e+01 1.390845489501953125e+02 7.966530323028564453e-01 4.627003073692321777e-01 3.889118731021881104e-01 0.000000000000000000e+00 1.000000000000000000e+00
3.117319641113281250e+02 7.131837463378906250e+01 1.388399810791015625e+02 7.891154885292053223e-01 4.845740199089050293e-01 3.774716556072235107e-01 0.000000000000000000e+00 1.000000000000000000e+00
3.112435913085937500e+02 7.101847839355468750e+01 1.386063690185546875e+02 7.864509820938110352e-01 5.039311647415161133e-01 3.571390509605407715e-01 0.000000000000000000e+00 1.000000000000000000e+00
3.107604064941406250e+02 7.070886993408203125e+01 1.383869476318359375e+02 7.874715924263000488e-01 5.222414135932922363e-01 3.273416161537170410e-01 0.000000000000000000e+00 1.000000000000000000e+00
3.102750244140625000e+02 7.038697052001953125e+01 1.381851806640625000e+02 7.907045483589172363e-01 5.405613183975219727e-01 2.873669266700744629e-01 0.000000000000000000e+00 1.000000000000000000e+00
3.097807312011718750e+02 7.004904937744140625e+01 1.380055389404296875e+02 7.946503162384033203e-01 5.585190653800964355e-01 2.378809154033660889e-01 0.000000000000000000e+00 1.000000000000000000e+00
3.092713623046875000e+02 6.969104003906250000e+01 1.378530578613281250e+02 7.980639934539794922e-01 5.743387937545776367e-01 1.822877824306488037e-01 0.000000000000000000e+00 1.000000000000000000e+00
3.087419433593750000e+02 6.931003570556640625e+01 1.377321319580078125e+02 8.005915880203247070e-01 5.858577489852905273e-01 1.257927268743515015e-01 0.000000000000000000e+00 1.000000000000000000e+00
3.081891784667968750e+02 6.890553283691406250e+01 1.376452789306640625e+02 8.024806380271911621e-01 5.920725464820861816e-01 7.399314641952514648e-02 0.000000000000000000e+00 1.000000000000000000e+00
3.076124572753906250e+02 6.848002624511718750e+01 1.375921020507812500e+02 8.047438263893127441e-01 5.928499698638916016e-01 3.026909008622169495e-02 0.000000000000000000e+00 1.000000000000000000e+00
3.070132751464843750e+02 6.803861236572265625e+01 1.375695648193359375e+02 8.077930212020874023e-01 5.894505977630615234e-01 -4.290614742785692215e-03 0.000000000000000000e+00 1.000000000000000000e+00
3.063956298828125000e+02 6.758791351318359375e+01 1.375728454589843750e+02 8.118671178817749023e-01 5.830510854721069336e-01 -3.038319200277328491e-02 0.000000000000000000e+00 1.000000000000000000e+00
3.057644653320312500e+02 6.713463592529296875e+01 1.375964660644531250e+02 8.168711662292480469e-01 5.746811032295227051e-01 -4.962902516126632690e-02 0.000000000000000000e+00 1.000000000000000000e+00
3.051250305175781250e+02 6.668478393554687500e+01 1.376353149414062500e+02 8.226654529571533203e-01 5.649872422218322754e-01 -6.333149969577789307e-02 0.000000000000000000e+00 1.000000000000000000e+00
3.044818420410156250e+02 6.624305725097656250e+01 1.376848297119140625e+02 8.294692635536193848e-01 5.538181662559509277e-01 -7.256872951984405518e-02 0.000000000000000000e+00 1.000000000000000000e+00
3.038379211425781250e+02 6.581312561035156250e+01 1.377411651611328125e+02 8.379241824150085449e-01 5.402750968933105469e-01 -7.736792415380477905e-02 0.000000000000000000e+00 1.000000000000000000e+00
3.031939086914062500e+02 6.539788055419921875e+01 1.378006286621093750e+02 8.489066958427429199e-01 5.229377150535583496e-01 -7.677051424980163574e-02 0.000000000000000000e+00 1.000000000000000000e+00
3.025478515625000000e+02 6.499990081787109375e+01 1.378590545654296875e+02 8.635888099670410156e-01 4.995976686477661133e-01 -6.794447451829910278e-02 0.000000000000000000e+00 1.000000000000000000e+00
3.018946533203125000e+02 6.462201690673828125e+01 1.379104461669921875e+02 8.824582099914550781e-01 4.678196012973785400e-01 -4.911492019891738892e-02 0.000000000000000000e+00 1.000000000000000000e+00
3.012257080078125000e+02 6.426738739013671875e+01 1.379476776123046875e+02 9.044572114944458008e-01 4.261682331562042236e-01 -1.837569288909435272e-02 0.000000000000000000e+00 1.000000000000000000e+00
3.005302429199218750e+02 6.393969345092773438e+01 1.379618072509765625e+02 9.267213344573974609e-01 3.750663399696350098e-01 2.264624275267124176e-02 0.000000000000000000e+00 1.000000000000000000e+00
2.997971801757812500e+02 6.364300537109375000e+01 1.379438934326171875e+02 9.457442760467529297e-01 3.174233436584472656e-01 6.935556977987289429e-02 0.000000000000000000e+00 1.000000000000000000e+00
2.990171203613281250e+02 6.338119125366210938e+01 1.378866882324218750e+02 9.593056440353393555e-01 2.581883668899536133e-01 1.143303290009498596e-01 0.000000000000000000e+00 1.000000000000000000e+00
2.981846618652343750e+02 6.315714263916015625e+01 1.377874755859375000e+02 9.675876498222351074e-01 2.023044675588607788e-01 1.511522382497787476e-01 0.000000000000000000e+00 1.000000000000000000e+00
2.972989196777343750e+02 6.297195053100585938e+01 1.376491088867187500e+02 9.725178480148315430e-01 1.531771123409271240e-01 1.753450334072113037e-01 0.000000000000000000e+00 1.000000000000000000e+00
2.963632507324218750e+02 6.282457733154296875e+01 1.374804077148437500e+02 9.762676358222961426e-01 1.123950332403182983e-01 1.851185411214828491e-01 0.000000000000000000e+00 1.000000000000000000e+00
2.953837585449218750e+02 6.271181106567382812e+01 1.372946777343750000e+02 9.802196025848388672e-01 7.993515580892562866e-02 1.810522675514221191e-01 0.000000000000000000e+00 1.000000000000000000e+00
2.943687133789062500e+02 6.262903594970703125e+01 1.371071929931640625e+02 9.847346544265747070e-01 5.490696802735328674e-02 1.651751548051834106e-01 0.000000000000000000e+00 1.000000000000000000e+00
2.933267517089843750e+02 6.257093811035156250e+01 1.369324188232421875e+02 9.894440770149230957e-01 3.600148484110832214e-02 1.403719484806060791e-01 0.000000000000000000e+00 1.000000000000000000e+00
2.922673339843750000e+02 6.253239059448242188e+01 1.367821197509765625e+02 9.937348365783691406e-01 2.190703898668289185e-02 1.095955893397331238e-01 0.000000000000000000e+00 1.000000000000000000e+00
2.912001953125000000e+02 6.250886535644531250e+01 1.366644287109375000e+02 9.971096515655517578e-01 1.140701770782470703e-02 7.511433959007263184e-02 0.000000000000000000e+00 1.000000000000000000e+00
2.901341552734375000e+02 6.249666976928710938e+01 1.365841217041015625e+02 9.992513656616210938e-01 3.760809544473886490e-03 3.850146755576133728e-02 0.000000000000000000e+00 1.000000000000000000e+00
2.890759887695312500e+02 6.249268722534179688e+01 1.365433502197265625e+02 9.999983906745910645e-01 -1.305766636505723000e-03 1.152576180174946785e-03 0.000000000000000000e+00 1.000000000000000000e+00
2.880301208496093750e+02 6.249405288696289062e+01 1.365421447753906250e+02 9.993624687194824219e-01 -3.752891439944505692e-03 -3.550471737980842590e-02 0.000000000000000000e+00 1.000000000000000000e+00
2.869980468750000000e+02 6.249792861938476562e+01 1.365788116455078125e+02 9.975890517234802246e-01 -3.364279167726635933e-03 -6.931684911251068115e-02 0.000000000000000000e+00 1.000000000000000000e+00
2.859788818359375000e+02 6.250136566162109375e+01 1.366496276855468750e+02 9.951940774917602539e-01 1.958153879968449473e-04 -9.792275726795196533e-02 0.000000000000000000e+00 1.000000000000000000e+00
2.849707336425781250e+02 6.250116729736328125e+01 1.367488250732421875e+02 9.928750991821289062e-01 7.184921298176050186e-03 -1.189432144165039062e-01 0.000000000000000000e+00 1.000000000000000000e+00
2.839707336425781250e+02 6.249393081665039062e+01 1.368686218261718750e+02 9.913243651390075684e-01 1.766474172472953796e-02 -1.302461028099060059e-01 0.000000000000000000e+00 1.000000000000000000e+00
2.829761352539062500e+02 6.247620773315429688e+01 1.369992980957031250e+02 9.908232092857360840e-01 3.132424876093864441e-02 -1.314848810434341431e-01 0.000000000000000000e+00 1.000000000000000000e+00
2.819841613769531250e+02 6.244484710693359375e+01 1.371309356689453125e+02 9.912288784980773926e-01 4.755056649446487427e-02 -1.233052238821983337e-01 0.000000000000000000e+00 1.000000000000000000e+00
2.809920654296875000e+02 6.239725494384765625e+01 1.372543487548828125e+02 9.920219182968139648e-01 6.521634012460708618e-02 -1.078860312700271606e-01 0.000000000000000000e+00 1.000000000000000000e+00
2.799974365234375000e+02 6.233186721801757812e+01 1.373625183105468750e+02 9.926391243934631348e-01 8.288311958312988281e-02 -8.830644190311431885e-02 0.000000000000000000e+00 1.000000000000000000e+00
2.789996948242187500e+02 6.224855804443359375e+01 1.374512786865234375e+02 9.927495121955871582e-01 9.914451837539672852e-02 -6.796184182167053223e-02 0.000000000000000000e+00 1.000000000000000000e+00
2.780009155273437500e+02 6.214881134033203125e+01 1.375196533203125000e+02 9.923602342605590820e-01 1.129333376884460449e-01 -4.967132210731506348e-02 0.000000000000000000e+00 1.000000000000000000e+00
2.770068054199218750e+02 6.203567886352539062e+01 1.375694122314453125e+02 9.916486144065856934e-01 1.239483579993247986e-01 -3.563539311289787292e-02 0.000000000000000000e+00 1.000000000000000000e+00
2.760263671875000000e+02 6.191313171386718750e+01 1.376046447753906250e+02 9.908720254898071289e-01 1.320059597492218018e-01 -2.733068726956844330e-02 0.000000000000000000e+00 1.000000000000000000e+00
2.750715332031250000e+02 6.178592681884765625e+01 1.376309814453125000e+02 9.901498556137084961e-01 1.375477910041809082e-01 -2.615098841488361359e-02 0.000000000000000000e+00 1.000000000000000000e+00
2.741535034179687500e+02 6.165839767456054688e+01 1.376552276611328125e+02 9.894390702247619629e-01 1.410340666770935059e-01 -3.346321731805801392e-02 0.000000000000000000e+00 1.000000000000000000e+00
2.732804870605468750e+02 6.153395843505859375e+01 1.376847534179687500e+02 9.885082840919494629e-01 1.424534767866134644e-01 -5.058028176426887512e-02 0.000000000000000000e+00 1.000000000000000000e+00
2.724550476074218750e+02 6.141500473022460938e+01 1.377269897460937500e+02 9.868667125701904297e-01 1.413392573595046997e-01 -7.821312546730041504e-02 0.000000000000000000e+00 1.000000000000000000e+00
2.716745300292968750e+02 6.130321884155273438e+01 1.377888488769531250e+02 9.839385747909545898e-01 1.363798677921295166e-01 -1.151753365993499756e-01 0.000000000000000000e+00 1.000000000000000000e+00
2.709326782226562500e+02 6.120039367675781250e+01 1.378756866455078125e+02 9.792557358741760254e-01 1.259151250123977661e-01 -1.587561517953872681e-01 0.000000000000000000e+00 1.000000000000000000e+00
2.702224426269531250e+02 6.110906982421875000e+01 1.379908294677734375e+02 9.727517962455749512e-01 1.087278053164482117e-01 -2.047738581895828247e-01 0.000000000000000000e+00 1.000000000000000000e+00
2.695383300781250000e+02 6.103260421752929688e+01 1.381348419189453125e+02 9.647057056427001953e-01 8.453865349292755127e-02 -2.493915259838104248e-01 0.000000000000000000e+00 1.000000000000000000e+00
2.688771362304687500e+02 6.097466278076171875e+01 1.383057708740234375e+02 9.555611610412597656e-01 5.491128936409950256e-02 -2.896336913108825684e-01 0.000000000000000000e+00 1.000000000000000000e+00
2.682369384765625000e+02 6.093787384033203125e+01 1.384998168945312500e+02 9.459058046340942383e-01 2.275936119258403778e-02 -3.236421942710876465e-01 0.000000000000000000e+00 1.000000000000000000e+00
2.676162414550781250e+02 6.092293930053710938e+01 1.387121887207031250e+02 9.362287521362304688e-01 -8.561048656702041626e-03 -3.512867987155914307e-01 0.000000000000000000e+00 1.000000000000000000e+00
2.670121765136718750e+02 6.092846298217773438e+01 1.389388427734375000e+02 9.269431233406066895e-01 -3.593696281313896179e-02 -3.734768629074096680e-01 0.000000000000000000e+00 1.000000000000000000e+00
2.664201354980468750e+02 6.095141601562500000e+01 1.391773834228515625e+02 9.180681109428405762e-01 -5.782173946499824524e-02 -3.921832740306854248e-01 0.000000000000000000e+00 1.000000000000000000e+00
2.658344421386718750e+02 6.098830413818359375e+01 1.394275817871093750e+02 9.095857143402099609e-01 -7.314965873956680298e-02 -4.090269207954406738e-01 0.000000000000000000e+00 1.000000000000000000e+00
2.652485351562500000e+02 6.103542327880859375e+01 1.396910552978515625e+02 9.018013477325439453e-01 -8.128666877746582031e-02 -4.244371354579925537e-01 0.000000000000000000e+00 1.000000000000000000e+00
2.646552429199218750e+02 6.108890151977539062e+01 1.399702911376953125e+02 8.953319191932678223e-01 -8.151809871196746826e-02 -4.378763437271118164e-01 0.000000000000000000e+00 1.000000000000000000e+00
2.640481872558593750e+02 6.114417266845703125e+01 1.402671813964843750e+02 8.907174468040466309e-01 -7.404547929763793945e-02 -4.484860301017761230e-01 0.000000000000000000e+00 1.000000000000000000e+00
2.634223632812500000e+02 6.119619750976562500e+01 1.405822906494140625e+02 8.877251744270324707e-01 -6.093198060989379883e-02 -4.563238024711608887e-01 0.000000000000000000e+00 1.000000000000000000e+00
2.627766723632812500e+02 6.124051666259765625e+01 1.409141998291015625e+02 8.854870200157165527e-01 -4.497711732983589172e-02 -4.624820947647094727e-01 0.000000000000000000e+00 1.000000000000000000e+00
2.621133728027343750e+02 6.127420806884765625e+01 1.412606353759765625e+02 8.824506998062133789e-01 -2.998095192015171051e-02 -4.694485664367675781e-01 0.000000000000000000e+00 1.000000000000000000e+00
2.614392395019531250e+02 6.129711151123046875e+01 1.416192626953125000e+02 8.774493932723999023e-01 -1.800439879298210144e-02 -4.793311953544616699e-01 0.000000000000000000e+00 1.000000000000000000e+00
2.607636413574218750e+02 6.131097412109375000e+01 1.419883270263671875e+02 8.698261380195617676e-01 -8.396561257541179657e-03 -4.932867884635925293e-01 0.000000000000000000e+00 1.000000000000000000e+00
2.600953979492187500e+02 6.131742477416992188e+01 1.423672943115234375e+02 8.595503568649291992e-01 1.708638505078852177e-03 -5.110482573509216309e-01 0.000000000000000000e+00 1.000000000000000000e+00
2.594410095214843750e+02 6.131612396240234375e+01 1.427563629150390625e+02 8.469090461730957031e-01 1.608222164213657379e-02 -5.314945578575134277e-01 0.000000000000000000e+00 1.000000000000000000e+00
2.588041992187500000e+02 6.130403137207031250e+01 1.431560058593750000e+02 -8.323391079902648926e-01 -3.684127330780029297e-02 5.530409216880798340e-01 0.000000000000000000e+00 1.000000000000000000e+00
2.581869506835937500e+02 6.127671051025390625e+01 1.435661315917968750e+02 -8.153062462806701660e-01 -6.315392255783081055e-02 5.755755305290222168e-01 0.000000000000000000e+00 1.000000000000000000e+00
2.575921936035156250e+02 6.123064041137695312e+01 1.439860076904296875e+02 -7.945436835289001465e-01 -9.137830138206481934e-02 6.002919673919677734e-01 0.000000000000000000e+00 1.000000000000000000e+00
2.570252990722656250e+02 6.116544342041015625e+01 1.444143066406250000e+02 -7.679948806762695312e-01 -1.169155761599540710e-01 6.296939849853515625e-01 0.000000000000000000e+00 1.000000000000000000e+00
2.564944458007812500e+02 6.108462905883789062e+01 1.448495635986328125e+02 -7.327870130538940430e-01 -1.360308080911636353e-01 6.667224764823913574e-01 0.000000000000000000e+00 1.000000000000000000e+00
2.560086975097656250e+02 6.099445724487304688e+01 1.452915191650390625e+02 -6.859484910964965820e-01 -1.466567665338516235e-01 7.127176523208618164e-01 0.000000000000000000e+00 1.000000000000000000e+00
2.555754699707031250e+02 6.090183258056640625e+01 1.457416534423828125e+02 -6.253885626792907715e-01 -1.479602158069610596e-01 7.661572694778442383e-01 0.000000000000000000e+00 1.000000000000000000e+00
2.551982879638671875e+02 6.081259536743164062e+01 1.462037353515625000e+02 -5.515798926353454590e-01 -1.404900997877120972e-01 8.222057223320007324e-01 0.000000000000000000e+00 1.000000000000000000e+00
2.548764038085937500e+02 6.073060989379882812e+01 1.466835479736328125e+02 -4.694882631301879883e-01 -1.254872381687164307e-01 8.739757537841796875e-01 0.000000000000000000e+00 1.000000000000000000e+00
2.546058349609375000e+02 6.065829086303710938e+01 1.471872253417968750e+02 -3.873886466026306152e-01 -1.047489047050476074e-01 9.159463644027709961e-01 0.000000000000000000e+00 1.000000000000000000e+00
2.543804779052734375e+02 6.059735488891601562e+01 1.477200622558593750e+02 -3.133436739444732666e-01 -7.989637553691864014e-02 9.462728500366210938e-01 0.000000000000000000e+00 1.000000000000000000e+00
2.541935729980468750e+02 6.054969787597656250e+01 1.482845001220703125e+02 -2.525211274623870850e-01 -5.206978693604469299e-02 9.661893844604492188e-01 0.000000000000000000e+00 1.000000000000000000e+00
2.540380249023437500e+02 6.051762390136718750e+01 1.488796539306640625e+02 -2.071233540773391724e-01 -2.168337628245353699e-02 9.780744910240173340e-01 0.000000000000000000e+00 1.000000000000000000e+00
2.539063720703125000e+02 6.050384140014648438e+01 1.495013427734375000e+02 -1.772653460502624512e-01 1.069704722613096237e-02 9.841049313545227051e-01 0.000000000000000000e+00 1.000000000000000000e+00
2.537908782958984375e+02 6.051081085205078125e+01 1.501425170898437500e+02 -1.620374619960784912e-01 4.443520307540893555e-02 9.857835769653320312e-01 0.000000000000000000e+00 1.000000000000000000e+00
2.536836547851562500e+02 6.054021453857421875e+01 1.507948303222656250e+02 -1.600990891456604004e-01 7.852838933467864990e-02 9.839723706245422363e-01 0.000000000000000000e+00 1.000000000000000000e+00
2.535768585205078125e+02 6.059259796142578125e+01 1.514512023925781250e+02 -1.688908785581588745e-01 1.111828908324241638e-01 9.793437719345092773e-01 0.000000000000000000e+00 1.000000000000000000e+00
2.534637756347656250e+02 6.066704177856445312e+01 1.521069335937500000e+02 -1.856107562780380249e-01 1.400467008352279663e-01 9.725921750068664551e-01 0.000000000000000000e+00 1.000000000000000000e+00
2.533388214111328125e+02 6.076132202148437500e+01 1.527616882324218750e+02 -2.064916342496871948e-01 1.625103503465652466e-01 9.648583531379699707e-01 0.000000000000000000e+00 1.000000000000000000e+00
2.531980133056640625e+02 6.087213897705078125e+01 1.534196319580078125e+02 -2.280158996582031250e-01 1.771366894245147705e-01 9.574086666107177734e-01 0.000000000000000000e+00 1.000000000000000000e+00
2.530389556884765625e+02 6.099570465087890625e+01 1.540874938964843750e+02 -2.468872517347335815e-01 1.842434257268905640e-01 9.513680338859558105e-01 0.000000000000000000e+00 1.000000000000000000e+00
2.528612213134765625e+02 6.112834167480468750e+01 1.547723846435546875e+02 -2.613468766212463379e-01 1.859465390443801880e-01 9.471650719642639160e-01 0.000000000000000000e+00 1.000000000000000000e+00
2.526662597656250000e+02 6.126705551147460938e+01 1.554789581298828125e+02 -2.706293463706970215e-01 1.851918995380401611e-01 9.447029829025268555e-01 0.000000000000000000e+00 1.000000000000000000e+00
2.524572906494140625e+02 6.141005325317382812e+01 1.562084197998046875e+02 -2.748999595642089844e-01 1.845824122428894043e-01 9.435885548591613770e-01 0.000000000000000000e+00 1.000000000000000000e+00
2.522386474609375000e+02 6.155686187744140625e+01 1.569589080810546875e+02 -2.741782069206237793e-01 1.858146190643310547e-01 9.435567259788513184e-01 0.000000000000000000e+00 1.000000000000000000e+00
2.520153656005859375e+02 6.170818328857421875e+01 1.577273101806640625e+02 -2.687551975250244141e-01 1.893473267555236816e-01 9.444142580032348633e-01 0.000000000000000000e+00 1.000000000000000000e+00
2.517924346923828125e+02 6.186524581909179688e+01 1.585106964111328125e+02 -2.586694955825805664e-01 1.948767900466918945e-01 9.461041688919067383e-01 0.000000000000000000e+00 1.000000000000000000e+00
2.515747070312500000e+02 6.202927780151367188e+01 1.593070526123046875e+02 -2.443708777427673340e-01 2.015101760625839233e-01 9.485127925872802734e-01 0.000000000000000000e+00 1.000000000000000000e+00
2.513664550781250000e+02 6.220100402832031250e+01 1.601153717041015625e+02 -2.260382920503616333e-01 2.086565345525741577e-01 9.515088796615600586e-01 0.000000000000000000e+00 1.000000000000000000e+00
2.511718444824218750e+02 6.238064956665039062e+01 1.609345855712890625e+02 -2.043162733316421509e-01 2.158444523811340332e-01 9.548120498657226562e-01 0.000000000000000000e+00 1.000000000000000000e+00
2.509945068359375000e+02 6.256799316406250000e+01 1.617633209228515625e+02 -1.799931079149246216e-01 2.230242937803268433e-01 9.580515027046203613e-01 0.000000000000000000e+00 1.000000000000000000e+00
2.508374328613281250e+02 6.276261901855468750e+01 1.625993804931640625e+02 -1.540518403053283691e-01 2.301358729600906372e-01 9.608879089355468750e-01 0.000000000000000000e+00 1.000000000000000000e+00
2.507026672363281250e+02 6.296394348144531250e+01 1.634399719238281250e+02 -1.279554963111877441e-01 2.370935082435607910e-01 9.630234241485595703e-01 0.000000000000000000e+00 1.000000000000000000e+00
2.505907135009765625e+02 6.317138671875000000e+01 1.642825622558593750e+02 -1.029157340526580811e-01 2.437717020511627197e-01 9.643566012382507324e-01 0.000000000000000000e+00 1.000000000000000000e+00
2.505008544921875000e+02 6.338423156738281250e+01 1.651245727539062500e+02 -8.020774275064468384e-02 2.502148151397705078e-01 9.648622870445251465e-01 0.000000000000000000e+00 1.000000000000000000e+00
2.504311218261718750e+02 6.360176849365234375e+01 1.659634246826171875e+02 -6.024764105677604675e-02 2.566839158535003662e-01 9.646157622337341309e-01 0.000000000000000000e+00 1.000000000000000000e+00
2.503790740966796875e+02 6.382351684570312500e+01 1.667967529296875000e+02 -4.304593801498413086e-02 2.635405659675598145e-01 9.636873602867126465e-01 0.000000000000000000e+00 1.000000000000000000e+00
2.503422088623046875e+02 6.404921722412109375e+01 1.676220703125000000e+02 -2.824645675718784332e-02 2.710705101490020752e-01 9.621449708938598633e-01 0.000000000000000000e+00 1.000000000000000000e+00
2.503182830810546875e+02 6.427882385253906250e+01 1.684370422363281250e+02 -1.526159234344959259e-02 2.793273031711578369e-01 9.600746631622314453e-01 0.000000000000000000e+00 1.000000000000000000e+00
2.503055267333984375e+02 6.451229858398437500e+01 1.692395172119140625e+02 -3.522594226524233818e-03 2.881760299205780029e-01 9.575709104537963867e-01 0.000000000000000000e+00 1.000000000000000000e+00
2.503026275634765625e+02 6.474947357177734375e+01 1.700276184082031250e+02 6.795086432248353958e-03 2.972189784049987793e-01 9.547851681709289551e-01 0.000000000000000000e+00 1.000000000000000000e+00
2.503081207275390625e+02 6.498974609375000000e+01 1.707994689941406250e+02 1.537671312689781189e-02 3.061083555221557617e-01 9.518725275993347168e-01 0.000000000000000000e+00 1.000000000000000000e+00
2.503202972412109375e+02 6.523214721679687500e+01 1.715532379150390625e+02 2.165919356048107147e-02 3.146012723445892334e-01 9.489767551422119141e-01 0.000000000000000000e+00 1.000000000000000000e+00
2.503370361328125000e+02 6.547528076171875000e+01 1.722866363525390625e+02 2.460478805005550385e-02 3.225340247154235840e-01 9.462379813194274902e-01 0.000000000000000000e+00 1.000000000000000000e+00
2.503555145263671875e+02 6.571750640869140625e+01 1.729972686767578125e+02 2.371448278427124023e-02 3.299337625503540039e-01 9.437061548233032227e-01 0.000000000000000000e+00 1.000000000000000000e+00
2.503727416992187500e+02 6.595718383789062500e+01 1.736828155517578125e+02 1.928381249308586121e-02 3.366722762584686279e-01 9.414243698120117188e-01 0.000000000000000000e+00 1.000000000000000000e+00
2.503862609863281250e+02 6.619321441650390625e+01 1.743428192138671875e+02 1.180914603173732758e-02 3.426455259323120117e-01 9.393905401229858398e-01 0.000000000000000000e+00 1.000000000000000000e+00
2.503942565917968750e+02 6.642520904541015625e+01 1.749788513183593750e+02 3.549247980117797852e-03 3.478727042675018311e-01 9.375350475311279297e-01 0.000000000000000000e+00 1.000000000000000000e+00
2.503965911865234375e+02 6.665402984619140625e+01 1.755955352783203125e+02 -3.467978676781058311e-03 3.524834513664245605e-01 9.358116388320922852e-01 0.000000000000000000e+00 1.000000000000000000e+00
2.503943481445312500e+02 6.688201141357421875e+01 1.762008056640625000e+02 -6.840966176241636276e-03 3.573815226554870605e-01 9.339334368705749512e-01 0.000000000000000000e+00 1.000000000000000000e+00
2.503899230957031250e+02 6.711318206787109375e+01 1.768049163818359375e+02 -5.198866128921508789e-03 3.629386126995086670e-01 9.317985773086547852e-01 0.000000000000000000e+00 1.000000000000000000e+00
2.503864898681640625e+02 6.735285949707031250e+01 1.774202575683593750e+02 1.486875116825103760e-03 3.698324561119079590e-01 9.290972352027893066e-01 0.000000000000000000e+00 1.000000000000000000e+00
2.503875122070312500e+02 6.760714721679687500e+01 1.780590820312500000e+02 1.129053812474012375e-02 3.785063624382019043e-01 9.255297780036926270e-01 0.000000000000000000e+00 1.000000000000000000e+00
2.503957061767578125e+02 6.788184356689453125e+01 1.787307739257812500e+02 2.202641963958740234e-02 3.887464702129364014e-01 9.210813641548156738e-01 0.000000000000000000e+00 1.000000000000000000e+00
2.504126434326171875e+02 6.818077087402343750e+01 1.794390411376953125e+02 3.164100646972656250e-02 4.004370272159576416e-01 9.157778620719909668e-01 0.000000000000000000e+00 1.000000000000000000e+00
2.504382324218750000e+02 6.850461578369140625e+01 1.801796569824218750e+02 3.806444257497787476e-02 4.132007360458374023e-01 9.098441004753112793e-01 0.000000000000000000e+00 1.000000000000000000e+00
2.504700775146484375e+02 6.885030364990234375e+01 1.809408416748046875e+02 3.995573893189430237e-02 4.263147413730621338e-01 9.036920666694641113e-01 0.000000000000000000e+00 1.000000000000000000e+00
2.505038909912109375e+02 6.921108245849609375e+01 1.817056121826171875e+02 3.551666066050529480e-02 4.387540221214294434e-01 8.979049921035766602e-01 0.000000000000000000e+00 1.000000000000000000e+00
2.505335693359375000e+02 6.957771301269531250e+01 1.824559173583984375e+02 2.285314723849296570e-02 4.491144418716430664e-01 8.931819200515747070e-01 0.000000000000000000e+00 1.000000000000000000e+00
2.505520172119140625e+02 6.994025421142578125e+01 1.831769256591796875e+02 6.763330311514437199e-04 4.560871422290802002e-01 8.899348974227905273e-01 0.000000000000000000e+00 1.000000000000000000e+00
2.505525360107421875e+02 7.029010772705078125e+01 1.838595733642578125e+02 -3.180142119526863098e-02 4.587645530700683594e-01 8.879886269569396973e-01 0.000000000000000000e+00 1.000000000000000000e+00
2.505295715332031250e+02 7.062139129638671875e+01 1.845008087158203125e+02 -7.299663871526718140e-02 4.575938880443572998e-01 8.861598968505859375e-01 0.000000000000000000e+00 1.000000000000000000e+00
2.504799957275390625e+02 7.093216705322265625e+01 1.851026458740234375e+02 -1.188610345125198364e-01 4.543673694133758545e-01 8.828489184379577637e-01 0.000000000000000000e+00 1.000000000000000000e+00
2.504036254882812500e+02 7.122410583496093750e+01 1.856698913574218750e+02 -1.641290485858917236e-01 4.522741734981536865e-01 8.766468763351440430e-01 0.000000000000000000e+00 1.000000000000000000e+00
2.503028259277343750e+02 7.150186920166015625e+01 1.862082824707031250e+02 -2.047746330499649048e-01 4.547363817691802979e-01 8.667653799057006836e-01 0.000000000000000000e+00 1.000000000000000000e+00
2.501812286376953125e+02 7.177189636230468750e+01 1.867229766845703125e+02 -2.395976483821868896e-01 4.640807807445526123e-01 8.527730703353881836e-01 0.000000000000000000e+00 1.000000000000000000e+00
2.500421447753906250e+02 7.204129028320312500e+01 1.872180023193359375e+02 -2.717737257480621338e-01 4.811259508132934570e-01 8.334608078002929688e-01 0.000000000000000000e+00 1.000000000000000000e+00
2.498866882324218750e+02 7.231649780273437500e+01 1.876947479248046875e+02 -3.071298301219940186e-01 5.043223500251770020e-01 8.070503473281860352e-01 0.000000000000000000e+00 1.000000000000000000e+00
2.497126159667968750e+02 7.260233306884765625e+01 1.881521606445312500e+02 -3.515857756137847900e-01 5.306292772293090820e-01 7.712457180023193359e-01 0.000000000000000000e+00 1.000000000000000000e+00
2.495145721435546875e+02 7.290122985839843750e+01 1.885865936279296875e+02 -4.093427062034606934e-01 5.560594201087951660e-01 7.233508229255676270e-01 0.000000000000000000e+00 1.000000000000000000e+00
2.492850646972656250e+02 7.321299743652343750e+01 1.889921569824218750e+02 -4.792657792568206787e-01 5.754436850547790527e-01 6.626982688903808594e-01 0.000000000000000000e+00 1.000000000000000000e+00
2.490170745849609375e+02 7.353476715087890625e+01 1.893627166748046875e+02 -5.556824803352355957e-01 5.849382281303405762e-01 5.908166766166687012e-01 0.000000000000000000e+00 1.000000000000000000e+00
2.487062377929687500e+02 7.386196899414062500e+01 1.896932067871093750e+02 -6.295198202133178711e-01 5.831705331802368164e-01 5.134363770484924316e-01 0.000000000000000000e+00 1.000000000000000000e+00
2.483521575927734375e+02 7.418997955322265625e+01 1.899819946289062500e+02 -6.924865841865539551e-01 5.725209712982177734e-01 4.389556050300598145e-01 0.000000000000000000e+00 1.000000000000000000e+00
2.479590148925781250e+02 7.451501464843750000e+01 1.902312011718750000e+02 -7.403306365013122559e-01 5.577933788299560547e-01 3.752029240131378174e-01 0.000000000000000000e+00 1.000000000000000000e+00
2.475340728759765625e+02 7.483518218994140625e+01 1.904465637207031250e+02 -7.730295658111572266e-01 5.435655713081359863e-01 3.270499408245086670e-01 0.000000000000000000e+00 1.000000000000000000e+00
2.470858764648437500e+02 7.515033721923828125e+01 1.906361846923828125e+02 -7.935189008712768555e-01 5.325475931167602539e-01 2.944840788841247559e-01 0.000000000000000000e+00 1.000000000000000000e+00
2.466223297119140625e+02 7.546143341064453125e+01 1.908082122802734375e+02 -8.052792549133300781e-01 5.253776907920837402e-01 2.747793495655059814e-01 0.000000000000000000e+00 1.000000000000000000e+00
2.461497497558593750e+02 7.576975250244140625e+01 1.909694671630859375e+02 -8.114134669303894043e-01 5.212394595146179199e-01 2.644193768501281738e-01 0.000000000000000000e+00 1.000000000000000000e+00
2.456723785400390625e+02 7.607640838623046875e+01 1.911250305175781250e+02 -8.142164349555969238e-01 5.196939110755920410e-01 2.587851881980895996e-01 0.000000000000000000e+00 1.000000000000000000e+00
2.451926269531250000e+02 7.638262176513671875e+01 1.912775115966796875e+02 -8.150404095649719238e-01 5.198718309402465820e-01 2.558171153068542480e-01 0.000000000000000000e+00 1.000000000000000000e+00
2.447117767333984375e+02 7.668933105468750000e+01 1.914284362792968750e+02 -8.143190145492553711e-01 5.220185518264770508e-01 2.537346482276916504e-01 0.000000000000000000e+00 1.000000000000000000e+00
2.442301025390625000e+02 7.699810791015625000e+01 1.915785217285156250e+02 -8.116967082023620605e-01 5.270265936851501465e-01 2.517766654491424561e-01 0.000000000000000000e+00 1.000000000000000000e+00
2.437475738525390625e+02 7.731140899658203125e+01 1.917281951904296875e+02 -8.069077730178833008e-01 5.356798768043518066e-01 2.488914728164672852e-01 0.000000000000000000e+00 1.000000000000000000e+00
2.432633209228515625e+02 7.763288879394531250e+01 1.918775634765625000e+02 -7.988336086273193359e-01 5.489306449890136719e-01 2.460490465164184570e-01 0.000000000000000000e+00 1.000000000000000000e+00
2.427762451171875000e+02 7.796759033203125000e+01 1.920275878906250000e+02 -7.869521379470825195e-01 5.663045048713684082e-01 2.449604123830795288e-01 0.000000000000000000e+00 1.000000000000000000e+00
2.422848205566406250e+02 7.832122802734375000e+01 1.921805572509765625e+02 -7.715122699737548828e-01 5.858993530273437500e-01 2.479734122753143311e-01 0.000000000000000000e+00 1.000000000000000000e+00
2.417877655029296875e+02 7.869869995117187500e+01 1.923403167724609375e+02 -7.541162967681884766e-01 6.041768789291381836e-01 2.574468553066253662e-01 0.000000000000000000e+00 1.000000000000000000e+00
2.412839050292968750e+02 7.910237884521484375e+01 1.925123291015625000e+02 -7.369351983070373535e-01 6.177522540092468262e-01 2.744244933128356934e-01 0.000000000000000000e+00 1.000000000000000000e+00
2.407731018066406250e+02 7.953057098388671875e+01 1.927025451660156250e+02 -7.220639586448669434e-01 6.241691112518310547e-01 2.983899414539337158e-01 0.000000000000000000e+00 1.000000000000000000e+00
2.402567901611328125e+02 7.997688293457031250e+01 1.929159088134765625e+02 -7.109724879264831543e-01 6.227312088012695312e-01 3.266862332820892334e-01 0.000000000000000000e+00 1.000000000000000000e+00
2.397382812500000000e+02 8.043103790283203125e+01 1.931541595458984375e+02 -7.035952210426330566e-01 6.146866679191589355e-01 3.565307855606079102e-01 0.000000000000000000e+00 1.000000000000000000e+00
2.392233886718750000e+02 8.088086700439453125e+01 1.934150695800781250e+02 -6.985965371131896973e-01 6.028925776481628418e-01 3.853354752063751221e-01 0.000000000000000000e+00 1.000000000000000000e+00
2.387199401855468750e+02 8.131534576416015625e+01 1.936927642822265625e+02 -6.935981512069702148e-01 5.911059379577636719e-01 4.117225408554077148e-01 0.000000000000000000e+00 1.000000000000000000e+00
2.382370910644531250e+02 8.172684478759765625e+01 1.939793853759765625e+02 -6.853806972503662109e-01 5.836805105209350586e-01 4.353966116905212402e-01 0.000000000000000000e+00 1.000000000000000000e+00
2.377835998535156250e+02 8.211304473876953125e+01 1.942674713134765625e+02 -6.699950695037841797e-01 5.847781300544738770e-01 4.573195874691009521e-01 0.000000000000000000e+00 1.000000000000000000e+00
2.373656311035156250e+02 8.247785186767578125e+01 1.945527648925781250e+02 -6.437504291534423828e-01 5.971499681472778320e-01 4.785364866256713867e-01 0.000000000000000000e+00 1.000000000000000000e+00
2.369854736328125000e+02 8.283049011230468750e+01 1.948353576660156250e+02 -6.048114895820617676e-01 6.201120018959045410e-01 4.996641576290130615e-01 0.000000000000000000e+00 1.000000000000000000e+00
2.366410675048828125e+02 8.318360900878906250e+01 1.951198883056640625e+02 -5.558361411094665527e-01 6.483180522918701172e-01 5.203170180320739746e-01 0.000000000000000000e+00 1.000000000000000000e+00
2.363268280029296875e+02 8.355013275146484375e+01 1.954140472412109375e+02 -5.031339526176452637e-01 6.755330562591552734e-01 5.389910936355590820e-01 0.000000000000000000e+00 1.000000000000000000e+00
2.360358581542968750e+02 8.394080352783203125e+01 1.957257537841796875e+02 -4.534902572631835938e-01 6.965812444686889648e-01 5.559866428375244141e-01 0.000000000000000000e+00 1.000000000000000000e+00
2.357619628906250000e+02 8.436151885986328125e+01 1.960615539550781250e+02 -4.104947745800018311e-01 7.102757096290588379e-01 5.718412995338439941e-01 0.000000000000000000e+00 1.000000000000000000e+00
2.355014343261718750e+02 8.481230926513671875e+01 1.964244842529296875e+02 -3.738669753074645996e-01 7.179416418075561523e-01 5.871826410293579102e-01 0.000000000000000000e+00 1.000000000000000000e+00
2.352538452148437500e+02 8.528775787353515625e+01 1.968133392333984375e+02 -3.418665826320648193e-01 7.214279770851135254e-01 6.022199392318725586e-01 0.000000000000000000e+00 1.000000000000000000e+00
2.350212860107421875e+02 8.577851867675781250e+01 1.972230072021484375e+02 -3.122631907463073730e-01 7.224162220954895020e-01 6.169330477714538574e-01 0.000000000000000000e+00 1.000000000000000000e+00
2.348073120117187500e+02 8.627354431152343750e+01 1.976457519531250000e+02 -2.843109071254730225e-01 7.222186923027038574e-01 6.305294632911682129e-01 0.000000000000000000e+00 1.000000000000000000e+00
2.346148834228515625e+02 8.676235961914062500e+01 1.980725097656250000e+02 -2.577176094055175781e-01 7.219530940055847168e-01 6.421568393707275391e-01 0.000000000000000000e+00 1.000000000000000000e+00
2.344456024169921875e+02 8.723657226562500000e+01 1.984943084716796875e+02 -2.339466661214828491e-01 7.222975492477416992e-01 6.508111953735351562e-01 0.000000000000000000e+00 1.000000000000000000e+00
2.342984161376953125e+02 8.769100189208984375e+01 1.989037628173828125e+02 -2.143860608339309692e-01 7.239895462989807129e-01 6.556506156921386719e-01 0.000000000000000000e+00 1.000000000000000000e+00
2.341701049804687500e+02 8.812431335449218750e+01 1.992961730957031250e+02 -2.007793933153152466e-01 7.267978787422180176e-01 6.568503975868225098e-01 0.000000000000000000e+00 1.000000000000000000e+00
2.340556793212890625e+02 8.853852081298828125e+01 1.996705169677734375e+02 -1.948955506086349487e-01 7.303913235664367676e-01 6.546326875686645508e-01 0.000000000000000000e+00 1.000000000000000000e+00
2.339490051269531250e+02 8.893829345703125000e+01 2.000288238525390625e+02 -1.977643817663192749e-01 7.338573336601257324e-01 6.498789191246032715e-01 0.000000000000000000e+00 1.000000000000000000e+00
2.338434143066406250e+02 8.933011627197265625e+01 2.003758087158203125e+02 -2.091315537691116333e-01 7.366358637809753418e-01 6.431419253349304199e-01 0.000000000000000000e+00 1.000000000000000000e+00
2.337321624755859375e+02 8.972198486328125000e+01 2.007179412841796875e+02 -2.267822027206420898e-01 7.390534281730651855e-01 6.343262791633605957e-01 0.000000000000000000e+00 1.000000000000000000e+00
2.336091461181640625e+02 9.012287902832031250e+01 2.010620269775390625e+02 -2.467731088399887085e-01 7.416278123855590820e-01 6.237718462944030762e-01 0.000000000000000000e+00 1.000000000000000000e+00
2.334695739746093750e+02 9.054233551025390625e+01 2.014148254394531250e+02 -2.643835842609405518e-01 7.453367114067077637e-01 6.120249629020690918e-01 0.000000000000000000e+00 1.000000000000000000e+00
2.333110809326171875e+02 9.098915100097656250e+01 2.017817230224609375e+02 -2.766933441162109375e-01 7.508121132850646973e-01 5.997682809829711914e-01 0.000000000000000000e+00 1.000000000000000000e+00
2.331338500976562500e+02 9.147006988525390625e+01 2.021658935546875000e+02 -2.838624119758605957e-01 7.579792141914367676e-01 5.872730612754821777e-01 0.000000000000000000e+00 1.000000000000000000e+00
2.329399719238281250e+02 9.198777008056640625e+01 2.025670013427734375e+02 -2.886675000190734863e-01 7.659308314323425293e-01 5.744746327400207520e-01 0.000000000000000000e+00 1.000000000000000000e+00
2.327320861816406250e+02 9.253936004638671875e+01 2.029807128906250000e+02 -2.952948510646820068e-01 7.739001512527465820e-01 5.602495074272155762e-01 0.000000000000000000e+00 1.000000000000000000e+00
2.325119934082031250e+02 9.311617279052734375e+01 2.033982849121093750e+02 -3.076387047767639160e-01 7.807229161262512207e-01 5.439028143882751465e-01 0.000000000000000000e+00 1.000000000000000000e+00
2.322798309326171875e+02 9.370535278320312500e+01 2.038087463378906250e+02 -3.275818228721618652e-01 7.854802012443542480e-01 5.250818133354187012e-01 0.000000000000000000e+00 1.000000000000000000e+00
2.320348663330078125e+02 9.429273223876953125e+01 2.042014007568359375e+02 -3.556496500968933105e-01 7.872495651245117188e-01 5.037375092506408691e-01 0.000000000000000000e+00 1.000000000000000000e+00
2.317758178710937500e+02 9.486614990234375000e+01 2.045683135986328125e+02 -3.894286155700683594e-01 7.856194376945495605e-01 4.807779490947723389e-01 0.000000000000000000e+00 1.000000000000000000e+00
2.315020904541015625e+02 9.541835784912109375e+01 2.049062500000000000e+02 -4.248155951499938965e-01 7.810725569725036621e-01 4.576651751995086670e-01 0.000000000000000000e+00 1.000000000000000000e+00
2.312141876220703125e+02 9.594770050048828125e+01 2.052164154052734375e+02 -4.563485682010650635e-01 7.753659486770629883e-01 4.365244507789611816e-01 0.000000000000000000e+00 1.000000000000000000e+00
2.309138641357421875e+02 9.645796966552734375e+01 2.055036926269531250e+02 -4.802200496196746826e-01 7.705776691436767578e-01 4.190449118614196777e-01 0.000000000000000000e+00 1.000000000000000000e+00
2.306033935546875000e+02 9.695616149902343750e+01 2.057746124267578125e+02 -4.944440424442291260e-01 7.681939601898193359e-01 4.066978991031646729e-01 0.000000000000000000e+00 1.000000000000000000e+00
2.302854309082031250e+02 9.745016479492187500e+01 2.060361480712890625e+02 -4.998573958873748779e-01 7.681856155395507812e-01 4.000418186187744141e-01 0.000000000000000000e+00 1.000000000000000000e+00
2.299625091552734375e+02 9.794643402099609375e+01 2.062945861816406250e+02 -4.984318017959594727e-01 7.695034146308898926e-01 3.992871642112731934e-01 0.000000000000000000e+00 1.000000000000000000e+00
2.296367950439453125e+02 9.844928741455078125e+01 2.065555114746093750e+02 -4.926525950431823730e-01 7.706961035728454590e-01 4.041298031806945801e-01 0.000000000000000000e+00 1.000000000000000000e+00
2.293101959228515625e+02 9.896021270751953125e+01 2.068234252929687500e+02 -4.851338267326354980e-01 7.706701755523681641e-01 4.131738841533660889e-01 0.000000000000000000e+00 1.000000000000000000e+00
2.289839935302734375e+02 9.947840881347656250e+01 2.071012420654296875e+02 -4.774145185947418213e-01 7.691067457199096680e-01 4.249119460582733154e-01 0.000000000000000000e+00 1.000000000000000000e+00
2.286593170166015625e+02 1.000014572143554688e+02 2.073902130126953125e+02 -4.703897535800933838e-01 7.664986848831176758e-01 4.372794032096862793e-01 0.000000000000000000e+00 1.000000000000000000e+00
2.283374023437500000e+02 1.005260162353515625e+02 2.076894683837890625e+02 -4.641688168048858643e-01 7.637180685997009277e-01 4.486445486545562744e-01 0.000000000000000000e+00 1.000000000000000000e+00
2.280194091796875000e+02 1.010492248535156250e+02 2.079968261718750000e+02 -4.581128954887390137e-01 7.617110610008239746e-01 4.581799507141113281e-01 0.000000000000000000e+00 1.000000000000000000e+00
2.277066650390625000e+02 1.015692291259765625e+02 2.083096160888671875e+02 -4.515323638916015625e-01 7.612220048904418945e-01 4.654671847820281982e-01 0.000000000000000000e+00 1.000000000000000000e+00
2.274001159667968750e+02 1.020860290527343750e+02 2.086256256103515625e+02 -4.434844255447387695e-01 7.626975178718566895e-01 4.707591235637664795e-01 0.000000000000000000e+00 1.000000000000000000e+00
2.271004028320312500e+02 1.026014709472656250e+02 2.089437713623046875e+02 -4.334479570388793945e-01 7.659923434257507324e-01 4.747405648231506348e-01 0.000000000000000000e+00 1.000000000000000000e+00
2.268077697753906250e+02 1.031186141967773438e+02 2.092642822265625000e+02 -4.211362302303314209e-01 7.709531784057617188e-01 4.777817428112030029e-01 0.000000000000000000e+00 1.000000000000000000e+00
2.265224609375000000e+02 1.036409149169921875e+02 2.095879669189453125e+02 -4.070114493370056152e-01 7.768470644950866699e-01 4.804688692092895508e-01 0.000000000000000000e+00 1.000000000000000000e+00
2.262446441650390625e+02 1.041711730957031250e+02 2.099159240722656250e+02 -3.913246989250183105e-01 7.831808328628540039e-01 4.832109510898590088e-01 0.000000000000000000e+00 1.000000000000000000e+00
2.259749603271484375e+02 1.047109069824218750e+02 2.102489318847656250e+02 -3.746668398380279541e-01 7.894083857536315918e-01 4.862706661224365234e-01 0.000000000000000000e+00 1.000000000000000000e+00
2.257143249511718750e+02 1.052600555419921875e+02 2.105872039794921875e+02 -3.576739132404327393e-01 7.950788736343383789e-01 4.898151755332946777e-01 0.000000000000000000e+00 1.000000000000000000e+00
2.254636230468750000e+02 1.058173446655273438e+02 2.109305267333984375e+02 -3.409935534000396729e-01 7.998290657997131348e-01 4.939604103565216064e-01 0.000000000000000000e+00 1.000000000000000000e+00
2.252236480712890625e+02 1.063802261352539062e+02 2.112781524658203125e+02 -3.254033923149108887e-01 8.032596111297607422e-01 4.988853335380554199e-01 0.000000000000000000e+00 1.000000000000000000e+00
2.249947357177734375e+02 1.069452972412109375e+02 2.116291046142578125e+02 -3.118674159049987793e-01 8.049981594085693359e-01 5.046946406364440918e-01 0.000000000000000000e+00 1.000000000000000000e+00
2.247764282226562500e+02 1.075087966918945312e+02 2.119823913574218750e+02 -3.017335534095764160e-01 8.046558499336242676e-01 5.113568902015686035e-01 0.000000000000000000e+00 1.000000000000000000e+00
2.245670928955078125e+02 1.080670471191406250e+02 2.123371582031250000e+02 -2.960815429687500000e-01 8.018355369567871094e-01 5.190331339836120605e-01 0.000000000000000000e+00 1.000000000000000000e+00
2.243641510009765625e+02 1.086166458129882812e+02 2.126929168701171875e+02 -2.956979572772979736e-01 7.961836457252502441e-01 5.278772711753845215e-01 0.000000000000000000e+00 1.000000000000000000e+00
2.241642608642578125e+02 1.091548614501953125e+02 2.130497589111328125e+02 -3.009797632694244385e-01 7.875618338584899902e-01 5.377337336540222168e-01 0.000000000000000000e+00 1.000000000000000000e+00
2.239636840820312500e+02 1.096797027587890625e+02 2.134081115722656250e+02 -3.113365471363067627e-01 7.761249542236328125e-01 5.483607649803161621e-01 0.000000000000000000e+00 1.000000000000000000e+00
2.237589874267578125e+02 1.101899871826171875e+02 2.137686462402343750e+02 -3.259245455265045166e-01 7.621228098869323730e-01 5.594122409820556641e-01 0.000000000000000000e+00 1.000000000000000000e+00
2.235472259521484375e+02 1.106851577758789062e+02 2.141321105957031250e+02 -3.435156941413879395e-01 7.461146712303161621e-01 5.703594088554382324e-01 0.000000000000000000e+00 1.000000000000000000e+00
2.233262786865234375e+02 1.111650543212890625e+02 2.144989624023437500e+02 -3.628091216087341309e-01 7.287285923957824707e-01 5.807960629463195801e-01 0.000000000000000000e+00 1.000000000000000000e+00
2.230948944091796875e+02 1.116298065185546875e+02 2.148693695068359375e+02 -3.831230103969573975e-01 7.102473974227905273e-01 5.905636548995971680e-01 0.000000000000000000e+00 1.000000000000000000e+00
2.228522796630859375e+02 1.120795745849609375e+02 2.152433471679687500e+02 -4.039130508899688721e-01 6.910908222198486328e-01 5.993728041648864746e-01 0.000000000000000000e+00 1.000000000000000000e+00
2.225980377197265625e+02 1.125145797729492188e+02 2.156206207275390625e+02 -4.245719015598297119e-01 6.717514991760253906e-01 6.070325374603271484e-01 0.000000000000000000e+00 1.000000000000000000e+00
2.223321685791015625e+02 1.129352340698242188e+02 2.160007476806640625e+02 -4.447903931140899658e-01 6.527001857757568359e-01 6.133057475090026855e-01 0.000000000000000000e+00 1.000000000000000000e+00
2.220547943115234375e+02 1.133422622680664062e+02 2.163832092285156250e+02 -4.641875326633453369e-01 6.346473097801208496e-01 6.178614497184753418e-01 0.000000000000000000e+00 1.000000000000000000e+00
2.217661743164062500e+02 1.137368698120117188e+02 2.167673797607421875e+02 -4.821687638759613037e-01 6.187734007835388184e-01 6.201877593994140625e-01 0.000000000000000000e+00 1.000000000000000000e+00
2.214670715332031250e+02 1.141207122802734375e+02 2.171520996093750000e+02 -4.982239305973052979e-01 6.056590676307678223e-01 6.204432845115661621e-01 0.000000000000000000e+00 1.000000000000000000e+00
2.211587982177734375e+02 1.144954605102539062e+02 2.175359954833984375e+02 -5.119807720184326172e-01 5.963236093521118164e-01 6.182830333709716797e-01 0.000000000000000000e+00 1.000000000000000000e+00
2.208435974121093750e+02 1.148625869750976562e+02 2.179166412353515625e+02 -5.233406424522399902e-01 5.907917618751525879e-01 6.140680313110351562e-01 0.000000000000000000e+00 1.000000000000000000e+00
2.205245361328125000e+02 1.152227706909179688e+02 2.182910156250000000e+02 -5.326886177062988281e-01 5.871617794036865234e-01 6.094947457313537598e-01 0.000000000000000000e+00 1.000000000000000000e+00
2.202046203613281250e+02 1.155754013061523438e+02 2.186570587158203125e+02 -5.410785675048828125e-01 5.818460583686828613e-01 6.071977615356445312e-01 0.000000000000000000e+00 1.000000000000000000e+00
2.198859558105468750e+02 1.159180755615234375e+02 2.190146636962890625e+02 -5.497329831123352051e-01 5.694173574447631836e-01 6.111936569213867188e-01 0.000000000000000000e+00 1.000000000000000000e+00
2.195689086914062500e+02 1.162464752197265625e+02 2.193671569824218750e+02 -5.596591234207153320e-01 5.440785884857177734e-01 6.251081228256225586e-01 0.000000000000000000e+00 1.000000000000000000e+00
2.192521057128906250e+02 1.165544586181640625e+02 2.197210083007812500e+02 -5.704929828643798828e-01 5.019595623016357422e-01 6.500572562217712402e-01 0.000000000000000000e+00 1.000000000000000000e+00
2.189332885742187500e+02 1.168349761962890625e+02 2.200842895507812500e+02 -5.806210637092590332e-01 4.434335231781005859e-01 6.828219890594482422e-01 0.000000000000000000e+00 1.000000000000000000e+00
2.186105499267578125e+02 1.170814590454101562e+02 2.204638366699218750e+02 -5.875806212425231934e-01 3.740857541561126709e-01 7.175017595291137695e-01 0.000000000000000000e+00 1.000000000000000000e+00
2.182837219238281250e+02 1.172895355224609375e+02 2.208629302978515625e+02 -5.902078151702880859e-01 3.027163147926330566e-01 7.483432292938232422e-01 0.000000000000000000e+00 1.000000000000000000e+00
2.179548339843750000e+02 1.174582214355468750e+02 2.212799377441406250e+02 -5.890858769416809082e-01 2.373084276914596558e-01 7.724393606185913086e-01 0.000000000000000000e+00 1.000000000000000000e+00
2.176273040771484375e+02 1.175901641845703125e+02 2.217094116210937500e+02 -5.857875347137451172e-01 1.832823604345321655e-01 7.894685268402099609e-01 0.000000000000000000e+00 1.000000000000000000e+00
2.173052368164062500e+02 1.176909332275390625e+02 2.221434631347656250e+02 -5.820528268814086914e-01 1.425772160291671753e-01 8.005536794662475586e-01 0.000000000000000000e+00 1.000000000000000000e+00
2.169929046630859375e+02 1.177674407958984375e+02 2.225730438232421875e+02 -5.786707401275634766e-01 1.145650595426559448e-01 8.074744939804077148e-01 0.000000000000000000e+00 1.000000000000000000e+00
2.166953277587890625e+02 1.178263549804687500e+02 2.229882812500000000e+02 -5.762555599212646484e-01 9.667215496301651001e-02 8.115319013595581055e-01 0.000000000000000000e+00 1.000000000000000000e+00
2.164183197021484375e+02 1.178728256225585938e+02 2.233783874511718750e+02 -5.747076272964477539e-01 8.625887334346771240e-02 8.138000965118408203e-01 0.000000000000000000e+00 1.000000000000000000e+00
2.161688385009765625e+02 1.179102706909179688e+02 2.237316589355468750e+02 -5.738100409507751465e-01 8.044008910655975342e-02 8.150284886360168457e-01 0.000000000000000000e+00 1.000000000000000000e+00
2.159538116455078125e+02 1.179404144287109375e+02 2.240370788574218750e+02 -5.733491778373718262e-01 7.737445086240768433e-02 8.156493902206420898e-01 0.000000000000000000e+00 1.000000000000000000e+00
2.157784423828125000e+02 1.179640808105468750e+02 2.242865600585937500e+02 -5.733491778373718262e-01 7.737445086240768433e-02 8.156493902206420898e-01 0.000000000000000000e+00 1.000000000000000000e+00
