6.705702972412109375e+01 2.808907470703125000e+02 1.018663711547851562e+02 -3.362944116815924644e-03 -3.603262305259704590e-01 -9.328202605247497559e-01 0.000000000000000000e+00 1.000000000000000000e+00
6.705838775634765625e+01 2.810362548828125000e+02 1.022430648803710938e+02 -1.892190612852573395e-02 -3.844337761402130127e-01 -9.229586124420166016e-01 0.000000000000000000e+00 1.000000000000000000e+00
6.706811523437500000e+01 2.812338867187500000e+02 1.027175445556640625e+02 -3.546464815735816956e-02 -4.110800027847290039e-01 -9.109091162681579590e-01 0.000000000000000000e+00 1.000000000000000000e+00
6.708976745605468750e+01 2.814848632812500000e+02 1.032736816406250000e+02 -5.186817049980163574e-02 -4.385339915752410889e-01 -8.972166180610656738e-01 0.000000000000000000e+00 1.000000000000000000e+00
6.712519836425781250e+01 2.817844238281250000e+02 1.038865661621093750e+02 -6.644068658351898193e-02 -4.659221172332763672e-01 -8.823276758193969727e-01 0.000000000000000000e+00 1.000000000000000000e+00
6.717362976074218750e+01 2.821240539550781250e+02 1.045297317504882812e+02 -7.720378786325454712e-02 -4.914962649345397949e-01 -8.674508929252624512e-01 0.000000000000000000e+00 1.000000000000000000e+00
6.723162841796875000e+01 2.824932861328125000e+02 1.051813964843750000e+02 -8.274394273757934570e-02 -5.141081809997558594e-01 -8.537248969078063965e-01 0.000000000000000000e+00 1.000000000000000000e+00
6.729431152343750000e+01 2.828827514648437500e+02 1.058281402587890625e+02 -8.253615349531173706e-02 -5.331583023071289062e-01 -8.419798016548156738e-01 0.000000000000000000e+00 1.000000000000000000e+00
6.735668182373046875e+01 2.832856445312500000e+02 1.064644012451171875e+02 -7.789544016122817993e-02 -5.485525727272033691e-01 -8.324796557426452637e-01 0.000000000000000000e+00 1.000000000000000000e+00
6.741530609130859375e+01 2.836984863281250000e+02 1.070909271240234375e+02 -7.097898423671722412e-02 -5.607339739799499512e-01 -8.249481916427612305e-01 0.000000000000000000e+00 1.000000000000000000e+00
6.746871185302734375e+01 2.841203918457031250e+02 1.077116317749023438e+02 -6.409292668104171753e-02 -5.695578455924987793e-01 -8.194485902786254883e-01 0.000000000000000000e+00 1.000000000000000000e+00
6.751715087890625000e+01 2.845508422851562500e+02 1.083309402465820312e+02 -5.862757191061973572e-02 -5.753570795059204102e-01 -8.157984018325805664e-01 0.000000000000000000e+00 1.000000000000000000e+00
6.756172180175781250e+01 2.849882507324218750e+02 1.089511413574218750e+02 -5.402223020792007446e-02 -5.776507854461669922e-01 -8.144944310188293457e-01 0.000000000000000000e+00 1.000000000000000000e+00
6.760292816162109375e+01 2.854288635253906250e+02 1.095724105834960938e+02 -4.915152490139007568e-02 -5.768773555755615234e-01 -8.153507113456726074e-01 0.000000000000000000e+00 1.000000000000000000e+00
6.764025115966796875e+01 2.858669128417968750e+02 1.101915435791015625e+02 -4.308395087718963623e-02 -5.748203992843627930e-01 -8.171446323394775391e-01 0.000000000000000000e+00 1.000000000000000000e+00
6.767243194580078125e+01 2.862962646484375000e+02 1.108018951416015625e+02 -3.567418828606605530e-02 -5.728892087936401367e-01 -8.188561201095581055e-01 0.000000000000000000e+00 1.000000000000000000e+00
6.769832611083984375e+01 2.867120971679687500e+02 1.113962631225585938e+02 -2.808807790279388428e-02 -5.726385712623596191e-01 -8.193265795707702637e-01 0.000000000000000000e+00 1.000000000000000000e+00
6.771794891357421875e+01 2.871121520996093750e+02 1.119686584472656250e+02 -2.261889539659023285e-02 -5.748181939125061035e-01 -8.179684877395629883e-01 0.000000000000000000e+00 1.000000000000000000e+00
6.773310852050781250e+01 2.874974060058593750e+02 1.125168762207031250e+02 -2.240920998156070709e-02 -5.786939263343811035e-01 -8.152368664741516113e-01 0.000000000000000000e+00 1.000000000000000000e+00
6.774758148193359375e+01 2.878711547851562500e+02 1.130433959960937500e+02 -2.959969453513622284e-02 -5.815298557281494141e-01 -8.129863739013671875e-01 0.000000000000000000e+00 1.000000000000000000e+00
6.776622772216796875e+01 2.882374877929687500e+02 1.135555343627929688e+02 -4.397253692150115967e-02 -5.794315338134765625e-01 -8.138337135314941406e-01 0.000000000000000000e+00 1.000000000000000000e+00
6.779370880126953125e+01 2.885996093750000000e+02 1.140641479492187500e+02 -6.235221773386001587e-02 -5.689579248428344727e-01 -8.199993968009948730e-01 0.000000000000000000e+00 1.000000000000000000e+00
6.783304595947265625e+01 2.889585571289062500e+02 1.145814743041992188e+02 -8.007579296827316284e-02 -5.490573644638061523e-01 -8.319398760795593262e-01 0.000000000000000000e+00 1.000000000000000000e+00
6.788475036621093750e+01 2.893130798339843750e+02 1.151186523437500000e+02 -9.282443672418594360e-02 -5.206698775291442871e-01 -8.486969470977783203e-01 0.000000000000000000e+00 1.000000000000000000e+00
6.794651794433593750e+01 2.896595458984375000e+02 1.156833953857421875e+02 -9.836015105247497559e-02 -4.867375493049621582e-01 -8.679930567741394043e-01 0.000000000000000000e+00 1.000000000000000000e+00
6.801395416259765625e+01 2.899932556152343750e+02 1.162784957885742188e+02 -9.648337215185165405e-02 -4.507192075252532959e-01 -8.874362707138061523e-01 0.000000000000000000e+00 1.000000000000000000e+00
6.808171844482421875e+01 2.903098144531250000e+02 1.169017791748046875e+02 -8.883960545063018799e-02 -4.159459471702575684e-01 -9.050394296646118164e-01 0.000000000000000000e+00 1.000000000000000000e+00
6.814512634277343750e+01 2.906066894531250000e+02 1.175477371215820312e+02 -7.786498218774795532e-02 -3.850815892219543457e-01 -9.195918440818786621e-01 0.000000000000000000e+00 1.000000000000000000e+00
6.820112609863281250e+01 2.908836364746093750e+02 1.182090988159179688e+02 -6.632174551486968994e-02 -3.600293099880218506e-01 -9.305806756019592285e-01 0.000000000000000000e+00 1.000000000000000000e+00
6.824889373779296875e+01 2.911429443359375000e+02 1.188793411254882812e+02 -5.621711909770965576e-02 -3.416115939617156982e-01 -9.381583333015441895e-01 0.000000000000000000e+00 1.000000000000000000e+00
6.828930664062500000e+01 2.913885192871093750e+02 1.195537567138671875e+02 -4.851419478654861450e-02 -3.293175101280212402e-01 -9.429720640182495117e-01 0.000000000000000000e+00 1.000000000000000000e+00
6.832408142089843750e+01 2.916245727539062500e+02 1.202296752929687500e+02 -4.354089498519897461e-02 -3.220745623111724854e-01 -9.457125067710876465e-01 0.000000000000000000e+00 1.000000000000000000e+00
6.835520935058593750e+01 2.918548278808593750e+02 1.209057769775390625e+02 -4.061192646622657776e-02 -3.183102607727050781e-01 -9.471162557601928711e-01 0.000000000000000000e+00 1.000000000000000000e+00
6.838419342041015625e+01 2.920820007324218750e+02 1.215817184448242188e+02 -3.952540457248687744e-02 -3.155182600021362305e-01 -9.480959773063659668e-01 0.000000000000000000e+00 1.000000000000000000e+00
6.841236877441406250e+01 2.923069152832031250e+02 1.222575607299804688e+02 -3.978825360536575317e-02 -3.122210204601287842e-01 -9.491758942604064941e-01 0.000000000000000000e+00 1.000000000000000000e+00
6.844070434570312500e+01 2.925292663574218750e+02 1.229335250854492188e+02 -4.172306880354881287e-02 -3.061479628086090088e-01 -9.510692358016967773e-01 0.000000000000000000e+00 1.000000000000000000e+00
6.847037506103515625e+01 2.927469787597656250e+02 1.236098632812500000e+02 -4.617975652217864990e-02 -2.938809394836425781e-01 -9.547258615493774414e-01 0.000000000000000000e+00 1.000000000000000000e+00
6.850312805175781250e+01 2.929554138183593750e+02 1.242870025634765625e+02 -5.453333258628845215e-02 -2.707205712795257568e-01 -9.611121416091918945e-01 0.000000000000000000e+00 1.000000000000000000e+00
6.854161071777343750e+01 2.931464538574218750e+02 1.249652328491210938e+02 -6.826647371053695679e-02 -2.308477610349655151e-01 -9.705920219421386719e-01 0.000000000000000000e+00 1.000000000000000000e+00
6.858937835693359375e+01 2.933079833984375000e+02 1.256443786621093750e+02 -8.869460225105285645e-02 -1.687150895595550537e-01 -9.816662073135375977e-01 0.000000000000000000e+00 1.000000000000000000e+00
6.865069580078125000e+01 2.934246215820312500e+02 1.263230361938476562e+02 -1.155898496508598328e-01 -8.120050281286239624e-02 -9.899724125862121582e-01 0.000000000000000000e+00 1.000000000000000000e+00
6.872949981689453125e+01 2.934799804687500000e+02 1.269979553222656250e+02 -1.469309777021408081e-01 3.032682649791240692e-02 -9.886817336082458496e-01 0.000000000000000000e+00 1.000000000000000000e+00
6.882841491699218750e+01 2.934595642089843750e+02 1.276635437011718750e+02 -1.789628118276596069e-01 1.576060503721237183e-01 -9.711501598358154297e-01 0.000000000000000000e+00 1.000000000000000000e+00
6.894796752929687500e+01 2.933542785644531250e+02 1.283123016357421875e+02 -2.072460651397705078e-01 2.874629497528076172e-01 -9.351012110710144043e-01 0.000000000000000000e+00 1.000000000000000000e+00
6.908618164062500000e+01 2.931625671386718750e+02 1.289359283447265625e+02 -2.293112725019454956e-01 4.075123071670532227e-01 -8.839401006698608398e-01 0.000000000000000000e+00 1.000000000000000000e+00
6.923946380615234375e+01 2.928901672363281250e+02 1.295267944335937500e+02 -2.444451749324798584e-01 5.103780627250671387e-01 -8.244761228561401367e-01 0.000000000000000000e+00 1.000000000000000000e+00
6.940332794189453125e+01 2.925480346679687500e+02 1.300794830322265625e+02 -2.534827888011932373e-01 5.936006903648376465e-01 -7.637962698936462402e-01 0.000000000000000000e+00 1.000000000000000000e+00
6.957315826416015625e+01 2.921503295898437500e+02 1.305912170410156250e+02 -2.576102614402770996e-01 6.590605974197387695e-01 -7.065947055816650391e-01 0.000000000000000000e+00 1.000000000000000000e+00
6.974466705322265625e+01 2.917115478515625000e+02 1.310616455078125000e+02 -2.571170330047607422e-01 7.100035548210144043e-01 -6.555805802345275879e-01 0.000000000000000000e+00 1.000000000000000000e+00
6.991378784179687500e+01 2.912445373535156250e+02 1.314928588867187500e+02 -2.513302862644195557e-01 7.493946552276611328e-01 -6.125689744949340820e-01 0.000000000000000000e+00 1.000000000000000000e+00
7.007649230957031250e+01 2.907593994140625000e+02 1.318894195556640625e+02 -2.389087229967117310e-01 7.791267037391662598e-01 -5.795550942420959473e-01 0.000000000000000000e+00 1.000000000000000000e+00
7.022870635986328125e+01 2.902630004882812500e+02 1.322586669921875000e+02 -2.188253253698348999e-01 7.999570965766906738e-01 -5.587344169616699219e-01 0.000000000000000000e+00 1.000000000000000000e+00
7.036653137207031250e+01 2.897591552734375000e+02 1.326105804443359375e+02 -1.911654621362686157e-01 8.119699954986572266e-01 -5.515075325965881348e-01 0.000000000000000000e+00 1.000000000000000000e+00
7.048651885986328125e+01 2.892495117187500000e+02 1.329567413330078125e+02 -1.581446081399917603e-01 8.153308629989624023e-01 -5.569792985916137695e-01 0.000000000000000000e+00 1.000000000000000000e+00
7.058639526367187500e+01 2.887345886230468750e+02 1.333085021972656250e+02 -1.232352852821350098e-01 8.108355402946472168e-01 -5.721527934074401855e-01 0.000000000000000000e+00 1.000000000000000000e+00
7.066535186767578125e+01 2.882150878906250000e+02 1.336750793457031250e+02 -9.019868075847625732e-02 8.008407950401306152e-01 -5.920457839965820312e-01 0.000000000000000000e+00 1.000000000000000000e+00
7.072418975830078125e+01 2.876926879882812500e+02 1.340612792968750000e+02 -6.189347431063652039e-02 7.880987524986267090e-01 -6.124293208122253418e-01 0.000000000000000000e+00 1.000000000000000000e+00
7.076527404785156250e+01 2.871695556640625000e+02 1.344678039550781250e+02 -3.984437510371208191e-02 7.754921317100524902e-01 -6.300987005233764648e-01 0.000000000000000000e+00 1.000000000000000000e+00
7.079209899902343750e+01 2.866474609375000000e+02 1.348920135498046875e+02 -2.409220300614833832e-02 7.649358510971069336e-01 -6.436556577682495117e-01 0.000000000000000000e+00 1.000000000000000000e+00
7.080847930908203125e+01 2.861273803710937500e+02 1.353296356201171875e+02 -1.385725010186433792e-02 7.572619318962097168e-01 -6.529643535614013672e-01 0.000000000000000000e+00 1.000000000000000000e+00
7.081795501708984375e+01 2.856095581054687500e+02 1.357761383056640625e+02 -7.876080460846424103e-03 7.523658871650695801e-01 -6.586983799934387207e-01 0.000000000000000000e+00 1.000000000000000000e+00
7.082335662841796875e+01 2.850935668945312500e+02 1.362278900146484375e+02 -4.666503984481096268e-03 7.495294213294982910e-01 -6.619547009468078613e-01 0.000000000000000000e+00 1.000000000000000000e+00
7.082656097412109375e+01 2.845788879394531250e+02 1.366824340820312500e+02 -3.721246728673577309e-03 7.477595210075378418e-01 -6.639592647552490234e-01 0.000000000000000000e+00 1.000000000000000000e+00
7.082911682128906250e+01 2.840653076171875000e+02 1.371384582519531250e+02 -4.780689720064401627e-03 7.458320856094360352e-01 -6.661168336868286133e-01 0.000000000000000000e+00 1.000000000000000000e+00
7.083239746093750000e+01 2.835534973144531250e+02 1.375955657958984375e+02 -8.580306544899940491e-03 7.424528002738952637e-01 -6.698433756828308105e-01 0.000000000000000000e+00 1.000000000000000000e+00
7.083827209472656250e+01 2.830451660156250000e+02 1.380541839599609375e+02 -1.715043373405933380e-02 7.358241081237792969e-01 -6.769555211067199707e-01 0.000000000000000000e+00 1.000000000000000000e+00
7.084996795654296875e+01 2.825433654785156250e+02 1.385158386230468750e+02 -3.348355367779731750e-02 7.228302955627441406e-01 -6.902139782905578613e-01 0.000000000000000000e+00 1.000000000000000000e+00
7.087265014648437500e+01 2.820537109375000000e+02 1.389833984375000000e+02 -6.141884997487068176e-02 6.993314027786254883e-01 -7.121540307998657227e-01 0.000000000000000000e+00 1.000000000000000000e+00
7.091387176513671875e+01 2.815843505859375000e+02 1.394613647460937500e+02 -1.042841598391532898e-01 6.605619788169860840e-01 -7.434936165809631348e-01 0.000000000000000000e+00 1.000000000000000000e+00
7.098321533203125000e+01 2.811451110839843750e+02 1.399557495117187500e+02 -1.625483185052871704e-01 6.020427346229553223e-01 -7.817432880401611328e-01 0.000000000000000000e+00 1.000000000000000000e+00
7.109087371826171875e+01 2.807463684082031250e+02 1.404735107421875000e+02 -2.313265204429626465e-01 5.239063501358032227e-01 -8.197622895240783691e-01 0.000000000000000000e+00 1.000000000000000000e+00
7.124548339843750000e+01 2.803962097167968750e+02 1.410214080810546875e+02 -3.007633388042449951e-01 4.332113265991210938e-01 -8.496289253234863281e-01 0.000000000000000000e+00 1.000000000000000000e+00
7.145180511474609375e+01 2.800990295410156250e+02 1.416042480468750000e+02 -3.605645298957824707e-01 3.438139557838439941e-01 -8.670555353164672852e-01 0.000000000000000000e+00 1.000000000000000000e+00
7.170931243896484375e+01 2.798534851074218750e+02 1.422234802246093750e+02 -4.055769443511962891e-01 2.668664157390594482e-01 -8.742365837097167969e-01 0.000000000000000000e+00 1.000000000000000000e+00
7.201245117187500000e+01 2.796540222167968750e+02 1.428769073486328125e+02 -4.361028373241424561e-01 2.080487012863159180e-01 -8.755170106887817383e-01 0.000000000000000000e+00 1.000000000000000000e+00
7.235206604003906250e+01 2.794920043945312500e+02 1.435587158203125000e+02 -4.555072486400604248e-01 1.661018133163452148e-01 -8.745990395545959473e-01 0.000000000000000000e+00 1.000000000000000000e+00
7.271795654296875000e+01 2.793585815429687500e+02 1.442612457275390625e+02 -4.673456847667694092e-01 1.376250982284545898e-01 -8.732968568801879883e-01 0.000000000000000000e+00 1.000000000000000000e+00
7.310056304931640625e+01 2.792459106445312500e+02 1.449761962890625000e+02 -4.746840298175811768e-01 1.180703043937683105e-01 -8.722009062767028809e-01 0.000000000000000000e+00 1.000000000000000000e+00
7.349243927001953125e+01 2.791484375000000000e+02 1.456962432861328125e+02 -4.795363247394561768e-01 1.040641963481903076e-01 -8.713297247886657715e-01 0.000000000000000000e+00 1.000000000000000000e+00
7.388830566406250000e+01 2.790625305175781250e+02 1.464155426025390625e+02 -4.829040467739105225e-01 9.254676848649978638e-02 -8.707690834999084473e-01 0.000000000000000000e+00 1.000000000000000000e+00
7.428449249267578125e+01 2.789866027832031250e+02 1.471299438476562500e+02 -4.851584434509277344e-01 8.235543221235275269e-02 -8.705393671989440918e-01 0.000000000000000000e+00 1.000000000000000000e+00
7.467839050292968750e+01 2.789197387695312500e+02 1.478367309570312500e+02 -4.861434400081634521e-01 7.253227382898330688e-02 -8.708636760711669922e-01 0.000000000000000000e+00 1.000000000000000000e+00
7.506763458251953125e+01 2.788616638183593750e+02 1.485340118408203125e+02 -4.862239062786102295e-01 6.208597868680953979e-02 -8.716259002685546875e-01 0.000000000000000000e+00 1.000000000000000000e+00
7.545050811767578125e+01 2.788127746582031250e+02 1.492203674316406250e+02 -4.854588806629180908e-01 5.107912048697471619e-02 -8.727660775184631348e-01 0.000000000000000000e+00 1.000000000000000000e+00
7.582582092285156250e+01 2.787732849121093750e+02 1.498951110839843750e+02 -4.852230548858642578e-01 3.913511335849761963e-02 -8.735142350196838379e-01 0.000000000000000000e+00 1.000000000000000000e+00
7.619360351562500000e+01 2.787436218261718750e+02 1.505572052001953125e+02 -4.878071546554565430e-01 2.610243111848831177e-02 -8.725610971450805664e-01 0.000000000000000000e+00 1.000000000000000000e+00
7.655575561523437500e+01 2.787242431640625000e+02 1.512050018310546875e+02 -4.963827431201934814e-01 1.138743106275796890e-02 -8.680289983749389648e-01 0.000000000000000000e+00 1.000000000000000000e+00
7.691625976562500000e+01 2.787159729003906250e+02 1.518354187011718750e+02 -5.146661996841430664e-01 -6.717671174556016922e-03 -8.573642969131469727e-01 0.000000000000000000e+00 1.000000000000000000e+00
7.728099822998046875e+01 2.787207336425781250e+02 1.524430236816406250e+02 -5.459461808204650879e-01 -3.203498572111129761e-02 -8.372075557708740234e-01 0.000000000000000000e+00 1.000000000000000000e+00
7.765702056884765625e+01 2.787427978515625000e+02 1.530196533203125000e+02 -5.917938351631164551e-01 -6.966321915388107300e-02 -8.030735254287719727e-01 0.000000000000000000e+00 1.000000000000000000e+00
7.805133819580078125e+01 2.787892150878906250e+02 1.535547485351562500e+02 -6.500807404518127441e-01 -1.249479949474334717e-01 -7.495218515396118164e-01 0.000000000000000000e+00 1.000000000000000000e+00
7.846939849853515625e+01 2.788695678710937500e+02 1.540367584228515625e+02 -7.140573859214782715e-01 -2.005556374788284302e-01 -6.707455515861511230e-01 0.000000000000000000e+00 1.000000000000000000e+00
7.891466522216796875e+01 2.789946289062500000e+02 1.544550170898437500e+02 -7.717953920364379883e-01 -2.925410568714141846e-01 -5.645808577537536621e-01 0.000000000000000000e+00 1.000000000000000000e+00
7.938800048828125000e+01 2.791740417480468750e+02 1.548012695312500000e+02 -8.108568191528320312e-01 -3.880524635314941406e-01 -4.380941689014434814e-01 0.000000000000000000e+00 1.000000000000000000e+00
7.988768768310546875e+01 2.794131774902343750e+02 1.550712432861328125e+02 -8.264034986495971680e-01 -4.724516272544860840e-01 -3.063440322875976562e-01 0.000000000000000000e+00 1.000000000000000000e+00
8.040921783447265625e+01 2.797113342285156250e+02 1.552645721435546875e+02 -8.235383033752441406e-01 -5.366172790527343750e-01 -1.839201152324676514e-01 0.000000000000000000e+00 1.000000000000000000e+00
8.094528961181640625e+01 2.800606384277343750e+02 1.553842926025390625e+02 -8.109208345413208008e-01 -5.801576375961303711e-01 -7.631846517324447632e-02 0.000000000000000000e+00 1.000000000000000000e+00
8.148600006103515625e+01 2.804474792480468750e+02 1.554351806640625000e+02 -7.942234277725219727e-01 -6.073486208915710449e-01 1.835356839001178741e-02 0.000000000000000000e+00 1.000000000000000000e+00
8.201952362060546875e+01 2.808554687500000000e+02 1.554228515625000000e+02 -7.752931714057922363e-01 -6.227538585662841797e-01 1.053477451205253601e-01 0.000000000000000000e+00 1.000000000000000000e+00
8.253417205810546875e+01 2.812688598632812500e+02 1.553529205322265625e+02 -7.534200549125671387e-01 -6.298217177391052246e-01 1.888991892337799072e-01 0.000000000000000000e+00 1.000000000000000000e+00
8.302007293701171875e+01 2.816750488281250000e+02 1.552310943603515625e+02 -7.272588014602661133e-01 -6.308597326278686523e-01 2.703895270824432373e-01 0.000000000000000000e+00 1.000000000000000000e+00
8.347144317626953125e+01 2.820665893554687500e+02 1.550632781982421875e+02 -6.968330144882202148e-01 -6.273145675659179688e-01 3.477071225643157959e-01 0.000000000000000000e+00 1.000000000000000000e+00
8.388739013671875000e+01 2.824410400390625000e+02 1.548557281494140625e+02 -6.632137894630432129e-01 -6.211851835250854492e-01 4.174642860889434814e-01 0.000000000000000000e+00 1.000000000000000000e+00
8.427108001708984375e+01 2.828004150390625000e+02 1.546142120361328125e+02 -6.285008192062377930e-01 -6.145007014274597168e-01 4.768391847610473633e-01 0.000000000000000000e+00 1.000000000000000000e+00
8.462762451171875000e+01 2.831490173339843750e+02 1.543437042236328125e+02 -5.930261015892028809e-01 -6.101754307746887207e-01 5.253626704216003418e-01 0.000000000000000000e+00 1.000000000000000000e+00
8.496189117431640625e+01 2.834929504394531250e+02 1.540475769042968750e+02 -5.558008551597595215e-01 -6.095376014709472656e-01 5.652869939804077148e-01 0.000000000000000000e+00 1.000000000000000000e+00
8.527658843994140625e+01 2.838380737304687500e+02 1.537275085449218750e+02 -5.153928399085998535e-01 -6.131716966629028320e-01 5.986573100090026855e-01 0.000000000000000000e+00 1.000000000000000000e+00
8.557188415527343750e+01 2.841893920898437500e+02 1.533845062255859375e+02 -4.712646603584289551e-01 -6.202562451362609863e-01 6.270500421524047852e-01 0.000000000000000000e+00 1.000000000000000000e+00
8.584602355957031250e+01 2.845502014160156250e+02 1.530197448730468750e+02 -4.252735376358032227e-01 -6.291010379791259766e-01 6.506721377372741699e-01 0.000000000000000000e+00 1.000000000000000000e+00
8.609721374511718750e+01 2.849217834472656250e+02 1.526354217529296875e+02 -3.808663189411163330e-01 -6.381492018699645996e-01 6.691087484359741211e-01 0.000000000000000000e+00 1.000000000000000000e+00
8.632528686523437500e+01 2.853039245605468750e+02 1.522347412109375000e+02 -3.411440849304199219e-01 -6.464498043060302734e-01 6.824392676353454590e-01 0.000000000000000000e+00 1.000000000000000000e+00
8.653197479248046875e+01 2.856955871582031250e+02 1.518212738037109375e+02 -3.084230124950408936e-01 -6.538433432579040527e-01 6.909154057502746582e-01 0.000000000000000000e+00 1.000000000000000000e+00
8.672087097167968750e+01 2.860960388183593750e+02 1.513981170654296875e+02 -2.828104794025421143e-01 -6.608142852783203125e-01 6.952285766601562500e-01 0.000000000000000000e+00 1.000000000000000000e+00
8.689617156982421875e+01 2.865056457519531250e+02 1.509671783447265625e+02 -2.628465592861175537e-01 -6.678385734558105469e-01 6.963500380516052246e-01 0.000000000000000000e+00 1.000000000000000000e+00
8.706159973144531250e+01 2.869259643554687500e+02 1.505289154052734375e+02 -2.464788407087326050e-01 -6.754200458526611328e-01 6.950222849845886230e-01 0.000000000000000000e+00 1.000000000000000000e+00
8.721969604492187500e+01 2.873591918945312500e+02 1.500831146240234375e+02 -2.317803651094436646e-01 -6.830980181694030762e-01 6.925712823867797852e-01 0.000000000000000000e+00 1.000000000000000000e+00
8.737164306640625000e+01 2.878070068359375000e+02 1.496290893554687500e+02 -2.175878733396530151e-01 -6.905065178871154785e-01 6.898233890533447266e-01 0.000000000000000000e+00 1.000000000000000000e+00
8.751744842529296875e+01 2.882697143554687500e+02 1.491668395996093750e+02 -2.029518783092498779e-01 -6.970221996307373047e-01 6.877285838127136230e-01 0.000000000000000000e+00 1.000000000000000000e+00
8.765606689453125000e+01 2.887457885742187500e+02 1.486971130371093750e+02 -1.874422132968902588e-01 -7.019778490066528320e-01 6.870899200439453125e-01 0.000000000000000000e+00 1.000000000000000000e+00
8.778593444824218750e+01 2.892321472167968750e+02 1.482210693359375000e+02 -1.699732691049575806e-01 -7.050581574440002441e-01 6.884780526161193848e-01 0.000000000000000000e+00 1.000000000000000000e+00
8.790466308593750000e+01 2.897246398925781250e+02 1.477401580810546875e+02 -1.502813696861267090e-01 -7.064530849456787109e-01 6.916210055351257324e-01 0.000000000000000000e+00 1.000000000000000000e+00
8.800994873046875000e+01 2.902195739746093750e+02 1.472556152343750000e+02 -1.289497166872024536e-01 -7.060250043869018555e-01 6.963480710983276367e-01 0.000000000000000000e+00 1.000000000000000000e+00
8.810022735595703125e+01 2.907138671875000000e+02 1.467680969238281250e+02 -1.073184907436370850e-01 -7.043097019195556641e-01 7.017339468002319336e-01 0.000000000000000000e+00 1.000000000000000000e+00
8.817524719238281250e+01 2.912062072753906250e+02 1.462775573730468750e+02 -8.731076866388320923e-02 -7.014157772064208984e-01 7.073844671249389648e-01 0.000000000000000000e+00 1.000000000000000000e+00
8.823618316650390625e+01 2.916957397460937500e+02 1.457838592529296875e+02 -7.069157063961029053e-02 -6.977991461753845215e-01 7.127966284751892090e-01 0.000000000000000000e+00 1.000000000000000000e+00
8.828552246093750000e+01 2.921827697753906250e+02 1.452863616943359375e+02 -5.812522768974304199e-02 -6.930936574935913086e-01 7.185002565383911133e-01 0.000000000000000000e+00 1.000000000000000000e+00
8.832615661621093750e+01 2.926672973632812500e+02 1.447840728759765625e+02 -4.949535429477691650e-02 -6.866432428359985352e-01 7.253077626228332520e-01 0.000000000000000000e+00 1.000000000000000000e+00
8.836084747314453125e+01 2.931485595703125000e+02 1.442757110595703125e+02 -4.305409640073776245e-02 -6.776132583618164062e-01 7.341570258140563965e-01 0.000000000000000000e+00 1.000000000000000000e+00
8.839109039306640625e+01 2.936245422363281250e+02 1.437600097656250000e+02 -3.664096444845199585e-02 -6.651443243026733398e-01 7.458152770996093750e-01 0.000000000000000000e+00 1.000000000000000000e+00
8.841681671142578125e+01 2.940915527343750000e+02 1.432363586425781250e+02 -2.736488170921802521e-02 -6.486700773239135742e-01 7.605776190757751465e-01 0.000000000000000000e+00 1.000000000000000000e+00
8.843592071533203125e+01 2.945444030761718750e+02 1.427053833007812500e+02 -1.199924759566783905e-02 -6.282557845115661621e-01 7.779142856597900391e-01 0.000000000000000000e+00 1.000000000000000000e+00
8.844419097900390625e+01 2.949774169921875000e+02 1.421692199707031250e+02 1.232583355158567429e-02 -6.036608219146728516e-01 7.971459031105041504e-01 0.000000000000000000e+00 1.000000000000000000e+00
8.843586730957031250e+01 2.953850708007812500e+02 1.416309051513671875e+02 4.764269292354583740e-02 -5.753762722015380859e-01 8.165000081062316895e-01 0.000000000000000000e+00 1.000000000000000000e+00
8.840451812744140625e+01 2.957636718750000000e+02 1.410936431884765625e+02 9.426444768905639648e-02 -5.433367490768432617e-01 8.342058658599853516e-01 0.000000000000000000e+00 1.000000000000000000e+00
8.834413909912109375e+01 2.961116943359375000e+02 1.405593109130859375e+02 1.486165970563888550e-01 -5.081973075866699219e-01 8.483210802078247070e-01 0.000000000000000000e+00 1.000000000000000000e+00
8.825119018554687500e+01 2.964295349121093750e+02 1.400287475585937500e+02 2.053151577711105347e-01 -4.706474244594573975e-01 8.581005930900573730e-01 0.000000000000000000e+00 1.000000000000000000e+00
8.812507629394531250e+01 2.967186279296875000e+02 1.395016632080078125e+02 2.575486004352569580e-01 -4.325892031192779541e-01 8.640226721763610840e-01 0.000000000000000000e+00 1.000000000000000000e+00
8.796865844726562500e+01 2.969813537597656250e+02 1.389769134521484375e+02 2.995650768280029297e-01 -3.960330486297607422e-01 8.679968714714050293e-01 0.000000000000000000e+00 1.000000000000000000e+00
8.778781890869140625e+01 2.972204284667968750e+02 1.384529266357421875e+02 3.273095786571502686e-01 -3.639473915100097656e-01 8.720152974128723145e-01 0.000000000000000000e+00 1.000000000000000000e+00
8.759056854248046875e+01 2.974397583007812500e+02 1.379274139404296875e+02 3.391067981719970703e-01 -3.395491242408752441e-01 8.773328661918640137e-01 0.000000000000000000e+00 1.000000000000000000e+00
8.738584899902343750e+01 2.976447448730468750e+02 1.373977661132812500e+02 3.346967399120330811e-01 -3.262366056442260742e-01 8.840519189834594727e-01 0.000000000000000000e+00 1.000000000000000000e+00
8.718271636962890625e+01 2.978427429199218750e+02 1.368612213134765625e+02 3.164279162883758545e-01 -3.248035013675689697e-01 8.912777900695800781e-01 0.000000000000000000e+00 1.000000000000000000e+00
8.698902130126953125e+01 2.980415649414062500e+02 1.363156433105468750e+02 2.878778874874114990e-01 -3.346352875232696533e-01 8.972989916801452637e-01 0.000000000000000000e+00 1.000000000000000000e+00
8.681052398681640625e+01 2.982490539550781250e+02 1.357592773437500000e+02 2.543148994445800781e-01 -3.519981205463409424e-01 9.007892608642578125e-01 0.000000000000000000e+00 1.000000000000000000e+00
8.665003204345703125e+01 2.984711914062500000e+02 1.351908111572265625e+02 -2.199128419160842896e-01 3.720384240150451660e-01 -9.017903208732604980e-01 0.000000000000000000e+00 1.000000000000000000e+00
8.650801086425781250e+01 2.987114562988281250e+02 1.346084289550781250e+02 -1.880786865949630737e-01 3.910789787769317627e-01 -9.009348750114440918e-01 0.000000000000000000e+00 1.000000000000000000e+00
8.638280487060546875e+01 2.989718017578125000e+02 1.340086669921875000e+02 -1.596062630414962769e-01 4.061860442161560059e-01 -8.997436761856079102e-01 0.000000000000000000e+00 1.000000000000000000e+00
8.627267456054687500e+01 2.992520751953125000e+02 1.333878326416015625e+02 -1.324825733900070190e-01 4.149999916553497314e-01 -9.001240730285644531e-01 0.000000000000000000e+00 1.000000000000000000e+00
8.617765808105468750e+01 2.995497131347656250e+02 1.327422637939453125e+02 -1.037413105368614197e-01 4.160718023777008057e-01 -9.033946990966796875e-01 0.000000000000000000e+00 1.000000000000000000e+00
8.610041046142578125e+01 2.998595275878906250e+02 1.320695800781250000e+02 -7.089918106794357300e-02 4.066302776336669922e-01 -9.108375310897827148e-01 0.000000000000000000e+00 1.000000000000000000e+00
8.604592895507812500e+01 3.001719970703125000e+02 1.313696594238281250e+02 -3.338534757494926453e-02 3.849065899848937988e-01 -9.223515391349792480e-01 0.000000000000000000e+00 1.000000000000000000e+00
8.601967620849609375e+01 3.004746704101562500e+02 1.306443634033203125e+02 6.870912853628396988e-03 3.489811420440673828e-01 -9.371045231819152832e-01 0.000000000000000000e+00 1.000000000000000000e+00
8.602515411376953125e+01 3.007528991699218750e+02 1.298972473144531250e+02 4.578793421387672424e-02 3.005605936050415039e-01 -9.526629447937011719e-01 0.000000000000000000e+00 1.000000000000000000e+00
8.606188201904296875e+01 3.009939880371093750e+02 1.291330871582031250e+02 7.744792848825454712e-02 2.432421743869781494e-01 -9.668686389923095703e-01 0.000000000000000000e+00 1.000000000000000000e+00
8.612406921386718750e+01 3.011893005371093750e+02 1.283567352294921875e+02 9.761969745159149170e-02 1.842785775661468506e-01 -9.780142307281494141e-01 0.000000000000000000e+00 1.000000000000000000e+00
8.620234680175781250e+01 3.013370666503906250e+02 1.275725021362304688e+02 1.042215079069137573e-01 1.310115158557891846e-01 -9.858873486518859863e-01 0.000000000000000000e+00 1.000000000000000000e+00
8.628569030761718750e+01 3.014418334960937500e+02 1.267841110229492188e+02 9.880416840314865112e-02 8.886732161045074463e-02 -9.911307692527770996e-01 0.000000000000000000e+00 1.000000000000000000e+00
8.636450958251953125e+01 3.015127258300781250e+02 1.259934539794921875e+02 8.563818782567977905e-02 6.111269816756248474e-02 -9.944502711296081543e-01 0.000000000000000000e+00 1.000000000000000000e+00
8.643276214599609375e+01 3.015614318847656250e+02 1.252008895874023438e+02 6.997250020503997803e-02 4.774414375424385071e-02 -9.964057207107543945e-01 0.000000000000000000e+00 1.000000000000000000e+00
8.648862457275390625e+01 3.015995483398437500e+02 1.244054107666015625e+02 5.643676966428756714e-02 4.804829135537147522e-02 -9.972493052482604980e-01 0.000000000000000000e+00 1.000000000000000000e+00
8.653389739990234375e+01 3.016380920410156250e+02 1.236054306030273438e+02 4.802932962775230408e-02 5.990917235612869263e-02 -9.970476627349853516e-01 0.000000000000000000e+00 1.000000000000000000e+00
8.657270050048828125e+01 3.016864929199218750e+02 1.227999114990234375e+02 4.564610496163368225e-02 8.109866082668304443e-02 -9.956603646278381348e-01 0.000000000000000000e+00 1.000000000000000000e+00
8.660987091064453125e+01 3.017525329589843750e+02 1.219891281127929688e+02 4.887687787413597107e-02 1.095005869865417480e-01 -9.927842617034912109e-01 0.000000000000000000e+00 1.000000000000000000e+00
8.664993286132812500e+01 3.018422851562500000e+02 1.211753921508789062e+02 5.598122999072074890e-02 1.431693732738494873e-01 -9.881137013435363770e-01 0.000000000000000000e+00 1.000000000000000000e+00
8.669594573974609375e+01 3.019599609375000000e+02 1.203632278442382812e+02 6.643261015415191650e-02 1.806788295507431030e-01 -9.812960624694824219e-01 0.000000000000000000e+00 1.000000000000000000e+00
8.675038909912109375e+01 3.021080322265625000e+02 1.195590286254882812e+02 7.895170152187347412e-02 2.204752862453460693e-01 -9.721919894218444824e-01 0.000000000000000000e+00 1.000000000000000000e+00
8.681455993652343750e+01 3.022872314453125000e+02 1.187688446044921875e+02 9.302523732185363770e-02 2.624671161174774170e-01 -9.604463577270507812e-01 0.000000000000000000e+00 1.000000000000000000e+00
8.688921356201171875e+01 3.024978637695312500e+02 1.179980773925781250e+02 1.091784685850143433e-01 3.071126937866210938e-01 -9.453898072242736816e-01 0.000000000000000000e+00 1.000000000000000000e+00
8.697551727294921875e+01 3.027406311035156250e+02 1.172507629394531250e+02 1.288729906082153320e-01 3.552656769752502441e-01 -9.258391261100769043e-01 0.000000000000000000e+00 1.000000000000000000e+00
8.707583618164062500e+01 3.030171813964843750e+02 1.165300598144531250e+02 1.541803926229476929e-01 4.086565673351287842e-01 -8.995711803436279297e-01 0.000000000000000000e+00 1.000000000000000000e+00
8.719419860839843750e+01 3.033309020996093750e+02 1.158394699096679688e+02 1.867345869541168213e-01 4.676151573657989502e-01 -8.639827966690063477e-01 0.000000000000000000e+00 1.000000000000000000e+00
8.733599090576171875e+01 3.036859741210937500e+02 1.151834259033203125e+02 2.264481484889984131e-01 5.304328799247741699e-01 -8.169224262237548828e-01 0.000000000000000000e+00 1.000000000000000000e+00
8.750702667236328125e+01 3.040866088867187500e+02 1.145664062500000000e+02 2.710680663585662842e-01 5.924993753433227539e-01 -7.585952281951904297e-01 0.000000000000000000e+00 1.000000000000000000e+00
8.771209716796875000e+01 3.045348510742187500e+02 1.139925079345703125e+02 3.156978487968444824e-01 6.477319598197937012e-01 -6.933815479278564453e-01 0.000000000000000000e+00 1.000000000000000000e+00
8.795301055908203125e+01 3.050291442871093750e+02 1.134633789062500000e+02 3.560220003128051758e-01 6.918262839317321777e-01 -6.281916499137878418e-01 0.000000000000000000e+00 1.000000000000000000e+00
8.822815704345703125e+01 3.055638122558593750e+02 1.129778900146484375e+02 3.904816508293151855e-01 7.245116829872131348e-01 -5.679848790168762207e-01 0.000000000000000000e+00 1.000000000000000000e+00
8.853308105468750000e+01 3.061295776367187500e+02 1.125343551635742188e+02 4.200524985790252686e-01 7.480739951133728027e-01 -5.137520432472229004e-01 0.000000000000000000e+00 1.000000000000000000e+00
8.886152648925781250e+01 3.067145080566406250e+02 1.121326446533203125e+02 4.477571547031402588e-01 7.656924128532409668e-01 -4.617668688297271729e-01 0.000000000000000000e+00 1.000000000000000000e+00
8.920729064941406250e+01 3.073057861328125000e+02 1.117760620117187500e+02 4.770889878273010254e-01 7.796503305435180664e-01 -4.056247770786285400e-01 0.000000000000000000e+00 1.000000000000000000e+00
8.956529998779296875e+01 3.078908386230468750e+02 1.114716796875000000e+02 5.102624893188476562e-01 7.904276251792907715e-01 -3.389047980308532715e-01 0.000000000000000000e+00 1.000000000000000000e+00
8.993206787109375000e+01 3.084589843750000000e+02 1.112280807495117188e+02 5.475372672080993652e-01 7.960399985313415527e-01 -2.579208910465240479e-01 0.000000000000000000e+00 1.000000000000000000e+00
9.030597686767578125e+01 3.090025939941406250e+02 1.110519485473632812e+02 5.865265130996704102e-01 7.928978204727172852e-01 -1.652261763811111450e-01 0.000000000000000000e+00 1.000000000000000000e+00
9.068717193603515625e+01 3.095179138183593750e+02 1.109445648193359375e+02 6.229635477066040039e-01 7.790666222572326660e-01 -7.050993293523788452e-02 0.000000000000000000e+00 1.000000000000000000e+00
9.107759094238281250e+01 3.100061645507812500e+02 1.109003753662109375e+02 6.544347405433654785e-01 7.560276985168457031e-01 1.171464007347822189e-02 0.000000000000000000e+00 1.000000000000000000e+00
9.148078918457031250e+01 3.104719543457031250e+02 1.109075927734375000e+02 6.811511516571044922e-01 7.287279963493347168e-01 7.062938064336776733e-02 0.000000000000000000e+00 1.000000000000000000e+00
9.190099334716796875e+01 3.109215087890625000e+02 1.109511642456054688e+02 7.047903537750244141e-01 7.018879652023315430e-01 1.030710488557815552e-01 0.000000000000000000e+00 1.000000000000000000e+00
9.234192657470703125e+01 3.113606262207031250e+02 1.110156478881835938e+02 7.269917130470275879e-01 6.774061918258666992e-01 1.122671589255332947e-01 0.000000000000000000e+00 1.000000000000000000e+00
9.280568695068359375e+01 3.117927551269531250e+02 1.110872650146484375e+02 7.483026385307312012e-01 6.551575660705566406e-01 1.039791256189346313e-01 0.000000000000000000e+00 1.000000000000000000e+00
9.329259490966796875e+01 3.122190551757812500e+02 1.111549224853515625e+02 7.683981657028198242e-01 6.345195770263671875e-01 8.336139470338821411e-02 0.000000000000000000e+00 1.000000000000000000e+00
9.380111694335937500e+01 3.126389770507812500e+02 1.112100906372070312e+02 7.864913344383239746e-01 6.152419447898864746e-01 5.393206700682640076e-02 0.000000000000000000e+00 1.000000000000000000e+00
9.432859802246093750e+01 3.130516052246093750e+02 1.112462615966796875e+02 8.015251755714416504e-01 5.976765751838684082e-01 1.843958161771297455e-02 0.000000000000000000e+00 1.000000000000000000e+00
9.487181091308593750e+01 3.134566650390625000e+02 1.112587585449218750e+02 8.124812245368957520e-01 5.825994610786437988e-01 -2.126177586615085602e-02 0.000000000000000000e+00 1.000000000000000000e+00
9.542691040039062500e+01 3.138547058105468750e+02 1.112442321777343750e+02 8.196544647216796875e-01 5.695051550865173340e-01 -6.189066544175148010e-02 0.000000000000000000e+00 1.000000000000000000e+00
9.599021148681640625e+01 3.142460937500000000e+02 1.112016983032226562e+02 8.230726718902587891e-01 5.588153600692749023e-01 -1.013745814561843872e-01 0.000000000000000000e+00 1.000000000000000000e+00
9.655805206298828125e+01 3.146316223144531250e+02 1.111317596435546875e+02 8.238521814346313477e-01 5.497643351554870605e-01 -1.379375308752059937e-01 0.000000000000000000e+00 1.000000000000000000e+00
9.712778472900390625e+01 3.150118103027343750e+02 1.110363693237304688e+02 8.228608965873718262e-01 5.421858429908752441e-01 -1.701014041900634766e-01 0.000000000000000000e+00 1.000000000000000000e+00
9.769844055175781250e+01 3.153878173828125000e+02 1.109184036254882812e+02 8.210512399673461914e-01 5.356738567352294922e-01 -1.973028033971786499e-01 0.000000000000000000e+00 1.000000000000000000e+00
9.827055358886718750e+01 3.157610778808593750e+02 1.107809219360351562e+02 8.188420534133911133e-01 5.302600264549255371e-01 -2.198228538036346436e-01 0.000000000000000000e+00 1.000000000000000000e+00
9.884568023681640625e+01 3.161335144042968750e+02 1.106265258789062500e+02 8.164203763008117676e-01 5.257550477981567383e-01 -2.388291209936141968e-01 0.000000000000000000e+00 1.000000000000000000e+00
9.942534637451171875e+01 3.165068054199218750e+02 1.104569549560546875e+02 8.135594129562377930e-01 5.222315788269042969e-01 -2.557249665260314941e-01 0.000000000000000000e+00 1.000000000000000000e+00
1.000102539062500000e+02 3.168822631835937500e+02 1.102731018066406250e+02 8.100203871726989746e-01 5.195899009704589844e-01 -2.718333601951599121e-01 0.000000000000000000e+00 1.000000000000000000e+00
1.006000976562500000e+02 3.172606201171875000e+02 1.100751571655273438e+02 8.054346442222595215e-01 5.178023576736450195e-01 -2.883674204349517822e-01 0.000000000000000000e+00 1.000000000000000000e+00
1.011936111450195312e+02 3.176421813964843750e+02 1.098626632690429688e+02 7.999836802482604980e-01 5.159703493118286133e-01 -3.062689602375030518e-01 0.000000000000000000e+00 1.000000000000000000e+00
1.017889862060546875e+02 3.180261840820312500e+02 1.096347274780273438e+02 7.934849858283996582e-01 5.141031742095947266e-01 -3.256982564926147461e-01 0.000000000000000000e+00 1.000000000000000000e+00
1.023848724365234375e+02 3.184122619628906250e+02 1.093901367187500000e+02 7.863245606422424316e-01 5.112425088882446289e-01 -3.468785583972930908e-01 0.000000000000000000e+00 1.000000000000000000e+00
1.029801406860351562e+02 3.187992858886718750e+02 1.091275405883789062e+02 7.790346145629882812e-01 5.069413781166076660e-01 -3.689384460449218750e-01 0.000000000000000000e+00 1.000000000000000000e+00
1.035740966796875000e+02 3.191857910156250000e+02 1.088462524414062500e+02 7.724745869636535645e-01 5.005909204483032227e-01 -3.907580673694610596e-01 0.000000000000000000e+00 1.000000000000000000e+00
1.041659545898437500e+02 3.195693359375000000e+02 1.085468597412109375e+02 7.674365043640136719e-01 4.925893843173980713e-01 -4.103619158267974854e-01 0.000000000000000000e+00 1.000000000000000000e+00
1.047548980712890625e+02 3.199473571777343750e+02 1.082319412231445312e+02 7.647075057029724121e-01 4.836911559104919434e-01 -4.257527291774749756e-01 0.000000000000000000e+00 1.000000000000000000e+00
1.053399505615234375e+02 3.203174133300781250e+02 1.079062118530273438e+02 7.649235129356384277e-01 4.746746420860290527e-01 -4.354034364223480225e-01 0.000000000000000000e+00 1.000000000000000000e+00
1.059201049804687500e+02 3.206774291992187500e+02 1.075759811401367188e+02 7.678923606872558594e-01 4.666299819946289062e-01 -4.388597309589385986e-01 0.000000000000000000e+00 1.000000000000000000e+00
1.064947738647460938e+02 3.210266418457031250e+02 1.072475509643554688e+02 7.730209231376647949e-01 4.596469402313232422e-01 -4.372223615646362305e-01 0.000000000000000000e+00 1.000000000000000000e+00
1.070636444091796875e+02 3.213648986816406250e+02 1.069257965087890625e+02 7.788259983062744141e-01 4.543495178222656250e-01 -4.324310123920440674e-01 0.000000000000000000e+00 1.000000000000000000e+00
1.076258926391601562e+02 3.216929016113281250e+02 1.066136169433593750e+02 7.839659452438354492e-01 4.504868388175964355e-01 -4.271522760391235352e-01 0.000000000000000000e+00 1.000000000000000000e+00
1.081795501708984375e+02 3.220110473632812500e+02 1.063119506835937500e+02 7.872300744056701660e-01 4.490406215190887451e-01 -4.226480126380920410e-01 0.000000000000000000e+00 1.000000000000000000e+00
1.087209320068359375e+02 3.223198547363281250e+02 1.060212936401367188e+02 7.884246706962585449e-01 4.502923786640167236e-01 -4.190743267536163330e-01 0.000000000000000000e+00 1.000000000000000000e+00
1.092452239990234375e+02 3.226192932128906250e+02 1.057426147460937500e+02 7.875370979309082031e-01 4.557602405548095703e-01 -4.148106276988983154e-01 0.000000000000000000e+00 1.000000000000000000e+00
1.097483520507812500e+02 3.229104614257812500e+02 1.054776077270507812e+02 7.857519388198852539e-01 4.649431705474853516e-01 -4.079481959342956543e-01 0.000000000000000000e+00 1.000000000000000000e+00
1.102288208007812500e+02 3.231947631835937500e+02 1.052281570434570312e+02 7.843255996704101562e-01 4.758557975292205811e-01 -3.979882597923278809e-01 0.000000000000000000e+00 1.000000000000000000e+00
1.106895217895507812e+02 3.234742736816406250e+02 1.049943847656250000e+02 7.841385602951049805e-01 4.852772057056427002e-01 -3.868238627910614014e-01 0.000000000000000000e+00 1.000000000000000000e+00
1.111371765136718750e+02 3.237513122558593750e+02 1.047735519409179688e+02 7.852408885955810547e-01 4.906268119812011719e-01 -3.777329027652740479e-01 0.000000000000000000e+00 1.000000000000000000e+00
1.115802307128906250e+02 3.240281372070312500e+02 1.045604248046875000e+02 7.862031459808349609e-01 4.915874004364013672e-01 -3.744683861732482910e-01 0.000000000000000000e+00 1.000000000000000000e+00
1.120255966186523438e+02 3.243066101074218750e+02 1.043482971191406250e+02 7.846103906631469727e-01 4.909121692180633545e-01 -3.786709904670715332e-01 0.000000000000000000e+00 1.000000000000000000e+00
1.124754028320312500e+02 3.245880432128906250e+02 1.041312103271484375e+02 7.778906226158142090e-01 4.928905665874481201e-01 -3.898012340068817139e-01 0.000000000000000000e+00 1.000000000000000000e+00
1.129261169433593750e+02 3.248736267089843750e+02 1.039053573608398438e+02 7.640470266342163086e-01 5.006619095802307129e-01 -4.069028198719024658e-01 0.000000000000000000e+00 1.000000000000000000e+00
1.133695297241210938e+02 3.251641845703125000e+02 1.036692123413085938e+02 7.425969839096069336e-01 5.149579644203186035e-01 -4.282149076461791992e-01 0.000000000000000000e+00 1.000000000000000000e+00
1.137959671020507812e+02 3.254598999023437500e+02 1.034233093261718750e+02 7.141458988189697266e-01 5.343109369277954102e-01 -4.522250294685363770e-01 0.000000000000000000e+00 1.000000000000000000e+00
1.141977386474609375e+02 3.257604980468750000e+02 1.031688919067382812e+02 6.820299029350280762e-01 5.544967651367187500e-01 -4.768316447734832764e-01 0.000000000000000000e+00 1.000000000000000000e+00
1.145721282958984375e+02 3.260648803710937500e+02 1.029071426391601562e+02 6.521235108375549316e-01 5.702524781227111816e-01 -4.995469450950622559e-01 0.000000000000000000e+00 1.000000000000000000e+00
1.149219207763671875e+02 3.263707580566406250e+02 1.026391906738281250e+02 6.307417154312133789e-01 5.784332156181335449e-01 -5.172811746597290039e-01 0.000000000000000000e+00 1.000000000000000000e+00
1.152543945312500000e+02 3.266756591796875000e+02 1.023665237426757812e+02 6.234909296035766602e-01 5.766549110412597656e-01 -5.279471874237060547e-01 0.000000000000000000e+00 1.000000000000000000e+00
1.155797042846679688e+02 3.269765319824218750e+02 1.020910644531250000e+02 6.317539811134338379e-01 5.656151175498962402e-01 -5.300627946853637695e-01 0.000000000000000000e+00 1.000000000000000000e+00
1.159087371826171875e+02 3.272711181640625000e+02 1.018149948120117188e+02 6.530534625053405762e-01 5.477925539016723633e-01 -5.229192972183227539e-01 0.000000000000000000e+00 1.000000000000000000e+00
1.162516708374023438e+02 3.275587768554687500e+02 1.015403976440429688e+02 6.820327639579772949e-01 5.268492698669433594e-01 -5.072091817855834961e-01 0.000000000000000000e+00 1.000000000000000000e+00
1.166170272827148438e+02 3.278410034179687500e+02 1.012686920166015625e+02 7.129061222076416016e-01 5.069910287857055664e-01 -4.844841659069061279e-01 0.000000000000000000e+00 1.000000000000000000e+00
1.170111770629882812e+02 3.281213073730468750e+02 1.010008316040039062e+02 7.408450245857238770e-01 4.917480349540710449e-01 -4.575288593769073486e-01 0.000000000000000000e+00 1.000000000000000000e+00
1.174373321533203125e+02 3.284041748046875000e+02 1.007376480102539062e+02 7.641308903694152832e-01 4.818919003009796143e-01 -4.288171827793121338e-01 0.000000000000000000e+00 1.000000000000000000e+00
1.178960342407226562e+02 3.286934509277343750e+02 1.004802322387695312e+02 7.828755378723144531e-01 4.766709506511688232e-01 -3.998633921146392822e-01 0.000000000000000000e+00 1.000000000000000000e+00
1.183851699829101562e+02 3.289912719726562500e+02 1.002304000854492188e+02 7.988086342811584473e-01 4.734205305576324463e-01 -3.711843490600585938e-01 0.000000000000000000e+00 1.000000000000000000e+00
1.189016418457031250e+02 3.292973632812500000e+02 9.999040985107421875e+01 8.139011859893798828e-01 4.688313305377960205e-01 -3.431646227836608887e-01 0.000000000000000000e+00 1.000000000000000000e+00
1.194426651000976562e+02 3.296090087890625000e+02 9.976229858398437500e+01 8.294497728347778320e-01 4.604763388633728027e-01 -3.161876201629638672e-01 0.000000000000000000e+00 1.000000000000000000e+00
1.200067214965820312e+02 3.299221496582031250e+02 9.954727935791015625e+01 8.458212018013000488e-01 4.472423791885375977e-01 -2.907933294773101807e-01 0.000000000000000000e+00 1.000000000000000000e+00
1.205935058593750000e+02 3.302324218750000000e+02 9.934554290771484375e+01 8.622527718544006348e-01 4.290259778499603271e-01 -2.691779434680938721e-01 0.000000000000000000e+00 1.000000000000000000e+00
1.212026748657226562e+02 3.305355224609375000e+02 9.915537261962890625e+01 8.774276971817016602e-01 4.078955352306365967e-01 -2.524713575839996338e-01 0.000000000000000000e+00 1.000000000000000000e+00
1.218331451416015625e+02 3.308286132812500000e+02 9.897396087646484375e+01 8.897838592529296875e-01 3.861644268035888672e-01 -2.432316690683364868e-01 0.000000000000000000e+00 1.000000000000000000e+00
1.224816818237304688e+02 3.311100769042968750e+02 9.879667663574218750e+01 8.983879089355468750e-01 3.648829162120819092e-01 -2.444578707218170166e-01 0.000000000000000000e+00 1.000000000000000000e+00
1.231428222656250000e+02 3.313786010742187500e+02 9.861677551269531250e+01 9.022927880287170410e-01 3.437896370887756348e-01 -2.601469755172729492e-01 0.000000000000000000e+00 1.000000000000000000e+00
1.238088912963867188e+02 3.316323852539062500e+02 9.842473602294921875e+01 9.003625512123107910e-01 3.206674158573150635e-01 -2.941422164440155029e-01 0.000000000000000000e+00 1.000000000000000000e+00
1.244710769653320312e+02 3.318682250976562500e+02 9.820840454101562500e+01 8.906294107437133789e-01 2.915780246257781982e-01 -3.489434719085693359e-01 0.000000000000000000e+00 1.000000000000000000e+00
1.251204223632812500e+02 3.320808105468750000e+02 9.795399475097656250e+01 8.701266050338745117e-01 2.525979876518249512e-01 -4.231713116168975830e-01 0.000000000000000000e+00 1.000000000000000000e+00
1.257492752075195312e+02 3.322633666992187500e+02 9.764816284179687500e+01 8.370864391326904297e-01 2.024715244770050049e-01 -5.082238912582397461e-01 0.000000000000000000e+00 1.000000000000000000e+00
1.263519897460937500e+02 3.324091491699218750e+02 9.728223419189453125e+01 7.936835885047912598e-01 1.424958258867263794e-01 -5.914062261581420898e-01 0.000000000000000000e+00 1.000000000000000000e+00
1.269254989624023438e+02 3.325121154785156250e+02 9.685488891601562500e+01 7.465221285820007324e-01 7.885362207889556885e-02 -6.606714129447937012e-01 0.000000000000000000e+00 1.000000000000000000e+00
1.274692382812500000e+02 3.325695495605468750e+02 9.637368011474609375e+01 7.034765481948852539e-01 1.744948327541351318e-02 -7.105042338371276855e-01 0.000000000000000000e+00 1.000000000000000000e+00
1.279847412109375000e+02 3.325823364257812500e+02 9.585302734375000000e+01 6.702123880386352539e-01 -3.658469021320343018e-02 -7.412670850753784180e-01 0.000000000000000000e+00 1.000000000000000000e+00
1.284756011962890625e+02 3.325555419921875000e+02 9.531012725830078125e+01 6.492570042610168457e-01 -7.842555642127990723e-02 -7.565148472785949707e-01 0.000000000000000000e+00 1.000000000000000000e+00
1.289475402832031250e+02 3.324985351562500000e+02 9.476022338867187500e+01 6.409155130386352539e-01 -1.045743301510810852e-01 -7.604547739028930664e-01 0.000000000000000000e+00 1.000000000000000000e+00
1.294085845947265625e+02 3.324233093261718750e+02 9.421318817138671875e+01 6.435219645500183105e-01 -1.120173260569572449e-01 -7.571866512298583984e-01 0.000000000000000000e+00 1.000000000000000000e+00
1.298675689697265625e+02 3.323434143066406250e+02 9.367313385009765625e+01 6.547840833663940430e-01 -1.023354679346084595e-01 -7.488560080528259277e-01 0.000000000000000000e+00 1.000000000000000000e+00
1.303336639404296875e+02 3.322705688476562500e+02 9.314007568359375000e+01 6.713080406188964844e-01 -8.111763000488281250e-02 -7.367261648178100586e-01 0.000000000000000000e+00 1.000000000000000000e+00
1.308145294189453125e+02 3.322124633789062500e+02 9.261235046386718750e+01 6.899509429931640625e-01 -5.709067732095718384e-02 -7.216013073921203613e-01 0.000000000000000000e+00 1.000000000000000000e+00
1.313146362304687500e+02 3.321710815429687500e+02 9.208930206298828125e+01 7.086883187294006348e-01 -3.854346647858619690e-02 -7.044681310653686523e-01 0.000000000000000000e+00 1.000000000000000000e+00
1.318347930908203125e+02 3.321427917480468750e+02 9.157224273681640625e+01 7.250348329544067383e-01 -3.078765422105789185e-02 -6.880236864089965820e-01 0.000000000000000000e+00 1.000000000000000000e+00
1.323716430664062500e+02 3.321199951171875000e+02 9.106279754638671875e+01 7.368642091751098633e-01 -3.502213954925537109e-02 -6.751330494880676270e-01 0.000000000000000000e+00 1.000000000000000000e+00
1.329180603027343750e+02 3.320940246582031250e+02 9.056215667724609375e+01 7.419095039367675781e-01 -4.959736764430999756e-02 -6.686632633209228516e-01 0.000000000000000000e+00 1.000000000000000000e+00
1.334644927978515625e+02 3.320574951171875000e+02 9.006967163085937500e+01 7.382711768150329590e-01 -6.936071068048477173e-02 -6.709282398223876953e-01 0.000000000000000000e+00 1.000000000000000000e+00
1.340004577636718750e+02 3.320071411132812500e+02 8.958259582519531250e+01 7.253165841102600098e-01 -9.016105532646179199e-02 -6.824857592582702637e-01 0.000000000000000000e+00 1.000000000000000000e+00
1.345169982910156250e+02 3.319429321289062500e+02 8.909655761718750000e+01 7.047708630561828613e-01 -1.069811880588531494e-01 -7.013223171234130859e-01 0.000000000000000000e+00 1.000000000000000000e+00
1.350081481933593750e+02 3.318683776855468750e+02 8.860781097412109375e+01 6.801130771636962891e-01 -1.176925003528594971e-01 -7.235984206199645996e-01 0.000000000000000000e+00 1.000000000000000000e+00
1.354716033935546875e+02 3.317881774902343750e+02 8.811472320556640625e+01 6.554340720176696777e-01 -1.228409558534622192e-01 -7.451954483985900879e-01 0.000000000000000000e+00 1.000000000000000000e+00
1.359084777832031250e+02 3.317062988281250000e+02 8.761801910400390625e+01 6.342084407806396484e-01 -1.248006820678710938e-01 -7.630232572555541992e-01 0.000000000000000000e+00 1.000000000000000000e+00
1.363219299316406250e+02 3.316249389648437500e+02 8.712059020996093750e+01 6.176413297653198242e-01 -1.280140280723571777e-01 -7.759713530540466309e-01 0.000000000000000000e+00 1.000000000000000000e+00
1.367156524658203125e+02 3.315433349609375000e+02 8.662593841552734375e+01 6.047990918159484863e-01 -1.382314115762710571e-01 -7.842895984649658203e-01 0.000000000000000000e+00 1.000000000000000000e+00
1.370929870605468750e+02 3.314570922851562500e+02 8.613661956787109375e+01 5.930442214012145996e-01 -1.620701700448989868e-01 -7.886899709701538086e-01 0.000000000000000000e+00 1.000000000000000000e+00
1.374560241699218750e+02 3.313578796386718750e+02 8.565381622314453125e+01 5.787096619606018066e-01 -2.049443721771240234e-01 -7.893623709678649902e-01 0.000000000000000000e+00 1.000000000000000000e+00
1.378048553466796875e+02 3.312343444824218750e+02 8.517800903320312500e+01 5.583432316780090332e-01 -2.697584629058837891e-01 -7.845274209976196289e-01 0.000000000000000000e+00 1.000000000000000000e+00
1.381379241943359375e+02 3.310734252929687500e+02 8.471001434326171875e+01 5.297661423683166504e-01 -3.528692424297332764e-01 -7.712529897689819336e-01 0.000000000000000000e+00 1.000000000000000000e+00
1.384526824951171875e+02 3.308637695312500000e+02 8.425177764892578125e+01 4.924743473529815674e-01 -4.454144835472106934e-01 -7.477131485939025879e-01 0.000000000000000000e+00 1.000000000000000000e+00
1.387456970214843750e+02 3.305987548828125000e+02 8.380690002441406250e+01 4.500463306903839111e-01 -5.355007648468017578e-01 -7.146307826042175293e-01 0.000000000000000000e+00 1.000000000000000000e+00
1.390146636962890625e+02 3.302787170410156250e+02 8.337980651855468750e+01 4.082685112953186035e-01 -6.125556230545043945e-01 -6.768253445625305176e-01 0.000000000000000000e+00 1.000000000000000000e+00
1.392591705322265625e+02 3.299118652343750000e+02 8.297446441650390625e+01 3.718304038047790527e-01 -6.725529432296752930e-01 -6.398551464080810547e-01 0.000000000000000000e+00 1.000000000000000000e+00
1.394806671142578125e+02 3.295112304687500000e+02 8.259330749511718750e+01 3.437272012233734131e-01 -7.155924439430236816e-01 -6.080946326255798340e-01 0.000000000000000000e+00 1.000000000000000000e+00
1.396819763183593750e+02 3.290921325683593750e+02 8.223716735839843750e+01 3.242198228836059570e-01 -7.443155646324157715e-01 -5.838456749916076660e-01 0.000000000000000000e+00 1.000000000000000000e+00
1.398659820556640625e+02 3.286697082519531250e+02 8.190581512451171875e+01 3.121528327465057373e-01 -7.621489167213439941e-01 -5.671769380569458008e-01 0.000000000000000000e+00 1.000000000000000000e+00
1.400346069335937500e+02 3.282579956054687500e+02 8.159942626953125000e+01 3.054004609584808350e-01 -7.725710868835449219e-01 -5.566546916961669922e-01 0.000000000000000000e+00 1.000000000000000000e+00
1.401879730224609375e+02 3.278700256347656250e+02 8.131988525390625000e+01 3.019137978553771973e-01 -7.781931161880493164e-01 -5.506937503814697266e-01 0.000000000000000000e+00 1.000000000000000000e+00
1.403243560791015625e+02 3.275184936523437500e+02 8.107112121582031250e+01 3.003334105014801025e-01 -7.810943722724914551e-01 -5.474407076835632324e-01 0.000000000000000000e+00 1.000000000000000000e+00
1.404411926269531250e+02 3.272146301269531250e+02 8.085815429687500000e+01 2.995476424694061279e-01 -7.826253175735473633e-01 -5.456819534301757812e-01 0.000000000000000000e+00 1.000000000000000000e+00
1.405361785888671875e+02 3.269664611816406250e+02 8.068511962890625000e+01 2.995476424694061279e-01 -7.826253175735473633e-01 -5.456819534301757812e-01 0.000000000000000000e+00 1.000000000000000000e+00
