8.712068939208984375e+01 2.134801025390625000e+02 1.386510009765625000e+02 8.763174526393413544e-03 -9.952667355537414551e-01 9.678484499454498291e-02 0.000000000000000000e+00 1.000000000000000000e+00
8.711743164062500000e+01 2.138500976562500000e+02 1.386150207519531250e+02 4.469394218176603317e-03 -9.952585101127624512e-01 9.716211259365081787e-02 0.000000000000000000e+00 1.000000000000000000e+00
8.711526489257812500e+01 2.143325958251953125e+02 1.385679168701171875e+02 -3.621072508394718170e-03 -9.952000379562377930e-01 9.779482334852218628e-02 0.000000000000000000e+00 1.000000000000000000e+00
8.711740112304687500e+01 2.149197082519531250e+02 1.385102233886718750e+02 -1.846876367926597595e-02 -9.949185252189636230e-01 9.897450357675552368e-02 0.000000000000000000e+00 1.000000000000000000e+00
8.712987518310546875e+01 2.155916900634765625e+02 1.384433746337890625e+02 -4.447787255048751831e-02 -9.938834309577941895e-01 1.010813489556312561e-01 0.000000000000000000e+00 1.000000000000000000e+00
8.716250610351562500e+01 2.163208465576171875e+02 1.383692169189453125e+02 -8.722799271345138550e-02 -9.907093048095703125e-01 1.043377891182899475e-01 0.000000000000000000e+00 1.000000000000000000e+00
8.722909545898437500e+01 2.170771484375000000e+02 1.382895660400390625e+02 -1.524300128221511841e-01 -9.823266863822937012e-01 1.086248606443405151e-01 0.000000000000000000e+00 1.000000000000000000e+00
8.734630584716796875e+01 2.178325042724609375e+02 1.382060394287109375e+02 -2.426503300666809082e-01 -9.634639620780944824e-01 1.133936420083045959e-01 0.000000000000000000e+00 1.000000000000000000e+00
8.753046417236328125e+01 2.185637207031250000e+02 1.381199798583984375e+02 -3.537702560424804688e-01 -9.279895424842834473e-01 1.169700250029563904e-01 0.000000000000000000e+00 1.000000000000000000e+00
8.779374694824218750e+01 2.192543487548828125e+02 1.380329284667968750e+02 -4.728585183620452881e-01 -8.733630776405334473e-01 1.167978122830390930e-01 0.000000000000000000e+00 1.000000000000000000e+00
8.814067840576171875e+01 2.198951263427734375e+02 1.379472351074218750e+02 -5.827025771141052246e-01 -8.051552772521972656e-01 1.103756055235862732e-01 0.000000000000000000e+00 1.000000000000000000e+00
8.856657409667968750e+01 2.204836120605468750e+02 1.378665618896484375e+02 -6.719010472297668457e-01 -7.343848347663879395e-01 9.606167674064636230e-02 0.000000000000000000e+00 1.000000000000000000e+00
8.905922698974609375e+01 2.210220794677734375e+02 1.377961273193359375e+02 -7.371602058410644531e-01 -6.717897653579711914e-01 7.275581359863281250e-02 0.000000000000000000e+00 1.000000000000000000e+00
8.960218811035156250e+01 2.215168914794921875e+02 1.377425384521484375e+02 -7.822359800338745117e-01 -6.216953396797180176e-01 4.002392664551734924e-02 0.000000000000000000e+00 1.000000000000000000e+00
9.017894744873046875e+01 2.219752807617187500e+02 1.377130279541015625e+02 -8.118849396705627441e-01 -5.838164091110229492e-01 -1.100326073355972767e-03 0.000000000000000000e+00 1.000000000000000000e+00
9.077566528320312500e+01 2.224043731689453125e+02 1.377138366699218750e+02 -8.302679657936096191e-01 -5.552458763122558594e-01 -4.854928329586982727e-02 0.000000000000000000e+00 1.000000000000000000e+00
9.138211059570312500e+01 2.228099365234375000e+02 1.377492980957031250e+02 -8.400993347167968750e-01 -5.334311127662658691e-01 -9.840971231460571289e-02 0.000000000000000000e+00 1.000000000000000000e+00
9.199172973632812500e+01 2.231970214843750000e+02 1.378207092285156250e+02 -8.437755107879638672e-01 -5.163113474845886230e-01 -1.465107798576354980e-01 0.000000000000000000e+00 1.000000000000000000e+00
9.260010528564453125e+01 2.235692901611328125e+02 1.379263458251953125e+02 -8.429884910583496094e-01 -5.029761791229248047e-01 -1.907495260238647461e-01 0.000000000000000000e+00 1.000000000000000000e+00
9.320377349853515625e+01 2.239294738769531250e+02 1.380629425048828125e+02 -8.385703563690185547e-01 -4.928275644779205322e-01 -2.322085648775100708e-01 0.000000000000000000e+00 1.000000000000000000e+00
9.379872894287109375e+01 2.242791290283203125e+02 1.382276916503906250e+02 -8.309755325317382812e-01 -4.840117692947387695e-01 -2.742486298084259033e-01 0.000000000000000000e+00 1.000000000000000000e+00
9.438035583496093750e+01 2.246179046630859375e+02 1.384196472167968750e+02 -8.193783760070800781e-01 -4.749990403652191162e-01 -3.209284842014312744e-01 0.000000000000000000e+00 1.000000000000000000e+00
9.494255828857421875e+01 2.249438171386718750e+02 1.386398468017578125e+02 -8.026283979415893555e-01 -4.636382758617401123e-01 -3.752696514129638672e-01 0.000000000000000000e+00 1.000000000000000000e+00
9.547863006591796875e+01 2.252534790039062500e+02 1.388904876708984375e+02 -7.799015045166015625e-01 -4.482124745845794678e-01 -4.368743002414703369e-01 0.000000000000000000e+00 1.000000000000000000e+00
9.598242950439453125e+01 2.255430145263671875e+02 1.391726989746093750e+02 -7.516341209411621094e-01 -4.277704060077667236e-01 -5.020543336868286133e-01 0.000000000000000000e+00 1.000000000000000000e+00
9.644993591308593750e+01 2.258090820312500000e+02 1.394849700927734375e+02 -7.198277711868286133e-01 -4.036779999732971191e-01 -5.647053718566894531e-01 0.000000000000000000e+00 1.000000000000000000e+00
9.688054656982421875e+01 2.260505676269531250e+02 1.398227844238281250e+02 -6.878755092620849609e-01 -3.798033595085144043e-01 -6.185278296470642090e-01 0.000000000000000000e+00 1.000000000000000000e+00
9.727687072753906250e+01 2.262693939208984375e+02 1.401791534423828125e+02 -6.590052843093872070e-01 -3.605257570743560791e-01 -6.601009964942932129e-01 0.000000000000000000e+00 1.000000000000000000e+00
9.764395141601562500e+01 2.264702148437500000e+02 1.405468444824218750e+02 -6.348372101783752441e-01 -3.506159782409667969e-01 -6.885129809379577637e-01 0.000000000000000000e+00 1.000000000000000000e+00
9.798819732666015625e+01 2.266603393554687500e+02 1.409201965332031250e+02 -6.150137782096862793e-01 -3.527611196041107178e-01 -7.052074074745178223e-01 0.000000000000000000e+00 1.000000000000000000e+00
9.831610107421875000e+01 2.268484191894531250e+02 1.412961883544921875e+02 -5.985729098320007324e-01 -3.667614758014678955e-01 -7.121772170066833496e-01 0.000000000000000000e+00 1.000000000000000000e+00
9.863359069824218750e+01 2.270429534912109375e+02 1.416739349365234375e+02 -5.852514505386352539e-01 -3.894142508506774902e-01 -7.112224698066711426e-01 0.000000000000000000e+00 1.000000000000000000e+00
9.894572448730468750e+01 2.272506408691406250e+02 1.420532531738281250e+02 -5.761330127716064453e-01 -4.163341224193572998e-01 -7.033752799034118652e-01 0.000000000000000000e+00 1.000000000000000000e+00
9.925652313232421875e+01 2.274752349853515625e+02 1.424326934814453125e+02 -5.727985501289367676e-01 -4.428761005401611328e-01 -6.897553801536560059e-01 0.000000000000000000e+00 1.000000000000000000e+00
9.956863403320312500e+01 2.277165527343750000e+02 1.428085327148437500e+02 -5.769185423851013184e-01 -4.664382338523864746e-01 -6.705224514007568359e-01 0.000000000000000000e+00 1.000000000000000000e+00
9.988317108154296875e+01 2.279708557128906250e+02 1.431741027832031250e+02 -5.882422924041748047e-01 -4.849750101566314697e-01 -6.471246480941772461e-01 0.000000000000000000e+00 1.000000000000000000e+00
1.001998596191406250e+02 2.282319488525390625e+02 1.435224914550781250e+02 -6.058866977691650391e-01 -4.979791045188903809e-01 -6.204177141189575195e-01 0.000000000000000000e+00 1.000000000000000000e+00
1.005179748535156250e+02 2.284934082031250000e+02 1.438482360839843750e+02 -6.276405453681945801e-01 -5.055205821990966797e-01 -5.920441150665283203e-01 0.000000000000000000e+00 1.000000000000000000e+00
1.008371963500976562e+02 2.287505187988281250e+02 1.441493530273437500e+02 -6.503545641899108887e-01 -5.083316564559936523e-01 -5.644802451133728027e-01 0.000000000000000000e+00 1.000000000000000000e+00
1.011586837768554688e+02 2.290018005371093750e+02 1.444283905029296875e+02 -6.712837219238281250e-01 -5.077708959579467773e-01 -5.399507284164428711e-01 0.000000000000000000e+00 1.000000000000000000e+00
1.014859008789062500e+02 2.292493133544921875e+02 1.446915893554687500e+02 -6.891185641288757324e-01 -5.047454833984375000e-01 -5.199495553970336914e-01 0.000000000000000000e+00 1.000000000000000000e+00
1.018247833251953125e+02 2.294975280761718750e+02 1.449472808837890625e+02 -7.036772966384887695e-01 -5.007323622703552246e-01 -5.040885210037231445e-01 0.000000000000000000e+00 1.000000000000000000e+00
1.021830978393554688e+02 2.297525024414062500e+02 1.452039642333984375e+02 -7.160298824310302734e-01 -4.960785210132598877e-01 -4.911285042762756348e-01 0.000000000000000000e+00 1.000000000000000000e+00
1.025693588256835938e+02 2.300201110839843750e+02 1.454689025878906250e+02 -7.273949384689331055e-01 -4.908175170421600342e-01 -4.795776009559631348e-01 0.000000000000000000e+00 1.000000000000000000e+00
1.029910125732421875e+02 2.303046264648437500e+02 1.457469024658203125e+02 -7.384085059165954590e-01 -4.846519231796264648e-01 -4.688982367515563965e-01 0.000000000000000000e+00 1.000000000000000000e+00
1.034523239135742188e+02 2.306074066162109375e+02 1.460398406982421875e+02 -7.492613792419433594e-01 -4.772568941116333008e-01 -4.591658413410186768e-01 0.000000000000000000e+00 1.000000000000000000e+00
1.039534683227539062e+02 2.309266204833984375e+02 1.463469543457031250e+02 -7.599890828132629395e-01 -4.683407247066497803e-01 -4.506368935108184814e-01 0.000000000000000000e+00 1.000000000000000000e+00
1.044899368286132812e+02 2.312572174072265625e+02 1.466650543212890625e+02 -7.707992196083068848e-01 -4.572946131229400635e-01 -4.435655474662780762e-01 0.000000000000000000e+00 1.000000000000000000e+00
1.050536346435546875e+02 2.315916442871093750e+02 1.469894409179687500e+02 -7.817451953887939453e-01 -4.438854157924652100e-01 -4.379956722259521484e-01 0.000000000000000000e+00 1.000000000000000000e+00
1.056348953247070312e+02 2.319216918945312500e+02 1.473151092529296875e+02 -7.928822040557861328e-01 -4.278662502765655518e-01 -4.338988959789276123e-01 0.000000000000000000e+00 1.000000000000000000e+00
1.062245101928710938e+02 2.322398681640625000e+02 1.476377716064453125e+02 -8.043027520179748535e-01 -4.091199338436126709e-01 -4.309499263763427734e-01 0.000000000000000000e+00 1.000000000000000000e+00
1.068153762817382812e+02 2.325404205322265625e+02 1.479543609619140625e+02 -8.160622715950012207e-01 -3.880242705345153809e-01 -4.283450841903686523e-01 0.000000000000000000e+00 1.000000000000000000e+00
1.074033813476562500e+02 2.328200073242187500e+02 1.482630004882812500e+02 -8.280967473983764648e-01 -3.646386861801147461e-01 -4.257868528366088867e-01 0.000000000000000000e+00 1.000000000000000000e+00
1.079873504638671875e+02 2.330771484375000000e+02 1.485632629394531250e+02 -8.401083946228027344e-01 -3.399479985237121582e-01 -4.226738512516021729e-01 0.000000000000000000e+00 1.000000000000000000e+00
1.085684432983398438e+02 2.333122863769531250e+02 1.488556213378906250e+02 -8.518897891044616699e-01 -3.147050440311431885e-01 -4.186221659183502197e-01 0.000000000000000000e+00 1.000000000000000000e+00
1.091493530273437500e+02 2.335268859863281250e+02 1.491410827636718750e+02 -8.623651266098022461e-01 -2.910189032554626465e-01 -4.142880141735076904e-01 0.000000000000000000e+00 1.000000000000000000e+00
1.097327270507812500e+02 2.337237548828125000e+02 1.494213409423828125e+02 -8.705601692199707031e-01 -2.718704938888549805e-01 -4.101358056068420410e-01 0.000000000000000000e+00 1.000000000000000000e+00
1.103199310302734375e+02 2.339071350097656250e+02 1.496979827880859375e+02 -8.753175139427185059e-01 -2.610383629798889160e-01 -4.070359468460083008e-01 0.000000000000000000e+00 1.000000000000000000e+00
1.109097213745117188e+02 2.340830230712890625e+02 1.499722442626953125e+02 -8.756744861602783203e-01 -2.615978717803955078e-01 -4.059073626995086670e-01 0.000000000000000000e+00 1.000000000000000000e+00
1.114976730346679688e+02 2.342586669921875000e+02 1.502447814941406250e+02 -8.708112239837646484e-01 -2.752008140087127686e-01 -4.073725044727325439e-01 0.000000000000000000e+00 1.000000000000000000e+00
1.120765380859375000e+02 2.344416046142578125e+02 1.505155792236328125e+02 -8.603022694587707520e-01 -3.006023168563842773e-01 -4.117260277271270752e-01 0.000000000000000000e+00 1.000000000000000000e+00
1.126377792358398438e+02 2.346377105712890625e+02 1.507841796875000000e+02 -8.443769216537475586e-01 -3.339844942092895508e-01 -4.189056158065795898e-01 0.000000000000000000e+00 1.000000000000000000e+00
1.131735000610351562e+02 2.348496093750000000e+02 1.510499572753906250e+02 -8.242743611335754395e-01 -3.694739639759063721e-01 -4.290231466293334961e-01 0.000000000000000000e+00 1.000000000000000000e+00
1.136785049438476562e+02 2.350759735107421875e+02 1.513128051757812500e+02 -8.024206161499023438e-01 -4.009838104248046875e-01 -4.419649541378021240e-01 0.000000000000000000e+00 1.000000000000000000e+00
1.141514587402343750e+02 2.353123168945312500e+02 1.515733032226562500e+02 -7.815949320793151855e-01 -4.240681231021881104e-01 -4.574665129184722900e-01 0.000000000000000000e+00 1.000000000000000000e+00
1.145949630737304688e+02 2.355529479980468750e+02 1.518328857421875000e+02 -7.641626000404357910e-01 -4.368192255496978760e-01 -4.745992422103881836e-01 0.000000000000000000e+00 1.000000000000000000e+00
1.150143966674804688e+02 2.357927093505859375e+02 1.520933837890625000e+02 -7.507100701332092285e-01 -4.404317736625671387e-01 -4.923963546752929688e-01 0.000000000000000000e+00 1.000000000000000000e+00
1.154166946411132812e+02 2.360287322998046875e+02 1.523572540283203125e+02 -7.404263615608215332e-01 -4.370418190956115723e-01 -5.106498003005981445e-01 0.000000000000000000e+00 1.000000000000000000e+00
1.158091659545898438e+02 2.362603912353515625e+02 1.526279296875000000e+02 -7.315076589584350586e-01 -4.292219281196594238e-01 -5.297782421112060547e-01 0.000000000000000000e+00 1.000000000000000000e+00
1.161982269287109375e+02 2.364886779785156250e+02 1.529096984863281250e+02 -7.221747636795043945e-01 -4.186548888683319092e-01 -5.506286025047302246e-01 0.000000000000000000e+00 1.000000000000000000e+00
1.165889129638671875e+02 2.367151641845703125e+02 1.532075805664062500e+02 -7.110934257507324219e-01 -4.065076410770416260e-01 -5.736704468727111816e-01 0.000000000000000000e+00 1.000000000000000000e+00
1.169844055175781250e+02 2.369412536621093750e+02 1.535266418457031250e+02 -6.979495286941528320e-01 -3.934116959571838379e-01 -5.984092354774475098e-01 0.000000000000000000e+00 1.000000000000000000e+00
1.173857803344726562e+02 2.371674957275390625e+02 1.538707733154296875e+02 -6.827514171600341797e-01 -3.805600404739379883e-01 -6.237184405326843262e-01 0.000000000000000000e+00 1.000000000000000000e+00
1.177920303344726562e+02 2.373939361572265625e+02 1.542418975830078125e+02 -6.663086414337158203e-01 -3.689585328102111816e-01 -6.479988694190979004e-01 0.000000000000000000e+00 1.000000000000000000e+00
1.182004394531250000e+02 2.376200866699218750e+02 1.546390838623046875e+02 -6.496316790580749512e-01 -3.594375550746917725e-01 -6.699128746986389160e-01 0.000000000000000000e+00 1.000000000000000000e+00
1.186075744628906250e+02 2.378453521728515625e+02 1.550589294433593750e+02 -6.331921815872192383e-01 -3.530520200729370117e-01 -6.887829899787902832e-01 0.000000000000000000e+00 1.000000000000000000e+00
1.190097503662109375e+02 2.380695953369140625e+02 1.554964141845703125e+02 -6.173470020294189453e-01 -3.506119251251220703e-01 -7.042400240898132324e-01 0.000000000000000000e+00 1.000000000000000000e+00
1.194032745361328125e+02 2.382930908203125000e+02 1.559453277587890625e+02 -6.017892360687255859e-01 -3.536296188831329346e-01 -7.160975337028503418e-01 0.000000000000000000e+00 1.000000000000000000e+00
1.197845687866210938e+02 2.385171508789062500e+02 1.563990478515625000e+02 -5.854454040527343750e-01 -3.647790253162384033e-01 -7.240095734596252441e-01 0.000000000000000000e+00 1.000000000000000000e+00
1.201500473022460938e+02 2.387448730468750000e+02 1.568510284423828125e+02 -5.670294165611267090e-01 -3.871829807758331299e-01 -7.270261049270629883e-01 0.000000000000000000e+00 1.000000000000000000e+00
1.204965744018554688e+02 2.389814910888671875e+02 1.572953338623046875e+02 -5.447643995285034180e-01 -4.247003793716430664e-01 -7.230915427207946777e-01 0.000000000000000000e+00 1.000000000000000000e+00
1.208220062255859375e+02 2.392351989746093750e+02 1.577272949218750000e+02 -5.176228284835815430e-01 -4.782633185386657715e-01 -7.094581127166748047e-01 0.000000000000000000e+00 1.000000000000000000e+00
1.211260223388671875e+02 2.395160980224609375e+02 1.581439819335937500e+02 -4.859207570552825928e-01 -5.441769957542419434e-01 -6.839241981506347656e-01 0.000000000000000000e+00 1.000000000000000000e+00
1.214103546142578125e+02 2.398345184326171875e+02 1.585441741943359375e+02 -4.527510106563568115e-01 -6.135590076446533203e-01 -6.469636559486389160e-01 0.000000000000000000e+00 1.000000000000000000e+00
1.216787948608398438e+02 2.401983032226562500e+02 1.589277648925781250e+02 -4.233285486698150635e-01 -6.764094829559326172e-01 -6.027131080627441406e-01 0.000000000000000000e+00 1.000000000000000000e+00
1.219368362426757812e+02 2.406106109619140625e+02 1.592951507568359375e+02 -4.022395610809326172e-01 -7.267208099365234375e-01 -5.568484067916870117e-01 0.000000000000000000e+00 1.000000000000000000e+00
1.221903686523437500e+02 2.410686645507812500e+02 1.596461334228515625e+02 -3.924640119075775146e-01 -7.636737823486328125e-01 -5.126152038574218750e-01 0.000000000000000000e+00 1.000000000000000000e+00
1.224453582763671875e+02 2.415648345947265625e+02 1.599791870117187500e+02 -3.944031596183776855e-01 -7.894034385681152344e-01 -4.704129099845886230e-01 0.000000000000000000e+00 1.000000000000000000e+00
1.227073898315429688e+02 2.420892944335937500e+02 1.602917175292968750e+02 -4.068301916122436523e-01 -8.064758777618408203e-01 -4.290522336959838867e-01 0.000000000000000000e+00 1.000000000000000000e+00
1.229812927246093750e+02 2.426322631835937500e+02 1.605805816650390625e+02 -4.278735816478729248e-01 -8.165977001190185547e-01 -3.874176144599914551e-01 0.000000000000000000e+00 1.000000000000000000e+00
1.232711334228515625e+02 2.431854248046875000e+02 1.608430175781250000e+02 -4.557244777679443359e-01 -8.202142119407653809e-01 -3.457801043987274170e-01 0.000000000000000000e+00 1.000000000000000000e+00
1.235807342529296875e+02 2.437426452636718750e+02 1.610779266357421875e+02 -4.889538586139678955e-01 -8.167331218719482422e-01 -3.063840568065643311e-01 0.000000000000000000e+00 1.000000000000000000e+00
1.239139328002929688e+02 2.442992095947265625e+02 1.612867126464843750e+02 -5.263722538948059082e-01 -8.056188821792602539e-01 -2.718649208545684814e-01 0.000000000000000000e+00 1.000000000000000000e+00
1.242746276855468750e+02 2.448512573242187500e+02 1.614730072021484375e+02 -5.666353106498718262e-01 -7.867801785469055176e-01 -2.447476089000701904e-01 0.000000000000000000e+00 1.000000000000000000e+00
1.246664733886718750e+02 2.453953399658203125e+02 1.616422576904296875e+02 -6.076724529266357422e-01 -7.612525224685668945e-01 -2.263377606868743896e-01 0.000000000000000000e+00 1.000000000000000000e+00
1.250918731689453125e+02 2.459282531738281250e+02 1.618007049560546875e+02 -6.470054388046264648e-01 -7.311092615127563477e-01 -2.164791077375411987e-01 0.000000000000000000e+00 1.000000000000000000e+00
1.255506134033203125e+02 2.464466247558593750e+02 1.619541931152343750e+02 -6.825169920921325684e-01 -6.986361145973205566e-01 -2.146580517292022705e-01 0.000000000000000000e+00 1.000000000000000000e+00
1.260387344360351562e+02 2.469462738037109375e+02 1.621077117919921875e+02 -7.133122086524963379e-01 -6.654151082038879395e-01 -2.200192213058471680e-01 0.000000000000000000e+00 1.000000000000000000e+00
1.265486679077148438e+02 2.474219665527343750e+02 1.622649993896484375e+02 -7.394395470619201660e-01 -6.321366429328918457e-01 -2.315865904092788696e-01 0.000000000000000000e+00 1.000000000000000000e+00
1.270702667236328125e+02 2.478678741455078125e+02 1.624283599853515625e+02 -7.617766857147216797e-01 -5.983753204345703125e-01 -2.482803016901016235e-01 0.000000000000000000e+00 1.000000000000000000e+00
1.275932617187500000e+02 2.482786865234375000e+02 1.625988159179687500e+02 -7.813135981559753418e-01 -5.630864500999450684e-01 -2.692260146141052246e-01 0.000000000000000000e+00 1.000000000000000000e+00
1.281101226806640625e+02 2.486511840820312500e+02 1.627769165039062500e+02 -7.986671328544616699e-01 -5.257868170738220215e-01 -2.927100062370300293e-01 0.000000000000000000e+00 1.000000000000000000e+00
1.286171417236328125e+02 2.489849700927734375e+02 1.629627380371093750e+02 8.143563866615295410e-01 4.856951832771301270e-01 3.176850676536560059e-01 0.000000000000000000e+00 1.000000000000000000e+00
1.291152648925781250e+02 2.492820587158203125e+02 1.631570587158203125e+02 8.287812471389770508e-01 4.419381916522979736e-01 3.432378172874450684e-01 0.000000000000000000e+00 1.000000000000000000e+00
1.296094512939453125e+02 2.495455780029296875e+02 1.633617248535156250e+02 8.421866893768310547e-01 3.933490812778472900e-01 3.687792718410491943e-01 0.000000000000000000e+00 1.000000000000000000e+00
1.301073760986328125e+02 2.497781372070312500e+02 1.635797576904296875e+02 8.550672531127929688e-01 3.378756642341613770e-01 3.933191895484924316e-01 0.000000000000000000e+00 1.000000000000000000e+00
1.306177978515625000e+02 2.499798278808593750e+02 1.638145446777343750e+02 8.672571778297424316e-01 2.750070691108703613e-01 4.150133728981018066e-01 0.000000000000000000e+00 1.000000000000000000e+00
1.311491851806640625e+02 2.501483306884765625e+02 1.640688323974609375e+02 8.783367872238159180e-01 2.054221183061599731e-01 4.316552877426147461e-01 0.000000000000000000e+00 1.000000000000000000e+00
1.317075347900390625e+02 2.502789154052734375e+02 1.643432312011718750e+02 8.874763846397399902e-01 1.315352767705917358e-01 4.416833221912384033e-01 0.000000000000000000e+00 1.000000000000000000e+00
1.322940521240234375e+02 2.503658447265625000e+02 1.646351318359375000e+02 8.937554359436035156e-01 5.548759549856185913e-02 4.451094567775726318e-01 0.000000000000000000e+00 1.000000000000000000e+00
1.329033355712890625e+02 2.504036712646484375e+02 1.649385681152343750e+02 8.966529965400695801e-01 -2.210798300802707672e-02 4.421817064285278320e-01 0.000000000000000000e+00 1.000000000000000000e+00
1.335234375000000000e+02 2.503883819580078125e+02 1.652443695068359375e+02 8.951733112335205078e-01 -1.016757637262344360e-01 4.339662194252014160e-01 0.000000000000000000e+00 1.000000000000000000e+00
1.341381835937500000e+02 2.503185577392578125e+02 1.655423889160156250e+02 8.884210586547851562e-01 -1.842071712017059326e-01 4.204470217227935791e-01 0.000000000000000000e+00 1.000000000000000000e+00
1.347308959960937500e+02 2.501956634521484375e+02 1.658228912353515625e+02 8.752501606941223145e-01 -2.695122063159942627e-01 4.016222655773162842e-01 0.000000000000000000e+00 1.000000000000000000e+00
1.352886199951171875e+02 2.500239257812500000e+02 1.660788116455078125e+02 8.553816676139831543e-01 -3.550192713737487793e-01 3.772048056125640869e-01 0.000000000000000000e+00 1.000000000000000000e+00
1.358051605224609375e+02 2.498095397949218750e+02 1.663065948486328125e+02 8.300631642341613770e-01 -4.356354176998138428e-01 3.481622636318206787e-01 0.000000000000000000e+00 1.000000000000000000e+00
1.362809600830078125e+02 2.495598297119140625e+02 1.665061645507812500e+02 8.021533489227294922e-01 -5.073012113571166992e-01 3.149531781673431396e-01 0.000000000000000000e+00 1.000000000000000000e+00
1.367218170166015625e+02 2.492810211181640625e+02 1.666792602539062500e+02 7.741893529891967773e-01 -5.689797997474670410e-01 2.772955894470214844e-01 0.000000000000000000e+00 1.000000000000000000e+00
1.371356048583984375e+02 2.489769134521484375e+02 1.668274688720703125e+02 7.469377517700195312e-01 -6.225203871726989746e-01 2.335644513368606567e-01 0.000000000000000000e+00 1.000000000000000000e+00
1.375296936035156250e+02 2.486484680175781250e+02 1.669506988525390625e+02 7.182906866073608398e-01 -6.715455651283264160e-01 1.818925887346267700e-01 0.000000000000000000e+00 1.000000000000000000e+00
1.379088287353515625e+02 2.482940063476562500e+02 1.670467071533203125e+02 6.860182881355285645e-01 -7.171204090118408203e-01 1.229520663619041443e-01 0.000000000000000000e+00 1.000000000000000000e+00
1.382753448486328125e+02 2.479108734130859375e+02 1.671123962402343750e+02 6.487702131271362305e-01 -7.585638165473937988e-01 6.064816191792488098e-02 0.000000000000000000e+00 1.000000000000000000e+00
1.386290588378906250e+02 2.474972991943359375e+02 1.671454620361328125e+02 6.081428527832031250e-01 -7.938269972801208496e-01 8.738077594898641109e-04 0.000000000000000000e+00 1.000000000000000000e+00
1.389688873291015625e+02 2.470537109375000000e+02 1.671459503173828125e+02 5.675168633460998535e-01 -8.217978477478027344e-01 -5.072300136089324951e-02 0.000000000000000000e+00 1.000000000000000000e+00
1.392939453125000000e+02 2.465830078125000000e+02 1.671168975830078125e+02 5.306280851364135742e-01 -8.426963686943054199e-01 -9.108611941337585449e-02 0.000000000000000000e+00 1.000000000000000000e+00
1.396047973632812500e+02 2.460893402099609375e+02 1.670635375976562500e+02 4.988058209419250488e-01 -8.582788705825805664e-01 -1.206240803003311157e-01 0.000000000000000000e+00 1.000000000000000000e+00
1.399029998779296875e+02 2.455762329101562500e+02 1.669914245605468750e+02 4.722330272197723389e-01 -8.701110482215881348e-01 -1.410767734050750732e-01 0.000000000000000000e+00 1.000000000000000000e+00
1.401909179687500000e+02 2.450457305908203125e+02 1.669054107666015625e+02 4.497826695442199707e-01 -8.795575499534606934e-01 -1.551583558320999146e-01 0.000000000000000000e+00 1.000000000000000000e+00
1.404708251953125000e+02 2.444983673095703125e+02 1.668088531494140625e+02 4.306319952011108398e-01 -8.871871232986450195e-01 -1.656962037086486816e-01 0.000000000000000000e+00 1.000000000000000000e+00
1.407438201904296875e+02 2.439359436035156250e+02 1.667038116455078125e+02 4.136140346527099609e-01 -8.938337564468383789e-01 -1.731605976819992065e-01 0.000000000000000000e+00 1.000000000000000000e+00
1.410101776123046875e+02 2.433603363037109375e+02 1.665923004150390625e+02 3.987668454647064209e-01 -8.995525836944580078e-01 -1.782979667186737061e-01 0.000000000000000000e+00 1.000000000000000000e+00
1.412690277099609375e+02 2.427764129638671875e+02 1.664765625000000000e+02 3.870012760162353516e-01 -9.040378332138061523e-01 -1.815090477466583252e-01 0.000000000000000000e+00 1.000000000000000000e+00
1.415182037353515625e+02 2.421943359375000000e+02 1.663596954345703125e+02 3.799851834774017334e-01 -9.062835574150085449e-01 -1.850982308387756348e-01 0.000000000000000000e+00 1.000000000000000000e+00
1.417533569335937500e+02 2.416334838867187500e+02 1.662451477050781250e+02 3.791380226612091064e-01 -9.048351645469665527e-01 -1.937207430601119995e-01 0.000000000000000000e+00 1.000000000000000000e+00
1.419665527343750000e+02 2.411246795654296875e+02 1.661362152099609375e+02 3.869746923446655273e-01 -8.964047431945800781e-01 -2.161228358745574951e-01 0.000000000000000000e+00 1.000000000000000000e+00
1.421460266113281250e+02 2.407089385986328125e+02 1.660359802246093750e+02 4.102137982845306396e-01 -8.690663576126098633e-01 -2.764929831027984619e-01 0.000000000000000000e+00 1.000000000000000000e+00
1.422774200439453125e+02 2.404305725097656250e+02 1.659474182128906250e+02 4.751419425010681152e-01 -7.230194211006164551e-01 -5.014808773994445801e-01 0.000000000000000000e+00 1.000000000000000000e+00
1.423470611572265625e+02 2.403246002197265625e+02 1.658739166259765625e+02 -1.084437221288681030e-02 8.271584510803222656e-01 -5.618642568588256836e-01 0.000000000000000000e+00 1.000000000000000000e+00
1.423460083007812500e+02 2.404049072265625000e+02 1.658193664550781250e+02 -2.753245532512664795e-01 9.539179205894470215e-01 -1.193188056349754333e-01 0.000000000000000000e+00 1.000000000000000000e+00
1.422729492187500000e+02 2.406580352783203125e+02 1.657877044677734375e+02 -3.351930677890777588e-01 9.420533776283264160e-01 -1.345948968082666397e-02 0.000000000000000000e+00 1.000000000000000000e+00
1.421346282958984375e+02 2.410467834472656250e+02 1.657821502685546875e+02 -3.724905550479888916e-01 9.270287156105041504e-01 4.322700574994087219e-02 0.000000000000000000e+00 1.000000000000000000e+00
1.419437103271484375e+02 2.415219268798828125e+02 1.658043060302734375e+02 -4.045940637588500977e-01 9.103906750679016113e-01 8.655978739261627197e-02 0.000000000000000000e+00 1.000000000000000000e+00
1.417151947021484375e+02 2.420361175537109375e+02 1.658531951904296875e+02 -4.345711171627044678e-01 8.918828964233398438e-01 1.252710968255996704e-01 0.000000000000000000e+00 1.000000000000000000e+00
1.414629669189453125e+02 2.425537719726562500e+02 1.659259033203125000e+02 -4.618134498596191406e-01 8.723290562629699707e-01 1.605314761400222778e-01 0.000000000000000000e+00 1.000000000000000000e+00
1.411975708007812500e+02 2.430550842285156250e+02 1.660181579589843750e+02 -4.836408495903015137e-01 8.542573451995849609e-01 1.906198561191558838e-01 0.000000000000000000e+00 1.000000000000000000e+00
1.409259490966796875e+02 2.435348510742187500e+02 1.661252136230468750e+02 -4.978051185607910156e-01 8.409814238548278809e-01 2.119911611080169678e-01 0.000000000000000000e+00 1.000000000000000000e+00
1.406518402099609375e+02 2.439979248046875000e+02 1.662419433593750000e+02 -5.025589466094970703e-01 8.355987668037414551e-01 2.218312323093414307e-01 0.000000000000000000e+00 1.000000000000000000e+00
1.403769836425781250e+02 2.444549255371093750e+02 1.663632659912109375e+02 -4.980863630771636963e-01 8.390524983406066895e-01 2.188628315925598145e-01 0.000000000000000000e+00 1.000000000000000000e+00
1.401019897460937500e+02 2.449181671142578125e+02 1.664841003417968750e+02 -4.852784574031829834e-01 8.504869341850280762e-01 2.029204517602920532e-01 0.000000000000000000e+00 1.000000000000000000e+00
1.398264465332031250e+02 2.454010772705078125e+02 1.665993194580078125e+02 -4.671602845191955566e-01 8.660987019538879395e-01 1.778604686260223389e-01 0.000000000000000000e+00 1.000000000000000000e+00
1.395493469238281250e+02 2.459148101806640625e+02 1.667048187255859375e+02 -4.476127326488494873e-01 8.817263841629028320e-01 1.490011811256408691e-01 0.000000000000000000e+00 1.000000000000000000e+00
1.392690429687500000e+02 2.464669647216796875e+02 1.667981262207031250e+02 -4.301080107688903809e-01 8.945244550704956055e-01 1.217915490269660950e-01 0.000000000000000000e+00 1.000000000000000000e+00
1.389834442138671875e+02 2.470609436035156250e+02 1.668789978027343750e+02 -4.168043136596679688e-01 9.035571217536926270e-01 9.929079562425613403e-02 0.000000000000000000e+00 1.000000000000000000e+00
1.386903991699218750e+02 2.476962127685546875e+02 1.669488067626953125e+02 -4.082219898700714111e-01 9.091138243675231934e-01 8.286623656749725342e-02 0.000000000000000000e+00 1.000000000000000000e+00
1.383885955810546875e+02 2.483683319091796875e+02 1.670100708007812500e+02 -4.036698341369628906e-01 9.120697379112243652e-01 7.196845114231109619e-02 0.000000000000000000e+00 1.000000000000000000e+00
1.380780029296875000e+02 2.490700988769531250e+02 1.670654449462890625e+02 -4.018309116363525391e-01 9.133856296539306641e-01 6.525839120149612427e-02 0.000000000000000000e+00 1.000000000000000000e+00
1.377607116699218750e+02 2.497913208007812500e+02 1.671169738769531250e+02 -4.015905559062957764e-01 9.137557148933410645e-01 6.144523620605468750e-02 0.000000000000000000e+00 1.000000000000000000e+00
1.374412841796875000e+02 2.505181274414062500e+02 1.671658477783203125e+02 -4.019264280796051025e-01 9.137405753135681152e-01 5.944202095270156860e-02 0.000000000000000000e+00 1.000000000000000000e+00
1.371270141601562500e+02 2.512325897216796875e+02 1.672123260498046875e+02 -4.024312198162078857e-01 9.135844111442565918e-01 5.841809511184692383e-02 0.000000000000000000e+00 1.000000000000000000e+00
1.368273315429687500e+02 2.519129180908203125e+02 1.672558288574218750e+02 -4.028340578079223633e-01 9.134400486946105957e-01 5.789661407470703125e-02 0.000000000000000000e+00 1.000000000000000000e+00
1.365529937744140625e+02 2.525349884033203125e+02 1.672952575683593750e+02 -4.031555652618408203e-01 9.133075475692749023e-01 5.774819850921630859e-02 0.000000000000000000e+00 1.000000000000000000e+00
1.363141632080078125e+02 2.530760345458984375e+02 1.673294677734375000e+02 -4.033686518669128418e-01 9.132193326950073242e-01 5.765551328659057617e-02 0.000000000000000000e+00 1.000000000000000000e+00
1.361182708740234375e+02 2.535195312500000000e+02 1.673574676513671875e+02 -6.455370783805847168e-01 7.015904188156127930e-01 3.017495870590209961e-01 0.000000000000000000e+00 1.000000000000000000e+00
1.289454193115234375e+02 2.613152160644531250e+02 1.707103424072265625e+02 4.601340368390083313e-02 8.822166323661804199e-01 4.685899019241333008e-01 0.000000000000000000e+00 1.000000000000000000e+00
1.289809570312500000e+02 2.619965820312500000e+02 1.710722503662109375e+02 8.636680990457534790e-02 8.920435309410095215e-01 4.436204433441162109e-01 0.000000000000000000e+00 1.000000000000000000e+00
1.290468139648437500e+02 2.626767883300781250e+02 1.714105224609375000e+02 1.230838596820831299e-01 9.056321978569030762e-01 4.058084785938262939e-01 0.000000000000000000e+00 1.000000000000000000e+00
1.291381072998046875e+02 2.633485107421875000e+02 1.717115173339843750e+02 1.575907915830612183e-01 9.215431213378906250e-01 3.548568785190582275e-01 0.000000000000000000e+00 1.000000000000000000e+00
1.292507171630859375e+02 2.640070190429687500e+02 1.719650878906250000e+02 1.900044530630111694e-01 9.368756413459777832e-01 2.935342192649841309e-01 0.000000000000000000e+00 1.000000000000000000e+00
1.293812713623046875e+02 2.646507568359375000e+02 1.721667785644531250e+02 2.191255390644073486e-01 9.488924145698547363e-01 2.271280139684677124e-01 0.000000000000000000e+00 1.000000000000000000e+00
1.295266723632812500e+02 2.652803955078125000e+02 1.723174896240234375e+02 2.438277155160903931e-01 9.564168453216552734e-01 1.606702804565429688e-01 0.000000000000000000e+00 1.000000000000000000e+00
1.296842041015625000e+02 2.658983154296875000e+02 1.724212951660156250e+02 2.631774246692657471e-01 9.598659276962280273e-01 9.692848473787307739e-02 0.000000000000000000e+00 1.000000000000000000e+00
1.298513336181640625e+02 2.665078735351562500e+02 1.724828491210937500e+02 2.770279347896575928e-01 9.602892398834228516e-01 3.316684812307357788e-02 0.000000000000000000e+00 1.000000000000000000e+00
1.300259399414062500e+02 2.671131286621093750e+02 1.725037536621093750e+02 2.851004898548126221e-01 9.578700065612792969e-01 -3.468058630824089050e-02 0.000000000000000000e+00 1.000000000000000000e+00
1.302060699462890625e+02 2.677183227539062500e+02 1.724818420410156250e+02 2.856913805007934570e-01 9.520189166069030762e-01 -1.097292974591255188e-01 0.000000000000000000e+00 1.000000000000000000e+00
1.303891754150390625e+02 2.683284912109375000e+02 1.724115142822265625e+02 2.771063446998596191e-01 9.418786764144897461e-01 -1.899382770061492920e-01 0.000000000000000000e+00 1.000000000000000000e+00
1.305715637207031250e+02 2.689484252929687500e+02 1.722864990234375000e+02 2.586128115653991699e-01 9.278136491775512695e-01 -2.688517868518829346e-01 0.000000000000000000e+00 1.000000000000000000e+00
1.307480773925781250e+02 2.695816955566406250e+02 1.721029968261718750e+02 2.318376153707504272e-01 9.117799401283264160e-01 -3.389818668365478516e-01 0.000000000000000000e+00 1.000000000000000000e+00
1.309125671386718750e+02 2.702286071777343750e+02 1.718624877929687500e+02 1.999001502990722656e-01 8.959375619888305664e-01 -3.966557085514068604e-01 0.000000000000000000e+00 1.000000000000000000e+00
1.310590362548828125e+02 2.708850708007812500e+02 1.715718536376953125e+02 1.660051494836807251e-01 8.816404938697814941e-01 -4.417605400085449219e-01 0.000000000000000000e+00 1.000000000000000000e+00
1.311829528808593750e+02 2.715431823730468750e+02 1.712420959472656250e+02 1.325364559888839722e-01 8.693737983703613281e-01 -4.760497212409973145e-01 0.000000000000000000e+00 1.000000000000000000e+00
1.312820587158203125e+02 2.721932678222656250e+02 1.708861236572265625e+02 1.005777865648269653e-01 8.594453334808349609e-01 -5.012363791465759277e-01 0.000000000000000000e+00 1.000000000000000000e+00
1.313563537597656250e+02 2.728281250000000000e+02 1.705158691406250000e+02 7.071457058191299438e-02 8.522878289222717285e-01 -5.182711482048034668e-01 0.000000000000000000e+00 1.000000000000000000e+00
1.314075012207031250e+02 2.734445800781250000e+02 1.701410064697265625e+02 4.294303804636001587e-02 8.488960862159729004e-01 -5.268124938011169434e-01 0.000000000000000000e+00 1.000000000000000000e+00
1.314378814697265625e+02 2.740451354980468750e+02 1.697683105468750000e+02 1.706064306199550629e-02 8.498744368553161621e-01 -5.267090201377868652e-01 0.000000000000000000e+00 1.000000000000000000e+00
1.314497528076171875e+02 2.746365051269531250e+02 1.694018096923828125e+02 -6.598042789846658707e-03 8.552740812301635742e-01 -5.181339383125305176e-01 0.000000000000000000e+00 1.000000000000000000e+00
1.314451904296875000e+02 2.752279052734375000e+02 1.690435333251953125e+02 -2.750327810645103455e-02 8.640375137329101562e-01 -5.026755928993225098e-01 0.000000000000000000e+00 1.000000000000000000e+00
1.314260711669921875e+02 2.758285522460937500e+02 1.686940917968750000e+02 -4.439382627606391907e-02 8.743531703948974609e-01 -4.832554459571838379e-01 0.000000000000000000e+00 1.000000000000000000e+00
1.313947143554687500e+02 2.764461364746093750e+02 1.683527526855468750e+02 -5.631012469530105591e-02 8.845056891441345215e-01 -4.631185829639434814e-01 0.000000000000000000e+00 1.000000000000000000e+00
1.313539886474609375e+02 2.770858459472656250e+02 1.680178070068359375e+02 -6.279466301202774048e-02 8.933259248733520508e-01 -4.450007677078247070e-01 0.000000000000000000e+00 1.000000000000000000e+00
1.313072967529296875e+02 2.777500915527343750e+02 1.676869201660156250e+02 -6.338220834732055664e-02 9.004865288734436035e-01 -4.302404224872589111e-01 0.000000000000000000e+00 1.000000000000000000e+00
1.312588500976562500e+02 2.784383850097656250e+02 1.673580627441406250e+02 -5.855271592736244202e-02 9.054230451583862305e-01 -4.204529523849487305e-01 0.000000000000000000e+00 1.000000000000000000e+00
1.312130126953125000e+02 2.791471862792968750e+02 1.670289154052734375e+02 -4.877117648720741272e-02 9.081265926361083984e-01 -4.158454835414886475e-01 0.000000000000000000e+00 1.000000000000000000e+00
1.311740875244140625e+02 2.798719787597656250e+02 1.666970214843750000e+02 -3.405781462788581848e-02 9.087235331535339355e-01 -4.160066843032836914e-01 0.000000000000000000e+00 1.000000000000000000e+00
1.311465148925781250e+02 2.806076660156250000e+02 1.663602294921875000e+02 -1.434556022286415100e-02 9.077302813529968262e-01 -4.193087816238403320e-01 0.000000000000000000e+00 1.000000000000000000e+00
1.311347961425781250e+02 2.813491821289062500e+02 1.660177001953125000e+02 1.089929137378931046e-02 9.057236313819885254e-01 -4.237286150455474854e-01 0.000000000000000000e+00 1.000000000000000000e+00
1.311437072753906250e+02 2.820896911621093750e+02 1.656712646484375000e+02 4.286350682377815247e-02 9.034163355827331543e-01 -4.266164302825927734e-01 0.000000000000000000e+00 1.000000000000000000e+00
1.311783752441406250e+02 2.828203735351562500e+02 1.653262176513671875e+02 8.220292627811431885e-02 9.011862277984619141e-01 -4.255655407905578613e-01 0.000000000000000000e+00 1.000000000000000000e+00
1.312430267333984375e+02 2.835291442871093750e+02 1.649915161132812500e+02 1.288431733846664429e-01 8.985148072242736816e-01 -4.196075797080993652e-01 0.000000000000000000e+00 1.000000000000000000e+00
1.313393707275390625e+02 2.842010192871093750e+02 1.646777496337890625e+02 1.810745596885681152e-01 8.944593667984008789e-01 -4.088453054428100586e-01 0.000000000000000000e+00 1.000000000000000000e+00
1.314646911621093750e+02 2.848200683593750000e+02 1.643947906494140625e+02 2.358112186193466187e-01 8.880461454391479492e-01 -3.946734964847564697e-01 0.000000000000000000e+00 1.000000000000000000e+00
1.316110992431640625e+02 2.853714294433593750e+02 1.641497497558593750e+02 2.885419428348541260e-01 8.790794014930725098e-01 -3.794244229793548584e-01 0.000000000000000000e+00 1.000000000000000000e+00
1.317662200927734375e+02 2.858440246582031250e+02 1.639457702636718750e+02 3.356205523014068604e-01 8.682989478111267090e-01 -3.652612864971160889e-01 0.000000000000000000e+00 1.000000000000000000e+00
1.319160156250000000e+02 2.862315673828125000e+02 1.637827453613281250e+02 3.745495378971099854e-01 8.571031093597412109e-01 -3.536762893199920654e-01 0.000000000000000000e+00 1.000000000000000000e+00
1.320479888916015625e+02 2.865335693359375000e+02 1.636581268310546875e+02 3.745495378971099854e-01 8.571031093597412109e-01 -3.536762893199920654e-01 0.000000000000000000e+00 1.000000000000000000e+00
