1.139526748657226562e+02 1.784603271484375000e+02 1.687470855712890625e+02 -9.118223190307617188e-01 -3.247823119163513184e-01 2.511901259422302246e-01 0.000000000000000000e+00 2.000000000000000000e+00
1.146535186767578125e+02 1.787099609375000000e+02 1.685540161132812500e+02 -8.687722682952880859e-01 -4.303119480609893799e-01 2.450844198465347290e-01 0.000000000000000000e+00 2.000000000000000000e+00
1.153026428222656250e+02 1.790314788818359375e+02 1.683708953857421875e+02 -8.149577379226684570e-01 -5.267010331153869629e-01 2.417227923870086670e-01 0.000000000000000000e+00 2.000000000000000000e+00
1.158905487060546875e+02 1.794114379882812500e+02 1.681965179443359375e+02 -7.555856108665466309e-01 -6.101005077362060547e-01 2.384696751832962036e-01 0.000000000000000000e+00 2.000000000000000000e+00
1.164158401489257812e+02 1.798355865478515625e+02 1.680307312011718750e+02 -6.971195340156555176e-01 -6.778629422187805176e-01 2.335085868835449219e-01 0.000000000000000000e+00 2.000000000000000000e+00
1.168842697143554688e+02 1.802910766601562500e+02 1.678738250732421875e+02 -6.454846262931823730e-01 -7.293798923492431641e-01 2.266152501106262207e-01 0.000000000000000000e+00 2.000000000000000000e+00
1.173062057495117188e+02 1.807678527832031250e+02 1.677256927490234375e+02 -6.041171550750732422e-01 -7.662287354469299316e-01 2.189428955316543579e-01 0.000000000000000000e+00 2.000000000000000000e+00
1.176932983398437500e+02 1.812588195800781250e+02 1.675854034423828125e+02 -5.733160972595214844e-01 -7.914658784866333008e-01 2.118734866380691528e-01 0.000000000000000000e+00 2.000000000000000000e+00
1.180556945800781250e+02 1.817591094970703125e+02 1.674514770507812500e+02 -5.512592196464538574e-01 -8.084372878074645996e-01 2.062583267688751221e-01 0.000000000000000000e+00 2.000000000000000000e+00
1.184013595581054688e+02 1.822660369873046875e+02 1.673221435546875000e+02 -5.353497862815856934e-01 -8.198570609092712402e-01 2.030641287565231323e-01 0.000000000000000000e+00 2.000000000000000000e+00
1.187356109619140625e+02 1.827779235839843750e+02 1.671953582763671875e+02 -5.229681134223937988e-01 -8.280002474784851074e-01 2.022870332002639771e-01 0.000000000000000000e+00 2.000000000000000000e+00
1.190619659423828125e+02 1.832946319580078125e+02 1.670691223144531250e+02 -5.127577185630798340e-01 -8.339570164680480957e-01 2.039492130279541016e-01 0.000000000000000000e+00 2.000000000000000000e+00
1.193833694458007812e+02 1.838173675537109375e+02 1.669412841796875000e+02 -5.032805800437927246e-01 -8.390216827392578125e-01 2.067636400461196899e-01 0.000000000000000000e+00 2.000000000000000000e+00
1.197023010253906250e+02 1.843490600585937500e+02 1.668102569580078125e+02 -4.938936531543731689e-01 -8.440786004066467285e-01 2.088071107864379883e-01 0.000000000000000000e+00 2.000000000000000000e+00
1.200207748413085938e+02 1.848933410644531250e+02 1.666756134033203125e+02 -4.843658804893493652e-01 -8.500397205352783203e-01 2.069353759288787842e-01 0.000000000000000000e+00 2.000000000000000000e+00
1.203399658203125000e+02 1.854535064697265625e+02 1.665392456054687500e+02 -4.733767211437225342e-01 -8.581523895263671875e-01 1.987181156873703003e-01 0.000000000000000000e+00 2.000000000000000000e+00
1.206588897705078125e+02 1.860316619873046875e+02 1.664053649902343750e+02 -4.602523446083068848e-01 -8.690433502197265625e-01 1.814700961112976074e-01 0.000000000000000000e+00 2.000000000000000000e+00
1.209749526977539062e+02 1.866284484863281250e+02 1.662807464599609375e+02 -4.442377686500549316e-01 -8.826295733451843262e-01 1.536807119846343994e-01 0.000000000000000000e+00 2.000000000000000000e+00
1.212845458984375000e+02 1.872435607910156250e+02 1.661736450195312500e+02 -4.244641661643981934e-01 -8.981581926345825195e-01 1.146386787295341492e-01 0.000000000000000000e+00 2.000000000000000000e+00
1.215835876464843750e+02 1.878763275146484375e+02 1.660928802490234375e+02 -4.002599716186523438e-01 -9.141039848327636719e-01 6.485306471586227417e-02 0.000000000000000000e+00 2.000000000000000000e+00
1.218680877685546875e+02 1.885260620117187500e+02 1.660467834472656250e+02 -3.711776733398437500e-01 -9.285393953323364258e-01 6.462657824158668518e-03 0.000000000000000000e+00 2.000000000000000000e+00
1.221345062255859375e+02 1.891925354003906250e+02 1.660421447753906250e+02 -3.368512392044067383e-01 -9.398398995399475098e-01 -5.685243755578994751e-02 0.000000000000000000e+00 2.000000000000000000e+00
1.223792419433593750e+02 1.898753662109375000e+02 1.660834503173828125e+02 -2.981484532356262207e-01 -9.469028711318969727e-01 -1.203430667519569397e-01 0.000000000000000000e+00 2.000000000000000000e+00
1.225992202758789062e+02 1.905740051269531250e+02 1.661722412109375000e+02 -2.575039863586425781e-01 -9.495028257369995117e-01 -1.792656779289245605e-01 0.000000000000000000e+00 2.000000000000000000e+00
1.227926712036132812e+02 1.912873229980468750e+02 1.663069152832031250e+02 -2.190070599317550659e-01 -9.482086300849914551e-01 -2.300787121057510376e-01 0.000000000000000000e+00 2.000000000000000000e+00
1.229600372314453125e+02 1.920119476318359375e+02 1.664827423095703125e+02 -1.867932081222534180e-01 -9.442941546440124512e-01 -2.709555923938751221e-01 0.000000000000000000e+00 2.000000000000000000e+00
1.231046447753906250e+02 1.927429809570312500e+02 1.666925048828125000e+02 -1.637578904628753662e-01 -9.390692114830017090e-01 -3.022122979164123535e-01 0.000000000000000000e+00 2.000000000000000000e+00
1.232322311401367188e+02 1.934746246337890625e+02 1.669279632568359375e+02 -1.498725712299346924e-01 -9.339411258697509766e-01 -3.244873881340026855e-01 0.000000000000000000e+00 2.000000000000000000e+00
1.233490600585937500e+02 1.942026519775390625e+02 1.671809082031250000e+02 -1.419472396373748779e-01 -9.304875731468200684e-01 -3.377037942409515381e-01 0.000000000000000000e+00 2.000000000000000000e+00
1.234596328735351562e+02 1.949274749755859375e+02 1.674439697265625000e+02 -1.340228021144866943e-01 -9.306429028511047363e-01 -3.405019342899322510e-01 0.000000000000000000e+00 2.000000000000000000e+00
1.235645141601562500e+02 1.956557617187500000e+02 1.677104339599609375e+02 -1.198891103267669678e-01 -9.356010556221008301e-01 -3.320802748203277588e-01 0.000000000000000000e+00 2.000000000000000000e+00
1.236599044799804688e+02 1.964001770019531250e+02 1.679746551513671875e+02 -9.562684595584869385e-02 -9.450969099998474121e-01 -3.124857246875762939e-01 0.000000000000000000e+00 2.000000000000000000e+00
1.237384033203125000e+02 1.971759948730468750e+02 1.682311706542968750e+02 -6.121588870882987976e-02 -9.568943977355957031e-01 -2.839113771915435791e-01 0.000000000000000000e+00 2.000000000000000000e+00
1.237908630371093750e+02 1.979960174560546875e+02 1.684744720458984375e+02 -1.965250447392463684e-02 -9.682168364524841309e-01 -2.493390440940856934e-01 0.000000000000000000e+00 2.000000000000000000e+00
1.238085327148437500e+02 1.988665466308593750e+02 1.686986541748046875e+02 2.505794167518615723e-02 -9.769513607025146484e-01 -2.119862884283065796e-01 0.000000000000000000e+00 2.000000000000000000e+00
1.237849731445312500e+02 1.997850799560546875e+02 1.688979644775390625e+02 7.026424258947372437e-02 -9.823525547981262207e-01 -1.733388304710388184e-01 0.000000000000000000e+00 2.000000000000000000e+00
1.237165145874023438e+02 2.007421875000000000e+02 1.690668487548828125e+02 1.140435710549354553e-01 -9.843423366546630859e-01 -1.344035863876342773e-01 0.000000000000000000e+00 2.000000000000000000e+00
1.236026687622070312e+02 2.017248229980468750e+02 1.692010192871093750e+02 1.551691740751266479e-01 -9.832587242126464844e-01 -9.552355110645294189e-02 0.000000000000000000e+00 2.000000000000000000e+00
1.234457702636718750e+02 2.027190399169921875e+02 1.692976074218750000e+02 1.926038265228271484e-01 -9.795829653739929199e-01 -5.762783437967300415e-02 0.000000000000000000e+00 2.000000000000000000e+00
1.232502441406250000e+02 2.037134857177734375e+02 1.693561096191406250e+02 2.253803908824920654e-01 -9.740244746208190918e-01 -2.191072516143321991e-02 0.000000000000000000e+00 2.000000000000000000e+00
1.230221862792968750e+02 2.046990814208984375e+02 1.693782806396484375e+02 2.534703612327575684e-01 -9.672695398330688477e-01 1.193106453865766525e-02 0.000000000000000000e+00 2.000000000000000000e+00
1.227683639526367188e+02 2.056676940917968750e+02 1.693663330078125000e+02 2.784930765628814697e-01 -9.593497514724731445e-01 4.571218788623809814e-02 0.000000000000000000e+00 2.000000000000000000e+00
1.224949645996093750e+02 2.066094970703125000e+02 1.693214569091796875e+02 3.033618032932281494e-01 -9.492157101631164551e-01 8.343394100666046143e-02 0.000000000000000000e+00 2.000000000000000000e+00
1.222068557739257812e+02 2.075109863281250000e+02 1.692422180175781250e+02 3.315141797065734863e-01 -9.345204234123229980e-01 1.294990330934524536e-01 0.000000000000000000e+00 2.000000000000000000e+00
1.219072494506835938e+02 2.083555603027343750e+02 1.691251831054687500e+02 3.664731681346893311e-01 -9.112251996994018555e-01 1.880587190389633179e-01 0.000000000000000000e+00 2.000000000000000000e+00
1.215979156494140625e+02 2.091247100830078125e+02 1.689664459228515625e+02 4.108468294143676758e-01 -8.736767172813415527e-01 2.605643868446350098e-01 0.000000000000000000e+00 2.000000000000000000e+00
1.212792968750000000e+02 2.098022613525390625e+02 1.687643737792968750e+02 4.648886024951934814e-01 -8.163000941276550293e-01 3.428304791450500488e-01 0.000000000000000000e+00 2.000000000000000000e+00
1.209511108398437500e+02 2.103785247802734375e+02 1.685223541259765625e+02 5.270326137542724609e-01 -7.363371849060058594e-01 4.243162572383880615e-01 0.000000000000000000e+00 2.000000000000000000e+00
1.206115188598632812e+02 2.108529815673828125e+02 1.682489471435546875e+02 5.934705138206481934e-01 -6.387995481491088867e-01 4.896201789379119873e-01 0.000000000000000000e+00 2.000000000000000000e+00
1.202573165893554688e+02 2.112342376708984375e+02 1.679567260742187500e+02 6.606985926628112793e-01 -5.357757806777954102e-01 5.257582664489746094e-01 0.000000000000000000e+00 2.000000000000000000e+00
1.198829421997070312e+02 2.115378265380859375e+02 1.676588134765625000e+02 7.261252403259277344e-01 -4.412353336811065674e-01 5.273078680038452148e-01 0.000000000000000000e+00 2.000000000000000000e+00
1.194804153442382812e+02 2.117824249267578125e+02 1.673665008544921875e+02 7.866757512092590332e-01 -3.645337820053100586e-01 4.982534050941467285e-01 0.000000000000000000e+00 2.000000000000000000e+00
1.190399246215820312e+02 2.119865417480468750e+02 1.670875091552734375e+02 8.389500975608825684e-01 -3.086597025394439697e-01 4.482097923755645752e-01 0.000000000000000000e+00 2.000000000000000000e+00
1.185509872436523438e+02 2.121664276123046875e+02 1.668262939453125000e+02 8.803868889808654785e-01 -2.715458571910858154e-01 3.888210654258728027e-01 0.000000000000000000e+00 2.000000000000000000e+00
1.180041351318359375e+02 2.123350982666015625e+02 1.665847778320312500e+02 9.107406735420227051e-01 -2.495444715023040771e-01 3.290576338768005371e-01 0.000000000000000000e+00 2.000000000000000000e+00
1.173929519653320312e+02 2.125025634765625000e+02 1.663639526367187500e+02 9.315652251243591309e-01 -2.388736456632614136e-01 2.740904390811920166e-01 0.000000000000000000e+00 2.000000000000000000e+00
1.167160644531250000e+02 2.126761322021484375e+02 1.661647949218750000e+02 9.450158476829528809e-01 -2.369818836450576782e-01 2.253545969724655151e-01 0.000000000000000000e+00 2.000000000000000000e+00
1.159781646728515625e+02 2.128611755371093750e+02 1.659888305664062500e+02 9.531353116035461426e-01 -2.409826666116714478e-01 1.829218864440917969e-01 0.000000000000000000e+00 2.000000000000000000e+00
1.151893692016601562e+02 2.130606079101562500e+02 1.658374481201171875e+02 9.571831226348876953e-01 -2.499197572469711304e-01 1.460841000080108643e-01 0.000000000000000000e+00 2.000000000000000000e+00
1.143631362915039062e+02 2.132763366699218750e+02 1.657113494873046875e+02 9.581637382507324219e-01 -2.626591622829437256e-01 1.137214303016662598e-01 0.000000000000000000e+00 2.000000000000000000e+00
1.135137176513671875e+02 2.135091857910156250e+02 1.656105346679687500e+02 9.565855264663696289e-01 -2.786636054515838623e-01 8.538623154163360596e-02 0.000000000000000000e+00 2.000000000000000000e+00
1.126536941528320312e+02 2.137597198486328125e+02 1.655337677001953125e+02 -9.528197646141052246e-01 2.974073588848114014e-01 -6.069055199623107910e-02 0.000000000000000000e+00 2.000000000000000000e+00
1.117927246093750000e+02 2.140284576416015625e+02 1.654789276123046875e+02 -9.471156597137451172e-01 3.184628784656524658e-01 -3.941280022263526917e-02 0.000000000000000000e+00 2.000000000000000000e+00
1.109376296997070312e+02 2.143159790039062500e+02 1.654433441162109375e+02 -9.396159648895263672e-01 3.415673673152923584e-01 -2.129700966179370880e-02 0.000000000000000000e+00 2.000000000000000000e+00
1.100934219360351562e+02 2.146228637695312500e+02 1.654242095947265625e+02 -9.303526878356933594e-01 3.666055202484130859e-01 -6.658397149294614792e-03 0.000000000000000000e+00 2.000000000000000000e+00
1.092640533447265625e+02 2.149496765136718750e+02 1.654182739257812500e+02 -9.193588495254516602e-01 3.933953046798706055e-01 4.413171671330928802e-03 0.000000000000000000e+00 2.000000000000000000e+00
1.084534759521484375e+02 2.152965240478515625e+02 1.654221649169921875e+02 -9.066501259803771973e-01 4.217263460159301758e-01 1.151441223919391632e-02 0.000000000000000000e+00 2.000000000000000000e+00
1.076665039062500000e+02 2.156625823974609375e+02 1.654321594238281250e+02 -8.922686576843261719e-01 4.512720108032226562e-01 1.449689548462629318e-02 0.000000000000000000e+00 2.000000000000000000e+00
1.069085998535156250e+02 2.160458984375000000e+02 1.654444732666015625e+02 -8.763349056243896484e-01 4.814931154251098633e-01 1.419967785477638245e-02 0.000000000000000000e+00 2.000000000000000000e+00
1.061863174438476562e+02 2.164427490234375000e+02 1.654561767578125000e+02 -8.588161468505859375e-01 5.121481418609619141e-01 1.179523020982742310e-02 0.000000000000000000e+00 2.000000000000000000e+00
1.055063858032226562e+02 2.168482208251953125e+02 1.654655151367187500e+02 -8.397887349128723145e-01 5.428429245948791504e-01 8.737874217331409454e-03 0.000000000000000000e+00 2.000000000000000000e+00
1.048743209838867188e+02 2.172567901611328125e+02 1.654720916748046875e+02 -8.194274306297302246e-01 5.731423497200012207e-01 6.814678199589252472e-03 0.000000000000000000e+00 2.000000000000000000e+00
1.042926940917968750e+02 2.176636047363281250e+02 1.654769287109375000e+02 -7.983347773551940918e-01 6.021717190742492676e-01 7.132785860449075699e-03 0.000000000000000000e+00 2.000000000000000000e+00
1.037598495483398438e+02 2.180655212402343750e+02 1.654816894531250000e+02 -7.776272892951965332e-01 6.286451816558837891e-01 1.004999224096536636e-02 0.000000000000000000e+00 2.000000000000000000e+00
1.032698745727539062e+02 2.184616241455078125e+02 1.654880218505859375e+02 -7.582143545150756836e-01 6.518176794052124023e-01 1.564321853220462799e-02 0.000000000000000000e+00 2.000000000000000000e+00
1.028135528564453125e+02 2.188539123535156250e+02 1.654974365234375000e+02 -7.408119440078735352e-01 6.713106632232666016e-01 2.323226258158683777e-02 0.000000000000000000e+00 2.000000000000000000e+00
1.023800277709960938e+02 2.192467651367187500e+02 1.655110321044921875e+02 -7.250737547874450684e-01 6.879163980484008789e-01 3.223541751503944397e-02 0.000000000000000000e+00 2.000000000000000000e+00
1.019585571289062500e+02 2.196466369628906250e+02 1.655297698974609375e+02 -7.103255391120910645e-01 7.026648521423339844e-01 4.122817888855934143e-02 0.000000000000000000e+00 2.000000000000000000e+00
1.015397644042968750e+02 2.200609130859375000e+02 1.655540771484375000e+02 -6.958220005035400391e-01 7.165731191635131836e-01 4.852385073900222778e-02 0.000000000000000000e+00 2.000000000000000000e+00
1.011163711547851562e+02 2.204969329833984375e+02 1.655836029052734375e+02 -6.816152930259704590e-01 7.298627495765686035e-01 5.197172239422798157e-02 0.000000000000000000e+00 2.000000000000000000e+00
1.006835098266601562e+02 2.209604339599609375e+02 1.656166076660156250e+02 -6.679684519767761230e-01 7.425056695938110352e-01 5.003543570637702942e-02 0.000000000000000000e+00 2.000000000000000000e+00
1.002390289306640625e+02 2.214545135498046875e+02 1.656499023437500000e+02 -6.550320982933044434e-01 7.544204592704772949e-01 4.222330451011657715e-02 0.000000000000000000e+00 2.000000000000000000e+00
9.978382110595703125e+01 2.219787902832031250e+02 1.656792449951171875e+02 -6.422186493873596191e-01 7.659667730331420898e-01 2.915708348155021667e-02 0.000000000000000000e+00 2.000000000000000000e+00
9.932135772705078125e+01 2.225303649902343750e+02 1.657002410888671875e+02 -6.282055974006652832e-01 7.779416441917419434e-01 1.282832119613885880e-02 0.000000000000000000e+00 2.000000000000000000e+00
9.885733032226562500e+01 2.231049957275390625e+02 1.657097167968750000e+02 -6.117914915084838867e-01 7.910072207450866699e-01 -4.313549026846885681e-03 0.000000000000000000e+00 2.000000000000000000e+00
9.839852905273437500e+01 2.236981964111328125e+02 1.657064819335937500e+02 -5.920387506484985352e-01 8.056653141975402832e-01 -1.983978971838951111e-02 0.000000000000000000e+00 2.000000000000000000e+00
9.795184326171875000e+01 2.243060607910156250e+02 1.656915130615234375e+02 -5.691381692886352539e-01 8.216203451156616211e-01 -3.196540474891662598e-02 0.000000000000000000e+00 2.000000000000000000e+00
9.752313232421875000e+01 2.249249572753906250e+02 1.656674346923828125e+02 -5.442261099815368652e-01 8.379874825477600098e-01 -3.993626683950424194e-02 0.000000000000000000e+00 2.000000000000000000e+00
9.711661529541015625e+01 2.255509033203125000e+02 1.656376037597656250e+02 -5.193946957588195801e-01 8.534000515937805176e-01 -4.401597008109092712e-02 0.000000000000000000e+00 2.000000000000000000e+00
9.673417663574218750e+01 2.261792755126953125e+02 1.656051940917968750e+02 -4.971081316471099854e-01 8.665123581886291504e-01 -4.516382887959480286e-02 0.000000000000000000e+00 2.000000000000000000e+00
9.637476348876953125e+01 2.268057708740234375e+02 1.655725402832031250e+02 -4.797452390193939209e-01 8.762269020080566406e-01 -4.550653696060180664e-02 0.000000000000000000e+00 2.000000000000000000e+00
9.603469848632812500e+01 2.274268798828125000e+02 1.655402832031250000e+02 -4.689494073390960693e-01 8.819963932037353516e-01 -4.657074064016342163e-02 0.000000000000000000e+00 2.000000000000000000e+00
9.570803833007812500e+01 2.280412597656250000e+02 1.655078430175781250e+02 -4.652192890644073486e-01 8.837781548500061035e-01 -5.007241666316986084e-02 0.000000000000000000e+00 2.000000000000000000e+00
9.538764190673828125e+01 2.286499176025390625e+02 1.654733581542968750e+02 -4.674693346023559570e-01 8.821781277656555176e-01 -5.687028914690017700e-02 0.000000000000000000e+00 2.000000000000000000e+00
9.506655120849609375e+01 2.292558593750000000e+02 1.654342956542968750e+02 -4.734345972537994385e-01 8.783040642738342285e-01 -6.664518266916275024e-02 0.000000000000000000e+00 2.000000000000000000e+00
9.473919677734375000e+01 2.298631591796875000e+02 1.653882141113281250e+02 -4.800612032413482666e-01 8.737652897834777832e-01 -7.794528454542160034e-02 0.000000000000000000e+00 2.000000000000000000e+00
9.440219116210937500e+01 2.304765472412109375e+02 1.653334960937500000e+02 -4.850106835365295410e-01 8.699914813041687012e-01 -8.876638859510421753e-02 0.000000000000000000e+00 2.000000000000000000e+00
9.405461120605468750e+01 2.311000213623046875e+02 1.652698822021484375e+02 -4.863803982734680176e-01 8.683708310127258301e-01 -9.677908569574356079e-02 0.000000000000000000e+00 2.000000000000000000e+00
9.369771575927734375e+01 2.317372131347656250e+02 1.651988677978515625e+02 -4.838229715824127197e-01 8.693835139274597168e-01 -1.004369854927062988e-01 0.000000000000000000e+00 2.000000000000000000e+00
9.333445739746093750e+01 2.323899536132812500e+02 1.651234588623046875e+02 -4.774808883666992188e-01 8.730338811874389648e-01 -9.911504387855529785e-02 0.000000000000000000e+00 2.000000000000000000e+00
9.296904754638671875e+01 2.330580749511718750e+02 1.650476074218750000e+02 -4.680322408676147461e-01 8.787728548049926758e-01 -9.329559653997421265e-02 0.000000000000000000e+00 2.000000000000000000e+00
9.260605621337890625e+01 2.337396240234375000e+02 1.649752502441406250e+02 -4.565808176994323730e-01 8.856805562973022461e-01 -8.428430557250976562e-02 0.000000000000000000e+00 2.000000000000000000e+00
9.225037384033203125e+01 2.344295806884765625e+02 1.649095916748046875e+02 -4.439641237258911133e-01 8.929924368858337402e-01 -7.389385253190994263e-02 0.000000000000000000e+00 2.000000000000000000e+00
9.190658569335937500e+01 2.351210784912109375e+02 1.648523712158203125e+02 -4.316929280757904053e-01 8.998000621795654297e-01 -6.325420737266540527e-02 0.000000000000000000e+00 2.000000000000000000e+00
9.157772064208984375e+01 2.358065490722656250e+02 1.648041839599609375e+02 -4.219287633895874023e-01 9.051240682601928711e-01 -5.221514403820037842e-02 0.000000000000000000e+00 2.000000000000000000e+00
9.126404571533203125e+01 2.364794464111328125e+02 1.647653656005859375e+02 -4.180026650428771973e-01 9.075971841812133789e-01 -3.925531357526779175e-02 0.000000000000000000e+00 2.000000000000000000e+00
9.096166992187500000e+01 2.371359863281250000e+02 1.647369689941406250e+02 -4.234315454959869385e-01 9.056565761566162109e-01 -2.217969670891761780e-02 0.000000000000000000e+00 2.000000000000000000e+00
9.066220855712890625e+01 2.377764892578125000e+02 1.647212829589843750e+02 -4.405449926853179932e-01 8.977299332618713379e-01 1.003196462988853455e-03 0.000000000000000000e+00 2.000000000000000000e+00
9.035397338867187500e+01 2.384046020507812500e+02 1.647219848632812500e+02 -4.681246578693389893e-01 8.831639885902404785e-01 2.967743389308452606e-02 0.000000000000000000e+00 2.000000000000000000e+00
9.002471160888671875e+01 2.390257873535156250e+02 1.647428588867187500e+02 -5.019055008888244629e-01 8.627654910087585449e-01 6.104543060064315796e-02 0.000000000000000000e+00 2.000000000000000000e+00
8.966390228271484375e+01 2.396460113525390625e+02 1.647867431640625000e+02 -5.361634492874145508e-01 8.391615748405456543e-01 9.130465239286422729e-02 0.000000000000000000e+00 2.000000000000000000e+00
8.926516723632812500e+01 2.402700805664062500e+02 1.648546447753906250e+02 -5.665175318717956543e-01 8.156409263610839844e-01 1.174212247133255005e-01 0.000000000000000000e+00 2.000000000000000000e+00
8.882662200927734375e+01 2.409014739990234375e+02 1.649455413818359375e+02 -5.909503698348999023e-01 7.948522567749023438e-01 1.377950757741928101e-01 0.000000000000000000e+00 2.000000000000000000e+00
8.835002899169921875e+01 2.415425109863281250e+02 1.650566711425781250e+02 -6.091610193252563477e-01 7.782386541366577148e-01 1.525364518165588379e-01 0.000000000000000000e+00 2.000000000000000000e+00
8.784035491943359375e+01 2.421936492919921875e+02 1.651842956542968750e+02 -6.220420002937316895e-01 7.659211158752441406e-01 1.625689864158630371e-01 0.000000000000000000e+00 2.000000000000000000e+00
8.730432128906250000e+01 2.428536682128906250e+02 1.653243865966796875e+02 -6.306768655776977539e-01 7.574447989463806152e-01 1.688906550407409668e-01 0.000000000000000000e+00 2.000000000000000000e+00
8.675053405761718750e+01 2.435187683105468750e+02 1.654726867675781250e+02 -6.362755894660949707e-01 7.518525123596191406e-01 1.728324890136718750e-01 0.000000000000000000e+00 2.000000000000000000e+00
8.619036102294921875e+01 2.441806945800781250e+02 1.656248474121093750e+02 -6.397312879562377930e-01 7.483835816383361816e-01 1.751167327165603638e-01 0.000000000000000000e+00 2.000000000000000000e+00
8.563828277587890625e+01 2.448265380859375000e+02 1.657759704589843750e+02 -6.417645812034606934e-01 7.463295459747314453e-01 1.764383018016815186e-01 0.000000000000000000e+00 2.000000000000000000e+00
8.511168670654296875e+01 2.454389343261718750e+02 1.659207458496093750e+02 -6.429190635681152344e-01 7.451750636100769043e-01 1.771134287118911743e-01 0.000000000000000000e+00 2.000000000000000000e+00
8.462974548339843750e+01 2.459975280761718750e+02 1.660535125732421875e+02 -6.434814929962158203e-01 7.446106672286987305e-01 1.774443238973617554e-01 0.000000000000000000e+00 2.000000000000000000e+00
8.421031188964843750e+01 2.464828796386718750e+02 1.661691741943359375e+02 -6.438047289848327637e-01 7.442961335182189941e-01 1.775914579629898071e-01 0.000000000000000000e+00 2.000000000000000000e+00
8.386635589599609375e+01 2.468805236816406250e+02 1.662640533447265625e+02 -6.438047289848327637e-01 7.442961335182189941e-01 1.775914579629898071e-01 0.000000000000000000e+00 2.000000000000000000e+00
