8.872738647460937500e+01 2.905388793945312500e+02 1.456637115478515625e+02 2.146192044019699097e-01 4.209361076354980469e-01 -8.813350200653076172e-01 0.000000000000000000e+00 1.000000000000000000e+00
8.863626861572265625e+01 2.903601684570312500e+02 1.460378875732421875e+02 2.106328159570693970e-01 4.488320946693420410e-01 -8.684374690055847168e-01 0.000000000000000000e+00 1.000000000000000000e+00
8.853366851806640625e+01 2.901415405273437500e+02 1.464609069824218750e+02 2.031958103179931641e-01 4.963022768497467041e-01 -8.440352678298950195e-01 0.000000000000000000e+00 1.000000000000000000e+00
8.842562866210937500e+01 2.898776550292968750e+02 1.469096832275390625e+02 1.897751092910766602e-01 5.698850750923156738e-01 -7.995100617408752441e-01 0.000000000000000000e+00 1.000000000000000000e+00
8.831957244873046875e+01 2.895591735839843750e+02 1.473564910888671875e+02 1.670228838920593262e-01 6.706392765045166016e-01 -7.227352261543273926e-01 0.000000000000000000e+00 1.000000000000000000e+00
8.822354125976562500e+01 2.891735839843750000e+02 1.477720336914062500e+02 1.323804855346679688e-01 7.867714166641235352e-01 -6.028816699981689453e-01 0.000000000000000000e+00 1.000000000000000000e+00
8.814528656005859375e+01 2.887084960937500000e+02 1.481284179687500000e+02 8.759911358356475830e-02 8.921781182289123535e-01 -4.431079030036926270e-01 0.000000000000000000e+00 1.000000000000000000e+00
8.809103393554687500e+01 2.881559448242187500e+02 1.484028472900390625e+02 4.014842212200164795e-02 9.626436829566955566e-01 -2.677786052227020264e-01 0.000000000000000000e+00 1.000000000000000000e+00
8.806435394287109375e+01 2.875162353515625000e+02 1.485807952880859375e+02 -1.194471959024667740e-03 9.941812157630920410e-01 -1.077138930559158325e-01 0.000000000000000000e+00 1.000000000000000000e+00
8.806521606445312500e+01 2.867986755371093750e+02 1.486585388183593750e+02 -3.208635002374649048e-02 9.992718100547790527e-01 2.064788900315761566e-02 0.000000000000000000e+00 1.000000000000000000e+00
8.809025573730468750e+01 2.860188598632812500e+02 1.486424255371093750e+02 -5.174729600548744202e-02 9.920343756675720215e-01 1.148470267653465271e-01 0.000000000000000000e+00 1.000000000000000000e+00
8.813323974609375000e+01 2.851948242187500000e+02 1.485470275878906250e+02 -6.171874701976776123e-02 9.815791845321655273e-01 1.808125823736190796e-01 0.000000000000000000e+00 1.000000000000000000e+00
8.818668365478515625e+01 2.843448486328125000e+02 1.483904571533203125e+02 -6.335567682981491089e-02 9.720289707183837891e-01 2.261543869972229004e-01 0.000000000000000000e+00 1.000000000000000000e+00
8.824269866943359375e+01 2.834854431152343750e+02 1.481905059814453125e+02 -5.784216895699501038e-02 9.646569490432739258e-01 2.570820450782775879e-01 0.000000000000000000e+00 1.000000000000000000e+00
8.829387664794921875e+01 2.826319274902343750e+02 1.479630432128906250e+02 -4.532713443040847778e-02 9.594287276268005371e-01 2.782838344573974609e-01 0.000000000000000000e+00 1.000000000000000000e+00
8.833326721191406250e+01 2.817981567382812500e+02 1.477212066650390625e+02 -2.456501685082912445e-02 9.563737511634826660e-01 2.911113500595092773e-01 0.000000000000000000e+00 1.000000000000000000e+00
8.835390472412109375e+01 2.809946899414062500e+02 1.474766387939453125e+02 6.515158340334892273e-03 9.556958675384521484e-01 2.942838072776794434e-01 0.000000000000000000e+00 1.000000000000000000e+00
8.834867095947265625e+01 2.802269592285156250e+02 1.472402343750000000e+02 4.971149191260337830e-02 9.573976397514343262e-01 2.844618558883666992e-01 0.000000000000000000e+00 1.000000000000000000e+00
8.831065368652343750e+01 2.794947814941406250e+02 1.470226898193359375e+02 1.047371327877044678e-01 9.601755142211914062e-01 2.590235173702239990e-01 0.000000000000000000e+00 1.000000000000000000e+00
8.823398590087890625e+01 2.787919311523437500e+02 1.468330841064453125e+02 1.676638722419738770e-01 9.615281820297241211e-01 2.176058292388916016e-01 0.000000000000000000e+00 1.000000000000000000e+00
8.811508941650390625e+01 2.781100769042968750e+02 1.466787719726562500e+02 2.317813932895660400e-01 9.585446119308471680e-01 1.657399237155914307e-01 0.000000000000000000e+00 1.000000000000000000e+00
8.795389556884765625e+01 2.774434509277343750e+02 1.465635070800781250e+02 2.903994917869567871e-01 9.504629373550415039e-01 1.108525544404983521e-01 0.000000000000000000e+00 1.000000000000000000e+00
8.775434875488281250e+01 2.767903442382812500e+02 1.464873352050781250e+02 3.395301401615142822e-01 9.386857748031616211e-01 5.990321189165115356e-02 0.000000000000000000e+00 1.000000000000000000e+00
8.752368927001953125e+01 2.761526489257812500e+02 1.464466400146484375e+02 3.781918883323669434e-01 9.255701303482055664e-01 1.705562323331832886e-02 0.000000000000000000e+00 1.000000000000000000e+00
8.727094268798828125e+01 2.755340881347656250e+02 1.464352416992187500e+02 4.063206017017364502e-01 9.135918617248535156e-01 -1.592362672090530396e-02 0.000000000000000000e+00 1.000000000000000000e+00
8.700501251220703125e+01 2.749361572265625000e+02 1.464456634521484375e+02 4.246459603309631348e-01 9.044766426086425781e-01 -3.997199982404708862e-02 0.000000000000000000e+00 1.000000000000000000e+00
8.673284149169921875e+01 2.743564453125000000e+02 1.464712829589843750e+02 4.334651827812194824e-01 8.993536233901977539e-01 -5.719340592622756958e-02 0.000000000000000000e+00 1.000000000000000000e+00
8.645887756347656250e+01 2.737880249023437500e+02 1.465074310302734375e+02 4.333643019199371338e-01 8.984626531600952148e-01 -7.042879611253738403e-02 0.000000000000000000e+00 1.000000000000000000e+00
8.618527984619140625e+01 2.732207946777343750e+02 1.465518951416015625e+02 4.264339804649353027e-01 9.007090330123901367e-01 -8.292930573225021362e-02 0.000000000000000000e+00 1.000000000000000000e+00
8.591230773925781250e+01 2.726442260742187500e+02 1.466049804687500000e+02 4.158805608749389648e-01 9.042555093765258789e-01 -9.677519649267196655e-02 0.000000000000000000e+00 1.000000000000000000e+00
8.563867187500000000e+01 2.720492553710937500e+02 1.466686553955078125e+02 4.063106775283813477e-01 9.067072272300720215e-01 -1.131090074777603149e-01 0.000000000000000000e+00 1.000000000000000000e+00
8.536164855957031250e+01 2.714310607910156250e+02 1.467457733154296875e+02 4.021510481834411621e-01 9.061627984046936035e-01 -1.309328973293304443e-01 0.000000000000000000e+00 1.000000000000000000e+00
8.507754516601562500e+01 2.707908935546875000e+02 1.468382720947265625e+02 4.073386490345001221e-01 9.011148810386657715e-01 -1.485501676797866821e-01 0.000000000000000000e+00 1.000000000000000000e+00
8.478114318847656250e+01 2.701351928710937500e+02 1.469463653564453125e+02 4.248599410057067871e-01 8.901650905609130859e-01 -1.646212637424468994e-01 0.000000000000000000e+00 1.000000000000000000e+00
8.446617889404296875e+01 2.694752807617187500e+02 1.470684051513671875e+02 4.555516541004180908e-01 8.723582029342651367e-01 -1.773805916309356689e-01 0.000000000000000000e+00 1.000000000000000000e+00
8.412638092041015625e+01 2.688245849609375000e+02 1.472007141113281250e+02 4.986692368984222412e-01 8.466002345085144043e-01 -1.860029697418212891e-01 0.000000000000000000e+00 1.000000000000000000e+00
8.375611877441406250e+01 2.681959838867187500e+02 1.473388214111328125e+02 5.513671636581420898e-01 8.120881319046020508e-01 -1.910685598850250244e-01 0.000000000000000000e+00 1.000000000000000000e+00
8.335141754150390625e+01 2.675999145507812500e+02 1.474790649414062500e+02 6.094701886177062988e-01 7.687289118766784668e-01 -1.939122676849365234e-01 0.000000000000000000e+00 1.000000000000000000e+00
8.291062927246093750e+01 2.670439453125000000e+02 1.476193084716796875e+02 6.683914065361022949e-01 7.175457477569580078e-01 -1.959104239940643311e-01 0.000000000000000000e+00 1.000000000000000000e+00
8.243444824218750000e+01 2.665327453613281250e+02 1.477588806152343750e+02 7.241119742393493652e-01 6.608738303184509277e-01 -1.972501575946807861e-01 0.000000000000000000e+00 1.000000000000000000e+00
8.192565917968750000e+01 2.660683898925781250e+02 1.478974761962890625e+02 7.737912535667419434e-01 6.021427512168884277e-01 -1.966498792171478271e-01 0.000000000000000000e+00 1.000000000000000000e+00
8.138822937011718750e+01 2.656501770019531250e+02 1.480340576171875000e+02 8.158466219902038574e-01 5.456920862197875977e-01 -1.913488656282424927e-01 0.000000000000000000e+00 1.000000000000000000e+00
8.082625579833984375e+01 2.652742919921875000e+02 1.481658630371093750e+02 8.496343493461608887e-01 4.959439933300018311e-01 -1.793347001075744629e-01 0.000000000000000000e+00 1.000000000000000000e+00
8.024430847167968750e+01 2.649346008300781250e+02 1.482886962890625000e+02 8.745417594909667969e-01 4.578621685504913330e-01 -1.598088443279266357e-01 0.000000000000000000e+00 1.000000000000000000e+00
7.964776611328125000e+01 2.646222839355468750e+02 1.483977050781250000e+02 8.906254768371582031e-01 4.345620870590209961e-01 -1.339480578899383545e-01 0.000000000000000000e+00 1.000000000000000000e+00
7.904257965087890625e+01 2.643269958496093750e+02 1.484887237548828125e+02 8.971059918403625488e-01 4.293227791786193848e-01 -1.043201610445976257e-01 0.000000000000000000e+00 1.000000000000000000e+00
7.843556213378906250e+01 2.640364990234375000e+02 1.485593109130859375e+02 8.925018906593322754e-01 4.447342455387115479e-01 -7.517878711223602295e-02 0.000000000000000000e+00 1.000000000000000000e+00
7.783396911621093750e+01 2.637367248535156250e+02 1.486099853515625000e+02 8.740149736404418945e-01 4.832719266414642334e-01 -5.045794323086738586e-02 0.000000000000000000e+00 1.000000000000000000e+00
7.724562072753906250e+01 2.634114074707031250e+02 1.486439514160156250e+02 8.379707932472229004e-01 5.446454286575317383e-01 -3.415037691593170166e-02 0.000000000000000000e+00 1.000000000000000000e+00
7.667913055419921875e+01 2.630432128906250000e+02 1.486670379638671875e+02 7.812825441360473633e-01 6.235385537147521973e-01 -2.823537029325962067e-02 0.000000000000000000e+00 1.000000000000000000e+00
7.614376068115234375e+01 2.626159362792968750e+02 1.486863861083984375e+02 7.040507793426513672e-01 7.094103097915649414e-01 -3.239583969116210938e-02 0.000000000000000000e+00 1.000000000000000000e+00
7.564865875244140625e+01 2.621170654296875000e+02 1.487091674804687500e+02 6.125394701957702637e-01 7.892146110534667969e-01 -4.399627819657325745e-02 0.000000000000000000e+00 1.000000000000000000e+00
7.520168304443359375e+01 2.615411682128906250e+02 1.487412719726562500e+02 5.176941752433776855e-01 8.535277247428894043e-01 -5.901861563324928284e-02 0.000000000000000000e+00 1.000000000000000000e+00
7.480710601806640625e+01 2.608906250000000000e+02 1.487862548828125000e+02 4.307981729507446289e-01 8.993687033653259277e-01 -7.449065148830413818e-02 0.000000000000000000e+00 1.000000000000000000e+00
7.446409606933593750e+01 2.601745300292968750e+02 1.488455657958984375e+02 3.589779138565063477e-01 9.290758371353149414e-01 -8.917856961488723755e-02 0.000000000000000000e+00 1.000000000000000000e+00
7.416767120361328125e+01 2.594073486328125000e+02 1.489192047119140625e+02 3.031860291957855225e-01 9.472717642784118652e-01 -1.037035286426544189e-01 0.000000000000000000e+00 1.000000000000000000e+00
7.391080474853515625e+01 2.586047973632812500e+02 1.490070648193359375e+02 2.599829733371734619e-01 9.580936431884765625e-01 -1.202720850706100464e-01 0.000000000000000000e+00 1.000000000000000000e+00
7.368733978271484375e+01 2.577812805175781250e+02 1.491104431152343750e+02 2.240674942731857300e-01 9.643384814262390137e-01 -1.408727169036865234e-01 0.000000000000000000e+00 1.000000000000000000e+00
7.349385833740234375e+01 2.569485778808593750e+02 1.492320861816406250e+02 1.905545294284820557e-01 9.673952460289001465e-01 -1.668393462896347046e-01 0.000000000000000000e+00 1.000000000000000000e+00
7.332981109619140625e+01 2.561157531738281250e+02 1.493757171630859375e+02 1.563990116119384766e-01 9.676491022109985352e-01 -1.979761570692062378e-01 0.000000000000000000e+00 1.000000000000000000e+00
7.319627380371093750e+01 2.552895507812500000e+02 1.495447540283203125e+02 1.212484762072563171e-01 9.651378989219665527e-01 -2.319646179676055908e-01 0.000000000000000000e+00 1.000000000000000000e+00
7.309403991699218750e+01 2.544757690429687500e+02 1.497403411865234375e+02 8.749358355998992920e-02 9.602048993110656738e-01 -2.652384936809539795e-01 0.000000000000000000e+00 1.000000000000000000e+00
7.302142333984375000e+01 2.536788330078125000e+02 1.499604797363281250e+02 5.836089700460433960e-02 9.539621472358703613e-01 -2.941944003105163574e-01 0.000000000000000000e+00 1.000000000000000000e+00
7.297391510009765625e+01 2.529022674560546875e+02 1.501999664306640625e+02 3.608364611864089966e-02 9.481421113014221191e-01 -3.157917857170104980e-01 0.000000000000000000e+00 1.000000000000000000e+00
7.294519042968750000e+01 2.521474914550781250e+02 1.504513549804687500e+02 2.235728316009044647e-02 9.444454908370971680e-01 -3.279068171977996826e-01 0.000000000000000000e+00 1.000000000000000000e+00
7.292781829833984375e+01 2.514136352539062500e+02 1.507061462402343750e+02 1.732352934777736664e-02 9.439514875411987305e-01 -3.296293914318084717e-01 0.000000000000000000e+00 1.000000000000000000e+00
7.291466522216796875e+01 2.506969299316406250e+02 1.509564208984375000e+02 1.985911466181278229e-02 9.470167756080627441e-01 -3.205696940422058105e-01 0.000000000000000000e+00 1.000000000000000000e+00
7.289985656738281250e+01 2.499907531738281250e+02 1.511954650878906250e+02 2.776787988841533661e-02 9.531677961349487305e-01 -3.011643886566162109e-01 0.000000000000000000e+00 1.000000000000000000e+00
7.287932586669921875e+01 2.492860107421875000e+02 1.514181365966796875e+02 3.838817775249481201e-02 9.614493846893310547e-01 -2.722891867160797119e-01 0.000000000000000000e+00 1.000000000000000000e+00
7.285079193115234375e+01 2.485713653564453125e+02 1.516205291748046875e+02 4.865852743387222290e-02 9.704963564872741699e-01 -2.361547201871871948e-01 0.000000000000000000e+00 1.000000000000000000e+00
7.281386566162109375e+01 2.478348693847656250e+02 1.517997436523437500e+02 5.603995919227600098e-02 9.790927171707153320e-01 -1.955428570508956909e-01 0.000000000000000000e+00 1.000000000000000000e+00
7.276982116699218750e+01 2.470653533935546875e+02 1.519534301757812500e+02 5.862029269337654114e-02 9.864546656608581543e-01 -1.532017886638641357e-01 0.000000000000000000e+00 1.000000000000000000e+00
7.272164154052734375e+01 2.462545928955078125e+02 1.520793457031250000e+02 5.573717504739761353e-02 9.922525882720947266e-01 -1.110322773456573486e-01 0.000000000000000000e+00 1.000000000000000000e+00
7.267354583740234375e+01 2.453983764648437500e+02 1.521751556396484375e+02 4.756142199039459229e-02 9.964020848274230957e-01 -7.014824450016021729e-02 0.000000000000000000e+00 1.000000000000000000e+00
7.263053894042968750e+01 2.444973907470703125e+02 1.522385864257812500e+02 3.573101758956909180e-02 9.989124536514282227e-01 -2.995278686285018921e-02 0.000000000000000000e+00 1.000000000000000000e+00
7.259690093994140625e+01 2.435569915771484375e+02 1.522667846679687500e+02 2.199148759245872498e-02 9.997045993804931641e-01 1.034708600491285324e-02 0.000000000000000000e+00 1.000000000000000000e+00
7.257556152343750000e+01 2.425869293212890625e+02 1.522567443847656250e+02 7.562720682471990585e-03 9.986190199851989746e-01 5.198887735605239868e-02 0.000000000000000000e+00 1.000000000000000000e+00
7.256809234619140625e+01 2.416006622314453125e+02 1.522053985595703125e+02 -7.950362749397754669e-03 9.953207373619079590e-01 9.629800170660018921e-02 0.000000000000000000e+00 1.000000000000000000e+00
7.257596588134765625e+01 2.406149597167968750e+02 1.521100311279296875e+02 -2.709037438035011292e-02 9.891540408134460449e-01 1.443622559309005737e-01 0.000000000000000000e+00 1.000000000000000000e+00
7.260243225097656250e+01 2.396485900878906250e+02 1.519689941406250000e+02 -5.447619780898094177e-02 9.789634346961975098e-01 1.966289281845092773e-01 0.000000000000000000e+00 1.000000000000000000e+00
7.265412139892578125e+01 2.387197113037109375e+02 1.517824249267578125e+02 -9.541106969118118286e-02 9.629230499267578125e-01 2.523409128189086914e-01 0.000000000000000000e+00 1.000000000000000000e+00
7.274102020263671875e+01 2.378426971435546875e+02 1.515525970458984375e+02 -1.530590653419494629e-01 9.388978481292724609e-01 3.082916736602783203e-01 0.000000000000000000e+00 1.000000000000000000e+00
7.287425994873046875e+01 2.370253753662109375e+02 1.512842254638671875e+02 -2.251783162355422974e-01 9.058887362480163574e-01 3.586925864219665527e-01 0.000000000000000000e+00 1.000000000000000000e+00
7.306280517578125000e+01 2.362668609619140625e+02 1.509838867187500000e+02 -3.028828203678131104e-01 8.664491772651672363e-01 3.968977034091949463e-01 0.000000000000000000e+00 1.000000000000000000e+00
7.331031799316406250e+01 2.355588073730468750e+02 1.506595458984375000e+02 -3.745101392269134521e-01 8.269522786140441895e-01 4.193949103355407715e-01 0.000000000000000000e+00 1.000000000000000000e+00
7.361396789550781250e+01 2.348883209228515625e+02 1.503195037841796875e+02 -4.318548440933227539e-01 7.942515611648559570e-01 4.273942410945892334e-01 0.000000000000000000e+00 1.000000000000000000e+00
7.396556091308593750e+01 2.342416839599609375e+02 1.499715423583984375e+02 -4.730312824249267578e-01 7.716231942176818848e-01 4.252517521381378174e-01 0.000000000000000000e+00 1.000000000000000000e+00
7.435417938232421875e+01 2.336077575683593750e+02 1.496221771240234375e+02 -5.007295608520507812e-01 7.580934762954711914e-01 4.178088009357452393e-01 0.000000000000000000e+00 1.000000000000000000e+00
7.476900482177734375e+01 2.329797210693359375e+02 1.492760467529296875e+02 -5.192326903343200684e-01 7.505710721015930176e-01 4.087057709693908691e-01 0.000000000000000000e+00 1.000000000000000000e+00
7.520117950439453125e+01 2.323549957275390625e+02 1.489358673095703125e+02 -5.323436856269836426e-01 7.458786964416503906e-01 4.003438353538513184e-01 0.000000000000000000e+00 1.000000000000000000e+00
7.564430999755859375e+01 2.317341156005859375e+02 1.486026153564453125e+02 -5.427386164665222168e-01 7.416831851005554199e-01 3.941331207752227783e-01 0.000000000000000000e+00 1.000000000000000000e+00
7.609409332275390625e+01 2.311194610595703125e+02 1.482759857177734375e+02 -5.516316890716552734e-01 7.370008230209350586e-01 3.905537724494934082e-01 0.000000000000000000e+00 1.000000000000000000e+00
7.654733276367187500e+01 2.305139160156250000e+02 1.479550933837890625e+02 -5.593087673187255859e-01 7.316720485687255859e-01 3.896534144878387451e-01 0.000000000000000000e+00 1.000000000000000000e+00
7.700115203857421875e+01 2.299202423095703125e+02 1.476389312744140625e+02 -5.661219358444213867e-01 7.253150343894958496e-01 3.916938304901123047e-01 0.000000000000000000e+00 1.000000000000000000e+00
7.745305633544921875e+01 2.293412628173828125e+02 1.473262634277343750e+02 -5.718777179718017578e-01 7.179905176162719727e-01 3.967939913272857666e-01 0.000000000000000000e+00 1.000000000000000000e+00
7.790034484863281250e+01 2.287796936035156250e+02 1.470159149169921875e+02 -5.763226747512817383e-01 7.091896533966064453e-01 4.060816168785095215e-01 0.000000000000000000e+00 1.000000000000000000e+00
7.834058380126953125e+01 2.282379608154296875e+02 1.467057189941406250e+02 -5.791946649551391602e-01 6.981368064880371094e-01 4.208784401416778564e-01 0.000000000000000000e+00 1.000000000000000000e+00
7.877176666259765625e+01 2.277182312011718750e+02 1.463923950195312500e+02 -5.802023410797119141e-01 6.836745142936706543e-01 4.426674246788024902e-01 0.000000000000000000e+00 1.000000000000000000e+00
7.919229888916015625e+01 2.272227020263671875e+02 1.460715484619140625e+02 -5.791320800781250000e-01 6.647288203239440918e-01 4.719550907611846924e-01 0.000000000000000000e+00 1.000000000000000000e+00
7.960096740722656250e+01 2.267536315917968750e+02 1.457385101318359375e+02 -5.757066011428833008e-01 6.410256028175354004e-01 5.075905323028564453e-01 0.000000000000000000e+00 1.000000000000000000e+00
7.999669647216796875e+01 2.263130035400390625e+02 1.453896026611328125e+02 -5.702683925628662109e-01 6.134548187255859375e-01 5.463215112686157227e-01 0.000000000000000000e+00 1.000000000000000000e+00
8.037841796875000000e+01 2.259023742675781250e+02 1.450239105224609375e+02 -5.637882351875305176e-01 5.842359066009521484e-01 5.837903618812561035e-01 0.000000000000000000e+00 1.000000000000000000e+00
8.074528503417968750e+01 2.255222015380859375e+02 1.446440277099609375e+02 -5.580300688743591309e-01 5.571473836898803711e-01 6.149709224700927734e-01 0.000000000000000000e+00 1.000000000000000000e+00
8.109737396240234375e+01 2.251706695556640625e+02 1.442560119628906250e+02 -5.548451542854309082e-01 5.366151332855224609e-01 6.357603073120117188e-01 0.000000000000000000e+00 1.000000000000000000e+00
8.143569946289062500e+01 2.248434600830078125e+02 1.438683471679687500e+02 -5.558975338935852051e-01 5.264909863471984863e-01 6.432613730430603027e-01 0.000000000000000000e+00 1.000000000000000000e+00
8.176280212402343750e+01 2.245336608886718750e+02 1.434898376464843750e+02 -5.620900392532348633e-01 5.295418500900268555e-01 6.353268623352050781e-01 0.000000000000000000e+00 1.000000000000000000e+00
8.208257293701171875e+01 2.242324066162109375e+02 1.431284027099609375e+02 -5.727594494819641113e-01 5.468088388442993164e-01 6.106936335563659668e-01 0.000000000000000000e+00 1.000000000000000000e+00
8.239981842041015625e+01 2.239295349121093750e+02 1.427901458740234375e+02 -5.862273573875427246e-01 5.765112042427062988e-01 5.691856145858764648e-01 0.000000000000000000e+00 1.000000000000000000e+00
8.271974182128906250e+01 2.236149139404296875e+02 1.424795227050781250e+02 -5.994070768356323242e-01 6.148244738578796387e-01 5.125445723533630371e-01 0.000000000000000000e+00 1.000000000000000000e+00
8.304721069335937500e+01 2.232790222167968750e+02 1.421995086669921875e+02 -6.095399260520935059e-01 6.559421420097351074e-01 4.451976716518402100e-01 0.000000000000000000e+00 1.000000000000000000e+00
8.338615417480468750e+01 2.229142761230468750e+02 1.419519500732421875e+02 -6.150680184364318848e-01 6.945264339447021484e-01 3.732617497444152832e-01 0.000000000000000000e+00 1.000000000000000000e+00
8.373902130126953125e+01 2.225158233642578125e+02 1.417378082275390625e+02 -6.156230568885803223e-01 7.273056507110595703e-01 3.033723831176757812e-01 0.000000000000000000e+00 1.000000000000000000e+00
8.410616302490234375e+01 2.220820770263671875e+02 1.415568847656250000e+02 -6.122455596923828125e-01 7.534307837486267090e-01 2.397861331701278687e-01 0.000000000000000000e+00 1.000000000000000000e+00
8.448590850830078125e+01 2.216147613525390625e+02 1.414081573486328125e+02 -6.063513755798339844e-01 7.734048366546630859e-01 1.848862618207931519e-01 0.000000000000000000e+00 1.000000000000000000e+00
8.487528991699218750e+01 2.211181030273437500e+02 1.412894287109375000e+02 -5.988633632659912109e-01 7.889381647109985352e-01 1.376200169324874878e-01 0.000000000000000000e+00 1.000000000000000000e+00
8.527030181884765625e+01 2.205977172851562500e+02 1.411986541748046875e+02 -5.901746749877929688e-01 8.015744090080261230e-01 9.577275812625885010e-02 0.000000000000000000e+00 1.000000000000000000e+00
8.566672515869140625e+01 2.200592956542968750e+02 1.411343231201171875e+02 -5.798998475074768066e-01 8.128198981285095215e-01 5.513539910316467285e-02 0.000000000000000000e+00 1.000000000000000000e+00
8.606024169921875000e+01 2.195077209472656250e+02 1.410969085693359375e+02 -5.671191215515136719e-01 8.235573768615722656e-01 1.136637013405561447e-02 0.000000000000000000e+00 1.000000000000000000e+00
8.644623565673828125e+01 2.189471893310546875e+02 1.410891723632812500e+02 -5.500681996345520020e-01 8.341187238693237305e-01 -4.087737202644348145e-02 0.000000000000000000e+00 1.000000000000000000e+00
8.681952667236328125e+01 2.183811340332031250e+02 1.411169128417968750e+02 -5.258541107177734375e-01 8.438755869865417480e-01 -1.065430864691734314e-01 0.000000000000000000e+00 1.000000000000000000e+00
8.717386627197265625e+01 2.178125000000000000e+02 1.411887054443359375e+02 -4.908359050750732422e-01 8.504797220230102539e-01 -1.891145706176757812e-01 0.000000000000000000e+00 1.000000000000000000e+00
8.750229644775390625e+01 2.172434234619140625e+02 1.413152465820312500e+02 -4.414217770099639893e-01 8.495446443557739258e-01 -2.888264656066894531e-01 0.000000000000000000e+00 1.000000000000000000e+00
8.779741668701171875e+01 2.166754455566406250e+02 1.415083465576171875e+02 -3.770608007907867432e-01 8.362432122230529785e-01 -3.981488049030303955e-01 0.000000000000000000e+00 1.000000000000000000e+00
8.805278778076171875e+01 2.161090850830078125e+02 1.417779998779296875e+02 -3.019317984580993652e-01 8.087447285652160645e-01 -5.047466158866882324e-01 0.000000000000000000e+00 1.000000000000000000e+00
8.826348876953125000e+01 2.155447082519531250e+02 1.421302337646484375e+02 -2.244393080472946167e-01 7.708806395530700684e-01 -5.961292386054992676e-01 0.000000000000000000e+00 1.000000000000000000e+00
8.842687225341796875e+01 2.149835357666015625e+02 1.425641937255859375e+02 -1.525574177503585815e-01 7.301593422889709473e-01 -6.660282015800476074e-01 0.000000000000000000e+00 1.000000000000000000e+00
8.854280853271484375e+01 2.144286499023437500e+02 1.430703430175781250e+02 -8.964836597442626953e-02 6.930249929428100586e-01 -7.153178453445434570e-01 0.000000000000000000e+00 1.000000000000000000e+00
8.861306762695312500e+01 2.138855133056640625e+02 1.436309509277343750e+02 -3.464503213763237000e-02 6.627971529960632324e-01 -7.479971647262573242e-01 0.000000000000000000e+00 1.000000000000000000e+00
8.864048004150390625e+01 2.133610839843750000e+02 1.442227935791015625e+02 1.552838180214166641e-02 6.404037475585937500e-01 -7.678813934326171875e-01 0.000000000000000000e+00 1.000000000000000000e+00
8.862837982177734375e+01 2.128620605468750000e+02 1.448211517333984375e+02 6.434004008769989014e-02 6.254157423973083496e-01 -7.776345610618591309e-01 0.000000000000000000e+00 1.000000000000000000e+00
8.858012390136718750e+01 2.123929901123046875e+02 1.454043884277343750e+02 1.137963756918907166e-01 6.177179813385009766e-01 -7.781226038932800293e-01 0.000000000000000000e+00 1.000000000000000000e+00
8.849933624267578125e+01 2.119544525146484375e+02 1.459568023681640625e+02 1.632359325885772705e-01 6.178992986679077148e-01 -7.691258192062377930e-01 0.000000000000000000e+00 1.000000000000000000e+00
8.839044952392578125e+01 2.115422821044921875e+02 1.464698486328125000e+02 2.082815319299697876e-01 6.275296807289123535e-01 -7.502168416976928711e-01 0.000000000000000000e+00 1.000000000000000000e+00
8.825965881347656250e+01 2.111482238769531250e+02 1.469409484863281250e+02 2.423426806926727295e-01 6.486843228340148926e-01 -7.214421033859252930e-01 0.000000000000000000e+00 1.000000000000000000e+00
8.811501312255859375e+01 2.107610473632812500e+02 1.473715515136718750e+02 2.581163644790649414e-01 6.825616955757141113e-01 -6.837290525436401367e-01 0.000000000000000000e+00 1.000000000000000000e+00
8.796656799316406250e+01 2.103684997558593750e+02 1.477647705078125000e+02 2.499994933605194092e-01 7.280825376510620117e-01 -6.382758021354675293e-01 0.000000000000000000e+00 1.000000000000000000e+00
8.782592773437500000e+01 2.099589080810546875e+02 1.481238403320312500e+02 2.154116332530975342e-01 7.802160978317260742e-01 -5.872482657432556152e-01 0.000000000000000000e+00 1.000000000000000000e+00
8.770539855957031250e+01 2.095223541259765625e+02 1.484524230957031250e+02 1.554592698812484741e-01 8.303734064102172852e-01 -5.350816249847412109e-01 0.000000000000000000e+00 1.000000000000000000e+00
8.761735534667968750e+01 2.090520782470703125e+02 1.487554626464843750e+02 7.632804661989212036e-02 8.705742359161376953e-01 -4.860808551311492920e-01 0.000000000000000000e+00 1.000000000000000000e+00
8.757286071777343750e+01 2.085445861816406250e+02 1.490388183593750000e+02 -1.281355228275060654e-02 8.954942822456359863e-01 -4.448885321617126465e-01 0.000000000000000000e+00 1.000000000000000000e+00
8.758065795898437500e+01 2.079996643066406250e+02 1.493095397949218750e+02 -1.014799848198890686e-01 9.051690697669982910e-01 -4.127599596977233887e-01 0.000000000000000000e+00 1.000000000000000000e+00
8.764562988281250000e+01 2.074201354980468750e+02 1.495738067626953125e+02 -1.811188012361526489e-01 9.034781455993652344e-01 -3.884883522987365723e-01 0.000000000000000000e+00 1.000000000000000000e+00
8.776775360107421875e+01 2.068109436035156250e+02 1.498357543945312500e+02 -2.467389106750488281e-01 8.960934281349182129e-01 -3.689669072628021240e-01 0.000000000000000000e+00 1.000000000000000000e+00
8.794174194335937500e+01 2.061790618896484375e+02 1.500959320068359375e+02 -2.973652482032775879e-01 8.877578377723693848e-01 -3.513687849044799805e-01 0.000000000000000000e+00 1.000000000000000000e+00
8.815826416015625000e+01 2.055326538085937500e+02 1.503517761230468750e+02 -3.344959318637847900e-01 8.812082409858703613e-01 -3.340424299240112305e-01 0.000000000000000000e+00 1.000000000000000000e+00
8.840586853027343750e+01 2.048803558349609375e+02 1.505990447998046875e+02 -3.612767457962036133e-01 8.769055008888244629e-01 -3.170423507690429688e-01 0.000000000000000000e+00 1.000000000000000000e+00
8.867362213134765625e+01 2.042304534912109375e+02 1.508340148925781250e+02 -3.814818263053894043e-01 8.738225102424621582e-01 -3.015061020851135254e-01 0.000000000000000000e+00 1.000000000000000000e+00
8.895333099365234375e+01 2.035897521972656250e+02 1.510550842285156250e+02 -3.984380364418029785e-01 8.703035116195678711e-01 -2.895150482654571533e-01 0.000000000000000000e+00 1.000000000000000000e+00
8.924031066894531250e+01 2.029629058837890625e+02 1.512636108398437500e+02 -4.149107635021209717e-01 8.647943735122680664e-01 -2.828068137168884277e-01 0.000000000000000000e+00 1.000000000000000000e+00
8.953339385986328125e+01 2.023520355224609375e+02 1.514633789062500000e+02 -4.322535097599029541e-01 8.565163612365722656e-01 -2.820223271846771240e-01 0.000000000000000000e+00 1.000000000000000000e+00
8.983384704589843750e+01 2.017566833496093750e+02 1.516594085693359375e+02 -4.504547417163848877e-01 8.454498052597045898e-01 -2.868885993957519531e-01 0.000000000000000000e+00 1.000000000000000000e+00
9.014418029785156250e+01 2.011742248535156250e+02 1.518570556640625000e+02 -4.682025611400604248e-01 8.326826095581054688e-01 -2.956788837909698486e-01 0.000000000000000000e+00 1.000000000000000000e+00
9.046659851074218750e+01 2.006008148193359375e+02 1.520606689453125000e+02 -4.837108552455902100e-01 8.200976848602294922e-01 -3.057181835174560547e-01 0.000000000000000000e+00 1.000000000000000000e+00
9.080196380615234375e+01 2.000322265625000000e+02 1.522726287841796875e+02 -4.957602024078369141e-01 8.092063665390014648e-01 -3.152885138988494873e-01 0.000000000000000000e+00 1.000000000000000000e+00
9.114892578125000000e+01 1.994658966064453125e+02 1.524932861328125000e+02 -5.039849281311035156e-01 8.008412122726440430e-01 -3.235004246234893799e-01 0.000000000000000000e+00 1.000000000000000000e+00
9.150379180908203125e+01 1.989020080566406250e+02 1.527210693359375000e+02 -5.092128515243530273e-01 7.948688864707946777e-01 -3.299783766269683838e-01 0.000000000000000000e+00 1.000000000000000000e+00
9.186132812500000000e+01 1.983439025878906250e+02 1.529527587890625000e+02 -5.129241943359375000e-01 7.903452515602111816e-01 -3.350568413734436035e-01 0.000000000000000000e+00 1.000000000000000000e+00
9.221636199951171875e+01 1.977968444824218750e+02 1.531846771240234375e+02 -5.172284841537475586e-01 7.857221364974975586e-01 -3.392865359783172607e-01 0.000000000000000000e+00 1.000000000000000000e+00
9.256586456298828125e+01 1.972659149169921875e+02 1.534139404296875000e+02 -5.242109894752502441e-01 7.796566486358642578e-01 -3.425468206405639648e-01 0.000000000000000000e+00 1.000000000000000000e+00
9.290996551513671875e+01 1.967541351318359375e+02 1.536387939453125000e+02 -5.351821780204772949e-01 7.712494730949401855e-01 -3.446074426174163818e-01 0.000000000000000000e+00 1.000000000000000000e+00
9.325210571289062500e+01 1.962610778808593750e+02 1.538591003417968750e+02 -5.502880215644836426e-01 7.605674266815185547e-01 -3.445580005645751953e-01 0.000000000000000000e+00 1.000000000000000000e+00
9.359725189208984375e+01 1.957840423583984375e+02 1.540752105712890625e+02 -5.679939985275268555e-01 7.484953999519348145e-01 -3.422535657882690430e-01 0.000000000000000000e+00 1.000000000000000000e+00
9.394995117187500000e+01 1.953192596435546875e+02 1.542877349853515625e+02 -5.862805843353271484e-01 7.363492846488952637e-01 -3.377346694469451904e-01 0.000000000000000000e+00 1.000000000000000000e+00
9.431304931640625000e+01 1.948632202148437500e+02 1.544969024658203125e+02 -6.030927896499633789e-01 7.248720526695251465e-01 -3.329257071018218994e-01 0.000000000000000000e+00 1.000000000000000000e+00
9.468725585937500000e+01 1.944134521484375000e+02 1.547034759521484375e+02 -6.168419122695922852e-01 7.147210836410522461e-01 -3.296660482883453369e-01 0.000000000000000000e+00 1.000000000000000000e+00
9.507180786132812500e+01 1.939678802490234375e+02 1.549089965820312500e+02 -6.263871788978576660e-01 7.056911587715148926e-01 -3.311178088188171387e-01 0.000000000000000000e+00 1.000000000000000000e+00
9.546507263183593750e+01 1.935248260498046875e+02 1.551168823242187500e+02 -6.311213970184326172e-01 6.965061426162719727e-01 -3.414160907268524170e-01 0.000000000000000000e+00 1.000000000000000000e+00
9.586509704589843750e+01 1.930833587646484375e+02 1.553332824707031250e+02 -6.295908093452453613e-01 6.853230595588684082e-01 -3.659885525703430176e-01 0.000000000000000000e+00 1.000000000000000000e+00
9.626828002929687500e+01 1.926444854736328125e+02 1.555676574707031250e+02 -6.207671165466308594e-01 6.691997647285461426e-01 -4.084357917308807373e-01 0.000000000000000000e+00 1.000000000000000000e+00
9.666930389404296875e+01 1.922121734619140625e+02 1.558315124511718750e+02 -6.021808981895446777e-01 6.444519758224487305e-01 -4.712321460247039795e-01 0.000000000000000000e+00 1.000000000000000000e+00
9.706035614013671875e+01 1.917936706542968750e+02 1.561375274658203125e+02 -5.695158243179321289e-01 6.076178550720214844e-01 -5.535813570022583008e-01 0.000000000000000000e+00 1.000000000000000000e+00
9.743120574951171875e+01 1.913980102539062500e+02 1.564980010986328125e+02 -5.185850262641906738e-01 5.562300086021423340e-01 -6.493671536445617676e-01 0.000000000000000000e+00 1.000000000000000000e+00
9.776994323730468750e+01 1.910346832275390625e+02 1.569221649169921875e+02 -4.462002813816070557e-01 4.918052554130554199e-01 -7.476850748062133789e-01 0.000000000000000000e+00 1.000000000000000000e+00
9.806337738037109375e+01 1.907112579345703125e+02 1.574138641357421875e+02 -3.525337576866149902e-01 4.187771081924438477e-01 -8.368665575981140137e-01 0.000000000000000000e+00 1.000000000000000000e+00
9.829805755615234375e+01 1.904324798583984375e+02 1.579709625244140625e+02 -2.417729198932647705e-01 3.447456657886505127e-01 -9.070261120796203613e-01 0.000000000000000000e+00 1.000000000000000000e+00
9.846167755126953125e+01 1.901991729736328125e+02 1.585847930908203125e+02 -1.209515333175659180e-01 2.763246595859527588e-01 -9.534230232238769531e-01 0.000000000000000000e+00 1.000000000000000000e+00
9.854505157470703125e+01 1.900086975097656250e+02 1.592420043945312500e+02 1.109524280764162540e-03 2.190766632556915283e-01 -9.757069945335388184e-01 0.000000000000000000e+00 1.000000000000000000e+00
9.854427337646484375e+01 1.898550415039062500e+02 1.599263458251953125e+02 1.161631345748901367e-01 1.764014363288879395e-01 -9.774398803710937500e-01 0.000000000000000000e+00 1.000000000000000000e+00
9.846167755126953125e+01 1.897296142578125000e+02 1.606213378906250000e+02 2.174100577831268311e-01 1.492942720651626587e-01 -9.645952582359313965e-01 0.000000000000000000e+00 1.000000000000000000e+00
9.830599975585937500e+01 1.896227111816406250e+02 1.613120422363281250e+02 3.016230762004852295e-01 1.372091770172119141e-01 -9.435026645660400391e-01 0.000000000000000000e+00 1.000000000000000000e+00
9.809055328369140625e+01 1.895247039794921875e+02 1.619859771728515625e+02 -3.678967654705047607e-01 -1.375715583562850952e-01 9.196336269378662109e-01 0.000000000000000000e+00 1.000000000000000000e+00
9.783127593994140625e+01 1.894277496337890625e+02 1.626340942382812500e+02 -4.158248305320739746e-01 -1.477167308330535889e-01 8.973680734634399414e-01 0.000000000000000000e+00 1.000000000000000000e+00
9.754520416259765625e+01 1.893261260986328125e+02 1.632514495849609375e+02 -4.433246850967407227e-01 -1.656834185123443604e-01 8.809155821800231934e-01 0.000000000000000000e+00 1.000000000000000000e+00
9.725025939941406250e+01 1.892158966064453125e+02 1.638375244140625000e+02 -4.462148249149322510e-01 -1.896013915538787842e-01 8.746106028556823730e-01 0.000000000000000000e+00 1.000000000000000000e+00
9.696444702148437500e+01 1.890944519042968750e+02 1.643977355957031250e+02 -4.190145432949066162e-01 -2.188042849302291870e-01 8.812215924263000488e-01 0.000000000000000000e+00 1.000000000000000000e+00
9.670569610595703125e+01 1.889593353271484375e+02 1.649419097900390625e+02 -3.570907413959503174e-01 -2.514164745807647705e-01 8.995976448059082031e-01 0.000000000000000000e+00 1.000000000000000000e+00
9.649137878417968750e+01 1.888084411621093750e+02 1.654818267822265625e+02 -2.601913511753082275e-01 -2.847674190998077393e-01 9.226092696189880371e-01 0.000000000000000000e+00 1.000000000000000000e+00
9.633758544921875000e+01 1.886401214599609375e+02 1.660271606445312500e+02 -1.354445517063140869e-01 -3.150173723697662354e-01 9.393714666366577148e-01 0.000000000000000000e+00 1.000000000000000000e+00
9.625754547119140625e+01 1.884539642333984375e+02 1.665822753906250000e+02 6.785367149859666824e-03 -3.401628732681274414e-01 9.403420090675354004e-01 0.000000000000000000e+00 1.000000000000000000e+00
9.626159667968750000e+01 1.882508697509765625e+02 1.671437072753906250e+02 1.566688418388366699e-01 -3.598615229129791260e-01 9.197579026222229004e-01 0.000000000000000000e+00 1.000000000000000000e+00
9.635660552978515625e+01 1.880326385498046875e+02 1.677014770507812500e+02 3.048862814903259277e-01 -3.747470676898956299e-01 8.755620121955871582e-01 0.000000000000000000e+00 1.000000000000000000e+00
9.654502868652343750e+01 1.878010406494140625e+02 1.682425842285156250e+02 4.413286745548248291e-01 -3.858654797077178955e-01 8.101462125778198242e-01 0.000000000000000000e+00 1.000000000000000000e+00
9.682410430908203125e+01 1.875570373535156250e+02 1.687548828125000000e+02 5.560256838798522949e-01 -3.953673243522644043e-01 7.311088442802429199e-01 0.000000000000000000e+00 1.000000000000000000e+00
9.718524169921875000e+01 1.873002471923828125e+02 1.692297363281250000e+02 6.433073878288269043e-01 -4.060489833354949951e-01 6.490607261657714844e-01 0.000000000000000000e+00 1.000000000000000000e+00
9.761434173583984375e+01 1.870294036865234375e+02 1.696626739501953125e+02 7.036787867546081543e-01 -4.212035536766052246e-01 5.722095370292663574e-01 0.000000000000000000e+00 1.000000000000000000e+00
9.809358978271484375e+01 1.867425384521484375e+02 1.700523834228515625e+02 7.419651150703430176e-01 -4.422147274017333984e-01 5.039185881614685059e-01 0.000000000000000000e+00 1.000000000000000000e+00
9.860421752929687500e+01 1.864382019042968750e+02 1.703991851806640625e+02 7.637026309967041016e-01 -4.692023396492004395e-01 4.434044063091278076e-01 0.000000000000000000e+00 1.000000000000000000e+00
9.912910461425781250e+01 1.861157226562500000e+02 1.707039337158203125e+02 7.739172577857971191e-01 -5.012959837913513184e-01 3.869810998439788818e-01 0.000000000000000000e+00 1.000000000000000000e+00
9.965470886230468750e+01 1.857752685546875000e+02 1.709667510986328125e+02 7.758480906486511230e-01 -5.365763902664184570e-01 3.318819105625152588e-01 0.000000000000000000e+00 1.000000000000000000e+00
1.001720428466796875e+02 1.854174804687500000e+02 1.711880493164062500e+02 7.716845273971557617e-01 -5.735639929771423340e-01 2.748225033283233643e-01 0.000000000000000000e+00 1.000000000000000000e+00
1.006756515502929688e+02 1.850431671142578125e+02 1.713674011230468750e+02 7.621357440948486328e-01 -6.115489602088928223e-01 2.125017195940017700e-01 0.000000000000000000e+00 1.000000000000000000e+00
1.011622161865234375e+02 1.846527404785156250e+02 1.715030670166015625e+02 7.455868721008300781e-01 -6.513966917991638184e-01 1.406505107879638672e-01 0.000000000000000000e+00 1.000000000000000000e+00
1.016282043457031250e+02 1.842456207275390625e+02 1.715909729003906250e+02 7.197038531303405762e-01 -6.921862959861755371e-01 5.389272794127464294e-02 0.000000000000000000e+00 1.000000000000000000e+00
1.020703887939453125e+02 1.838203430175781250e+02 1.716240844726562500e+02 6.789144277572631836e-01 -7.323882579803466797e-01 -5.179414525628089905e-02 0.000000000000000000e+00 1.000000000000000000e+00
1.024836120605468750e+02 1.833745727539062500e+02 1.715925598144531250e+02 6.193657517433166504e-01 -7.656373977661132812e-01 -1.737397462129592896e-01 0.000000000000000000e+00 1.000000000000000000e+00
1.028624267578125000e+02 1.829062957763671875e+02 1.714862976074218750e+02 5.442526936531066895e-01 -7.836634516716003418e-01 -2.994339764118194580e-01 0.000000000000000000e+00 1.000000000000000000e+00
1.032033386230468750e+02 1.824154205322265625e+02 1.712987365722656250e+02 4.682605862617492676e-01 -7.823947072029113770e-01 -4.105978906154632568e-01 0.000000000000000000e+00 1.000000000000000000e+00
1.035082855224609375e+02 1.819058990478515625e+02 1.710313415527343750e+02 4.116093218326568604e-01 -7.662641406059265137e-01 -4.933731257915496826e-01 0.000000000000000000e+00 1.000000000000000000e+00
1.037873916625976562e+02 1.813863067626953125e+02 1.706967926025390625e+02 3.911483585834503174e-01 -7.424256801605224609e-01 -5.438814759254455566e-01 0.000000000000000000e+00 1.000000000000000000e+00
1.040596847534179688e+02 1.808694763183593750e+02 1.703181762695312500e+02 4.152517914772033691e-01 -7.148547172546386719e-01 -5.626266002655029297e-01 0.000000000000000000e+00 1.000000000000000000e+00
1.043501739501953125e+02 1.803694000244140625e+02 1.699245910644531250e+02 4.834613204002380371e-01 -6.812836527824401855e-01 -5.496524572372436523e-01 0.000000000000000000e+00 1.000000000000000000e+00
1.046841354370117188e+02 1.798987884521484375e+02 1.695449066162109375e+02 5.820735692977905273e-01 -6.367095112800598145e-01 -5.057581067085266113e-01 0.000000000000000000e+00 1.000000000000000000e+00
1.050802993774414062e+02 1.794654388427734375e+02 1.692006835937500000e+02 6.872690320014953613e-01 -5.793009400367736816e-01 -4.382598102092742920e-01 0.000000000000000000e+00 1.000000000000000000e+00
1.055465698242187500e+02 1.790724182128906250e+02 1.689033508300781250e+02 7.769520878791809082e-01 -5.147649645805358887e-01 -3.624397218227386475e-01 0.000000000000000000e+00 1.000000000000000000e+00
1.060795440673828125e+02 1.787192993164062500e+02 1.686547241210937500e+02 8.441175222396850586e-01 -4.496169090270996094e-01 -2.920792400836944580e-01 0.000000000000000000e+00 1.000000000000000000e+00
1.066682128906250000e+02 1.784057464599609375e+02 1.684510345458984375e+02 8.933313488960266113e-01 -3.848555684089660645e-01 -2.320459038019180298e-01 0.000000000000000000e+00 1.000000000000000000e+00
1.072988815307617188e+02 1.781340484619140625e+02 1.682872161865234375e+02 9.316564202308654785e-01 -3.162159025669097900e-01 -1.789515465497970581e-01 0.000000000000000000e+00 1.000000000000000000e+00
1.079594268798828125e+02 1.779098510742187500e+02 1.681603393554687500e+02 9.626200199127197266e-01 -2.385786920785903931e-01 -1.282301247119903564e-01 0.000000000000000000e+00 1.000000000000000000e+00
1.086412124633789062e+02 1.777408752441406250e+02 1.680695190429687500e+02 9.854552745819091797e-01 -1.512983888387680054e-01 -7.737388461828231812e-02 0.000000000000000000e+00 1.000000000000000000e+00
1.093386993408203125e+02 1.776337890625000000e+02 1.680147552490234375e+02 9.978225231170654297e-01 -5.960543826222419739e-02 -2.823641337454319000e-02 0.000000000000000000e+00 1.000000000000000000e+00
1.100483093261718750e+02 1.775914001464843750e+02 1.679946746826171875e+02 9.995253682136535645e-01 2.716401591897010803e-02 1.452712062746286392e-02 0.000000000000000000e+00 1.000000000000000000e+00
1.107664184570312500e+02 1.776109161376953125e+02 1.680051116943359375e+02 9.936194419860839844e-01 1.030943095684051514e-01 4.573798924684524536e-02 0.000000000000000000e+00 1.000000000000000000e+00
1.114880599975585938e+02 1.776857910156250000e+02 1.680383300781250000e+02 9.838184118270874023e-01 1.677386611700057983e-01 6.296721845865249634e-02 0.000000000000000000e+00 1.000000000000000000e+00
1.122073364257812500e+02 1.778084259033203125e+02 1.680843658447265625e+02 9.720574021339416504e-01 2.255950719118118286e-01 6.489520519971847534e-02 0.000000000000000000e+00 1.000000000000000000e+00
1.129160995483398438e+02 1.779729156494140625e+02 1.681316833496093750e+02 9.575391411781311035e-01 2.835525274276733398e-01 5.212440341711044312e-02 0.000000000000000000e+00 1.000000000000000000e+00
1.136042556762695312e+02 1.781766967773437500e+02 1.681691436767578125e+02 9.374401569366455078e-01 3.471895754337310791e-01 2.579520829021930695e-02 0.000000000000000000e+00 1.000000000000000000e+00
1.142608184814453125e+02 1.784198608398437500e+02 1.681872100830078125e+02 9.080168008804321289e-01 4.187898337841033936e-01 -1.098043750971555710e-02 0.000000000000000000e+00 1.000000000000000000e+00
1.148753204345703125e+02 1.787032775878906250e+02 1.681797790527343750e+02 8.665048480033874512e-01 4.962929785251617432e-01 -5.350457504391670227e-02 0.000000000000000000e+00 1.000000000000000000e+00
1.154399795532226562e+02 1.790266876220703125e+02 1.681449127197265625e+02 8.133252859115600586e-01 5.739349722862243652e-01 -9.539704024791717529e-02 0.000000000000000000e+00 1.000000000000000000e+00
1.159514999389648438e+02 1.793876495361328125e+02 1.680849151611328125e+02 7.528361082077026367e-01 6.451596617698669434e-01 -1.304101943969726562e-01 0.000000000000000000e+00 1.000000000000000000e+00
1.164115753173828125e+02 1.797819213867187500e+02 1.680052185058593750e+02 6.917948722839355469e-01 7.054497003555297852e-01 -1.541446894407272339e-01 0.000000000000000000e+00 1.000000000000000000e+00
1.168267059326171875e+02 1.802052459716796875e+02 1.679127197265625000e+02 6.370360851287841797e-01 7.526988983154296875e-01 -1.662212163209915161e-01 0.000000000000000000e+00 1.000000000000000000e+00
1.172059402465820312e+02 1.806533355712890625e+02 1.678137664794921875e+02 5.925770401954650879e-01 7.873793840408325195e-01 -1.699589937925338745e-01 0.000000000000000000e+00 1.000000000000000000e+00
1.175589828491210938e+02 1.811224365234375000e+02 1.677125091552734375e+02 5.596238970756530762e-01 8.109204769134521484e-01 -1.709651052951812744e-01 0.000000000000000000e+00 1.000000000000000000e+00
1.178946762084960938e+02 1.816088714599609375e+02 1.676099548339843750e+02 5.372256636619567871e-01 8.251847028732299805e-01 -1.745244264602661133e-01 0.000000000000000000e+00 1.000000000000000000e+00
1.182204132080078125e+02 1.821092071533203125e+02 1.675041351318359375e+02 5.232732295989990234e-01 8.319937586784362793e-01 -1.843137294054031372e-01 0.000000000000000000e+00 1.000000000000000000e+00
1.185420227050781250e+02 1.826205596923828125e+02 1.673908538818359375e+02 5.150809288024902344e-01 8.331638574600219727e-01 -2.013198435306549072e-01 0.000000000000000000e+00 1.000000000000000000e+00
1.188639068603515625e+02 1.831412200927734375e+02 1.672650451660156250e+02 5.101337432861328125e-01 8.306640982627868652e-01 -2.230712920427322388e-01 0.000000000000000000e+00 1.000000000000000000e+00
1.191890563964843750e+02 1.836706695556640625e+02 1.671228637695312500e+02 5.052589178085327148e-01 8.272107243537902832e-01 -2.458370625972747803e-01 0.000000000000000000e+00 1.000000000000000000e+00
1.195185012817382812e+02 1.842100372314453125e+02 1.669625701904296875e+02 4.987764358520507812e-01 8.251050114631652832e-01 -2.653746306896209717e-01 0.000000000000000000e+00 1.000000000000000000e+00
1.198517532348632812e+02 1.847613220214843750e+02 1.667852630615234375e+02 4.892379641532897949e-01 8.262705206871032715e-01 -2.791472673416137695e-01 0.000000000000000000e+00 1.000000000000000000e+00
1.201865463256835938e+02 1.853267517089843750e+02 1.665942382812500000e+02 4.763671755790710449e-01 8.312352299690246582e-01 -2.865697443485260010e-01 0.000000000000000000e+00 1.000000000000000000e+00
1.205201950073242188e+02 1.859089508056640625e+02 1.663935241699218750e+02 4.605344533920288086e-01 8.390910625457763672e-01 -2.895414531230926514e-01 0.000000000000000000e+00 1.000000000000000000e+00
1.208502197265625000e+02 1.865102539062500000e+02 1.661860351562500000e+02 4.435065686702728271e-01 8.474824428558349609e-01 -2.916769981384277344e-01 0.000000000000000000e+00 1.000000000000000000e+00
1.211749725341796875e+02 1.871308135986328125e+02 1.659724578857421875e+02 4.277061820030212402e-01 8.533856272697448730e-01 -2.979940176010131836e-01 0.000000000000000000e+00 1.000000000000000000e+00
1.214937591552734375e+02 1.877668762207031250e+02 1.657503509521484375e+02 4.163621366024017334e-01 8.535570502281188965e-01 -3.131819069385528564e-01 0.000000000000000000e+00 1.000000000000000000e+00
1.218069534301757812e+02 1.884089355468750000e+02 1.655147705078125000e+02 4.120907485485076904e-01 8.450068831443786621e-01 -3.407998383045196533e-01 0.000000000000000000e+00 1.000000000000000000e+00
1.221158370971679688e+02 1.890423126220703125e+02 1.652593231201171875e+02 4.168187975883483887e-01 8.247272372245788574e-01 -3.822134137153625488e-01 0.000000000000000000e+00 1.000000000000000000e+00
1.224227676391601562e+02 1.896496124267578125e+02 1.649778747558593750e+02 4.304153919219970703e-01 7.905014157295227051e-01 -4.357178509235382080e-01 0.000000000000000000e+00 1.000000000000000000e+00
1.227305603027343750e+02 1.902149047851562500e+02 1.646662902832031250e+02 4.512958228588104248e-01 7.424120903015136719e-01 -4.951327145099639893e-01 0.000000000000000000e+00 1.000000000000000000e+00
1.230424575805664062e+02 1.907279968261718750e+02 1.643240966796875000e+02 4.768166840076446533e-01 6.846907734870910645e-01 -5.512207746505737305e-01 0.000000000000000000e+00 1.000000000000000000e+00
1.233621673583984375e+02 1.911870880126953125e+02 1.639544982910156250e+02 5.039923787117004395e-01 6.261966228485107422e-01 -5.948693752288818359e-01 0.000000000000000000e+00 1.000000000000000000e+00
1.236928329467773438e+02 1.915979309082031250e+02 1.635642089843750000e+02 5.308120250701904297e-01 5.760449171066284180e-01 -6.216195225715637207e-01 0.000000000000000000e+00 1.000000000000000000e+00
1.240365447998046875e+02 1.919709320068359375e+02 1.631616973876953125e+02 5.563793778419494629e-01 5.394466519355773926e-01 -6.320121288299560547e-01 0.000000000000000000e+00 1.000000000000000000e+00
1.243937759399414062e+02 1.923172912597656250e+02 1.627559051513671875e+02 5.800367593765258789e-01 5.165517926216125488e-01 -6.298664212226867676e-01 0.000000000000000000e+00 1.000000000000000000e+00
1.247632217407226562e+02 1.926463012695312500e+02 1.623547210693359375e+02 6.004850268363952637e-01 5.040510296821594238e-01 -6.207658648490905762e-01 0.000000000000000000e+00 1.000000000000000000e+00
1.251411437988281250e+02 1.929635314941406250e+02 1.619640350341796875e+02 6.164301633834838867e-01 4.987906515598297119e-01 -6.092795729637145996e-01 0.000000000000000000e+00 1.000000000000000000e+00
1.255226135253906250e+02 1.932722015380859375e+02 1.615869903564453125e+02 6.254829764366149902e-01 4.987848699092864990e-01 -5.999872088432312012e-01 0.000000000000000000e+00 1.000000000000000000e+00
1.259016342163085938e+02 1.935744476318359375e+02 1.612234191894531250e+02 6.244571208953857422e-01 5.040124058723449707e-01 -5.966780781745910645e-01 0.000000000000000000e+00 1.000000000000000000e+00
1.262719116210937500e+02 1.938733062744140625e+02 1.608696136474609375e+02 6.082388162612915039e-01 5.164539217948913574e-01 -6.027610898017883301e-01 0.000000000000000000e+00 1.000000000000000000e+00
1.266260223388671875e+02 1.941739807128906250e+02 1.605186920166015625e+02 5.714136958122253418e-01 5.363803505897521973e-01 -6.211139559745788574e-01 0.000000000000000000e+00 1.000000000000000000e+00
1.269541702270507812e+02 1.944820098876953125e+02 1.601620025634765625e+02 5.075721144676208496e-01 5.630748271942138672e-01 -6.521635055541992188e-01 0.000000000000000000e+00 1.000000000000000000e+00
1.272428817749023438e+02 1.948022918701171875e+02 1.597910461425781250e+02 4.122966527938842773e-01 5.919083356857299805e-01 -6.925719380378723145e-01 0.000000000000000000e+00 1.000000000000000000e+00
1.274758071899414062e+02 1.951366882324218750e+02 1.593997802734375000e+02 2.844851315021514893e-01 6.151418685913085938e-01 -7.353017926216125488e-01 0.000000000000000000e+00 1.000000000000000000e+00
1.276359176635742188e+02 1.954828948974609375e+02 1.589859466552734375e+02 1.307450383901596069e-01 6.237030625343322754e-01 -7.706491947174072266e-01 0.000000000000000000e+00 1.000000000000000000e+00
1.277096786499023438e+02 1.958347625732421875e+02 1.585511779785156250e+02 -3.245349600911140442e-02 6.125112771987915039e-01 -7.897953391075134277e-01 0.000000000000000000e+00 1.000000000000000000e+00
1.276911621093750000e+02 1.961842346191406250e+02 1.581005554199218750e+02 -1.842956691980361938e-01 5.836881995201110840e-01 -7.907864451408386230e-01 0.000000000000000000e+00 1.000000000000000000e+00
1.275839309692382812e+02 1.965238494873046875e+02 1.576404418945312500e+02 -3.082507550716400146e-01 5.461928844451904297e-01 -7.788804173469543457e-01 0.000000000000000000e+00 1.000000000000000000e+00
1.274004287719726562e+02 1.968489990234375000e+02 1.571767730712890625e+02 -3.993684649467468262e-01 5.098379850387573242e-01 -7.619515061378479004e-01 0.000000000000000000e+00 1.000000000000000000e+00
1.271582336425781250e+02 1.971581878662109375e+02 1.567146911621093750e+02 -4.603572785854339600e-01 4.808580279350280762e-01 -7.462217211723327637e-01 0.000000000000000000e+00 1.000000000000000000e+00
1.268762359619140625e+02 1.974527435302734375e+02 1.562575836181640625e+02 -4.979923963546752930e-01 4.612969160079956055e-01 -7.343083620071411133e-01 0.000000000000000000e+00 1.000000000000000000e+00
1.265712127685546875e+02 1.977352905273437500e+02 1.558078155517578125e+02 -5.189784169197082520e-01 4.501566290855407715e-01 -7.266501784324645996e-01 0.000000000000000000e+00 1.000000000000000000e+00
1.262561645507812500e+02 1.980085601806640625e+02 1.553666992187500000e+02 -5.287020206451416016e-01 4.449958503246307373e-01 -7.228089570999145508e-01 0.000000000000000000e+00 1.000000000000000000e+00
1.259399032592773438e+02 1.982747497558593750e+02 1.549343261718750000e+02 -5.307224988937377930e-01 4.431675374507904053e-01 -7.224515080451965332e-01 0.000000000000000000e+00 1.000000000000000000e+00
1.256275558471679688e+02 1.985355682373046875e+02 1.545091400146484375e+02 -5.257685780525207520e-01 4.428243637084960938e-01 -7.262740135192871094e-01 0.000000000000000000e+00 1.000000000000000000e+00
1.253221054077148438e+02 1.987928314208984375e+02 1.540872039794921875e+02 -5.149794220924377441e-01 4.419495165348052979e-01 -7.344909310340881348e-01 0.000000000000000000e+00 1.000000000000000000e+00
1.250240554809570312e+02 1.990486145019531250e+02 1.536621093750000000e+02 -4.986313879489898682e-01 4.402508139610290527e-01 -7.466899156570434570e-01 0.000000000000000000e+00 1.000000000000000000e+00
1.247335586547851562e+02 1.993050994873046875e+02 1.532270965576171875e+02 -4.781647920608520508e-01 4.370923638343811035e-01 -7.617799639701843262e-01 0.000000000000000000e+00 1.000000000000000000e+00
1.244504852294921875e+02 1.995638580322265625e+02 1.527761230468750000e+02 -4.549359083175659180e-01 4.332134425640106201e-01 -7.780483961105346680e-01 0.000000000000000000e+00 1.000000000000000000e+00
1.241753387451171875e+02 1.998258666992187500e+02 1.523055572509765625e+02 -4.310735464096069336e-01 4.299246370792388916e-01 -7.933097481727600098e-01 0.000000000000000000e+00 1.000000000000000000e+00
1.239091262817382812e+02 2.000913696289062500e+02 1.518156433105468750e+02 -4.085216820240020752e-01 4.287999570369720459e-01 -8.057546615600585938e-01 0.000000000000000000e+00 1.000000000000000000e+00
1.236529083251953125e+02 2.003603057861328125e+02 1.513102874755859375e+02 -3.892215788364410400e-01 4.316304922103881836e-01 -8.137577176094055176e-01 0.000000000000000000e+00 1.000000000000000000e+00
1.234072036743164062e+02 2.006327819824218750e+02 1.507965850830078125e+02 -3.746848702430725098e-01 4.397334754467010498e-01 -8.162387013435363770e-01 0.000000000000000000e+00 1.000000000000000000e+00
1.231716537475585938e+02 2.009092254638671875e+02 1.502834472656250000e+02 -3.657334744930267334e-01 4.534089565277099609e-01 -8.128094673156738281e-01 0.000000000000000000e+00 1.000000000000000000e+00
1.229451828002929688e+02 2.011899871826171875e+02 1.497801361083984375e+02 -3.623341023921966553e-01 4.724977016448974609e-01 -8.034052252769470215e-01 0.000000000000000000e+00 1.000000000000000000e+00
1.227262420654296875e+02 2.014754943847656250e+02 1.492946777343750000e+02 -3.635168671607971191e-01 4.951352775096893311e-01 -7.891112565994262695e-01 0.000000000000000000e+00 1.000000000000000000e+00
1.225133132934570312e+02 2.017655181884765625e+02 1.488324584960937500e+02 -3.677254319190979004e-01 5.193350911140441895e-01 -7.714073061943054199e-01 0.000000000000000000e+00 1.000000000000000000e+00
1.223049850463867188e+02 2.020597381591796875e+02 1.483954315185546875e+02 -3.734344542026519775e-01 5.432102084159851074e-01 -7.519770264625549316e-01 0.000000000000000000e+00 1.000000000000000000e+00
1.220997314453125000e+02 2.023583068847656250e+02 1.479821166992187500e+02 -3.792857825756072998e-01 5.660757422447204590e-01 -7.319157123565673828e-01 0.000000000000000000e+00 1.000000000000000000e+00
1.218958587646484375e+02 2.026625823974609375e+02 1.475886993408203125e+02 -3.845656514167785645e-01 5.883939266204833984e-01 -7.112677693367004395e-01 0.000000000000000000e+00 1.000000000000000000e+00
1.216914138793945312e+02 2.029753875732421875e+02 1.472105712890625000e+02 -3.889682292938232422e-01 6.118254065513610840e-01 -6.887477636337280273e-01 0.000000000000000000e+00 1.000000000000000000e+00
1.214843215942382812e+02 2.033011322021484375e+02 1.468438720703125000e+02 -3.923391103744506836e-01 6.373265385627746582e-01 -6.632382273674011230e-01 0.000000000000000000e+00 1.000000000000000000e+00
1.212726898193359375e+02 2.036449127197265625e+02 1.464861145019531250e+02 -3.943014144897460938e-01 6.651053428649902344e-01 -6.341618895530700684e-01 0.000000000000000000e+00 1.000000000000000000e+00
1.210551147460937500e+02 2.040119171142578125e+02 1.461361846923828125e+02 -3.946512937545776367e-01 6.940039396286010742e-01 -6.021702289581298828e-01 0.000000000000000000e+00 1.000000000000000000e+00
1.208309173583984375e+02 2.044061737060546875e+02 1.457940979003906250e+02 -3.933374583721160889e-01 7.220380902290344238e-01 -5.691631436347961426e-01 0.000000000000000000e+00 1.000000000000000000e+00
1.206002655029296875e+02 2.048295745849609375e+02 1.454603424072265625e+02 -3.902600109577178955e-01 7.475509643554687500e-01 -5.374613404273986816e-01 0.000000000000000000e+00 1.000000000000000000e+00
1.203640136718750000e+02 2.052821197509765625e+02 1.451349792480468750e+02 -3.860262632369995117e-01 7.695801258087158203e-01 -5.086553096771240234e-01 0.000000000000000000e+00 1.000000000000000000e+00
1.201233901977539062e+02 2.057618255615234375e+02 1.448179168701171875e+02 -3.809610605239868164e-01 7.878552079200744629e-01 -4.838934838771820068e-01 0.000000000000000000e+00 1.000000000000000000e+00
1.198799591064453125e+02 2.062652587890625000e+02 1.445087127685546875e+02 -3.755908608436584473e-01 8.025636076927185059e-01 -4.634901285171508789e-01 0.000000000000000000e+00 1.000000000000000000e+00
1.196351318359375000e+02 2.067884063720703125e+02 1.442065887451171875e+02 -3.701508045196533203e-01 8.141379952430725098e-01 -4.474010765552520752e-01 0.000000000000000000e+00 1.000000000000000000e+00
1.193902740478515625e+02 2.073269653320312500e+02 1.439106292724609375e+02 -3.643149137496948242e-01 8.233693242073059082e-01 -4.351294636726379395e-01 0.000000000000000000e+00 1.000000000000000000e+00
1.191471176147460938e+02 2.078765106201171875e+02 1.436202087402343750e+02 -3.571919500827789307e-01 8.311553597450256348e-01 -4.261393547058105469e-01 0.000000000000000000e+00 1.000000000000000000e+00
1.189081878662109375e+02 2.084324798583984375e+02 1.433351593017578125e+02 -3.473313152790069580e-01 8.386873006820678711e-01 -4.194812476634979248e-01 0.000000000000000000e+00 1.000000000000000000e+00
1.186771316528320312e+02 2.089904022216796875e+02 1.430561065673828125e+02 -3.331638276576995850e-01 8.467972278594970703e-01 -4.146519601345062256e-01 0.000000000000000000e+00 1.000000000000000000e+00
1.184585952758789062e+02 2.095458526611328125e+02 1.427841186523437500e+02 -3.134344220161437988e-01 8.562610149383544922e-01 -4.105800986289978027e-01 0.000000000000000000e+00 1.000000000000000000e+00
1.182574844360351562e+02 2.100952606201171875e+02 1.425206756591796875e+02 -2.878364324569702148e-01 8.668093085289001465e-01 -4.071754813194274902e-01 0.000000000000000000e+00 1.000000000000000000e+00
1.180778121948242188e+02 2.106363372802734375e+02 1.422665100097656250e+02 -2.573911249637603760e-01 8.777819871902465820e-01 -4.040404260158538818e-01 0.000000000000000000e+00 1.000000000000000000e+00
1.179217300415039062e+02 2.111686248779296875e+02 1.420214996337890625e+02 -2.245718985795974731e-01 8.875581026077270508e-01 -4.022537469863891602e-01 0.000000000000000000e+00 1.000000000000000000e+00
1.177888717651367188e+02 2.116937103271484375e+02 1.417835235595703125e+02 -1.922742128372192383e-01 8.946449756622314453e-01 -4.032877087593078613e-01 0.000000000000000000e+00 1.000000000000000000e+00
1.176767730712890625e+02 2.122153015136718750e+02 1.415484008789062500e+02 -1.615754514932632446e-01 8.978099226951599121e-01 -4.096713662147521973e-01 0.000000000000000000e+00 1.000000000000000000e+00
1.175824813842773438e+02 2.127392425537109375e+02 1.413093261718750000e+02 -1.329698860645294189e-01 8.963648676872253418e-01 -4.229054749011993408e-01 0.000000000000000000e+00 1.000000000000000000e+00
1.175032958984375000e+02 2.132730407714843750e+02 1.410574798583984375e+02 -1.050443872809410095e-01 8.904219269752502441e-01 -4.428479373455047607e-01 0.000000000000000000e+00 1.000000000000000000e+00
1.174381790161132812e+02 2.138250122070312500e+02 1.407829589843750000e+02 -7.731950283050537109e-02 8.807537555694580078e-01 -4.672200679779052734e-01 0.000000000000000000e+00 1.000000000000000000e+00
1.173874588012695312e+02 2.144027709960937500e+02 1.404764709472656250e+02 -4.940371960401535034e-02 8.685685396194458008e-01 -4.931003153324127197e-01 0.000000000000000000e+00 1.000000000000000000e+00
1.173528594970703125e+02 2.150110626220703125e+02 1.401311340332031250e+02 -2.104333043098449707e-02 8.555304408073425293e-01 -5.173245668411254883e-01 0.000000000000000000e+00 1.000000000000000000e+00
1.173371505737304688e+02 2.156497192382812500e+02 1.397449493408203125e+02 8.538346737623214722e-03 8.429676294326782227e-01 -5.378963947296142578e-01 0.000000000000000000e+00 1.000000000000000000e+00
1.173438644409179688e+02 2.163125610351562500e+02 1.393219909667968750e+02 4.039430245757102966e-02 8.315590023994445801e-01 -5.539655685424804688e-01 0.000000000000000000e+00 1.000000000000000000e+00
1.173766708374023438e+02 2.169879150390625000e+02 1.388720855712890625e+02 7.556141912937164307e-02 8.215044736862182617e-01 -5.651733279228210449e-01 0.000000000000000000e+00 1.000000000000000000e+00
1.174385452270507812e+02 2.176606140136718750e+02 1.384092864990234375e+02 1.137955263257026672e-01 8.125627636909484863e-01 -5.716575384140014648e-01 0.000000000000000000e+00 1.000000000000000000e+00
1.175302276611328125e+02 2.183152770996093750e+02 1.379487152099609375e+02 1.525910198688507080e-01 8.040580749511718750e-01 -5.746360421180725098e-01 0.000000000000000000e+00 1.000000000000000000e+00
1.176487045288085938e+02 2.189395751953125000e+02 1.375025482177734375e+02 1.865288168191909790e-01 7.952626943588256836e-01 -5.768572688102722168e-01 0.000000000000000000e+00 1.000000000000000000e+00
1.177864761352539062e+02 2.195269622802734375e+02 1.370764770507812500e+02 2.084209322929382324e-01 7.854593396186828613e-01 -5.827643871307373047e-01 0.000000000000000000e+00 1.000000000000000000e+00
1.179325485229492188e+02 2.200774536132812500e+02 1.366680450439453125e+02 2.115039378404617310e-01 7.741168737411499023e-01 -5.966649055480957031e-01 0.000000000000000000e+00 1.000000000000000000e+00
1.180745697021484375e+02 2.205972595214843750e+02 1.362673950195312500e+02 1.938338279724121094e-01 7.605519890785217285e-01 -6.196685433387756348e-01 0.000000000000000000e+00 1.000000000000000000e+00
1.182018127441406250e+02 2.210965270996093750e+02 1.358606109619140625e+02 1.607560515403747559e-01 7.441504001617431641e-01 -6.483808159828186035e-01 0.000000000000000000e+00 1.000000000000000000e+00
1.183075942993164062e+02 2.215861968994140625e+02 1.354339599609375000e+02 1.229251101613044739e-01 7.249696254730224609e-01 -6.777229905128479004e-01 0.000000000000000000e+00 1.000000000000000000e+00
1.183904876708984375e+02 2.220750732421875000e+02 1.349769439697265625e+02 9.032606333494186401e-02 7.045105695724487305e-01 -7.039218544960021973e-01 0.000000000000000000e+00 1.000000000000000000e+00
1.184536972045898438e+02 2.225680847167968750e+02 1.344843444824218750e+02 6.783742457628250122e-02 6.835948824882507324e-01 -7.267022132873535156e-01 0.000000000000000000e+00 1.000000000000000000e+00
1.185030670166015625e+02 2.230655822753906250e+02 1.339554748535156250e+02 5.491909384727478027e-02 6.615844368934631348e-01 -7.478569149971008301e-01 0.000000000000000000e+00 1.000000000000000000e+00
1.185443878173828125e+02 2.235633544921875000e+02 1.333927917480468750e+02 4.843713715672492981e-02 6.376286745071411133e-01 -7.688195705413818359e-01 0.000000000000000000e+00 1.000000000000000000e+00
1.185817337036132812e+02 2.240549774169921875e+02 1.328000183105468750e+02 4.370035603642463684e-02 6.104405522346496582e-01 -7.908555865287780762e-01 0.000000000000000000e+00 1.000000000000000000e+00
1.186159439086914062e+02 2.245328521728515625e+02 1.321809082031250000e+02 3.801101446151733398e-02 5.788863897323608398e-01 -8.145217895507812500e-01 0.000000000000000000e+00 1.000000000000000000e+00
1.186459045410156250e+02 2.249891357421875000e+02 1.315388946533203125e+02 2.920264564454555511e-02 5.410072803497314453e-01 -8.405107259750366211e-01 0.000000000000000000e+00 1.000000000000000000e+00
1.186689682006835938e+02 2.254164123535156250e+02 1.308750762939453125e+02 1.668770797550678253e-02 4.948435723781585693e-01 -8.688218593597412109e-01 0.000000000000000000e+00 1.000000000000000000e+00
1.186821670532226562e+02 2.258078002929687500e+02 1.301878967285156250e+02 4.318405990488827229e-04 4.399208128452301025e-01 -8.980365395545959473e-01 0.000000000000000000e+00 1.000000000000000000e+00
1.186825103759765625e+02 2.261575469970703125e+02 1.294739379882812500e+02 -1.969340071082115173e-02 3.783640861511230469e-01 -9.254473447799682617e-01 0.000000000000000000e+00 1.000000000000000000e+00
1.186666946411132812e+02 2.264614105224609375e+02 1.287307128906250000e+02 -4.392021521925926208e-02 3.152837455272674561e-01 -9.479806423187255859e-01 0.000000000000000000e+00 1.000000000000000000e+00
1.186309738159179688e+02 2.267178344726562500e+02 1.279597091674804688e+02 -7.338535785675048828e-02 2.562299966812133789e-01 -9.638260602951049805e-01 0.000000000000000000e+00 1.000000000000000000e+00
1.185708007812500000e+02 2.269279327392578125e+02 1.271694107055664062e+02 -1.091948449611663818e-01 2.055311501026153564e-01 -9.725396633148193359e-01 0.000000000000000000e+00 1.000000000000000000e+00
1.184816513061523438e+02 2.270957336425781250e+02 1.263754043579101562e+02 -1.528576314449310303e-01 1.637889891862869263e-01 -9.745807647705078125e-01 0.000000000000000000e+00 1.000000000000000000e+00
1.183594970703125000e+02 2.272266235351562500e+02 1.255965805053710938e+02 -2.053546160459518433e-01 1.297122836112976074e-01 -9.700537323951721191e-01 0.000000000000000000e+00 1.000000000000000000e+00
1.182016067504882812e+02 2.273263549804687500e+02 1.248507385253906250e+02 -2.668776214122772217e-01 1.005405187606811523e-01 -9.584717154502868652e-01 0.000000000000000000e+00 1.000000000000000000e+00
1.180063400268554688e+02 2.273999176025390625e+02 1.241494522094726562e+02 -3.359791636466979980e-01 7.405031472444534302e-02 -9.389539957046508789e-01 0.000000000000000000e+00 1.000000000000000000e+00
1.177726135253906250e+02 2.274514312744140625e+02 1.234962615966796875e+02 -4.093414247035980225e-01 4.930999502539634705e-02 -9.110478162765502930e-01 0.000000000000000000e+00 1.000000000000000000e+00
1.174990081787109375e+02 2.274843902587890625e+02 1.228873138427734375e+02 -4.819351136684417725e-01 2.751454152166843414e-02 -8.757748603820800781e-01 0.000000000000000000e+00 1.000000000000000000e+00
1.171830978393554688e+02 2.275024261474609375e+02 1.223132400512695312e+02 -5.467026233673095703e-01 1.035434845834970474e-02 -8.372628092765808105e-01 0.000000000000000000e+00 1.000000000000000000e+00
1.168237762451171875e+02 2.275092315673828125e+02 1.217629470825195312e+02 -5.996727943420410156e-01 -7.040012278594076633e-04 -8.002449870109558105e-01 0.000000000000000000e+00 1.000000000000000000e+00
1.164208526611328125e+02 2.275087585449218750e+02 1.212252578735351562e+02 -6.380068063735961914e-01 -5.205697845667600632e-03 -7.700131535530090332e-01 0.000000000000000000e+00 1.000000000000000000e+00
1.159795074462890625e+02 2.275051574707031250e+02 1.206925964355468750e+02 -6.603769659996032715e-01 -5.454977042973041534e-03 -7.509143948554992676e-01 0.000000000000000000e+00 1.000000000000000000e+00
1.155140075683593750e+02 2.275013122558593750e+02 1.201632766723632812e+02 -6.654597520828247070e-01 -3.511660965159535408e-03 -7.464255094528198242e-01 0.000000000000000000e+00 1.000000000000000000e+00
1.150513610839843750e+02 2.274988708496093750e+02 1.196443405151367188e+02 -6.483925580978393555e-01 -1.722220913507044315e-03 -7.613041996955871582e-01 0.000000000000000000e+00 1.000000000000000000e+00
1.146319961547851562e+02 2.274977569580078125e+02 1.191519470214843750e+02 -5.948579907417297363e-01 -2.968602348119020462e-03 -8.038253784179687500e-01 0.000000000000000000e+00 1.000000000000000000e+00
1.143048324584960938e+02 2.274961242675781250e+02 1.187098541259765625e+02 -4.517137706279754639e-01 -1.224166620522737503e-02 -8.920788764953613281e-01 0.000000000000000000e+00 1.000000000000000000e+00
1.141195907592773438e+02 2.274911041259765625e+02 1.183440246582031250e+02 -2.129445597529411316e-02 -4.156677797436714172e-02 -9.989087581634521484e-01 0.000000000000000000e+00 1.000000000000000000e+00
1.141138687133789062e+02 2.274799346923828125e+02 1.180756072998046875e+02 7.560511231422424316e-01 -7.570975273847579956e-02 -6.501190066337585449e-01 0.000000000000000000e+00 1.000000000000000000e+00
1.143012924194335938e+02 2.274611663818359375e+02 1.179144439697265625e+02 9.848129153251647949e-01 -7.030244916677474976e-02 -1.587487906217575073e-01 0.000000000000000000e+00 1.000000000000000000e+00
1.146648788452148438e+02 2.274352111816406250e+02 1.178558349609375000e+02 9.967275857925415039e-01 -6.259761005640029907e-02 5.114344507455825806e-02 0.000000000000000000e+00 1.000000000000000000e+00
1.151588211059570312e+02 2.274041900634765625e+02 1.178811798095703125e+02 9.877836704254150391e-01 -5.783724412322044373e-02 1.447008103132247925e-01 0.000000000000000000e+00 1.000000000000000000e+00
1.157185897827148438e+02 2.273714141845703125e+02 1.179631805419921875e+02 9.798223376274108887e-01 -5.471021309494972229e-02 1.922366619110107422e-01 0.000000000000000000e+00 1.000000000000000000e+00
1.162760696411132812e+02 2.273402862548828125e+02 1.180725555419921875e+02 9.744682908058166504e-01 -5.261262878775596619e-02 2.182737290859222412e-01 0.000000000000000000e+00 1.000000000000000000e+00
1.167740402221679688e+02 2.273134002685546875e+02 1.181840972900390625e+02 9.744682908058166504e-01 -5.261262878775596619e-02 2.182737290859222412e-01 0.000000000000000000e+00 1.000000000000000000e+00
