1.236612777709960938e+02 1.927273864746093750e+02 5.902547836303710938e+01 -7.814038544893264771e-02 9.898353219032287598e-01 1.188282296061515808e-01 0.000000000000000000e+00 2.000000000000000000e+00
1.236891021728515625e+02 1.923749237060546875e+02 5.898316574096679688e+01 -7.808103412389755249e-02 9.894430637359619141e-01 1.220889911055564880e-01 0.000000000000000000e+00 2.000000000000000000e+00
1.237253189086914062e+02 1.919159851074218750e+02 5.892653656005859375e+01 -7.802315801382064819e-02 9.886816740036010742e-01 1.281441301107406616e-01 0.000000000000000000e+00 2.000000000000000000e+00
1.237692565917968750e+02 1.913592224121093750e+02 5.885437393188476562e+01 -7.786143571138381958e-02 9.871798157691955566e-01 1.393328607082366943e-01 0.000000000000000000e+00 2.000000000000000000e+00
1.238192367553710938e+02 1.907255401611328125e+02 5.876493453979492188e+01 -7.725296914577484131e-02 9.842894673347473145e-01 1.587647199630737305e-01 0.000000000000000000e+00 2.000000000000000000e+00
1.238727264404296875e+02 1.900440216064453125e+02 5.865500640869140625e+01 -7.576777040958404541e-02 9.786928892135620117e-01 1.908387988805770874e-01 0.000000000000000000e+00 2.000000000000000000e+00
1.239266891479492188e+02 1.893469848632812500e+02 5.851908874511718750e+01 -7.240145653486251831e-02 9.680595993995666504e-01 2.400389313697814941e-01 0.000000000000000000e+00 2.000000000000000000e+00
1.239777069091796875e+02 1.886648406982421875e+02 5.834994506835937500e+01 -6.545246392488479614e-02 9.488919973373413086e-01 3.087392151355743408e-01 0.000000000000000000e+00 2.000000000000000000e+00
1.240220947265625000e+02 1.880213317871093750e+02 5.814056777954101562e+01 -5.203682184219360352e-02 9.179361462593078613e-01 3.933005928993225098e-01 0.000000000000000000e+00 2.000000000000000000e+00
1.240556335449218750e+02 1.874297027587890625e+02 5.788707733154296875e+01 -2.884731628000736237e-02 8.761643767356872559e-01 4.811484217643737793e-01 0.000000000000000000e+00 2.000000000000000000e+00
1.240733718872070312e+02 1.868909454345703125e+02 5.759121704101562500e+01 6.336961872875690460e-03 8.327920436859130859e-01 5.535496473312377930e-01 0.000000000000000000e+00 2.000000000000000000e+00
1.240695953369140625e+02 1.863946380615234375e+02 5.726132583618164062e+01 5.365192517638206482e-02 8.014962077140808105e-01 5.955882668495178223e-01 0.000000000000000000e+00 2.000000000000000000e+00
1.240380477905273438e+02 1.859233551025390625e+02 5.691111755371093750e+01 1.114706695079803467e-01 7.910663485527038574e-01 6.014885306358337402e-01 0.000000000000000000e+00 2.000000000000000000e+00
1.239723587036132812e+02 1.854571838378906250e+02 5.655666351318359375e+01 1.769522726535797119e-01 7.980105280876159668e-01 5.760789513587951660e-01 0.000000000000000000e+00 2.000000000000000000e+00
1.238667221069335938e+02 1.849807891845703125e+02 5.621275711059570312e+01 2.470739334821701050e-01 8.115673661231994629e-01 5.294459462165832520e-01 0.000000000000000000e+00 2.000000000000000000e+00
1.237162857055664062e+02 1.844866485595703125e+02 5.589039230346679688e+01 3.188356757164001465e-01 8.214029669761657715e-01 4.729068875312805176e-01 0.000000000000000000e+00 2.000000000000000000e+00
1.235176925659179688e+02 1.839750213623046875e+02 5.559583282470703125e+01 3.899880051612854004e-01 8.220915794372558594e-01 4.148189425468444824e-01 0.000000000000000000e+00 2.000000000000000000e+00
1.232692947387695312e+02 1.834514007568359375e+02 5.533161926269531250e+01 4.580967426300048828e-01 8.131689429283142090e-01 3.590315282344818115e-01 0.000000000000000000e+00 2.000000000000000000e+00
1.229713745117187500e+02 1.829225616455078125e+02 5.509812545776367188e+01 5.198973417282104492e-01 7.975501418113708496e-01 3.059748709201812744e-01 0.000000000000000000e+00 2.000000000000000000e+00
1.226265716552734375e+02 1.823936157226562500e+02 5.489519882202148438e+01 5.714555382728576660e-01 7.805004119873046875e-01 2.534910440444946289e-01 0.000000000000000000e+00 2.000000000000000000e+00
1.222403793334960938e+02 1.818661499023437500e+02 5.472388839721679688e+01 6.098409295082092285e-01 7.666781544685363770e-01 2.007453739643096924e-01 0.000000000000000000e+00 2.000000000000000000e+00
1.218212890625000000e+02 1.813392791748046875e+02 5.458593368530273438e+01 6.333594918251037598e-01 7.597814798355102539e-01 1.469279080629348755e-01 0.000000000000000000e+00 2.000000000000000000e+00
1.213803939819335938e+02 1.808103790283203125e+02 5.448365402221679688e+01 6.420774459838867188e-01 7.610330581665039062e-01 9.254822880029678345e-02 0.000000000000000000e+00 2.000000000000000000e+00
1.209300842285156250e+02 1.802766418457031250e+02 5.441874694824218750e+01 6.366653442382812500e-01 7.701127529144287109e-01 3.979429602622985840e-02 0.000000000000000000e+00 2.000000000000000000e+00
1.204826660156250000e+02 1.797354431152343750e+02 5.439078140258789062e+01 6.189070343971252441e-01 7.854291796684265137e-01 -7.424796000123023987e-03 0.000000000000000000e+00 2.000000000000000000e+00
1.200486221313476562e+02 1.791846160888671875e+02 5.439598846435546875e+01 5.915269851684570312e-01 8.050124645233154297e-01 -4.528645053505897522e-02 0.000000000000000000e+00 2.000000000000000000e+00
1.196348571777343750e+02 1.786215209960937500e+02 5.442766571044921875e+01 5.582481622695922852e-01 8.266060948371887207e-01 -7.128359377384185791e-02 0.000000000000000000e+00 2.000000000000000000e+00
1.192444000244140625e+02 1.780433654785156250e+02 5.447752380371093750e+01 5.235226154327392578e-01 8.475687503814697266e-01 -8.689862489700317383e-02 0.000000000000000000e+00 2.000000000000000000e+00
1.188770141601562500e+02 1.774485778808593750e+02 5.453850555419921875e+01 4.909191429615020752e-01 8.657425045967102051e-01 -9.740819782018661499e-02 0.000000000000000000e+00 2.000000000000000000e+00
1.185307846069335938e+02 1.768379974365234375e+02 5.460720443725585938e+01 4.624077677726745605e-01 8.799190521240234375e-01 -1.091854646801948547e-01 0.000000000000000000e+00 2.000000000000000000e+00
1.182040557861328125e+02 1.762162628173828125e+02 5.468435287475585938e+01 -4.379333257675170898e-01 -8.900734186172485352e-01 1.264271736145019531e-01 0.000000000000000000e+00 2.000000000000000000e+00
1.178964385986328125e+02 1.755910491943359375e+02 5.477315902709960938e+01 -4.160055518150329590e-01 -8.970419764518737793e-01 1.491810679435729980e-01 0.000000000000000000e+00 2.000000000000000000e+00
1.176091690063476562e+02 1.749716033935546875e+02 5.487617492675781250e+01 -3.951291739940643311e-01 -9.021173119544982910e-01 1.733701080083847046e-01 0.000000000000000000e+00 2.000000000000000000e+00
1.173437118530273438e+02 1.743655395507812500e+02 5.499264907836914062e+01 -3.755810856819152832e-01 -9.066714048385620117e-01 1.920567750930786133e-01 0.000000000000000000e+00 2.000000000000000000e+00
1.170995635986328125e+02 1.737761535644531250e+02 5.511749649047851562e+01 -3.594945967197418213e-01 -9.117004275321960449e-01 1.989119499921798706e-01 0.000000000000000000e+00 2.000000000000000000e+00
1.168728713989257812e+02 1.732012481689453125e+02 5.524292755126953125e+01 -3.504980504512786865e-01 -9.168183207511901855e-01 1.912992149591445923e-01 0.000000000000000000e+00 2.000000000000000000e+00
1.166563644409179688e+02 1.726349182128906250e+02 5.536109542846679688e+01 -3.513913452625274658e-01 -9.201911687850952148e-01 1.725467145442962646e-01 0.000000000000000000e+00 2.000000000000000000e+00
1.164405441284179688e+02 1.720697479248046875e+02 5.546707153320312500e+01 -3.625592589378356934e-01 -9.198141694068908691e-01 1.499755978584289551e-01 0.000000000000000000e+00 2.000000000000000000e+00
1.162163238525390625e+02 1.715009002685546875e+02 5.555982208251953125e+01 -3.823595345020294189e-01 -9.147843718528747559e-01 1.302720755338668823e-01 0.000000000000000000e+00 2.000000000000000000e+00
1.159767532348632812e+02 1.709277343750000000e+02 5.564144515991210938e+01 -4.082061350345611572e-01 -9.051741957664489746e-01 1.184373795986175537e-01 0.000000000000000000e+00 2.000000000000000000e+00
1.157177429199218750e+02 1.703533935546875000e+02 5.571659469604492188e+01 -4.383119046688079834e-01 -8.913081288337707520e-01 1.159844771027565002e-01 0.000000000000000000e+00 2.000000000000000000e+00
1.154371795654296875e+02 1.697828674316406250e+02 5.579083633422851562e+01 -4.718038141727447510e-01 -8.732240796089172363e-01 1.219874098896980286e-01 0.000000000000000000e+00 2.000000000000000000e+00
1.151330871582031250e+02 1.692200469970703125e+02 5.586946105957031250e+01 -5.078331828117370605e-01 -8.509194254875183105e-01 1.343193501234054565e-01 0.000000000000000000e+00 2.000000000000000000e+00
1.148021469116210938e+02 1.686655273437500000e+02 5.595699310302734375e+01 -5.444960594177246094e-01 -8.251399993896484375e-01 1.505587995052337646e-01 0.000000000000000000e+00 2.000000000000000000e+00
1.144399642944335938e+02 1.681166687011718750e+02 5.605714035034179688e+01 -5.788160562515258789e-01 -7.977474927902221680e-01 1.690291166305541992e-01 0.000000000000000000e+00 2.000000000000000000e+00
1.140432052612304688e+02 1.675698394775390625e+02 5.617300415039062500e+01 -6.078597903251647949e-01 -7.710658907890319824e-01 1.896415352821350098e-01 0.000000000000000000e+00 2.000000000000000000e+00
1.136120834350585938e+02 1.670229644775390625e+02 5.630750656127929688e+01 -6.302210092544555664e-01 -7.465359568595886230e-01 2.133205831050872803e-01 0.000000000000000000e+00 2.000000000000000000e+00
1.131512908935546875e+02 1.664771270751953125e+02 5.646347808837890625e+01 -6.456767320632934570e-01 -7.245030999183654785e-01 2.412402331829071045e-01 0.000000000000000000e+00 2.000000000000000000e+00
1.126696548461914062e+02 1.659366912841796875e+02 5.664342880249023438e+01 -6.554576754570007324e-01 -7.040771245956420898e-01 2.732225954532623291e-01 0.000000000000000000e+00 2.000000000000000000e+00
1.121778030395507812e+02 1.654083557128906250e+02 5.684845352172851562e+01 -6.612372398376464844e-01 -6.842075586318969727e-01 3.076124191284179688e-01 0.000000000000000000e+00 2.000000000000000000e+00
1.116858444213867188e+02 1.648993072509765625e+02 5.707731628417968750e+01 -6.652923226356506348e-01 -6.639095544815063477e-01 3.414824306964874268e-01 0.000000000000000000e+00 2.000000000000000000e+00
1.112013168334960938e+02 1.644157867431640625e+02 5.732601547241210938e+01 -6.686202883720397949e-01 -6.436339616775512695e-01 3.724005520343780518e-01 0.000000000000000000e+00 2.000000000000000000e+00
1.107295074462890625e+02 1.639616088867187500e+02 5.758879852294921875e+01 -6.718923449516296387e-01 -6.235920786857604980e-01 3.996167182922363281e-01 0.000000000000000000e+00 2.000000000000000000e+00
1.102741012573242188e+02 1.635389404296875000e+02 5.785965728759765625e+01 -6.744287610054016113e-01 -6.048090457916259766e-01 4.234994947910308838e-01 0.000000000000000000e+00 2.000000000000000000e+00
1.098375244140625000e+02 1.631474304199218750e+02 5.813380050659179688e+01 -6.752650141716003418e-01 -5.881699919700622559e-01 4.450542926788330078e-01 0.000000000000000000e+00 2.000000000000000000e+00
1.094209747314453125e+02 1.627846069335937500e+02 5.840834045410156250e+01 -6.739603281021118164e-01 -5.742189884185791016e-01 4.648118317127227783e-01 0.000000000000000000e+00 2.000000000000000000e+00
1.090241241455078125e+02 1.624464874267578125e+02 5.868203735351562500e+01 -6.707896590232849121e-01 -5.635399222373962402e-01 4.821452498435974121e-01 0.000000000000000000e+00 2.000000000000000000e+00
1.086445770263671875e+02 1.621276245117187500e+02 5.895484542846679688e+01 -6.668447852134704590e-01 -5.557897686958312988e-01 4.964027702808380127e-01 0.000000000000000000e+00 2.000000000000000000e+00
1.082787704467773438e+02 1.618227386474609375e+02 5.922715377807617188e+01 -6.634105443954467773e-01 -5.507082343101501465e-01 5.065637230873107910e-01 0.000000000000000000e+00 2.000000000000000000e+00
1.079225921630859375e+02 1.615270690917968750e+02 5.949912261962890625e+01 -6.634105443954467773e-01 -5.507082343101501465e-01 5.065637230873107910e-01 0.000000000000000000e+00 2.000000000000000000e+00
