1.279955215454101562e+02 1.647164306640625000e+02 1.252989959716796875e+02 8.393304944038391113e-01 -5.198847651481628418e-01 -1.588843911886215210e-01 0.000000000000000000e+00 2.000000000000000000e+00
1.276480255126953125e+02 1.649316711425781250e+02 1.253647766113281250e+02 8.507203459739685059e-01 -5.082767605781555176e-01 -1.339011788368225098e-01 0.000000000000000000e+00 2.000000000000000000e+00
1.272095947265625000e+02 1.651936187744140625e+02 1.254337844848632812e+02 8.648948669433593750e-01 -4.908920228481292725e-01 -1.047954857349395752e-01 0.000000000000000000e+00 2.000000000000000000e+00
1.266830673217773438e+02 1.654924621582031250e+02 1.254975814819335938e+02 8.817686438560485840e-01 -4.659222364425659180e-01 -7.348809391260147095e-02 0.000000000000000000e+00 2.000000000000000000e+00
1.260747604370117188e+02 1.658138885498046875e+02 1.255482788085937500e+02 9.011068940162658691e-01 -4.314932823181152344e-01 -4.266011714935302734e-02 0.000000000000000000e+00 2.000000000000000000e+00
1.253917846679687500e+02 1.661409301757812500e+02 1.255806121826171875e+02 9.219579696655273438e-01 -3.869907855987548828e-01 -1.521978992968797684e-02 0.000000000000000000e+00 2.000000000000000000e+00
1.246403121948242188e+02 1.664563598632812500e+02 1.255930175781250000e+02 9.425987005233764648e-01 -3.338561654090881348e-01 6.918932776898145676e-03 0.000000000000000000e+00 2.000000000000000000e+00
1.238254318237304688e+02 1.667449798583984375e+02 1.255870361328125000e+02 9.609617590904235840e-01 -2.756733000278472900e-01 2.359532378613948822e-02 0.000000000000000000e+00 2.000000000000000000e+00
1.229519958496093750e+02 1.669955444335937500e+02 1.255655899047851562e+02 9.753167629241943359e-01 -2.177980691194534302e-01 3.634790703654289246e-02 0.000000000000000000e+00 2.000000000000000000e+00
1.220262603759765625e+02 1.672022705078125000e+02 1.255310897827148438e+02 9.850705862045288086e-01 -1.654565632343292236e-01 4.754026606678962708e-02 0.000000000000000000e+00 2.000000000000000000e+00
1.210570297241210938e+02 1.673650665283203125e+02 1.254843139648437500e+02 9.907401800155639648e-01 -1.221129447221755981e-01 5.934954807162284851e-02 0.000000000000000000e+00 2.000000000000000000e+00
1.200562362670898438e+02 1.674884185791015625e+02 1.254243621826171875e+02 9.933695793151855469e-01 -8.887922018766403198e-02 7.292082160711288452e-02 0.000000000000000000e+00 2.000000000000000000e+00
1.190370788574218750e+02 1.675796051025390625e+02 1.253495483398437500e+02 9.939997792243957520e-01 -6.436885893344879150e-02 8.843683451414108276e-02 0.000000000000000000e+00 2.000000000000000000e+00
1.180130310058593750e+02 1.676459197998046875e+02 1.252584381103515625e+02 9.933694005012512207e-01 -4.559591412544250488e-02 1.055383682250976562e-01 0.000000000000000000e+00 2.000000000000000000e+00
1.169961166381835938e+02 1.676925964355468750e+02 1.251503982543945312e+02 9.918673038482666016e-01 -2.876578643918037415e-02 1.239834129810333252e-01 0.000000000000000000e+00 2.000000000000000000e+00
1.159959335327148438e+02 1.677216033935546875e+02 1.250253753662109375e+02 9.894389510154724121e-01 -1.021577697247266769e-02 1.445895582437515259e-01 0.000000000000000000e+00 2.000000000000000000e+00
1.150190582275390625e+02 1.677316894531250000e+02 1.248826217651367188e+02 9.854836463928222656e-01 1.302139647305011749e-02 1.692702323198318481e-01 0.000000000000000000e+00 2.000000000000000000e+00
1.140698013305664062e+02 1.677191467285156250e+02 1.247195739746093750e+02 9.787311553955078125e-01 4.247863590717315674e-02 2.007009834051132202e-01 0.000000000000000000e+00 2.000000000000000000e+00
1.131507949829101562e+02 1.676792602539062500e+02 1.245311203002929688e+02 9.673647284507751465e-01 7.773005962371826172e-02 2.411712408065795898e-01 0.000000000000000000e+00 2.000000000000000000e+00
1.122639694213867188e+02 1.676080017089843750e+02 1.243100280761718750e+02 9.496101737022399902e-01 1.164208576083183289e-01 2.910096943378448486e-01 0.000000000000000000e+00 2.000000000000000000e+00
1.114105377197265625e+02 1.675033721923828125e+02 1.240484924316406250e+02 9.247729778289794922e-01 1.546858549118041992e-01 3.476598560810089111e-01 0.000000000000000000e+00 2.000000000000000000e+00
1.105914459228515625e+02 1.673663635253906250e+02 1.237405624389648438e+02 8.940583467483520508e-01 1.886403858661651611e-01 4.062936604022979736e-01 0.000000000000000000e+00 2.000000000000000000e+00
1.098073654174804688e+02 1.672009277343750000e+02 1.233842468261718750e+02 8.605172038078308105e-01 2.156706303358078003e-01 4.615151584148406982e-01 0.000000000000000000e+00 2.000000000000000000e+00
1.090584564208984375e+02 1.670132293701171875e+02 1.229825897216796875e+02 8.276620507240295410e-01 2.352113574743270874e-01 5.095597505569458008e-01 0.000000000000000000e+00 2.000000000000000000e+00
1.083445053100585938e+02 1.668103332519531250e+02 1.225430374145507812e+02 7.984225749969482422e-01 2.479455024003982544e-01 5.486751198768615723e-01 0.000000000000000000e+00 2.000000000000000000e+00
1.076650085449218750e+02 1.665993194580078125e+02 1.220760879516601562e+02 7.741667628288269043e-01 2.554772198200225830e-01 5.791347622871398926e-01 0.000000000000000000e+00 2.000000000000000000e+00
1.070190124511718750e+02 1.663861389160156250e+02 1.215928344726562500e+02 7.549349069595336914e-01 2.593024373054504395e-01 6.023582816123962402e-01 0.000000000000000000e+00 2.000000000000000000e+00
1.064052429199218750e+02 1.661753234863281250e+02 1.211031112670898438e+02 7.400686144828796387e-01 2.605354487895965576e-01 6.200159192085266113e-01 0.000000000000000000e+00 2.000000000000000000e+00
1.058220977783203125e+02 1.659700317382812500e+02 1.206145629882812500e+02 7.285218238830566406e-01 2.598303854465484619e-01 6.338329315185546875e-01 0.000000000000000000e+00 2.000000000000000000e+00
1.052677993774414062e+02 1.657723388671875000e+02 1.201323089599609375e+02 7.194932103157043457e-01 2.573454976081848145e-01 6.450603604316711426e-01 0.000000000000000000e+00 2.000000000000000000e+00
1.047404251098632812e+02 1.655837097167968750e+02 1.196594924926757812e+02 7.122533917427062988e-01 2.530476152896881104e-01 6.547228693962097168e-01 0.000000000000000000e+00 2.000000000000000000e+00
1.042379226684570312e+02 1.654051818847656250e+02 1.191975784301757812e+02 7.064941525459289551e-01 2.464133501052856445e-01 6.634352207183837891e-01 0.000000000000000000e+00 2.000000000000000000e+00
1.037576065063476562e+02 1.652376556396484375e+02 1.187465362548828125e+02 7.019013762474060059e-01 2.369900047779083252e-01 6.716920137405395508e-01 0.000000000000000000e+00 2.000000000000000000e+00
1.032958297729492188e+02 1.650817413330078125e+02 1.183046340942382812e+02 6.983909010887145996e-01 2.248525470495223999e-01 6.794788241386413574e-01 0.000000000000000000e+00 2.000000000000000000e+00
1.028475799560546875e+02 1.649374237060546875e+02 1.178685226440429688e+02 6.959072947502136230e-01 2.102615088224411011e-01 6.866608262062072754e-01 0.000000000000000000e+00 2.000000000000000000e+00
1.024065933227539062e+02 1.648041839599609375e+02 1.174333953857421875e+02 6.943446993827819824e-01 1.942328959703445435e-01 6.929351091384887695e-01 0.000000000000000000e+00 2.000000000000000000e+00
1.019668884277343750e+02 1.646811828613281250e+02 1.169945831298828125e+02 6.934635043144226074e-01 1.775889247655868530e-01 6.982625722885131836e-01 0.000000000000000000e+00 2.000000000000000000e+00
1.015237045288085938e+02 1.645676879882812500e+02 1.165483322143554688e+02 6.930868625640869141e-01 1.608031243085861206e-01 7.026898264884948730e-01 0.000000000000000000e+00 2.000000000000000000e+00
1.010743789672851562e+02 1.644634399414062500e+02 1.160927810668945312e+02 6.931881904602050781e-01 1.434198468923568726e-01 7.063433527946472168e-01 0.000000000000000000e+00 2.000000000000000000e+00
1.006180877685546875e+02 1.643690338134765625e+02 1.156278305053710938e+02 6.935138702392578125e-01 1.246116682887077332e-01 7.095846533775329590e-01 0.000000000000000000e+00 2.000000000000000000e+00
1.001551818847656250e+02 1.642858581542968750e+02 1.151541976928710938e+02 6.941711306571960449e-01 1.027799323201179504e-01 7.124343514442443848e-01 0.000000000000000000e+00 2.000000000000000000e+00
9.968627166748046875e+01 1.642164306640625000e+02 1.146729507446289062e+02 6.951292157173156738e-01 7.661150395870208740e-02 7.147909402847290039e-01 0.000000000000000000e+00 2.000000000000000000e+00
9.921208190917968750e+01 1.641641693115234375e+02 1.141853485107421875e+02 6.965826749801635742e-01 4.472936689853668213e-02 7.160809040069580078e-01 0.000000000000000000e+00 2.000000000000000000e+00
9.873373413085937500e+01 1.641334533691406250e+02 1.136936111450195312e+02 6.988861560821533203e-01 6.102258805185556412e-03 7.152069211006164551e-01 0.000000000000000000e+00 2.000000000000000000e+00
9.825315093994140625e+01 1.641292572021484375e+02 1.132018051147460938e+02 7.026562690734863281e-01 -4.012370109558105469e-02 7.103972434997558594e-01 0.000000000000000000e+00 2.000000000000000000e+00
9.777323150634765625e+01 1.641566619873046875e+02 1.127165985107421875e+02 7.084494233131408691e-01 -9.425716847181320190e-02 6.994390487670898438e-01 0.000000000000000000e+00 2.000000000000000000e+00
9.729693603515625000e+01 1.642200317382812500e+02 1.122463607788085938e+02 7.162643671035766602e-01 -1.548805236816406250e-01 6.804244518280029297e-01 0.000000000000000000e+00 2.000000000000000000e+00
9.682640075683593750e+01 1.643217773437500000e+02 1.117993698120117188e+02 7.255542874336242676e-01 -2.192296683788299561e-01 6.523107886314392090e-01 0.000000000000000000e+00 2.000000000000000000e+00
9.636220550537109375e+01 1.644620361328125000e+02 1.113820343017578125e+02 7.350143790245056152e-01 -2.826893627643585205e-01 6.163122057914733887e-01 0.000000000000000000e+00 2.000000000000000000e+00
9.590353393554687500e+01 1.646384429931640625e+02 1.109974365234375000e+02 7.433252334594726562e-01 -3.395621180534362793e-01 5.763376951217651367e-01 0.000000000000000000e+00 2.000000000000000000e+00
9.544879150390625000e+01 1.648461761474609375e+02 1.106448516845703125e+02 7.496389746665954590e-01 -3.858926892280578613e-01 5.377064347267150879e-01 0.000000000000000000e+00 2.000000000000000000e+00
9.499633789062500000e+01 1.650790863037109375e+02 1.103203125000000000e+02 7.539723515510559082e-01 -4.202001094818115234e-01 5.049332976341247559e-01 0.000000000000000000e+00 2.000000000000000000e+00
9.454488372802734375e+01 1.653306884765625000e+02 1.100179748535156250e+02 7.567085027694702148e-01 -4.432241320610046387e-01 4.805668294429779053e-01 0.000000000000000000e+00 2.000000000000000000e+00
9.409375762939453125e+01 1.655949249267578125e+02 1.097314758300781250e+02 7.583587765693664551e-01 -4.575323164463043213e-01 4.642803370952606201e-01 0.000000000000000000e+00 2.000000000000000000e+00
9.364276123046875000e+01 1.658670196533203125e+02 1.094553680419921875e+02 7.593197822570800781e-01 -4.654322266578674316e-01 4.547596573829650879e-01 0.000000000000000000e+00 2.000000000000000000e+00
9.319168853759765625e+01 1.661435089111328125e+02 1.091852188110351562e+02 7.598754167556762695e-01 -4.693986773490905762e-01 4.497268795967102051e-01 0.000000000000000000e+00 2.000000000000000000e+00
9.274049377441406250e+01 1.664222259521484375e+02 1.089181823730468750e+02 7.605115175247192383e-01 -4.711972177028656006e-01 4.467611610889434814e-01 0.000000000000000000e+00 2.000000000000000000e+00
9.228887176513671875e+01 1.667020416259765625e+02 1.086528778076171875e+02 7.618135809898376465e-01 -4.716111123561859131e-01 4.440981149673461914e-01 0.000000000000000000e+00 2.000000000000000000e+00
9.183615875244140625e+01 1.669822998046875000e+02 1.083889694213867188e+02 7.644678950309753418e-01 -4.712578356266021729e-01 4.398919045925140381e-01 0.000000000000000000e+00 2.000000000000000000e+00
9.138095855712890625e+01 1.672629089355468750e+02 1.081270370483398438e+02 7.701003551483154297e-01 -4.697429835796356201e-01 4.316098690032958984e-01 0.000000000000000000e+00 2.000000000000000000e+00
9.092042541503906250e+01 1.675438232421875000e+02 1.078689270019531250e+02 7.805351614952087402e-01 -4.663577973842620850e-01 4.162634909152984619e-01 0.000000000000000000e+00 2.000000000000000000e+00
9.044967651367187500e+01 1.678250885009765625e+02 1.076178741455078125e+02 7.974746227264404297e-01 -4.598016142845153809e-01 3.906618654727935791e-01 0.000000000000000000e+00 2.000000000000000000e+00
8.996145629882812500e+01 1.681065826416015625e+02 1.073787078857421875e+02 8.213557600975036621e-01 -4.484435319900512695e-01 3.525240123271942139e-01 0.000000000000000000e+00 2.000000000000000000e+00
8.944632720947265625e+01 1.683878326416015625e+02 1.071576156616210938e+02 8.505732417106628418e-01 -4.304716587066650391e-01 3.020254373550415039e-01 0.000000000000000000e+00 2.000000000000000000e+00
8.889376831054687500e+01 1.686674804687500000e+02 1.069614105224609375e+02 8.816234469413757324e-01 -4.049528837203979492e-01 2.423906326293945312e-01 0.000000000000000000e+00 2.000000000000000000e+00
8.829418182373046875e+01 1.689428863525390625e+02 1.067965621948242188e+02 9.105806350708007812e-01 -3.725233078002929688e-01 1.790793240070343018e-01 0.000000000000000000e+00 2.000000000000000000e+00
8.764128112792968750e+01 1.692099914550781250e+02 1.066681594848632812e+02 9.348948597908020020e-01 -3.348293304443359375e-01 1.177326515316963196e-01 0.000000000000000000e+00 2.000000000000000000e+00
8.693378448486328125e+01 1.694633789062500000e+02 1.065790634155273438e+02 9.539934396743774414e-01 -2.934935986995697021e-01 6.130221113562583923e-02 0.000000000000000000e+00 2.000000000000000000e+00
8.617617034912109375e+01 1.696964569091796875e+02 1.065303802490234375e+02 9.684470891952514648e-01 -2.489999085664749146e-01 1.044903695583343506e-02 0.000000000000000000e+00 2.000000000000000000e+00
8.537783813476562500e+01 1.699017181396484375e+02 1.065217666625976562e+02 9.790280461311340332e-01 -2.006011009216308594e-01 -3.554155677556991577e-02 0.000000000000000000e+00 2.000000000000000000e+00
8.455107116699218750e+01 1.700711212158203125e+02 1.065517807006835938e+02 9.861776232719421387e-01 -1.463353484869003296e-01 -7.771552354097366333e-02 0.000000000000000000e+00 2.000000000000000000e+00
8.370898437500000000e+01 1.701960754394531250e+02 1.066181411743164062e+02 9.895873665809631348e-01 -8.504036068916320801e-02 -1.161248162388801575e-01 0.000000000000000000e+00 2.000000000000000000e+00
8.286325836181640625e+01 1.702687530517578125e+02 1.067173843383789062e+02 9.885244965553283691e-01 -1.819122582674026489e-02 -1.499610096216201782e-01 0.000000000000000000e+00 2.000000000000000000e+00
8.202247619628906250e+01 1.702842254638671875e+02 1.068449325561523438e+02 9.829778671264648438e-01 4.845614731311798096e-02 -1.772185266017913818e-01 0.000000000000000000e+00 2.000000000000000000e+00
8.119105529785156250e+01 1.702432403564453125e+02 1.069948272705078125e+02 9.747891426086425781e-01 1.054930984973907471e-01 -1.966147422790527344e-01 0.000000000000000000e+00 2.000000000000000000e+00
8.036876678466796875e+01 1.701542510986328125e+02 1.071606826782226562e+02 9.676011204719543457e-01 1.435337960720062256e-01 -2.077163159847259521e-01 0.000000000000000000e+00 2.000000000000000000e+00
7.955213165283203125e+01 1.700331115722656250e+02 1.073359909057617188e+02 9.649689197540283203e-01 1.563036739826202393e-01 -2.107234448194503784e-01 0.000000000000000000e+00 2.000000000000000000e+00
7.873501586914062500e+01 1.699007568359375000e+02 1.075144271850585938e+02 9.682071208953857422e-01 1.433703601360321045e-01 -2.049876898527145386e-01 0.000000000000000000e+00 2.000000000000000000e+00
7.791106414794921875e+01 1.697787475585937500e+02 1.076888732910156250e+02 9.757345318794250488e-01 1.093296483159065247e-01 -1.897080838680267334e-01 0.000000000000000000e+00 2.000000000000000000e+00
7.707641601562500000e+01 1.696852264404296875e+02 1.078511505126953125e+02 9.845443964004516602e-01 6.147456541657447815e-02 -1.639914512634277344e-01 0.000000000000000000e+00 2.000000000000000000e+00
7.623160552978515625e+01 1.696324768066406250e+02 1.079918670654296875e+02 9.916791319847106934e-01 7.161617744714021683e-03 -1.285350024700164795e-01 0.000000000000000000e+00 2.000000000000000000e+00
7.538221740722656250e+01 1.696263427734375000e+02 1.081019592285156250e+02 9.951558113098144531e-01 -4.889564216136932373e-02 -8.528853207826614380e-02 0.000000000000000000e+00 2.000000000000000000e+00
7.453812408447265625e+01 1.696678161621093750e+02 1.081743011474609375e+02 9.937932491302490234e-01 -1.046310365200042725e-01 -3.777935728430747986e-02 0.000000000000000000e+00 2.000000000000000000e+00
7.371086883544921875e+01 1.697549133300781250e+02 1.082057495117187500e+02 9.872100353240966797e-01 -1.591080874204635620e-01 1.004427485167980194e-02 0.000000000000000000e+00 2.000000000000000000e+00
7.291076660156250000e+01 1.698838653564453125e+02 1.081976089477539062e+02 9.757903814315795898e-01 -2.119214236736297607e-01 5.405841767787933350e-02 0.000000000000000000e+00 2.000000000000000000e+00
7.214424133300781250e+01 1.700503387451171875e+02 1.081551437377929688e+02 9.607148170471191406e-01 -2.621670663356781006e-01 9.107920527458190918e-02 0.000000000000000000e+00 2.000000000000000000e+00
7.141263580322265625e+01 1.702499847412109375e+02 1.080857849121093750e+02 9.434468746185302734e-01 -3.088341355323791504e-01 1.205384880304336548e-01 0.000000000000000000e+00 2.000000000000000000e+00
7.071427154541015625e+01 1.704785919189453125e+02 1.079965591430664062e+02 9.253709912300109863e-01 -3.511094748973846436e-01 1.428658813238143921e-01 0.000000000000000000e+00 2.000000000000000000e+00
7.004560852050781250e+01 1.707322998046875000e+02 1.078933258056640625e+02 9.067946672439575195e-01 -3.895861506462097168e-01 1.610782742500305176e-01 0.000000000000000000e+00 2.000000000000000000e+00
6.940415191650390625e+01 1.710078887939453125e+02 1.077793807983398438e+02 8.868332505226135254e-01 -4.255778193473815918e-01 1.800284385681152344e-01 0.000000000000000000e+00 2.000000000000000000e+00
6.878952026367187500e+01 1.713028411865234375e+02 1.076546096801757812e+02 8.631616234779357910e-01 -4.609814584255218506e-01 2.060295641422271729e-01 0.000000000000000000e+00 2.000000000000000000e+00
6.820423889160156250e+01 1.716154174804687500e+02 1.075149078369140625e+02 8.321083188056945801e-01 -4.972542822360992432e-01 2.456295490264892578e-01 0.000000000000000000e+00 2.000000000000000000e+00
6.765359497070312500e+01 1.719444732666015625e+02 1.073523635864257812e+02 7.888314723968505859e-01 -5.344128608703613281e-01 3.035587072372436523e-01 0.000000000000000000e+00 2.000000000000000000e+00
6.714484405517578125e+01 1.722891387939453125e+02 1.071565856933593750e+02 7.282002568244934082e-01 -5.700284838676452637e-01 3.805153071880340576e-01 0.000000000000000000e+00 2.000000000000000000e+00
6.668590545654296875e+01 1.726483917236328125e+02 1.069167709350585938e+02 6.480626463890075684e-01 -5.990928411483764648e-01 4.702153801918029785e-01 0.000000000000000000e+00 2.000000000000000000e+00
6.628365325927734375e+01 1.730202484130859375e+02 1.066249084472656250e+02 5.522639155387878418e-01 -6.171751618385314941e-01 5.604457259178161621e-01 0.000000000000000000e+00 2.000000000000000000e+00
6.594222259521484375e+01 1.734018096923828125e+02 1.062784194946289062e+02 4.509271085262298584e-01 -6.222875118255615234e-01 6.398617029190063477e-01 0.000000000000000000e+00 2.000000000000000000e+00
6.566189575195312500e+01 1.737886657714843750e+02 1.058806381225585938e+02 3.537415266036987305e-01 -6.169273257255554199e-01 7.030416131019592285e-01 0.000000000000000000e+00 2.000000000000000000e+00
6.544010162353515625e+01 1.741754760742187500e+02 1.054398345947265625e+02 2.634736895561218262e-01 -6.041207909584045410e-01 7.520769238471984863e-01 0.000000000000000000e+00 2.000000000000000000e+00
6.527433776855468750e+01 1.745555572509765625e+02 1.049666671752929688e+02 1.748402267694473267e-01 -5.843633413314819336e-01 7.924332022666931152e-01 0.000000000000000000e+00 2.000000000000000000e+00
6.516506958007812500e+01 1.749207611083984375e+02 1.044714279174804688e+02 7.783402502536773682e-02 -5.549181103706359863e-01 8.282557725906372070e-01 0.000000000000000000e+00 2.000000000000000000e+00
6.511723327636718750e+01 1.752618103027343750e+02 1.039623870849609375e+02 -3.684848919510841370e-02 -5.105061531066894531e-01 8.590841889381408691e-01 0.000000000000000000e+00 2.000000000000000000e+00
6.513941955566406250e+01 1.755691833496093750e+02 1.034451370239257812e+02 -1.697221249341964722e-01 -4.466709494590759277e-01 8.784528374671936035e-01 0.000000000000000000e+00 2.000000000000000000e+00
6.524030303955078125e+01 1.758346862792968750e+02 1.029229812622070312e+02 -3.088493049144744873e-01 -3.645735681056976318e-01 8.784636259078979492e-01 0.000000000000000000e+00 2.000000000000000000e+00
6.542504882812500000e+01 1.760527648925781250e+02 1.023975067138671875e+02 -4.344956278800964355e-01 -2.743452489376068115e-01 8.578742146492004395e-01 0.000000000000000000e+00 2.000000000000000000e+00
6.569252014160156250e+01 1.762216491699218750e+02 1.018694076538085938e+02 -5.317477583885192871e-01 -1.908077299594879150e-01 8.251283168792724609e-01 0.000000000000000000e+00 2.000000000000000000e+00
6.603432464599609375e+01 1.763442993164062500e+02 1.013390197753906250e+02 -5.991913080215454102e-01 -1.241565495729446411e-01 7.909202575683593750e-01 0.000000000000000000e+00 2.000000000000000000e+00
6.643787384033203125e+01 1.764279174804687500e+02 1.008063430786132812e+02 -6.424238681793212891e-01 -7.993873953819274902e-02 7.621688842773437500e-01 0.000000000000000000e+00 2.000000000000000000e+00
6.688864898681640625e+01 1.764840087890625000e+02 1.002715454101562500e+02 -6.689110398292541504e-01 -5.983673781156539917e-02 7.409301400184631348e-01 0.000000000000000000e+00 2.000000000000000000e+00
6.737291717529296875e+01 1.765273284912109375e+02 9.973513793945312500e+01 -6.845148205757141113e-01 -6.387622654438018799e-02 7.261951565742492676e-01 0.000000000000000000e+00 2.000000000000000000e+00
6.787949371337890625e+01 1.765746002197265625e+02 9.919771575927734375e+01 -6.925002336502075195e-01 -8.960824459791183472e-02 7.158308625221252441e-01 0.000000000000000000e+00 2.000000000000000000e+00
6.840011596679687500e+01 1.766419677734375000e+02 9.865955352783203125e+01 -6.940383911132812500e-01 -1.314977854490280151e-01 7.078270316123962402e-01 0.000000000000000000e+00 2.000000000000000000e+00
6.892890930175781250e+01 1.767421569824218750e+02 9.812025451660156250e+01 -6.893351674079895020e-01 -1.813873499631881714e-01 7.013670206069946289e-01 0.000000000000000000e+00 2.000000000000000000e+00
6.946130371093750000e+01 1.768822479248046875e+02 9.757856750488281250e+01 -6.789749860763549805e-01 -2.309025228023529053e-01 6.969052553176879883e-01 0.000000000000000000e+00 2.000000000000000000e+00
6.999317932128906250e+01 1.770631256103515625e+02 9.703264617919921875e+01 -6.648666262626647949e-01 -2.733687758445739746e-01 6.951415538787841797e-01 0.000000000000000000e+00 2.000000000000000000e+00
7.052079010009765625e+01 1.772800598144531250e+02 9.648101043701171875e+01 -6.488092541694641113e-01 -3.064787387847900391e-01 6.965036392211914062e-01 0.000000000000000000e+00 2.000000000000000000e+00
7.104034423828125000e+01 1.775254821777343750e+02 9.592326354980468750e+01 -6.325469613075256348e-01 -3.307859599590301514e-01 7.003320455551147461e-01 0.000000000000000000e+00 2.000000000000000000e+00
7.154846191406250000e+01 1.777911987304687500e+02 9.536069488525390625e+01 -6.172253489494323730e-01 -3.486853539943695068e-01 7.053023576736450195e-01 0.000000000000000000e+00 2.000000000000000000e+00
7.204242706298828125e+01 1.780702514648437500e+02 9.479624176025390625e+01 -6.035981178283691406e-01 -3.629004061222076416e-01 7.099103331565856934e-01 0.000000000000000000e+00 2.000000000000000000e+00
7.252059936523437500e+01 1.783577423095703125e+02 9.423384857177734375e+01 -5.920261144638061523e-01 -3.754755854606628418e-01 7.131081819534301758e-01 0.000000000000000000e+00 2.000000000000000000e+00
7.298226928710937500e+01 1.786505432128906250e+02 9.367775726318359375e+01 -5.825217366218566895e-01 -3.874294757843017578e-01 7.145395874977111816e-01 0.000000000000000000e+00 2.000000000000000000e+00
7.342751312255859375e+01 1.789466705322265625e+02 9.313160705566406250e+01 -5.747778415679931641e-01 -3.994262218475341797e-01 7.142052650451660156e-01 0.000000000000000000e+00 2.000000000000000000e+00
7.385682678222656250e+01 1.792450103759765625e+02 9.259815216064453125e+01 -5.685853362083435059e-01 -4.115492701530456543e-01 7.122766375541687012e-01 0.000000000000000000e+00 2.000000000000000000e+00
7.427096557617187500e+01 1.795447692871093750e+02 9.207935333251953125e+01 -5.635320544242858887e-01 -4.241787195205688477e-01 7.088750600814819336e-01 0.000000000000000000e+00 2.000000000000000000e+00
7.467078399658203125e+01 1.798457183837890625e+02 9.157641601562500000e+01 -5.592969655990600586e-01 -4.377720952033996582e-01 7.039478421211242676e-01 0.000000000000000000e+00 2.000000000000000000e+00
7.505734252929687500e+01 1.801482849121093750e+02 9.108988189697265625e+01 -5.553358197212219238e-01 -4.532249867916107178e-01 6.972727179527282715e-01 0.000000000000000000e+00 2.000000000000000000e+00
7.543181610107421875e+01 1.804539031982421875e+02 9.061969757080078125e+01 -5.511138439178466797e-01 -4.715942740440368652e-01 6.883838772773742676e-01 0.000000000000000000e+00 2.000000000000000000e+00
7.579570770263671875e+01 1.807652893066406250e+02 9.016516876220703125e+01 -5.457485914230346680e-01 -4.931340217590332031e-01 6.774786114692687988e-01 0.000000000000000000e+00 2.000000000000000000e+00
7.615063476562500000e+01 1.810859985351562500e+02 8.972457122802734375e+01 -5.381658673286437988e-01 -5.178162455558776855e-01 6.650142073631286621e-01 0.000000000000000000e+00 2.000000000000000000e+00
7.649807739257812500e+01 1.814203033447265625e+02 8.929523468017578125e+01 -5.273769497871398926e-01 -5.445033311843872070e-01 6.522189974784851074e-01 0.000000000000000000e+00 2.000000000000000000e+00
7.683896636962890625e+01 1.817722625732421875e+02 8.887364959716796875e+01 -5.128785371780395508e-01 -5.719290971755981445e-01 6.401974558830261230e-01 0.000000000000000000e+00 2.000000000000000000e+00
7.717346954345703125e+01 1.821452789306640625e+02 8.845610809326171875e+01 -4.945619404315948486e-01 -5.989939570426940918e-01 6.297736167907714844e-01 0.000000000000000000e+00 2.000000000000000000e+00
7.750077819824218750e+01 1.825417022705078125e+02 8.803931427001953125e+01 -4.727827906608581543e-01 -6.247506737709045410e-01 6.214202046394348145e-01 0.000000000000000000e+00 2.000000000000000000e+00
7.781919097900390625e+01 1.829624633789062500e+02 8.762079620361328125e+01 -4.479860961437225342e-01 -6.486838459968566895e-01 6.152379512786865234e-01 0.000000000000000000e+00 2.000000000000000000e+00
7.812627410888671875e+01 1.834071197509765625e+02 8.719906616210937500e+01 -4.209083020687103271e-01 -6.702838540077209473e-01 6.111921072006225586e-01 0.000000000000000000e+00 2.000000000000000000e+00
7.841929626464843750e+01 1.838737487792968750e+02 8.677357482910156250e+01 -3.921060264110565186e-01 -6.890280842781066895e-01 6.095023751258850098e-01 0.000000000000000000e+00 2.000000000000000000e+00
7.869555664062500000e+01 1.843592071533203125e+02 8.634414672851562500e+01 -3.626148998737335205e-01 -7.046693563461303711e-01 6.098782420158386230e-01 0.000000000000000000e+00 2.000000000000000000e+00
7.895282745361328125e+01 1.848591613769531250e+02 8.591144561767578125e+01 -3.332050740718841553e-01 -7.172595262527465820e-01 6.119747161865234375e-01 0.000000000000000000e+00 2.000000000000000000e+00
7.918959808349609375e+01 1.853688354492187500e+02 8.547658538818359375e+01 -3.042347729206085205e-01 -7.275648117065429688e-01 6.148908138275146484e-01 0.000000000000000000e+00 2.000000000000000000e+00
7.940503692626953125e+01 1.858840484619140625e+02 8.504116058349609375e+01 -2.758232057094573975e-01 -7.363176345825195312e-01 6.178656816482543945e-01 0.000000000000000000e+00 2.000000000000000000e+00
7.959882354736328125e+01 1.864013671875000000e+02 8.460706329345703125e+01 -2.472627460956573486e-01 -7.442263960838317871e-01 6.204742193222045898e-01 0.000000000000000000e+00 2.000000000000000000e+00
7.977059173583984375e+01 1.869183654785156250e+02 8.417603302001953125e+01 -2.178282290697097778e-01 -7.515074014663696289e-01 6.227259039878845215e-01 0.000000000000000000e+00 2.000000000000000000e+00
7.991982269287109375e+01 1.874332122802734375e+02 8.374941253662109375e+01 -1.869735419750213623e-01 -7.581238150596618652e-01 6.247313022613525391e-01 0.000000000000000000e+00 2.000000000000000000e+00
8.004588317871093750e+01 1.879443511962890625e+02 8.332820892333984375e+01 -1.555169522762298584e-01 -7.640960812568664551e-01 6.260764002799987793e-01 0.000000000000000000e+00 2.000000000000000000e+00
8.014888763427734375e+01 1.884504394531250000e+02 8.291353607177734375e+01 -1.255423426628112793e-01 -7.699491977691650391e-01 6.256335973739624023e-01 0.000000000000000000e+00 2.000000000000000000e+00
8.023046875000000000e+01 1.889507751464843750e+02 8.250698089599609375e+01 -9.998534619808197021e-02 -7.764033079147338867e-01 6.222547292709350586e-01 0.000000000000000000e+00 2.000000000000000000e+00
8.029421234130859375e+01 1.894457550048828125e+02 8.211027526855468750e+01 -8.225744217634201050e-02 -7.838994264602661133e-01 6.154147386550903320e-01 0.000000000000000000e+00 2.000000000000000000e+00
8.034574890136718750e+01 1.899368896484375000e+02 8.172470092773437500e+01 -7.469794154167175293e-02 -7.924628257751464844e-01 6.053287982940673828e-01 0.000000000000000000e+00 2.000000000000000000e+00
8.039188385009765625e+01 1.904263305664062500e+02 8.135083770751953125e+01 -7.796697318553924561e-02 -8.005757927894592285e-01 5.941375494003295898e-01 0.000000000000000000e+00 2.000000000000000000e+00
8.043951416015625000e+01 1.909154052734375000e+02 8.098787689208984375e+01 -9.167833626270294189e-02 -8.067039251327514648e-01 5.838012099266052246e-01 0.000000000000000000e+00 2.000000000000000000e+00
8.049508666992187500e+01 1.914044036865234375e+02 8.063399505615234375e+01 -1.148142814636230469e-01 -8.095936775207519531e-01 5.756523609161376953e-01 0.000000000000000000e+00 2.000000000000000000e+00
8.056434631347656250e+01 1.918927764892578125e+02 8.028674316406250000e+01 -1.465570032596588135e-01 -8.088112473487854004e-01 5.695133805274963379e-01 0.000000000000000000e+00 2.000000000000000000e+00
8.065264892578125000e+01 1.923800964355468750e+02 7.994360351562500000e+01 -1.856265515089035034e-01 -8.051302433013916016e-01 5.633010268211364746e-01 0.000000000000000000e+00 2.000000000000000000e+00
8.076490783691406250e+01 1.928670043945312500e+02 7.960294342041015625e+01 -2.300034761428833008e-01 -7.996632456779479980e-01 5.546503067016601562e-01 0.000000000000000000e+00 2.000000000000000000e+00
8.090531921386718750e+01 1.933551788330078125e+02 7.926434326171875000e+01 -2.762511372566223145e-01 -7.937456965446472168e-01 5.418975949287414551e-01 0.000000000000000000e+00 2.000000000000000000e+00
8.107624053955078125e+01 1.938462829589843750e+02 7.892906188964843750e+01 -3.205431699752807617e-01 -7.885315418243408203e-01 5.248524546623229980e-01 0.000000000000000000e+00 2.000000000000000000e+00
8.127729797363281250e+01 1.943408813476562500e+02 7.859985351562500000e+01 -3.595293164253234863e-01 -7.845811843872070312e-01 5.051444768905639648e-01 0.000000000000000000e+00 2.000000000000000000e+00
8.150453186035156250e+01 1.948367614746093750e+02 7.828058624267578125e+01 -3.911308348178863525e-01 -7.821405529975891113e-01 4.850492477416992188e-01 0.000000000000000000e+00 2.000000000000000000e+00
8.175086975097656250e+01 1.953293609619140625e+02 7.797509765625000000e+01 -4.143155813217163086e-01 -7.813779711723327637e-01 4.666809141635894775e-01 0.000000000000000000e+00 2.000000000000000000e+00
8.200747680664062500e+01 1.958133087158203125e+02 7.768605804443359375e+01 -4.288736283779144287e-01 -7.823651432991027832e-01 4.516328871250152588e-01 0.000000000000000000e+00 2.000000000000000000e+00
8.226539611816406250e+01 1.962838134765625000e+02 7.741445159912109375e+01 -4.352755248546600342e-01 -7.853165864944458008e-01 4.402420520782470703e-01 0.000000000000000000e+00 2.000000000000000000e+00
8.251747894287109375e+01 1.967386169433593750e+02 7.715949249267578125e+01 -4.346457421779632568e-01 -7.901378273963928223e-01 4.321636259555816650e-01 0.000000000000000000e+00 2.000000000000000000e+00
8.275929260253906250e+01 1.971782073974609375e+02 7.691905975341796875e+01 -4.290157854557037354e-01 -7.963821887969970703e-01 4.262871742248535156e-01 0.000000000000000000e+00 2.000000000000000000e+00
8.298960876464843750e+01 1.976057434082031250e+02 7.669020843505859375e+01 -4.204296469688415527e-01 -8.032972812652587891e-01 4.218440651893615723e-01 0.000000000000000000e+00 2.000000000000000000e+00
8.320958709716796875e+01 1.980260467529296875e+02 7.646949005126953125e+01 -4.107270240783691406e-01 -8.102735877037048340e-01 4.180430173873901367e-01 0.000000000000000000e+00 2.000000000000000000e+00
8.342203521728515625e+01 1.984451599121093750e+02 7.625325775146484375e+01 -4.010762572288513184e-01 -8.169892430305480957e-01 4.143264889717102051e-01 0.000000000000000000e+00 2.000000000000000000e+00
8.363034057617187500e+01 1.988694763183593750e+02 7.603807067871093750e+01 -3.922585546970367432e-01 -8.229794502258300781e-01 4.108991026878356934e-01 0.000000000000000000e+00 2.000000000000000000e+00
8.383808898925781250e+01 1.993053436279296875e+02 7.582044982910156250e+01 -3.847472369670867920e-01 -8.281883001327514648e-01 4.075214564800262451e-01 0.000000000000000000e+00 2.000000000000000000e+00
8.404843902587890625e+01 1.997581329345703125e+02 7.559764862060546875e+01 -3.790433704853057861e-01 -8.320490717887878418e-01 4.049945771694183350e-01 0.000000000000000000e+00 2.000000000000000000e+00
8.426395416259765625e+01 2.002312164306640625e+02 7.536737823486328125e+01 -3.758830726146697998e-01 -8.343166708946228027e-01 4.032710790634155273e-01 0.000000000000000000e+00 2.000000000000000000e+00
8.448656463623046875e+01 2.007253265380859375e+02 7.512854766845703125e+01 -3.757859766483306885e-01 -8.352040052413940430e-01 4.015208482742309570e-01 0.000000000000000000e+00 2.000000000000000000e+00
8.471762084960937500e+01 2.012388610839843750e+02 7.488166809082031250e+01 -3.798710703849792480e-01 -8.353338241577148438e-01 3.973856270313262939e-01 0.000000000000000000e+00 2.000000000000000000e+00
8.495854949951171875e+01 2.017686614990234375e+02 7.462963104248046875e+01 -3.891230821609497070e-01 -8.364350199699401855e-01 3.859530091285705566e-01 0.000000000000000000e+00 2.000000000000000000e+00
8.521140289306640625e+01 2.023121795654296875e+02 7.437883758544921875e+01 -4.035813808441162109e-01 -8.402030467987060547e-01 3.621890246868133545e-01 0.000000000000000000e+00 2.000000000000000000e+00
8.547904968261718750e+01 2.028693847656250000e+02 7.413864135742187500e+01 -4.217556416988372803e-01 -8.472019433975219727e-01 3.230650722980499268e-01 0.000000000000000000e+00 2.000000000000000000e+00
8.576502227783203125e+01 2.034438323974609375e+02 7.391958618164062500e+01 -4.399417042732238770e-01 -8.561895489692687988e-01 2.709072232246398926e-01 0.000000000000000000e+00 2.000000000000000000e+00
8.607242584228515625e+01 2.040420837402343750e+02 7.373029327392578125e+01 -4.538326859474182129e-01 -8.649613261222839355e-01 2.141910791397094727e-01 0.000000000000000000e+00 2.000000000000000000e+00
8.640274810791015625e+01 2.046716461181640625e+02 7.357439422607421875e+01 -4.612715542316436768e-01 -8.719938993453979492e-01 1.638756841421127319e-01 0.000000000000000000e+00 2.000000000000000000e+00
8.675530242919921875e+01 2.053381195068359375e+02 7.344914245605468750e+01 -4.634167551994323730e-01 -8.768724203109741211e-01 1.278269886970520020e-01 0.000000000000000000e+00 2.000000000000000000e+00
8.712767791748046875e+01 2.060427246093750000e+02 7.334642791748046875e+01 -4.633941650390625000e-01 -8.795843124389648438e-01 1.076910272240638733e-01 0.000000000000000000e+00 2.000000000000000000e+00
8.751654052734375000e+01 2.067808380126953125e+02 7.325605773925781250e+01 -4.640704691410064697e-01 -8.801315426826477051e-01 1.000357642769813538e-01 0.000000000000000000e+00 2.000000000000000000e+00
8.791846466064453125e+01 2.075431060791015625e+02 7.316941833496093750e+01 -4.671073257923126221e-01 -8.786235451698303223e-01 9.915365278720855713e-02 0.000000000000000000e+00 2.000000000000000000e+00
8.833028411865234375e+01 2.083177337646484375e+02 7.308200073242187500e+01 -4.723768532276153564e-01 -8.757837414741516113e-01 9.931222349405288696e-02 0.000000000000000000e+00 2.000000000000000000e+00
8.874873352050781250e+01 2.090935363769531250e+02 7.299402618408203125e+01 -4.784167408943176270e-01 -8.727982640266418457e-01 9.664651751518249512e-02 0.000000000000000000e+00 2.000000000000000000e+00
8.917013549804687500e+01 2.098623199462890625e+02 7.290889739990234375e+01 -4.831381440162658691e-01 -8.709691166877746582e-01 8.938883990049362183e-02 0.000000000000000000e+00 2.000000000000000000e+00
8.959053802490234375e+01 2.106201934814453125e+02 7.283111572265625000e+01 -4.850983321666717529e-01 -8.709910511970520020e-01 7.780870050191879272e-02 0.000000000000000000e+00 2.000000000000000000e+00
9.000635528564453125e+01 2.113667907714843750e+02 7.276441955566406250e+01 -4.841011464595794678e-01 -8.726968765258789062e-01 6.361006945371627808e-02 0.000000000000000000e+00 2.000000000000000000e+00
9.041535186767578125e+01 2.121040954589843750e+02 7.271067810058593750e+01 -4.811317324638366699e-01 -8.752785921096801758e-01 4.898612946271896362e-02 0.000000000000000000e+00 2.000000000000000000e+00
9.081692504882812500e+01 2.128346405029296875e+02 7.266979217529296875e+01 -4.777341187000274658e-01 -8.777642846107482910e-01 3.605505451560020447e-02 0.000000000000000000e+00 2.000000000000000000e+00
9.121178436279296875e+01 2.135601348876953125e+02 7.263999176025390625e+01 -4.754314422607421875e-01 -8.793648481369018555e-01 2.612536773085594177e-02 0.000000000000000000e+00 2.000000000000000000e+00
9.160150909423828125e+01 2.142809753417968750e+02 7.261857604980468750e+01 -4.751673340797424316e-01 -8.796766996383666992e-01 1.961678452789783478e-02 0.000000000000000000e+00 2.000000000000000000e+00
9.198774719238281250e+01 2.149960174560546875e+02 7.260263061523437500e+01 -4.770913124084472656e-01 -8.787017464637756348e-01 1.633965224027633667e-02 0.000000000000000000e+00 2.000000000000000000e+00
9.237179565429687500e+01 2.157033538818359375e+02 7.258947753906250000e+01 -4.811269640922546387e-01 -8.765140175819396973e-01 1.549146603792905807e-02 0.000000000000000000e+00 2.000000000000000000e+00
9.275470733642578125e+01 2.164009399414062500e+02 7.257714843750000000e+01 -4.867261946201324463e-01 -8.733950853347778320e-01 1.669563166797161102e-02 0.000000000000000000e+00 2.000000000000000000e+00
9.313726806640625000e+01 2.170874176025390625e+02 7.256402587890625000e+01 -4.932542443275451660e-01 -8.696489334106445312e-01 2.027556672692298889e-02 0.000000000000000000e+00 2.000000000000000000e+00
9.352035522460937500e+01 2.177628326416015625e+02 7.254827880859375000e+01 -4.996248185634613037e-01 -8.658021092414855957e-01 2.759991027414798737e-02 0.000000000000000000e+00 2.000000000000000000e+00
9.390471649169921875e+01 2.184288940429687500e+02 7.252704620361328125e+01 -5.049664974212646484e-01 -8.621782660484313965e-01 4.071281105279922485e-02 0.000000000000000000e+00 2.000000000000000000e+00
9.429108428955078125e+01 2.190885772705078125e+02 7.249589538574218750e+01 -5.082936286926269531e-01 -8.590293526649475098e-01 6.087915971875190735e-02 0.000000000000000000e+00 2.000000000000000000e+00
9.467996978759765625e+01 2.197458038330078125e+02 7.244931793212890625e+01 -5.091180205345153809e-01 -8.562213778495788574e-01 8.765797317028045654e-02 0.000000000000000000e+00 2.000000000000000000e+00
9.507186126708984375e+01 2.204048767089843750e+02 7.238184356689453125e+01 -5.068683028221130371e-01 -8.539025783538818359e-01 1.180458590388298035e-01 0.000000000000000000e+00 2.000000000000000000e+00
9.546710205078125000e+01 2.210707244873046875e+02 7.228979492187500000e+01 -5.022796988487243652e-01 -8.522022366523742676e-01 1.465142369270324707e-01 0.000000000000000000e+00 2.000000000000000000e+00
9.586651611328125000e+01 2.217483978271484375e+02 7.217328643798828125e+01 -4.968290627002716064e-01 -8.516294360160827637e-01 1.669973582029342651e-01 0.000000000000000000e+00 2.000000000000000000e+00
9.627169799804687500e+01 2.224429321289062500e+02 7.203709411621093750e+01 -4.927372634410858154e-01 -8.523440957069396973e-01 1.752702444791793823e-01 0.000000000000000000e+00 2.000000000000000000e+00
9.668509674072265625e+01 2.231580352783203125e+02 7.189004516601562500e+01 -4.917792379856109619e-01 -8.539196252822875977e-01 1.702183634042739868e-01 0.000000000000000000e+00 2.000000000000000000e+00
9.710967254638671875e+01 2.238952636718750000e+02 7.174308776855468750e+01 -4.950842261314392090e-01 -8.550679683685302734e-01 1.541113853454589844e-01 0.000000000000000000e+00 2.000000000000000000e+00
9.754817199707031250e+01 2.246526031494140625e+02 7.160659027099609375e+01 -5.023427605628967285e-01 -8.546195030212402344e-01 1.314428895711898804e-01 0.000000000000000000e+00 2.000000000000000000e+00
9.800195312500000000e+01 2.254246063232421875e+02 7.148785400390625000e+01 -5.125551223754882812e-01 -8.519436120986938477e-01 1.071419268846511841e-01 0.000000000000000000e+00 2.000000000000000000e+00
9.847044372558593750e+01 2.262033081054687500e+02 7.138992309570312500e+01 -5.242804884910583496e-01 -8.472582697868347168e-01 8.534314483404159546e-02 0.000000000000000000e+00 2.000000000000000000e+00
9.895122528076171875e+01 2.269802703857421875e+02 7.131166076660156250e+01 -5.360840559005737305e-01 -8.413982987403869629e-01 6.828495115041732788e-02 0.000000000000000000e+00 2.000000000000000000e+00
9.944063568115234375e+01 2.277484130859375000e+02 7.124932098388671875e+01 -5.470259189605712891e-01 -8.352008461952209473e-01 5.658830329775810242e-02 0.000000000000000000e+00 2.000000000000000000e+00
9.993506622314453125e+01 2.285033111572265625e+02 7.119817352294921875e+01 5.568246245384216309e-01 8.291768431663513184e-01 -4.911297932267189026e-02 0.000000000000000000e+00 2.000000000000000000e+00
1.004320907592773438e+02 2.292434387207031250e+02 7.115433502197265625e+01 5.659329891204833984e-01 8.232745528221130371e-01 -4.403251037001609802e-02 0.000000000000000000e+00 2.000000000000000000e+00
1.009304199218750000e+02 2.299683685302734375e+02 7.111556243896484375e+01 5.755074620246887207e-01 8.168674707412719727e-01 -3.896953538060188293e-02 0.000000000000000000e+00 2.000000000000000000e+00
1.014304580688476562e+02 2.306781158447265625e+02 7.108170318603515625e+01 5.873943567276000977e-01 8.086776733398437500e-01 -3.175561502575874329e-02 0.000000000000000000e+00 2.000000000000000000e+00
1.019338455200195312e+02 2.313711395263671875e+02 7.105448913574218750e+01 6.032251715660095215e-01 7.972992658615112305e-01 -2.081303298473358154e-02 0.000000000000000000e+00 2.000000000000000000e+00
1.024426498413085938e+02 2.320436401367187500e+02 7.103693389892578125e+01 6.237903237342834473e-01 7.815716862678527832e-01 -5.591222085058689117e-03 0.000000000000000000e+00 2.000000000000000000e+00
1.029584655761718750e+02 2.326899261474609375e+02 7.103231048583984375e+01 6.489362716674804688e-01 7.607238888740539551e-01 1.345048565417528152e-02 0.000000000000000000e+00 2.000000000000000000e+00
1.034815216064453125e+02 2.333030853271484375e+02 7.104315185546875000e+01 6.773002743721008301e-01 7.349103689193725586e-01 3.422189876437187195e-02 0.000000000000000000e+00 2.000000000000000000e+00
1.040100097656250000e+02 2.338765258789062500e+02 7.106985473632812500e+01 7.067486643791198730e-01 7.054471969604492188e-01 5.338997393846511841e-02 0.000000000000000000e+00 2.000000000000000000e+00
1.045403289794921875e+02 2.344058685302734375e+02 7.110991668701171875e+01 7.350488901138305664e-01 6.747258305549621582e-01 6.669518351554870605e-02 0.000000000000000000e+00 2.000000000000000000e+00
1.050683746337890625e+02 2.348905792236328125e+02 7.115782928466796875e+01 7.602300643920898438e-01 6.458400487899780273e-01 7.029128819704055786e-02 0.000000000000000000e+00 2.000000000000000000e+00
1.055905303955078125e+02 2.353341674804687500e+02 7.120610809326171875e+01 7.809761762619018555e-01 6.215358972549438477e-01 6.139440461993217468e-02 0.000000000000000000e+00 2.000000000000000000e+00
1.061053848266601562e+02 2.357439117431640625e+02 7.124658203125000000e+01 7.962468862533569336e-01 6.036525368690490723e-01 3.993231803178787231e-02 0.000000000000000000e+00 2.000000000000000000e+00
1.066142578125000000e+02 2.361296997070312500e+02 7.127210235595703125e+01 8.060911297798156738e-01 5.917286872863769531e-01 8.624473586678504944e-03 0.000000000000000000e+00 2.000000000000000000e+00
1.071212615966796875e+02 2.365018768310546875e+02 7.127752685546875000e+01 8.115870952606201172e-01 5.835699439048767090e-01 -2.779250405728816986e-02 0.000000000000000000e+00 2.000000000000000000e+00
1.076327896118164062e+02 2.368696899414062500e+02 7.126000976562500000e+01 8.149789571762084961e-01 5.760026574134826660e-01 -6.348327547311782837e-02 0.000000000000000000e+00 2.000000000000000000e+00
1.081565933227539062e+02 2.372398986816406250e+02 7.121920776367187500e+01 8.187108039855957031e-01 5.664712786674499512e-01 -9.392972290515899658e-02 0.000000000000000000e+00 2.000000000000000000e+00
1.087006912231445312e+02 2.376163635253906250e+02 7.115678405761718750e+01 8.240789175033569336e-01 5.542088150978088379e-01 -1.172457933425903320e-01 0.000000000000000000e+00 2.000000000000000000e+00
1.092716827392578125e+02 2.380003662109375000e+02 7.107554626464843750e+01 8.312219977378845215e-01 5.395960211753845215e-01 -1.338134109973907471e-01 0.000000000000000000e+00 2.000000000000000000e+00
1.098733749389648438e+02 2.383909606933593750e+02 7.097868347167968750e+01 8.389860987663269043e-01 5.241816639900207520e-01 -1.460681408643722534e-01 0.000000000000000000e+00 2.000000000000000000e+00
1.105058975219726562e+02 2.387861480712890625e+02 7.086856079101562500e+01 8.457829356193542480e-01 5.098752975463867188e-01 -1.570936441421508789e-01 0.000000000000000000e+00 2.000000000000000000e+00
1.111663208007812500e+02 2.391842803955078125e+02 7.074589538574218750e+01 8.503625392913818359e-01 4.981018006801605225e-01 -1.696411669254302979e-01 0.000000000000000000e+00 2.000000000000000000e+00
1.118491668701171875e+02 2.395842590332031250e+02 7.060967254638671875e+01 8.518250584602355957e-01 4.899089336395263672e-01 -1.854272633790969849e-01 0.000000000000000000e+00 2.000000000000000000e+00
1.125478897094726562e+02 2.399861145019531250e+02 7.045757293701171875e+01 8.501523733139038086e-01 4.852938354015350342e-01 -2.042812258005142212e-01 0.000000000000000000e+00 2.000000000000000000e+00
1.132562561035156250e+02 2.403904724121093750e+02 7.028736114501953125e+01 8.458859324455261230e-01 4.835757017135620117e-01 -2.250144034624099731e-01 0.000000000000000000e+00 2.000000000000000000e+00
1.139684295654296875e+02 2.407976074218750000e+02 7.009791564941406250e+01 8.394582271575927734e-01 4.841914474964141846e-01 -2.467153221368789673e-01 0.000000000000000000e+00 2.000000000000000000e+00
1.146782608032226562e+02 2.412070312500000000e+02 6.988929748535156250e+01 8.309556841850280762e-01 4.866188168525695801e-01 -2.696569263935089111e-01 0.000000000000000000e+00 2.000000000000000000e+00
1.153787002563476562e+02 2.416172180175781250e+02 6.966199493408203125e+01 8.198461532592773438e-01 4.903297126293182373e-01 -2.956841886043548584e-01 0.000000000000000000e+00 2.000000000000000000e+00
1.160612792968750000e+02 2.420254516601562500e+02 6.941581726074218750e+01 8.046556115150451660e-01 4.952908754348754883e-01 -3.274391889572143555e-01 0.000000000000000000e+00 2.000000000000000000e+00
1.167164688110351562e+02 2.424287414550781250e+02 6.914920043945312500e+01 7.838294506072998047e-01 5.006897449493408203e-01 -3.673161566257476807e-01 0.000000000000000000e+00 2.000000000000000000e+00
1.173351821899414062e+02 2.428239593505859375e+02 6.885926055908203125e+01 7.560245394706726074e-01 5.053123831748962402e-01 -4.160364568233489990e-01 0.000000000000000000e+00 2.000000000000000000e+00
1.179107818603515625e+02 2.432086791992187500e+02 6.854251098632812500e+01 7.216272354125976562e-01 5.070147514343261719e-01 -4.713706076145172119e-01 0.000000000000000000e+00 2.000000000000000000e+00
1.184408874511718750e+02 2.435811309814453125e+02 6.819624328613281250e+01 6.833872199058532715e-01 5.042063593864440918e-01 -5.279751420021057129e-01 0.000000000000000000e+00 2.000000000000000000e+00
1.189280776977539062e+02 2.439405822753906250e+02 6.781984710693359375e+01 6.465526223182678223e-01 4.966650903224945068e-01 -5.790452957153320312e-01 0.000000000000000000e+00 2.000000000000000000e+00
1.193791427612304688e+02 2.442870788574218750e+02 6.741587829589843750e+01 6.164877414703369141e-01 4.860412478446960449e-01 -6.194406151771545410e-01 0.000000000000000000e+00 2.000000000000000000e+00
1.198028411865234375e+02 2.446211242675781250e+02 6.699015045166015625e+01 5.972567796707153320e-01 4.751023650169372559e-01 -6.461904644966125488e-01 0.000000000000000000e+00 2.000000000000000000e+00
1.202080993652343750e+02 2.449434967041015625e+02 6.655168914794921875e+01 5.903893709182739258e-01 4.664689600467681885e-01 -6.586706638336181641e-01 0.000000000000000000e+00 2.000000000000000000e+00
1.206025161743164062e+02 2.452551269531250000e+02 6.611165618896484375e+01 5.957263112068176270e-01 4.615165293216705322e-01 -6.573527455329895020e-01 0.000000000000000000e+00 2.000000000000000000e+00
1.209924392700195312e+02 2.455572052001953125e+02 6.568139648437500000e+01 6.119952201843261719e-01 4.602175354957580566e-01 -6.431652307510375977e-01 0.000000000000000000e+00 2.000000000000000000e+00
1.213834075927734375e+02 2.458512115478515625e+02 6.527051544189453125e+01 6.372511982917785645e-01 4.609610736370086670e-01 -6.175967454910278320e-01 0.000000000000000000e+00 2.000000000000000000e+00
1.217806777954101562e+02 2.461385803222656250e+02 6.488549804687500000e+01 6.685955524444580078e-01 4.614244103431701660e-01 -5.831530690193176270e-01 0.000000000000000000e+00 2.000000000000000000e+00
1.221889114379882812e+02 2.464203186035156250e+02 6.452943420410156250e+01 7.027811408042907715e-01 4.593559801578521729e-01 -5.432226061820983887e-01 0.000000000000000000e+00 2.000000000000000000e+00
1.226113128662109375e+02 2.466964111328125000e+02 6.420293426513671875e+01 7.365133166313171387e-01 4.533536732196807861e-01 -5.020145177841186523e-01 0.000000000000000000e+00 2.000000000000000000e+00
1.230484466552734375e+02 2.469654846191406250e+02 6.390497970581054688e+01 7.680743932723999023e-01 4.431128203868865967e-01 -4.622906148433685303e-01 0.000000000000000000e+00 2.000000000000000000e+00
1.234986877441406250e+02 2.472252349853515625e+02 6.363398742675781250e+01 7.969225049018859863e-01 4.285900890827178955e-01 -4.257052838802337646e-01 0.000000000000000000e+00 2.000000000000000000e+00
1.239591979980468750e+02 2.474729003906250000e+02 6.338798904418945312e+01 8.230351805686950684e-01 4.103578925132751465e-01 -3.927077353000640869e-01 0.000000000000000000e+00 2.000000000000000000e+00
1.244275588989257812e+02 2.477064208984375000e+02 6.316451263427734375e+01 8.465611338615417480e-01 3.885271251201629639e-01 -3.638419210910797119e-01 0.000000000000000000e+00 2.000000000000000000e+00
1.249032287597656250e+02 2.479247283935546875e+02 6.296007537841796875e+01 8.673033118247985840e-01 3.640909492969512939e-01 -3.394450545310974121e-01 0.000000000000000000e+00 2.000000000000000000e+00
1.253885116577148438e+02 2.481284484863281250e+02 6.277014541625976562e+01 8.848376870155334473e-01 3.386205732822418213e-01 -3.199974000453948975e-01 0.000000000000000000e+00 2.000000000000000000e+00
1.258883895874023438e+02 2.483197479248046875e+02 6.258936691284179688e+01 8.990889787673950195e-01 3.138839900493621826e-01 -3.051488995552062988e-01 0.000000000000000000e+00 2.000000000000000000e+00
1.264094238281250000e+02 2.485016479492187500e+02 6.241252899169921875e+01 9.103795289993286133e-01 2.906594574451446533e-01 -2.944932579994201660e-01 0.000000000000000000e+00 2.000000000000000000e+00
1.269583663940429688e+02 2.486769104003906250e+02 6.223495483398437500e+01 9.191964268684387207e-01 2.694684267044067383e-01 -2.871668338775634766e-01 0.000000000000000000e+00 2.000000000000000000e+00
1.275406494140625000e+02 2.488476104736328125e+02 6.205304336547851562e+01 9.261246323585510254e-01 2.503286600112915039e-01 -2.821855545043945312e-01 0.000000000000000000e+00 2.000000000000000000e+00
1.281587982177734375e+02 2.490146942138671875e+02 6.186469650268554688e+01 9.318600893020629883e-01 2.326111942529678345e-01 -2.784399390220642090e-01 0.000000000000000000e+00 2.000000000000000000e+00
1.288118286132812500e+02 2.491777038574218750e+02 6.166957092285156250e+01 9.368142485618591309e-01 2.164018452167510986e-01 -2.748625576496124268e-01 0.000000000000000000e+00 2.000000000000000000e+00
1.294953765869140625e+02 2.493356018066406250e+02 6.146901702880859375e+01 9.414643049240112305e-01 2.017133384943008423e-01 -2.701050341129302979e-01 0.000000000000000000e+00 2.000000000000000000e+00
1.302029266357421875e+02 2.494871978759765625e+02 6.126602172851562500e+01 9.462157487869262695e-01 1.886932700872421265e-01 -2.628127932548522949e-01 0.000000000000000000e+00 2.000000000000000000e+00
1.309276123046875000e+02 2.496317138671875000e+02 6.106473922729492188e+01 9.511954784393310547e-01 1.776382327079772949e-01 -2.523326277732849121e-01 0.000000000000000000e+00 2.000000000000000000e+00
1.316638641357421875e+02 2.497692108154296875e+02 6.086942672729492188e+01 9.560672640800476074e-01 1.694829612970352173e-01 -2.391882389783859253e-01 0.000000000000000000e+00 2.000000000000000000e+00
1.324085083007812500e+02 2.499012145996093750e+02 6.068313217163085938e+01 9.600844979286193848e-01 1.662661731243133545e-01 -2.249294668436050415e-01 0.000000000000000000e+00 2.000000000000000000e+00
1.331610565185546875e+02 2.500315399169921875e+02 6.050682449340820312e+01 9.625508189201354980e-01 1.702188998460769653e-01 -2.110011130571365356e-01 0.000000000000000000e+00 2.000000000000000000e+00
1.339233856201171875e+02 2.501663513183593750e+02 6.033971405029296875e+01 9.632221460342407227e-01 1.825301796197891235e-01 -1.971949040889739990e-01 0.000000000000000000e+00 2.000000000000000000e+00
1.346993713378906250e+02 2.503134002685546875e+02 6.018085098266601562e+01 9.624391198158264160e-01 2.019794732332229614e-01 -1.814256310462951660e-01 0.000000000000000000e+00 2.000000000000000000e+00
1.354937133789062500e+02 2.504801025390625000e+02 6.003111267089843750e+01 9.609249234199523926e-01 2.250194698572158813e-01 -1.612125188112258911e-01 0.000000000000000000e+00 2.000000000000000000e+00
1.363110961914062500e+02 2.506715087890625000e+02 5.989398193359375000e+01 9.594784975051879883e-01 2.469427436590194702e-01 -1.357213109731674194e-01 0.000000000000000000e+00 2.000000000000000000e+00
1.371545715332031250e+02 2.508885955810546875e+02 5.977466964721679688e+01 9.585114121437072754e-01 2.641385495662689209e-01 -1.071759313344955444e-01 0.000000000000000000e+00 2.000000000000000000e+00
1.380241241455078125e+02 2.511282196044921875e+02 5.967744064331054688e+01 9.581742882728576660e-01 2.746564149856567383e-01 -8.041073381900787354e-02 0.000000000000000000e+00 2.000000000000000000e+00
1.389159240722656250e+02 2.513838500976562500e+02 5.960260009765625000e+01 9.582792520523071289e-01 2.792682945728302002e-01 -6.091051921248435974e-02 0.000000000000000000e+00 2.000000000000000000e+00
1.398225708007812500e+02 2.516480712890625000e+02 5.954497146606445312e+01 9.584641456604003906e-01 2.802959978580474854e-01 -5.273197218775749207e-02 0.000000000000000000e+00 2.000000000000000000e+00
1.407342071533203125e+02 2.519146728515625000e+02 5.949481582641601562e+01 9.582588076591491699e-01 2.802220582962036133e-01 -5.670738220214843750e-02 0.000000000000000000e+00 2.000000000000000000e+00
1.416406707763671875e+02 2.521797485351562500e+02 5.944117355346679688e+01 9.571555852890014648e-01 2.809264063835144043e-01 -7.023978233337402344e-02 0.000000000000000000e+00 2.000000000000000000e+00
1.425333709716796875e+02 2.524417572021484375e+02 5.937566375732421875e+01 9.547801017761230469e-01 2.839477956295013428e-01 -8.814028650522232056e-02 0.000000000000000000e+00 2.000000000000000000e+00
1.434064788818359375e+02 2.527014160156250000e+02 5.929506301879882812e+01 9.513890743255615234e-01 2.898751497268676758e-01 -1.040728464722633362e-01 0.000000000000000000e+00 2.000000000000000000e+00
1.442572937011718750e+02 2.529606475830078125e+02 5.920199203491210938e+01 9.476943016052246094e-01 2.986268699169158936e-01 -1.126833781599998474e-01 0.000000000000000000e+00 2.000000000000000000e+00
1.450856323242187500e+02 2.532216644287109375e+02 5.910350036621093750e+01 9.443454742431640625e-01 3.095576763153076172e-01 -1.112913563847541809e-01 0.000000000000000000e+00 2.000000000000000000e+00
1.458928833007812500e+02 2.534862823486328125e+02 5.900836563110351562e+01 9.414196610450744629e-01 3.219010233879089355e-01 -1.005427911877632141e-01 0.000000000000000000e+00 2.000000000000000000e+00
1.466808319091796875e+02 2.537557067871093750e+02 5.892421340942382812e+01 9.386495351791381836e-01 3.346942365169525146e-01 -8.316700905561447144e-02 0.000000000000000000e+00 2.000000000000000000e+00
1.474513244628906250e+02 2.540304412841796875e+02 5.885594558715820312e+01 9.356592893600463867e-01 3.473018109798431396e-01 -6.263471394777297974e-02 0.000000000000000000e+00 2.000000000000000000e+00
1.482055816650390625e+02 2.543104095458984375e+02 5.880545425415039062e+01 9.323487281799316406e-01 3.591745197772979736e-01 -4.146616160869598389e-02 0.000000000000000000e+00 2.000000000000000000e+00
1.489447631835937500e+02 2.545951690673828125e+02 5.877257919311523438e+01 9.286647439002990723e-01 3.703446388244628906e-01 -2.065717987716197968e-02 0.000000000000000000e+00 2.000000000000000000e+00
1.496701812744140625e+02 2.548844604492187500e+02 5.875644302368164062e+01 9.246469736099243164e-01 3.808253705501556396e-01 -1.976670682779513299e-05 0.000000000000000000e+00 2.000000000000000000e+00
1.503839569091796875e+02 2.551784362792968750e+02 5.875642776489257812e+01 9.201777577400207520e-01 3.909306824207305908e-01 2.112089097499847412e-02 0.000000000000000000e+00 2.000000000000000000e+00
1.510889587402343750e+02 2.554779510498046875e+02 5.877260971069335938e+01 9.151413440704345703e-01 4.008917212486267090e-01 4.245187714695930481e-02 0.000000000000000000e+00 2.000000000000000000e+00
1.517890167236328125e+02 2.557846221923828125e+02 5.880508422851562500e+01 9.095190167427062988e-01 4.109278619289398193e-01 6.255709379911422729e-02 0.000000000000000000e+00 2.000000000000000000e+00
1.524882812500000000e+02 2.561005554199218750e+02 5.885317993164062500e+01 9.033374190330505371e-01 4.215208292007446289e-01 7.938354462385177612e-02 0.000000000000000000e+00 2.000000000000000000e+00
1.531905517578125000e+02 2.564282531738281250e+02 5.891489410400390625e+01 8.968696594238281250e-01 4.328102767467498779e-01 9.110447764396667480e-02 0.000000000000000000e+00 2.000000000000000000e+00
1.538986968994140625e+02 2.567699890136718750e+02 5.898682785034179688e+01 8.904789686203002930e-01 4.445936679840087891e-01 9.686902910470962524e-02 0.000000000000000000e+00 2.000000000000000000e+00
1.546140289306640625e+02 2.571271362304687500e+02 5.906464385986328125e+01 8.841608166694641113e-01 4.570294320583343506e-01 9.686975926160812378e-02 0.000000000000000000e+00 2.000000000000000000e+00
1.553360137939453125e+02 2.575003356933593750e+02 5.914374542236328125e+01 8.778527975082397461e-01 4.699837863445281982e-01 9.213903546333312988e-02 0.000000000000000000e+00 2.000000000000000000e+00
1.560621032714843750e+02 2.578890686035156250e+02 5.921995544433593750e+01 8.711388707160949707e-01 4.837952256202697754e-01 8.401992917060852051e-02 0.000000000000000000e+00 2.000000000000000000e+00
1.567883911132812500e+02 2.582924194335937500e+02 5.929000473022460938e+01 8.636849522590637207e-01 4.985058903694152832e-01 7.443261891603469849e-02 0.000000000000000000e+00 2.000000000000000000e+00
1.575101623535156250e+02 2.587090148925781250e+02 5.935220718383789062e+01 8.553999066352844238e-01 5.138297080993652344e-01 6.534597277641296387e-02 0.000000000000000000e+00 2.000000000000000000e+00
1.582227935791015625e+02 2.591370849609375000e+02 5.940664672851562500e+01 8.462739586830139160e-01 5.294909477233886719e-01 5.881899967789649963e-02 0.000000000000000000e+00 2.000000000000000000e+00
1.589225769042968750e+02 2.595749206542968750e+02 5.945528411865234375e+01 8.365688920021057129e-01 5.449333190917968750e-01 5.656965076923370361e-02 0.000000000000000000e+00 2.000000000000000000e+00
1.596071472167968750e+02 2.600208435058593750e+02 5.950157546997070312e+01 8.267105817794799805e-01 5.594557523727416992e-01 5.965728685259819031e-02 0.000000000000000000e+00 2.000000000000000000e+00
1.602756500244140625e+02 2.604732360839843750e+02 5.954981613159179688e+01 8.169636130332946777e-01 5.726518034934997559e-01 6.812008470296859741e-02 0.000000000000000000e+00 2.000000000000000000e+00
1.609284057617187500e+02 2.609307861328125000e+02 5.960424423217773438e+01 8.074754476547241211e-01 5.843341350555419922e-01 8.085180819034576416e-02 0.000000000000000000e+00 2.000000000000000000e+00
1.615665435791015625e+02 2.613925781250000000e+02 5.966814041137695312e+01 7.982674837112426758e-01 5.945835113525390625e-01 9.612186253070831299e-02 0.000000000000000000e+00 2.000000000000000000e+00
1.621915283203125000e+02 2.618580932617187500e+02 5.974339675903320312e+01 7.894101142883300781e-01 6.036469340324401855e-01 1.115443110466003418e-01 0.000000000000000000e+00 2.000000000000000000e+00
1.628050079345703125e+02 2.623272094726562500e+02 5.983008193969726562e+01 7.811909317970275879e-01 6.116279959678649902e-01 1.251075267791748047e-01 0.000000000000000000e+00 2.000000000000000000e+00
1.634083099365234375e+02 2.627995605468750000e+02 5.992670059204101562e+01 7.738355398178100586e-01 6.186388134956359863e-01 1.358841508626937866e-01 0.000000000000000000e+00 2.000000000000000000e+00
1.640019836425781250e+02 2.632741699218750000e+02 6.003094863891601562e+01 7.673167586326599121e-01 6.247881054878234863e-01 1.444468498229980469e-01 0.000000000000000000e+00 2.000000000000000000e+00
1.645848999023437500e+02 2.637488098144531250e+02 6.014068222045898438e+01 7.610566020011901855e-01 6.304031014442443848e-01 1.529207229614257812e-01 0.000000000000000000e+00 2.000000000000000000e+00
1.651537475585937500e+02 2.642200012207031250e+02 6.025498199462890625e+01 7.545582056045532227e-01 6.353402733802795410e-01 1.642702370882034302e-01 0.000000000000000000e+00 2.000000000000000000e+00
1.657034606933593750e+02 2.646828613281250000e+02 6.037465667724609375e+01 7.464364767074584961e-01 6.402679085731506348e-01 1.813549697399139404e-01 0.000000000000000000e+00 2.000000000000000000e+00
1.662280578613281250e+02 2.651328430175781250e+02 6.050211334228515625e+01 7.362076044082641602e-01 6.447234749794006348e-01 2.057427763938903809e-01 0.000000000000000000e+00 2.000000000000000000e+00
1.667230377197265625e+02 2.655663146972656250e+02 6.064044189453125000e+01 7.236142754554748535e-01 6.483160853385925293e-01 2.367881685495376587e-01 0.000000000000000000e+00 2.000000000000000000e+00
1.671869964599609375e+02 2.659819946289062500e+02 6.079226303100585938e+01 7.099142670631408691e-01 6.499772667884826660e-01 2.712032794952392578e-01 0.000000000000000000e+00 2.000000000000000000e+00
1.676223754882812500e+02 2.663806152343750000e+02 6.095858764648437500e+01 6.975330114364624023e-01 6.487613320350646973e-01 3.042308092117309570e-01 0.000000000000000000e+00 2.000000000000000000e+00
1.680357055664062500e+02 2.667650451660156250e+02 6.113886260986328125e+01 6.895212531089782715e-01 6.438473463058471680e-01 3.316940665245056152e-01 0.000000000000000000e+00 2.000000000000000000e+00
1.684362945556640625e+02 2.671390991210937500e+02 6.133156585693359375e+01 6.877443194389343262e-01 6.349586248397827148e-01 3.519021570682525635e-01 0.000000000000000000e+00 2.000000000000000000e+00
1.688339080810546875e+02 2.675061950683593750e+02 6.153501510620117188e+01 6.920979619026184082e-01 6.220940351486206055e-01 3.660594522953033447e-01 0.000000000000000000e+00 2.000000000000000000e+00
1.692368469238281250e+02 2.678683776855468750e+02 6.174813461303710938e+01 6.997627615928649902e-01 6.067576408386230469e-01 3.770639300346374512e-01 0.000000000000000000e+00 2.000000000000000000e+00
1.696496887207031250e+02 2.682263488769531250e+02 6.197059249877929688e+01 7.068810462951660156e-01 5.910403728485107422e-01 3.885749280452728271e-01 0.000000000000000000e+00 2.000000000000000000e+00
1.700715789794921875e+02 2.685791015625000000e+02 6.220250701904296875e+01 7.095900774002075195e-01 5.775917172431945801e-01 4.035712480545043945e-01 0.000000000000000000e+00 2.000000000000000000e+00
1.704963989257812500e+02 2.689248962402343750e+02 6.244411849975585938e+01 7.046321034431457520e-01 5.689032673835754395e-01 4.240786433219909668e-01 0.000000000000000000e+00 2.000000000000000000e+00
1.709142608642578125e+02 2.692622680664062500e+02 6.269560623168945312e+01 6.900938153266906738e-01 5.666382312774658203e-01 4.502130150794982910e-01 0.000000000000000000e+00 2.000000000000000000e+00
1.713145446777343750e+02 2.695909423828125000e+02 6.295674896240234375e+01 6.654601693153381348e-01 5.711536407470703125e-01 4.805687069892883301e-01 0.000000000000000000e+00 2.000000000000000000e+00
1.716890258789062500e+02 2.699123535156250000e+02 6.322718429565429688e+01 6.329794526100158691e-01 5.816054344177246094e-01 5.109521746635437012e-01 0.000000000000000000e+00 2.000000000000000000e+00
1.720345764160156250e+02 2.702298583984375000e+02 6.350611877441406250e+01 5.980083346366882324e-01 5.958940386772155762e-01 5.360003113746643066e-01 0.000000000000000000e+00 2.000000000000000000e+00
1.723539428710937500e+02 2.705480957031250000e+02 6.379236984252929688e+01 5.675531029701232910e-01 6.117645502090454102e-01 5.510241389274597168e-01 0.000000000000000000e+00 2.000000000000000000e+00
1.726548156738281250e+02 2.708724060058593750e+02 6.408448028564453125e+01 5.472785234451293945e-01 6.273742914199829102e-01 5.539745092391967773e-01 0.000000000000000000e+00 2.000000000000000000e+00
1.729478912353515625e+02 2.712083740234375000e+02 6.438114166259765625e+01 5.393251776695251465e-01 6.408076882362365723e-01 5.463460087776184082e-01 0.000000000000000000e+00 2.000000000000000000e+00
1.732444458007812500e+02 2.715607299804687500e+02 6.468155670166015625e+01 5.413528084754943848e-01 6.514706611633300781e-01 5.315289497375488281e-01 0.000000000000000000e+00 2.000000000000000000e+00
1.735538787841796875e+02 2.719331054687500000e+02 6.498537445068359375e+01 5.491476655006408691e-01 6.589874625205993652e-01 5.139769911766052246e-01 0.000000000000000000e+00 2.000000000000000000e+00
1.738820648193359375e+02 2.723269348144531250e+02 6.529254150390625000e+01 5.590909123420715332e-01 6.641982793807983398e-01 4.962438642978668213e-01 0.000000000000000000e+00 2.000000000000000000e+00
1.742313995361328125e+02 2.727419433593750000e+02 6.560260772705078125e+01 5.687661170959472656e-01 6.685760021209716797e-01 4.790733456611633301e-01 0.000000000000000000e+00 2.000000000000000000e+00
1.746011199951171875e+02 2.731765441894531250e+02 6.591402435302734375e+01 5.772373080253601074e-01 6.733905076980590820e-01 4.618899226188659668e-01 0.000000000000000000e+00 2.000000000000000000e+00
1.749884185791015625e+02 2.736283569335937500e+02 6.622393035888671875e+01 5.847212076187133789e-01 6.803262233734130859e-01 4.418793320655822754e-01 0.000000000000000000e+00 2.000000000000000000e+00
1.753906402587890625e+02 2.740963439941406250e+02 6.652789306640625000e+01 5.920086503028869629e-01 6.898614764213562012e-01 4.166735410690307617e-01 0.000000000000000000e+00 2.000000000000000000e+00
1.758061523437500000e+02 2.745805358886718750e+02 6.682034301757812500e+01 5.994940996170043945e-01 7.019082307815551758e-01 3.846187889575958252e-01 0.000000000000000000e+00 2.000000000000000000e+00
1.762345275878906250e+02 2.750820922851562500e+02 6.709517669677734375e+01 6.071421504020690918e-01 7.150235176086425781e-01 3.465829491615295410e-01 0.000000000000000000e+00 2.000000000000000000e+00
1.766757507324218750e+02 2.756017150878906250e+02 6.734704589843750000e+01 6.151404976844787598e-01 7.269484996795654297e-01 3.052017092704772949e-01 0.000000000000000000e+00 2.000000000000000000e+00
1.771295013427734375e+02 2.761379394531250000e+02 6.757217407226562500e+01 6.232476830482482910e-01 7.357875704765319824e-01 2.649129927158355713e-01 0.000000000000000000e+00 2.000000000000000000e+00
1.775941009521484375e+02 2.766864318847656250e+02 6.776965332031250000e+01 6.321772336959838867e-01 7.397823333740234375e-01 2.303781509399414062e-01 0.000000000000000000e+00 2.000000000000000000e+00
1.780666198730468750e+02 2.772393798828125000e+02 6.794184875488281250e+01 6.427204608917236328e-01 7.381483316421508789e-01 2.050549089908599854e-01 0.000000000000000000e+00 2.000000000000000000e+00
1.785438842773437500e+02 2.777875061035156250e+02 6.809411621093750000e+01 6.564543843269348145e-01 7.298762202262878418e-01 1.906525492668151855e-01 0.000000000000000000e+00 2.000000000000000000e+00
1.790236968994140625e+02 2.783209838867187500e+02 6.823346710205078125e+01 6.743149757385253906e-01 7.145133018493652344e-01 1.864672154188156128e-01 0.000000000000000000e+00 2.000000000000000000e+00
1.795054168701171875e+02 2.788314208984375000e+02 6.836667633056640625e+01 6.965208053588867188e-01 6.920039057731628418e-01 1.897090524435043335e-01 0.000000000000000000e+00 2.000000000000000000e+00
1.799901275634765625e+02 2.793129882812500000e+02 6.849869537353515625e+01 7.218195199966430664e-01 6.637912392616271973e-01 1.958510577678680420e-01 0.000000000000000000e+00 2.000000000000000000e+00
1.804794464111328125e+02 2.797629699707031250e+02 6.863146209716796875e+01 7.483186721801757812e-01 6.327086091041564941e-01 1.992458105087280273e-01 0.000000000000000000e+00 2.000000000000000000e+00
1.809747619628906250e+02 2.801817626953125000e+02 6.876334381103515625e+01 7.733703851699829102e-01 6.034237146377563477e-01 1.943659484386444092e-01 0.000000000000000000e+00 2.000000000000000000e+00
1.814763793945312500e+02 2.805731506347656250e+02 6.888941192626953125e+01 7.945393919944763184e-01 5.807970762252807617e-01 1.771493256092071533e-01 0.000000000000000000e+00 2.000000000000000000e+00
1.819829559326171875e+02 2.809434509277343750e+02 6.900235748291015625e+01 8.100014925003051758e-01 5.681273937225341797e-01 1.453575044870376587e-01 0.000000000000000000e+00 2.000000000000000000e+00
1.824921112060546875e+02 2.813005676269531250e+02 6.909372711181640625e+01 8.178701996803283691e-01 5.666749477386474609e-01 9.983968734741210938e-02 0.000000000000000000e+00 2.000000000000000000e+00
1.830003509521484375e+02 2.816527099609375000e+02 6.915576934814453125e+01 8.167229890823364258e-01 5.753020048141479492e-01 4.462142288684844971e-02 0.000000000000000000e+00 2.000000000000000000e+00
1.835039062500000000e+02 2.820074157714843750e+02 6.918328094482421875e+01 8.063325881958007812e-01 5.912989974021911621e-01 -1.390399970114231110e-02 0.000000000000000000e+00 2.000000000000000000e+00
1.839990081787109375e+02 2.823704833984375000e+02 6.917474365234375000e+01 7.877579927444458008e-01 6.122561693191528320e-01 -6.767368316650390625e-02 0.000000000000000000e+00 2.000000000000000000e+00
1.844827575683593750e+02 2.827464599609375000e+02 6.913318634033203125e+01 7.638944387435913086e-01 6.359273791313171387e-01 -1.098255887627601624e-01 0.000000000000000000e+00 2.000000000000000000e+00
1.849540405273437500e+02 2.831387939453125000e+02 6.906542968750000000e+01 7.381351590156555176e-01 6.607600450515747070e-01 -1.362080276012420654e-01 0.000000000000000000e+00 2.000000000000000000e+00
1.854141693115234375e+02 2.835506896972656250e+02 6.898052215576171875e+01 7.131444215774536133e-01 6.856212615966796875e-01 -1.461114585399627686e-01 0.000000000000000000e+00 2.000000000000000000e+00
1.858656768798828125e+02 2.839847717285156250e+02 6.888801574707031250e+01 6.907946467399597168e-01 7.090057730674743652e-01 -1.418224424123764038e-01 0.000000000000000000e+00 2.000000000000000000e+00
1.863113555908203125e+02 2.844421997070312500e+02 6.879651641845703125e+01 6.710710525512695312e-01 7.303159236907958984e-01 -1.276801228523254395e-01 0.000000000000000000e+00 2.000000000000000000e+00
1.867531280517578125e+02 2.849229736328125000e+02 6.871246337890625000e+01 6.527947187423706055e-01 7.497223615646362305e-01 -1.085148379206657410e-01 0.000000000000000000e+00 2.000000000000000000e+00
1.871911163330078125e+02 2.854259948730468750e+02 6.863965606689453125e+01 6.348321437835693359e-01 7.675073146820068359e-01 -8.899819105863571167e-02 0.000000000000000000e+00 2.000000000000000000e+00
1.876241455078125000e+02 2.859495239257812500e+02 6.857894897460937500e+01 6.165031194686889648e-01 7.839301228523254395e-01 -7.333070039749145508e-02 0.000000000000000000e+00 2.000000000000000000e+00
1.880504302978515625e+02 2.864915771484375000e+02 6.852824401855468750e+01 5.980118513107299805e-01 7.988911271095275879e-01 -6.445766985416412354e-02 0.000000000000000000e+00 2.000000000000000000e+00
1.884686126708984375e+02 2.870502319335937500e+02 6.848316955566406250e+01 5.802764892578125000e-01 8.118588924407958984e-01 -6.453048437833786011e-02 0.000000000000000000e+00 2.000000000000000000e+00
1.888776397705078125e+02 2.876224975585937500e+02 6.843768310546875000e+01 5.646790266036987305e-01 8.220330476760864258e-01 -7.348046451807022095e-02 0.000000000000000000e+00 2.000000000000000000e+00
1.892774963378906250e+02 2.882045898437500000e+02 6.838565063476562500e+01 5.519587397575378418e-01 8.290696144104003906e-01 -8.936002105474472046e-02 0.000000000000000000e+00 2.000000000000000000e+00
1.896682586669921875e+02 2.887915344238281250e+02 6.832238769531250000e+01 5.425082445144653320e-01 8.329590559005737305e-01 -1.089217513799667358e-01 0.000000000000000000e+00 2.000000000000000000e+00
1.900505371093750000e+02 2.893784790039062500e+02 6.824563598632812500e+01 5.366194844245910645e-01 8.340285420417785645e-01 -1.282029747962951660e-01 0.000000000000000000e+00 2.000000000000000000e+00
1.904257659912109375e+02 2.899616699218750000e+02 6.815599060058593750e+01 5.339521765708923340e-01 8.331758975982666016e-01 -1.439198106527328491e-01 0.000000000000000000e+00 2.000000000000000000e+00
1.907957763671875000e+02 2.905390319824218750e+02 6.805625915527343750e+01 5.346007943153381348e-01 8.308604359626770020e-01 -1.545083969831466675e-01 0.000000000000000000e+00 2.000000000000000000e+00
1.911628112792968750e+02 2.911094665527343750e+02 6.795018005371093750e+01 5.386270284652709961e-01 8.270378112792968750e-01 -1.609014272689819336e-01 0.000000000000000000e+00 2.000000000000000000e+00
1.915290527343750000e+02 2.916718139648437500e+02 6.784077453613281250e+01 5.462588667869567871e-01 8.209891319274902344e-01 -1.660666018724441528e-01 0.000000000000000000e+00 2.000000000000000000e+00
1.918961334228515625e+02 2.922235107421875000e+02 6.772917938232421875e+01 5.582344532012939453e-01 8.112598657608032227e-01 -1.738727092742919922e-01 0.000000000000000000e+00 2.000000000000000000e+00
1.922651977539062500e+02 2.927598571777343750e+02 6.761422729492187500e+01 5.749832987785339355e-01 7.963704466819763184e-01 -1.875853836536407471e-01 0.000000000000000000e+00 2.000000000000000000e+00
1.926368865966796875e+02 2.932746582031250000e+02 6.749296569824218750e+01 5.963804721832275391e-01 7.750856280326843262e-01 -2.087404578924179077e-01 0.000000000000000000e+00 2.000000000000000000e+00
1.930113677978515625e+02 2.937613525390625000e+02 6.736189270019531250e+01 6.215219497680664062e-01 7.466403245925903320e-01 -2.371471226215362549e-01 0.000000000000000000e+00 2.000000000000000000e+00
1.933888397216796875e+02 2.942148132324218750e+02 6.721786499023437500e+01 6.484835147857666016e-01 7.114445567131042480e-01 -2.707690298557281494e-01 0.000000000000000000e+00 2.000000000000000000e+00
1.937694854736328125e+02 2.946324157714843750e+02 6.705892944335937500e+01 6.748921871185302734e-01 6.711083054542541504e-01 -3.068130910396575928e-01 0.000000000000000000e+00 2.000000000000000000e+00
1.941532287597656250e+02 2.950140075683593750e+02 6.688447570800781250e+01 6.996486783027648926e-01 6.257662177085876465e-01 -3.448308110237121582e-01 0.000000000000000000e+00 2.000000000000000000e+00
1.945401916503906250e+02 2.953601074218750000e+02 6.669375610351562500e+01 7.226074934005737305e-01 5.728912353515625000e-01 -3.868257999420166016e-01 0.000000000000000000e+00 2.000000000000000000e+00
1.949307403564453125e+02 2.956697387695312500e+02 6.648468780517578125e+01 7.438119649887084961e-01 5.064361691474914551e-01 -4.361952543258666992e-01 0.000000000000000000e+00 2.000000000000000000e+00
1.953254852294921875e+02 2.959385070800781250e+02 6.625319671630859375e+01 7.611674070358276367e-01 4.190504252910614014e-01 -4.949957132339477539e-01 0.000000000000000000e+00 2.000000000000000000e+00
1.957250976562500000e+02 2.961585083007812500e+02 6.599332427978515625e+01 7.694228291511535645e-01 3.069103360176086426e-01 -5.601737499237060547e-01 0.000000000000000000e+00 2.000000000000000000e+00
1.961297454833984375e+02 2.963199157714843750e+02 6.569872283935546875e+01 7.622790932655334473e-01 1.770876795053482056e-01 -6.225516200065612793e-01 0.000000000000000000e+00 2.000000000000000000e+00
1.965386810302734375e+02 2.964149169921875000e+02 6.536474609375000000e+01 7.386681437492370605e-01 4.545818641781806946e-02 -6.725347042083740234e-01 0.000000000000000000e+00 2.000000000000000000e+00
1.969502716064453125e+02 2.964402465820312500e+02 6.499000549316406250e+01 7.041826248168945312e-01 -6.962751597166061401e-02 -7.065966725349426270e-01 0.000000000000000000e+00 2.000000000000000000e+00
1.973619995117187500e+02 2.963995361328125000e+02 6.457686614990234375e+01 6.673015356063842773e-01 -1.583089977502822876e-01 -7.277684807777404785e-01 0.000000000000000000e+00 2.000000000000000000e+00
1.977711944580078125e+02 2.963024597167968750e+02 6.413059234619140625e+01 6.340430974960327148e-01 -2.200498282909393311e-01 -7.413281202316284180e-01 0.000000000000000000e+00 2.000000000000000000e+00
1.981755065917968750e+02 2.961621398925781250e+02 6.365786743164062500e+01 6.069405078887939453e-01 -2.585690915584564209e-01 -7.515086531639099121e-01 0.000000000000000000e+00 2.000000000000000000e+00
1.985728607177734375e+02 2.959928588867187500e+02 6.316586685180664062e+01 5.858564376831054688e-01 -2.792139351367950439e-01 -7.607969045639038086e-01 0.000000000000000000e+00 2.000000000000000000e+00
1.989610290527343750e+02 2.958078613281250000e+02 6.266178894042968750e+01 5.702290534973144531e-01 -2.861882448196411133e-01 -7.700228095054626465e-01 0.000000000000000000e+00 2.000000000000000000e+00
1.993378448486328125e+02 2.956187438964843750e+02 6.215294647216796875e+01 5.592678189277648926e-01 -2.824390530586242676e-01 -7.793893218040466309e-01 0.000000000000000000e+00 2.000000000000000000e+00
1.997013854980468750e+02 2.954351501464843750e+02 6.164632034301757812e+01 5.528590083122253418e-01 -2.689936459064483643e-01 -7.886629700660705566e-01 0.000000000000000000e+00 2.000000000000000000e+00
2.000508117675781250e+02 2.952651367187500000e+02 6.114785766601562500e+01 5.513288378715515137e-01 -2.454630285501480103e-01 -7.973608970642089844e-01 0.000000000000000000e+00 2.000000000000000000e+00
2.003871612548828125e+02 2.951153869628906250e+02 6.066141128540039062e+01 5.553845763206481934e-01 -2.112737894058227539e-01 -8.043080568313598633e-01 0.000000000000000000e+00 2.000000000000000000e+00
2.007139892578125000e+02 2.949910583496093750e+02 6.018809890747070312e+01 5.648967027664184570e-01 -1.669419258832931519e-01 -8.080978989601135254e-01 0.000000000000000000e+00 2.000000000000000000e+00
2.010370025634765625e+02 2.948955993652343750e+02 5.972602081298828125e+01 5.791959762573242188e-01 -1.139757186174392700e-01 -8.071812987327575684e-01 0.000000000000000000e+00 2.000000000000000000e+00
2.013632965087890625e+02 2.948313903808593750e+02 5.927128982543945312e+01 5.968396663665771484e-01 -5.447947606444358826e-02 -8.005087971687316895e-01 0.000000000000000000e+00 2.000000000000000000e+00
2.016999664306640625e+02 2.948006591796875000e+02 5.881973266601562500e+01 6.158328056335449219e-01 8.464507758617401123e-03 -7.878313660621643066e-01 0.000000000000000000e+00 2.000000000000000000e+00
2.020529937744140625e+02 2.948055114746093750e+02 5.836810684204101562e+01 6.337727904319763184e-01 7.198074460029602051e-02 -7.701628208160400391e-01 0.000000000000000000e+00 2.000000000000000000e+00
2.024259490966796875e+02 2.948478698730468750e+02 5.791489028930664062e+01 6.488728523254394531e-01 1.346869170665740967e-01 -7.488813996315002441e-01 0.000000000000000000e+00 2.000000000000000000e+00
2.028193817138671875e+02 2.949295349121093750e+02 5.746081924438476562e+01 6.589017510414123535e-01 1.966146975755691528e-01 -7.260792255401611328e-01 0.000000000000000000e+00 2.000000000000000000e+00
2.032297973632812500e+02 2.950520019531250000e+02 5.700856018066406250e+01 6.628905534744262695e-01 2.571220695972442627e-01 -7.031815052032470703e-01 0.000000000000000000e+00 2.000000000000000000e+00
2.036508026123046875e+02 2.952153015136718750e+02 5.656196594238281250e+01 6.594351530075073242e-01 3.176124989986419678e-01 -6.813718676567077637e-01 0.000000000000000000e+00 2.000000000000000000e+00
2.040734863281250000e+02 2.954188842773437500e+02 5.612522125244140625e+01 6.480140686035156250e-01 3.786454796791076660e-01 -6.608368754386901855e-01 0.000000000000000000e+00 2.000000000000000000e+00
2.044885406494140625e+02 2.956614074707031250e+02 5.570195388793945312e+01 6.284676194190979004e-01 4.406605064868927002e-01 -6.409732699394226074e-01 0.000000000000000000e+00 2.000000000000000000e+00
2.048874816894531250e+02 2.959411315917968750e+02 5.529507446289062500e+01 6.021761894226074219e-01 5.023136734962463379e-01 -6.205359697341918945e-01 0.000000000000000000e+00 2.000000000000000000e+00
2.052640838623046875e+02 2.962552795410156250e+02 5.490699005126953125e+01 5.719650387763977051e-01 5.606983304023742676e-01 -5.987265110015869141e-01 0.000000000000000000e+00 2.000000000000000000e+00
2.056149902343750000e+02 2.965992736816406250e+02 5.453966522216796875e+01 5.417629480361938477e-01 6.128396987915039062e-01 -5.752568840980529785e-01 0.000000000000000000e+00 2.000000000000000000e+00
2.059394836425781250e+02 2.969663391113281250e+02 5.419511032104492188e+01 5.158311724662780762e-01 6.555590629577636719e-01 -5.515074729919433594e-01 0.000000000000000000e+00 2.000000000000000000e+00
2.062382049560546875e+02 2.973459777832031250e+02 5.387572860717773438e+01 4.973415136337280273e-01 6.872698664665222168e-01 -5.294446349143981934e-01 0.000000000000000000e+00 2.000000000000000000e+00
2.065118255615234375e+02 2.977240905761718750e+02 5.358444595336914062e+01 4.870693683624267578e-01 7.085135579109191895e-01 -5.106585025787353516e-01 0.000000000000000000e+00 2.000000000000000000e+00
2.067597808837890625e+02 2.980847778320312500e+02 5.332448196411132812e+01 4.843750596046447754e-01 7.205646038055419922e-01 -4.961526095867156982e-01 0.000000000000000000e+00 2.000000000000000000e+00
2.069797363281250000e+02 2.984119873046875000e+02 5.309917831420898438e+01 4.870936274528503418e-01 7.257071137428283691e-01 -4.858898818492889404e-01 0.000000000000000000e+00 2.000000000000000000e+00
2.071680603027343750e+02 2.986925659179687500e+02 5.291131973266601562e+01 4.930907487869262695e-01 7.260304093360900879e-01 -4.793134331703186035e-01 0.000000000000000000e+00 2.000000000000000000e+00
2.073215179443359375e+02 2.989185180664062500e+02 5.276214981079101562e+01 4.930907487869262695e-01 7.260304093360900879e-01 -4.793134331703186035e-01 0.000000000000000000e+00 2.000000000000000000e+00
