3.279999389648437500e+02 2.049603881835937500e+02 2.561635437011718750e+02 9.127179980278015137e-01 -4.053928256034851074e-01 5.101485177874565125e-02 0.000000000000000000e+00 1.000000000000000000e+00
3.277138366699218750e+02 2.050874633789062500e+02 2.561475524902343750e+02 9.177153110504150391e-01 -3.922066688537597656e-01 6.302782148122787476e-02 0.000000000000000000e+00 1.000000000000000000e+00
3.273428039550781250e+02 2.052460327148437500e+02 2.561220703125000000e+02 9.233622550964355469e-01 -3.758964240550994873e-01 7.812871783971786499e-02 0.000000000000000000e+00 1.000000000000000000e+00
3.268937683105468750e+02 2.054288330078125000e+02 2.560840759277343750e+02 9.288346767425537109e-01 -3.577381074428558350e-01 9.638223797082901001e-02 0.000000000000000000e+00 1.000000000000000000e+00
3.263817443847656250e+02 2.056260375976562500e+02 2.560309448242187500e+02 9.329832196235656738e-01 -3.407136499881744385e-01 1.160023286938667297e-01 0.000000000000000000e+00 1.000000000000000000e+00
3.258254394531250000e+02 2.058291931152343750e+02 2.559617767333984375e+02 9.343491196632385254e-01 -3.297774791717529297e-01 1.350501030683517456e-01 0.000000000000000000e+00 1.000000000000000000e+00
3.252422790527343750e+02 2.060350189208984375e+02 2.558774871826171875e+02 9.314796924591064453e-01 -3.308270275592803955e-01 1.513243615627288818e-01 0.000000000000000000e+00 1.000000000000000000e+00
3.246455688476562500e+02 2.062469482421875000e+02 2.557805480957031250e+02 9.231233000755310059e-01 -3.480095267295837402e-01 1.635019481182098389e-01 0.000000000000000000e+00 1.000000000000000000e+00
3.240440673828125000e+02 2.064737091064453125e+02 2.556740112304687500e+02 9.082733392715454102e-01 -3.812801241874694824e-01 1.722356677055358887e-01 0.000000000000000000e+00 1.000000000000000000e+00
3.234431457519531250e+02 2.067259674072265625e+02 2.555600585937500000e+02 8.868240118026733398e-01 -4.259814620018005371e-01 1.791169345378875732e-01 0.000000000000000000e+00 1.000000000000000000e+00
3.228469238281250000e+02 2.070123596191406250e+02 2.554396362304687500e+02 8.600111007690429688e-01 -4.752175807952880859e-01 1.858740895986557007e-01 0.000000000000000000e+00 1.000000000000000000e+00
3.222594604492187500e+02 2.073369750976562500e+02 2.553126678466796875e+02 8.301120400428771973e-01 -5.233554840087890625e-01 1.923877149820327759e-01 0.000000000000000000e+00 1.000000000000000000e+00
3.216855468750000000e+02 2.076988067626953125e+02 2.551796569824218750e+02 7.991163134574890137e-01 -5.678012371063232422e-01 1.975218206644058228e-01 0.000000000000000000e+00 1.000000000000000000e+00
3.211291503906250000e+02 2.080941467285156250e+02 2.550421295166015625e+02 7.679451704025268555e-01 -6.085768342018127441e-01 1.997358053922653198e-01 0.000000000000000000e+00 1.000000000000000000e+00
3.205938720703125000e+02 2.085183410644531250e+02 2.549029083251953125e+02 7.359017133712768555e-01 -6.471359729766845703e-01 1.991575956344604492e-01 0.000000000000000000e+00 1.000000000000000000e+00
3.200824279785156250e+02 2.089680938720703125e+02 2.547644958496093750e+02 7.015821337699890137e-01 -6.848421096801757812e-01 1.969105750322341919e-01 0.000000000000000000e+00 1.000000000000000000e+00
3.195970458984375000e+02 2.094418945312500000e+02 2.546282653808593750e+02 6.625601053237915039e-01 -7.230643630027770996e-01 1.954275816679000854e-01 0.000000000000000000e+00 1.000000000000000000e+00
3.191400451660156250e+02 2.099406280517578125e+02 2.544934692382812500e+02 6.174134016036987305e-01 -7.617460489273071289e-01 1.963251680135726929e-01 0.000000000000000000e+00 1.000000000000000000e+00
3.187136840820312500e+02 2.104666595458984375e+02 2.543578948974609375e+02 5.659833550453186035e-01 -8.002030849456787109e-01 1.983379274606704712e-01 0.000000000000000000e+00 1.000000000000000000e+00
3.183204040527343750e+02 2.110226898193359375e+02 2.542200775146484375e+02 5.110881924629211426e-01 -8.360162973403930664e-01 1.996635049581527710e-01 0.000000000000000000e+00 1.000000000000000000e+00
3.179611816406250000e+02 2.116102905273437500e+02 2.540797424316406250e+02 4.569669067859649658e-01 -8.672345876693725586e-01 1.977005153894424438e-01 0.000000000000000000e+00 1.000000000000000000e+00
3.176356811523437500e+02 2.122280273437500000e+02 2.539389190673828125e+02 4.085200726985931396e-01 -8.922871351242065430e-01 1.921849250793457031e-01 0.000000000000000000e+00 1.000000000000000000e+00
3.173414306640625000e+02 2.128707275390625000e+02 2.538004913330078125e+02 3.702284395694732666e-01 -9.105486869812011719e-01 1.839343309402465820e-01 0.000000000000000000e+00 1.000000000000000000e+00
3.170733032226562500e+02 2.135301666259765625e+02 2.536672821044921875e+02 3.457267880439758301e-01 -9.220013022422790527e-01 1.743176281452178955e-01 0.000000000000000000e+00 1.000000000000000000e+00
3.168229980468750000e+02 2.141976928710937500e+02 2.535410766601562500e+02 3.368111848831176758e-01 -9.271814227104187012e-01 1.639905422925949097e-01 0.000000000000000000e+00 1.000000000000000000e+00
3.165797119140625000e+02 2.148674163818359375e+02 2.534226226806640625e+02 3.432910442352294922e-01 -9.267425537109375000e-01 1.526416838169097900e-01 0.000000000000000000e+00 1.000000000000000000e+00
3.163310852050781250e+02 2.155386047363281250e+02 2.533120727539062500e+02 3.622366786003112793e-01 -9.216038584709167480e-01 1.393952816724777222e-01 0.000000000000000000e+00 1.000000000000000000e+00
3.160649414062500000e+02 2.162157287597656250e+02 2.532096557617187500e+02 3.879540562629699707e-01 -9.132891297340393066e-01 1.240750327706336975e-01 0.000000000000000000e+00 1.000000000000000000e+00
3.157717590332031250e+02 2.169059143066406250e+02 2.531158905029296875e+02 4.142277240753173828e-01 -9.037907719612121582e-01 1.075996905565261841e-01 0.000000000000000000e+00 1.000000000000000000e+00
3.154465637207031250e+02 2.176154479980468750e+02 2.530314178466796875e+02 4.372613728046417236e-01 -8.946256637573242188e-01 9.190963208675384521e-02 0.000000000000000000e+00 1.000000000000000000e+00
3.150891113281250000e+02 2.183467864990234375e+02 2.529562835693359375e+02 4.556733369827270508e-01 -8.866864442825317383e-01 7.841518521308898926e-02 0.000000000000000000e+00 1.000000000000000000e+00
3.147033996582031250e+02 2.190973358154296875e+02 2.528899078369140625e+02 4.709431231021881104e-01 -8.795772790908813477e-01 6.750137358903884888e-02 0.000000000000000000e+00 1.000000000000000000e+00
3.142951354980468750e+02 2.198598480224609375e+02 2.528313903808593750e+02 4.853180646896362305e-01 -8.723502159118652344e-01 5.891929194331169128e-02 0.000000000000000000e+00 1.000000000000000000e+00
3.138698120117187500e+02 2.206243591308593750e+02 2.527797546386718750e+02 5.012792944908142090e-01 -8.637194633483886719e-01 5.203633382916450500e-02 0.000000000000000000e+00 1.000000000000000000e+00
3.134313354492187500e+02 2.213798675537109375e+02 2.527342376708984375e+02 5.204817652702331543e-01 -8.526252508163452148e-01 4.613986983895301819e-02 0.000000000000000000e+00 1.000000000000000000e+00
3.129815673828125000e+02 2.221166534423828125e+02 2.526943664550781250e+02 5.439552664756774902e-01 -8.381204605102539062e-01 4.082725942134857178e-02 0.000000000000000000e+00 1.000000000000000000e+00
3.125206909179687500e+02 2.228267669677734375e+02 2.526597747802734375e+02 5.707346796989440918e-01 -8.203273415565490723e-01 3.640162199735641479e-02 0.000000000000000000e+00 1.000000000000000000e+00
3.120484313964843750e+02 2.235055541992187500e+02 2.526296539306640625e+02 5.988035798072814941e-01 -8.001866936683654785e-01 3.369922935962677002e-02 0.000000000000000000e+00 1.000000000000000000e+00
3.115647277832031250e+02 2.241519317626953125e+02 2.526024322509765625e+02 6.253500580787658691e-01 -7.796025872230529785e-01 3.401663526892662048e-02 0.000000000000000000e+00 1.000000000000000000e+00
3.110704650878906250e+02 2.247681121826171875e+02 2.525755462646484375e+02 6.480001807212829590e-01 -7.606446146965026855e-01 3.893031924962997437e-02 0.000000000000000000e+00 1.000000000000000000e+00
3.105673217773437500e+02 2.253587188720703125e+02 2.525453186035156250e+02 6.649690866470336914e-01 -7.452163696289062500e-01 4.968640580773353577e-02 0.000000000000000000e+00 1.000000000000000000e+00
3.100580139160156250e+02 2.259294891357421875e+02 2.525072631835937500e+02 6.756674051284790039e-01 -7.341436147689819336e-01 6.713194400072097778e-02 0.000000000000000000e+00 1.000000000000000000e+00
3.095458374023437500e+02 2.264859924316406250e+02 2.524563751220703125e+02 6.803945302963256836e-01 -7.271678447723388672e-01 9.105071425437927246e-02 0.000000000000000000e+00 1.000000000000000000e+00
3.090342102050781250e+02 2.270327911376953125e+02 2.523879089355468750e+02 6.796678304672241211e-01 -7.235931754112243652e-01 1.202684193849563599e-01 0.000000000000000000e+00 1.000000000000000000e+00
3.085268249511718750e+02 2.275729675292968750e+02 2.522981262207031250e+02 6.740733385086059570e-01 -7.227481603622436523e-01 1.525131016969680786e-01 0.000000000000000000e+00 1.000000000000000000e+00
3.080274963378906250e+02 2.281083526611328125e+02 2.521851501464843750e+02 6.641502976417541504e-01 -7.241305708885192871e-01 1.858472824096679688e-01 0.000000000000000000e+00 1.000000000000000000e+00
3.075402221679687500e+02 2.286396331787109375e+02 2.520487976074218750e+02 6.497262120246887207e-01 -7.280645370483398438e-01 2.185813784599304199e-01 0.000000000000000000e+00 1.000000000000000000e+00
3.070690612792968750e+02 2.291676025390625000e+02 2.518902893066406250e+02 6.312170028686523438e-01 -7.343429327011108398e-01 2.496104538440704346e-01 0.000000000000000000e+00 1.000000000000000000e+00
3.066176757812500000e+02 2.296927337646484375e+02 2.517117919921875000e+02 6.078887581825256348e-01 -7.433504462242126465e-01 2.791082859039306641e-01 0.000000000000000000e+00 1.000000000000000000e+00
3.061893005371093750e+02 2.302165679931640625e+02 2.515151062011718750e+02 5.792297124862670898e-01 -7.549725770950317383e-01 3.074238300323486328e-01 0.000000000000000000e+00 1.000000000000000000e+00
3.057863159179687500e+02 2.307418212890625000e+02 2.513012237548828125e+02 5.455599427223205566e-01 -7.682790160179138184e-01 3.348307311534881592e-01 0.000000000000000000e+00 1.000000000000000000e+00
3.054100036621093750e+02 2.312717590332031250e+02 2.510702667236328125e+02 5.071583986282348633e-01 -7.825572490692138672e-01 3.611017465591430664e-01 0.000000000000000000e+00 1.000000000000000000e+00
3.050613708496093750e+02 2.318097076416015625e+02 2.508220367431640625e+02 4.659109115600585938e-01 -7.964243292808532715e-01 3.855325281620025635e-01 0.000000000000000000e+00 1.000000000000000000e+00
3.047406616210937500e+02 2.323579254150390625e+02 2.505566558837890625e+02 4.235818088054656982e-01 -8.090677857398986816e-01 4.074159264564514160e-01 0.000000000000000000e+00 1.000000000000000000e+00
3.044479980468750000e+02 2.329169311523437500e+02 2.502751617431640625e+02 3.822122514247894287e-01 -8.199665546417236328e-01 4.261087477207183838e-01 0.000000000000000000e+00 1.000000000000000000e+00
3.041830749511718750e+02 2.334852752685546875e+02 2.499798126220703125e+02 3.435348868370056152e-01 -8.288604021072387695e-01 4.415588974952697754e-01 0.000000000000000000e+00 1.000000000000000000e+00
3.039447326660156250e+02 2.340603332519531250e+02 2.496734619140625000e+02 3.090282976627349854e-01 -8.359453678131103516e-01 4.535382390022277832e-01 0.000000000000000000e+00 1.000000000000000000e+00
3.037307434082031250e+02 2.346391906738281250e+02 2.493594055175781250e+02 2.810546159744262695e-01 -8.409504294395446777e-01 4.623965919017791748e-01 0.000000000000000000e+00 1.000000000000000000e+00
3.035369873046875000e+02 2.352189331054687500e+02 2.490406341552734375e+02 2.611765265464782715e-01 -8.440406322479248047e-01 4.683825075626373291e-01 0.000000000000000000e+00 1.000000000000000000e+00
3.033578491210937500e+02 2.357978515625000000e+02 2.487193756103515625e+02 2.524030804634094238e-01 -8.447858691215515137e-01 4.718363881111145020e-01 0.000000000000000000e+00 1.000000000000000000e+00
3.031855468750000000e+02 2.363745422363281250e+02 2.483972778320312500e+02 2.586910128593444824e-01 -8.423626422882080078e-01 4.727623164653778076e-01 0.000000000000000000e+00 1.000000000000000000e+00
3.030097656250000000e+02 2.369469299316406250e+02 2.480760345458984375e+02 2.847982048988342285e-01 -8.351294994354248047e-01 4.705832898616790771e-01 0.000000000000000000e+00 1.000000000000000000e+00
3.028173522949218750e+02 2.375111541748046875e+02 2.477581024169921875e+02 3.365456163883209229e-01 -8.197549581527709961e-01 4.633991718292236328e-01 0.000000000000000000e+00 1.000000000000000000e+00
3.025918273925781250e+02 2.380604858398437500e+02 2.474475708007812500e+02 -4.162104129791259766e-01 7.912966012954711914e-01 -4.479046165943145752e-01 0.000000000000000000e+00 1.000000000000000000e+00
3.023157043457031250e+02 2.385854492187500000e+02 2.471504211425781250e+02 -5.207915902137756348e-01 7.431275844573974609e-01 -4.201636016368865967e-01 0.000000000000000000e+00 1.000000000000000000e+00
3.019726562500000000e+02 2.390749511718750000e+02 2.468736572265625000e+02 -6.374453902244567871e-01 6.717757582664489746e-01 -3.773338496685028076e-01 0.000000000000000000e+00 1.000000000000000000e+00
3.015516357421875000e+02 2.395186462402343750e+02 2.466244354248046875e+02 -7.468677759170532227e-01 5.817914605140686035e-01 -3.220359981060028076e-01 0.000000000000000000e+00 1.000000000000000000e+00
3.010489807128906250e+02 2.399102020263671875e+02 2.464076995849609375e+02 -8.335187435150146484e-01 4.865962862968444824e-01 -2.616687715053558350e-01 0.000000000000000000e+00 1.000000000000000000e+00
3.004698486328125000e+02 2.402482910156250000e+02 2.462258911132812500e+02 -8.940424323081970215e-01 3.993234336376190186e-01 -2.030490338802337646e-01 0.000000000000000000e+00 1.000000000000000000e+00
2.998254699707031250e+02 2.405361022949218750e+02 2.460795440673828125e+02 -9.336600899696350098e-01 3.257001340389251709e-01 -1.489909291267395020e-01 0.000000000000000000e+00 1.000000000000000000e+00
2.991295471191406250e+02 2.407788696289062500e+02 2.459684906005859375e+02 -9.596353173255920410e-01 2.640492022037506104e-01 -9.684063494205474854e-02 0.000000000000000000e+00 1.000000000000000000e+00
2.983949890136718750e+02 2.409809875488281250e+02 2.458943634033203125e+02 -9.770897626876831055e-01 2.084926515817642212e-01 -4.273670166730880737e-02 0.000000000000000000e+00 1.000000000000000000e+00
2.976309814453125000e+02 2.411440124511718750e+02 2.458609466552734375e+02 -9.878666996955871582e-01 1.546603888273239136e-01 1.412441115826368332e-02 0.000000000000000000e+00 1.000000000000000000e+00
2.968433837890625000e+02 2.412673187255859375e+02 2.458722076416015625e+02 -9.923862218856811523e-01 1.011211648583412170e-01 7.031418383121490479e-02 0.000000000000000000e+00 1.000000000000000000e+00
2.960357971191406250e+02 2.413496093750000000e+02 2.459294281005859375e+02 -9.915195107460021973e-01 5.061656981706619263e-02 1.196958944201469421e-01 0.000000000000000000e+00 1.000000000000000000e+00
2.952114257812500000e+02 2.413916931152343750e+02 2.460289459228515625e+02 -9.877077937126159668e-01 7.792388554662466049e-03 1.561177223920822144e-01 0.000000000000000000e+00 1.000000000000000000e+00
2.943739624023437500e+02 2.413983001708984375e+02 2.461613159179687500e+02 -9.839141964912414551e-01 -2.364717423915863037e-02 1.770697534084320068e-01 0.000000000000000000e+00 1.000000000000000000e+00
2.935282897949218750e+02 2.413779754638671875e+02 2.463135070800781250e+02 -9.819460511207580566e-01 -4.289267957210540771e-02 1.842339336872100830e-01 0.000000000000000000e+00 1.000000000000000000e+00
2.926787414550781250e+02 2.413408660888671875e+02 2.464729003906250000e+02 -9.821509122848510742e-01 -5.017234012484550476e-02 1.812797635793685913e-01 0.000000000000000000e+00 1.000000000000000000e+00
2.918286437988281250e+02 2.412974395751953125e+02 2.466298065185546875e+02 -9.837681651115417480e-01 -4.764734581112861633e-02 1.730024963617324829e-01 0.000000000000000000e+00 1.000000000000000000e+00
2.909802246093750000e+02 2.412563476562500000e+02 2.467790069580078125e+02 -9.857375621795654297e-01 -3.869961574673652649e-02 1.637797653675079346e-01 0.000000000000000000e+00 1.000000000000000000e+00
2.901344909667968750e+02 2.412231445312500000e+02 2.469195251464843750e+02 -9.872069954872131348e-01 -2.646154910326004028e-02 1.572327017784118652e-01 0.000000000000000000e+00 1.000000000000000000e+00
2.892914123535156250e+02 2.412005462646484375e+02 2.470538024902343750e+02 -9.876979589462280273e-01 -1.340790838003158569e-02 1.557973921298980713e-01 0.000000000000000000e+00 1.000000000000000000e+00
2.884517517089843750e+02 2.411891479492187500e+02 2.471862487792968750e+02 -9.868906140327453613e-01 -4.872553690802305937e-04 1.613898128271102905e-01 0.000000000000000000e+00 1.000000000000000000e+00
2.876173095703125000e+02 2.411887359619140625e+02 2.473227081298828125e+02 -9.846583604812622070e-01 1.245667412877082825e-02 1.740484237670898438e-01 0.000000000000000000e+00 1.000000000000000000e+00
2.867898864746093750e+02 2.411992034912109375e+02 2.474689636230468750e+02 -9.809901118278503418e-01 2.509925886988639832e-02 1.924276500940322876e-01 0.000000000000000000e+00 1.000000000000000000e+00
2.859704589843750000e+02 2.412201690673828125e+02 2.476296997070312500e+02 -9.765146970748901367e-01 3.689006716012954712e-02 2.122690677642822266e-01 0.000000000000000000e+00 1.000000000000000000e+00
2.851573791503906250e+02 2.412508850097656250e+02 2.478064422607421875e+02 -9.723713994026184082e-01 4.657266661524772644e-02 2.287459075450897217e-01 0.000000000000000000e+00 1.000000000000000000e+00
2.843465881347656250e+02 2.412897186279296875e+02 2.479971771240234375e+02 -9.696474075317382812e-01 5.303724855184555054e-02 2.386857867240905762e-01 0.000000000000000000e+00 1.000000000000000000e+00
2.835325622558593750e+02 2.413342437744140625e+02 2.481975555419921875e+02 -9.688636660575866699e-01 5.657045915722846985e-02 2.410456091165542603e-01 0.000000000000000000e+00 1.000000000000000000e+00
2.827114562988281250e+02 2.413821868896484375e+02 2.484018402099609375e+02 -9.692605733871459961e-01 5.907118320465087891e-02 2.388398349285125732e-01 0.000000000000000000e+00 1.000000000000000000e+00
2.818837280273437500e+02 2.414326324462890625e+02 2.486058044433593750e+02 -9.696212410926818848e-01 6.372367590665817261e-02 2.361650615930557251e-01 0.000000000000000000e+00 1.000000000000000000e+00
2.810550842285156250e+02 2.414870910644531250e+02 2.488076324462890625e+02 -9.688327908515930176e-01 7.391817122697830200e-02 2.364299595355987549e-01 0.000000000000000000e+00 1.000000000000000000e+00
2.802351074218750000e+02 2.415496520996093750e+02 2.490077362060546875e+02 -9.661024808883666992e-01 9.184595942497253418e-02 2.412680983543395996e-01 0.000000000000000000e+00 1.000000000000000000e+00
2.794337158203125000e+02 2.416258392333984375e+02 2.492078704833984375e+02 -9.608760476112365723e-01 1.178229674696922302e-01 2.506690621376037598e-01 0.000000000000000000e+00 1.000000000000000000e+00
2.786578369140625000e+02 2.417209777832031250e+02 2.494102783203125000e+02 -9.530111551284790039e-01 1.503209620714187622e-01 2.630082368850708008e-01 0.000000000000000000e+00 1.000000000000000000e+00
2.779097595214843750e+02 2.418389739990234375e+02 2.496167297363281250e+02 -9.430065155029296875e-01 1.857141405344009399e-01 2.761320471763610840e-01 0.000000000000000000e+00 1.000000000000000000e+00
2.771871032714843750e+02 2.419812927246093750e+02 2.498283386230468750e+02 -9.318619966506958008e-01 2.198998332023620605e-01 2.885780334472656250e-01 0.000000000000000000e+00 1.000000000000000000e+00
2.764846191406250000e+02 2.421470642089843750e+02 2.500458831787109375e+02 -9.207704067230224609e-01 2.500580847263336182e-01 2.994207739830017090e-01 0.000000000000000000e+00 1.000000000000000000e+00
2.757961120605468750e+02 2.423340454101562500e+02 2.502697753906250000e+02 -9.106346368789672852e-01 2.748619019985198975e-01 3.085376620292663574e-01 0.000000000000000000e+00 1.000000000000000000e+00
2.751161193847656250e+02 2.425392913818359375e+02 2.505001678466796875e+02 -9.016270041465759277e-01 2.947681546211242676e-01 3.165130317211151123e-01 0.000000000000000000e+00 1.000000000000000000e+00
2.744410400390625000e+02 2.427599945068359375e+02 2.507371520996093750e+02 -8.939607739448547363e-01 3.101413846015930176e-01 3.234910368919372559e-01 0.000000000000000000e+00 1.000000000000000000e+00
2.737676696777343750e+02 2.429936065673828125e+02 2.509808197021484375e+02 -8.872237205505371094e-01 3.223324716091156006e-01 3.300544619560241699e-01 0.000000000000000000e+00 1.000000000000000000e+00
2.730944519042968750e+02 2.432381896972656250e+02 2.512312622070312500e+02 -8.813498020172119141e-01 3.321320116519927979e-01 3.360220789909362793e-01 0.000000000000000000e+00 1.000000000000000000e+00
2.724203186035156250e+02 2.434922332763671875e+02 2.514882812500000000e+02 -8.759718537330627441e-01 3.400708734989166260e-01 3.420893251895904541e-01 0.000000000000000000e+00 1.000000000000000000e+00
2.717448730468750000e+02 2.437544555664062500e+02 2.517520599365234375e+02 -8.711230158805847168e-01 3.464198708534240723e-01 3.480488359928131104e-01 0.000000000000000000e+00 1.000000000000000000e+00
2.710675964355468750e+02 2.440237884521484375e+02 2.520226593017578125e+02 -8.667868971824645996e-01 3.512149155139923096e-01 3.540177941322326660e-01 0.000000000000000000e+00 1.000000000000000000e+00
2.703880920410156250e+02 2.442991180419921875e+02 2.523001861572265625e+02 -8.631234169006347656e-01 3.543612957000732422e-01 3.597860038280487061e-01 0.000000000000000000e+00 1.000000000000000000e+00
2.697058715820312500e+02 2.445792083740234375e+02 2.525845642089843750e+02 -8.602172136306762695e-01 3.558799624443054199e-01 3.652064204216003418e-01 0.000000000000000000e+00 1.000000000000000000e+00
2.690204772949218750e+02 2.448627624511718750e+02 2.528755493164062500e+02 -8.581009507179260254e-01 3.559073507785797119e-01 3.701254129409790039e-01 0.000000000000000000e+00 1.000000000000000000e+00
2.683316345214843750e+02 2.451484680175781250e+02 2.531726684570312500e+02 -8.564035296440124512e-01 3.551507890224456787e-01 3.747544288635253906e-01 0.000000000000000000e+00 1.000000000000000000e+00
2.676397094726562500e+02 2.454354095458984375e+02 2.534754486083984375e+02 -8.547238707542419434e-01 3.542514145374298096e-01 3.794113695621490479e-01 0.000000000000000000e+00 1.000000000000000000e+00
2.669461364746093750e+02 2.457228698730468750e+02 2.537833251953125000e+02 -8.526642322540283203e-01 3.537617325782775879e-01 3.844689130783081055e-01 0.000000000000000000e+00 1.000000000000000000e+00
2.662533874511718750e+02 2.460102844238281250e+02 2.540956878662109375e+02 -8.498951792716979980e-01 3.538560569286346436e-01 3.904664218425750732e-01 0.000000000000000000e+00 1.000000000000000000e+00
2.655651245117187500e+02 2.462968444824218750e+02 2.544118957519531250e+02 -8.467381596565246582e-01 3.539518415927886963e-01 3.971807360649108887e-01 0.000000000000000000e+00 1.000000000000000000e+00
2.648857727050781250e+02 2.465808258056640625e+02 2.547305603027343750e+02 -8.437841534614562988e-01 3.531147837638854980e-01 4.041512012481689453e-01 0.000000000000000000e+00 1.000000000000000000e+00
2.642202758789062500e+02 2.468593292236328125e+02 2.550493164062500000e+02 -8.418355584144592285e-01 3.506290912628173828e-01 4.103317856788635254e-01 0.000000000000000000e+00 1.000000000000000000e+00
2.635735168457031250e+02 2.471287078857421875e+02 2.553645629882812500e+02 -8.414445519447326660e-01 3.460471034049987793e-01 4.149970412254333496e-01 0.000000000000000000e+00 1.000000000000000000e+00
2.629500732421875000e+02 2.473851013183593750e+02 2.556720428466796875e+02 -8.429835438728332520e-01 3.398779630661010742e-01 4.169672429561614990e-01 0.000000000000000000e+00 1.000000000000000000e+00
2.623530578613281250e+02 2.476258087158203125e+02 2.559673461914062500e+02 -8.460480570793151855e-01 3.328022062778472900e-01 4.164678156375885010e-01 0.000000000000000000e+00 1.000000000000000000e+00
2.617839965820312500e+02 2.478496551513671875e+02 2.562474670410156250e+02 -8.500685691833496094e-01 3.264027833938598633e-01 4.133334755897521973e-01 0.000000000000000000e+00 1.000000000000000000e+00
2.612419128417968750e+02 2.480578002929687500e+02 2.565110473632812500e+02 -8.542349338531494141e-01 3.217010200023651123e-01 4.084007740020751953e-01 0.000000000000000000e+00 1.000000000000000000e+00
2.607230834960937500e+02 2.482531890869140625e+02 2.567590942382812500e+02 -8.575457334518432617e-01 3.196729421615600586e-01 4.030193388462066650e-01 0.000000000000000000e+00 1.000000000000000000e+00
2.602221069335937500e+02 2.484399414062500000e+02 2.569945373535156250e+02 -8.595530986785888672e-01 3.209811449050903320e-01 3.976677060127258301e-01 0.000000000000000000e+00 1.000000000000000000e+00
2.597319335937500000e+02 2.486229858398437500e+02 2.572213134765625000e+02 -8.602998852729797363e-01 3.258066475391387939e-01 3.920893073081970215e-01 0.000000000000000000e+00 1.000000000000000000e+00
2.592449340820312500e+02 2.488074188232421875e+02 2.574432678222656250e+02 -8.601726293563842773e-01 3.347489535808563232e-01 3.847676813602447510e-01 0.000000000000000000e+00 1.000000000000000000e+00
2.587534484863281250e+02 2.489986877441406250e+02 2.576631164550781250e+02 -8.601726293563842773e-01 3.347489535808563232e-01 3.847676813602447510e-01 0.000000000000000000e+00 1.000000000000000000e+00
