3.382326660156250000e+02 6.828894805908203125e+01 1.811938934326171875e+02 8.818822503089904785e-01 -3.855336308479309082e-01 -2.713808119297027588e-01 0.000000000000000000e+00 1.000000000000000000e+00
3.380411682128906250e+02 6.837266540527343750e+01 1.812528228759765625e+02 8.812163472175598145e-01 -3.853034079074859619e-01 -2.738595604896545410e-01 0.000000000000000000e+00 1.000000000000000000e+00
3.377913513183593750e+02 6.848189544677734375e+01 1.813304595947265625e+02 8.800633549690246582e-01 -3.845478892326354980e-01 -2.785881757736206055e-01 0.000000000000000000e+00 1.000000000000000000e+00
3.374869995117187500e+02 6.861488342285156250e+01 1.814268035888671875e+02 8.778486847877502441e-01 -3.832195699214935303e-01 -2.872708141803741455e-01 0.000000000000000000e+00 1.000000000000000000e+00
3.371378479003906250e+02 6.876730346679687500e+01 1.815410614013671875e+02 8.737532496452331543e-01 -3.810358047485351562e-01 -3.022696971893310547e-01 0.000000000000000000e+00 1.000000000000000000e+00
3.367575073242187500e+02 6.893316650390625000e+01 1.816726379394531250e+02 8.668367862701416016e-01 -3.771099746227264404e-01 -3.261626660823822021e-01 0.000000000000000000e+00 1.000000000000000000e+00
3.363602905273437500e+02 6.910597229003906250e+01 1.818220977783203125e+02 8.554590940475463867e-01 -3.708866238594055176e-01 -3.614317774772644043e-01 0.000000000000000000e+00 1.000000000000000000e+00
3.359592285156250000e+02 6.927985382080078125e+01 1.819915466308593750e+02 8.380926251411437988e-01 -3.615825474262237549e-01 -4.084834754467010498e-01 0.000000000000000000e+00 1.000000000000000000e+00
3.355645446777343750e+02 6.945013427734375000e+01 1.821839141845703125e+02 8.139127492904663086e-01 -3.490243256092071533e-01 -4.644653201103210449e-01 0.000000000000000000e+00 1.000000000000000000e+00
3.351829528808593750e+02 6.961376953125000000e+01 1.824016723632812500e+02 7.840715050697326660e-01 -3.338296413421630859e-01 -5.232492089271545410e-01 0.000000000000000000e+00 1.000000000000000000e+00
3.348175964355468750e+02 6.976932525634765625e+01 1.826454925537109375e+02 7.519024014472961426e-01 -3.176309466361999512e-01 -5.777139663696289062e-01 0.000000000000000000e+00 1.000000000000000000e+00
3.344685058593750000e+02 6.991679382324218750e+01 1.829137115478515625e+02 7.217037081718444824e-01 -3.027661740779876709e-01 -6.224760413169860840e-01 0.000000000000000000e+00 1.000000000000000000e+00
3.341337890625000000e+02 7.005721282958984375e+01 1.832024078369140625e+02 6.974180340766906738e-01 -2.908318042755126953e-01 -6.549999713897705078e-01 0.000000000000000000e+00 1.000000000000000000e+00
3.338099060058593750e+02 7.019227600097656250e+01 1.835065917968750000e+02 6.802584528923034668e-01 -2.824735343456268311e-01 -6.763557195663452148e-01 0.000000000000000000e+00 1.000000000000000000e+00
3.334934082031250000e+02 7.032369995117187500e+01 1.838212738037109375e+02 6.696285009384155273e-01 -2.773146331310272217e-01 -6.889806389808654785e-01 0.000000000000000000e+00 1.000000000000000000e+00
3.331813659667968750e+02 7.045292663574218750e+01 1.841423339843750000e+02 6.637113094329833984e-01 -2.744964659214019775e-01 -6.958010196685791016e-01 0.000000000000000000e+00 1.000000000000000000e+00
3.328717651367187500e+02 7.058097076416015625e+01 1.844669036865234375e+02 6.608870029449462891e-01 -2.734468281269073486e-01 -6.988956928253173828e-01 0.000000000000000000e+00 1.000000000000000000e+00
3.325632019042968750e+02 7.070864105224609375e+01 1.847932128906250000e+02 6.592810153961181641e-01 -2.739119231700897217e-01 -7.002291083335876465e-01 0.000000000000000000e+00 1.000000000000000000e+00
3.322548828125000000e+02 7.083673858642578125e+01 1.851206817626953125e+02 6.581052541732788086e-01 -2.760472595691680908e-01 -7.004965543746948242e-01 0.000000000000000000e+00 1.000000000000000000e+00
3.319459838867187500e+02 7.096630859375000000e+01 1.854494781494140625e+02 6.563190221786499023e-01 -2.810813784599304199e-01 -7.001704573631286621e-01 0.000000000000000000e+00 1.000000000000000000e+00
3.316356201171875000e+02 7.109922790527343750e+01 1.857805786132812500e+02 6.527151465415954590e-01 -2.905498743057250977e-01 -6.996740102767944336e-01 0.000000000000000000e+00 1.000000000000000000e+00
3.313225708007812500e+02 7.123857879638671875e+01 1.861161499023437500e+02 6.460042595863342285e-01 -3.061671257019042969e-01 -6.992425918579101562e-01 0.000000000000000000e+00 1.000000000000000000e+00
3.310052185058593750e+02 7.138898468017578125e+01 1.864596557617187500e+02 6.346826553344726562e-01 -3.290364742279052734e-01 -6.992231011390686035e-01 0.000000000000000000e+00 1.000000000000000000e+00
3.306818542480468750e+02 7.155662536621093750e+01 1.868159027099609375e+02 6.177432537078857422e-01 -3.586969971656799316e-01 -6.998068690299987793e-01 0.000000000000000000e+00 1.000000000000000000e+00
3.303511657714843750e+02 7.174864196777343750e+01 1.871905212402343750e+02 5.944097638130187988e-01 -3.933112323284149170e-01 -7.014153003692626953e-01 0.000000000000000000e+00 1.000000000000000000e+00
3.300133056640625000e+02 7.197219848632812500e+01 1.875892028808593750e+02 5.646467804908752441e-01 -4.302741289138793945e-01 -7.042998075485229492e-01 0.000000000000000000e+00 1.000000000000000000e+00
3.296706542968750000e+02 7.223330688476562500e+01 1.880166015625000000e+02 5.289198756217956543e-01 -4.676578044891357422e-01 -7.081947922706604004e-01 0.000000000000000000e+00 1.000000000000000000e+00
3.293280639648437500e+02 7.253621673583984375e+01 1.884753112792968750e+02 4.872182309627532959e-01 -5.043952465057373047e-01 -7.128841876983642578e-01 0.000000000000000000e+00 1.000000000000000000e+00
3.289932861328125000e+02 7.288279724121093750e+01 1.889651489257812500e+02 4.402157962322235107e-01 -5.399307608604431152e-01 -7.174153327941894531e-01 0.000000000000000000e+00 1.000000000000000000e+00
3.286752624511718750e+02 7.327285766601562500e+01 1.894834289550781250e+02 3.887535333633422852e-01 -5.739066004753112793e-01 -7.207647562026977539e-01 0.000000000000000000e+00 1.000000000000000000e+00
3.283829650878906250e+02 7.370436859130859375e+01 1.900253601074218750e+02 3.340917527675628662e-01 -6.057283878326416016e-01 -7.221328020095825195e-01 0.000000000000000000e+00 1.000000000000000000e+00
3.281240539550781250e+02 7.417378997802734375e+01 1.905849914550781250e+02 2.784061729907989502e-01 -6.346107721328735352e-01 -7.209432721138000488e-01 0.000000000000000000e+00 1.000000000000000000e+00
3.279035339355468750e+02 7.467645263671875000e+01 1.911560363769531250e+02 2.242003232240676880e-01 -6.598234176635742188e-01 -7.171940207481384277e-01 0.000000000000000000e+00 1.000000000000000000e+00
3.277234802246093750e+02 7.520635223388671875e+01 1.917320098876953125e+02 1.735530793666839600e-01 -6.811335682868957520e-01 -7.112920880317687988e-01 0.000000000000000000e+00 1.000000000000000000e+00
3.275831604003906250e+02 7.575705718994140625e+01 1.923070983886718750e+02 1.277329772710800171e-01 -6.986918449401855469e-01 -7.039275765419006348e-01 0.000000000000000000e+00 1.000000000000000000e+00
3.274798583984375000e+02 7.632211303710937500e+01 1.928763885498046875e+02 8.762528747320175171e-02 -7.129805684089660645e-01 -6.956871151924133301e-01 0.000000000000000000e+00 1.000000000000000000e+00
3.274094238281250000e+02 7.689521789550781250e+01 1.934355926513671875e+02 5.312668904662132263e-02 -7.244417667388916016e-01 -6.872857213020324707e-01 0.000000000000000000e+00 1.000000000000000000e+00
3.273672180175781250e+02 7.747074127197265625e+01 1.939815979003906250e+02 2.426550164818763733e-02 -7.334257364273071289e-01 -6.793363690376281738e-01 0.000000000000000000e+00 1.000000000000000000e+00
3.273482666015625000e+02 7.804354858398437500e+01 1.945121612548828125e+02 7.990157610038295388e-05 -7.400683760643005371e-01 -6.725316047668457031e-01 0.000000000000000000e+00 1.000000000000000000e+00
3.273482055664062500e+02 7.860887145996093750e+01 1.950258941650390625e+02 -1.980164088308811188e-02 -7.441296577453613281e-01 -6.677416563034057617e-01 0.000000000000000000e+00 1.000000000000000000e+00
3.273629455566406250e+02 7.916278839111328125e+01 1.955229492187500000e+02 -3.623703867197036743e-02 -7.452189326286315918e-01 -6.658345460891723633e-01 0.000000000000000000e+00 1.000000000000000000e+00
3.273891906738281250e+02 7.970252227783203125e+01 1.960051879882812500e+02 -4.996526986360549927e-02 -7.431577444076538086e-01 -6.672481298446655273e-01 0.000000000000000000e+00 1.000000000000000000e+00
3.274244689941406250e+02 8.022723388671875000e+01 1.964763031005859375e+02 -6.161373108625411987e-02 -7.377230525016784668e-01 -6.722859740257263184e-01 0.000000000000000000e+00 1.000000000000000000e+00
3.274671325683593750e+02 8.073805999755859375e+01 1.969418182373046875e+02 -7.161895185708999634e-02 -7.292891740798950195e-01 -6.804469227790832520e-01 0.000000000000000000e+00 1.000000000000000000e+00
3.275161437988281250e+02 8.123713684082031250e+01 1.974074707031250000e+02 -8.027318120002746582e-02 -7.186734080314636230e-01 -6.906987428665161133e-01 0.000000000000000000e+00 1.000000000000000000e+00
3.275708312988281250e+02 8.172674560546875000e+01 1.978780212402343750e+02 -8.814042061567306519e-02 -7.066005468368530273e-01 -7.021017670631408691e-01 0.000000000000000000e+00 1.000000000000000000e+00
3.276309204101562500e+02 8.220846557617187500e+01 1.983566741943359375e+02 -9.453444927930831909e-02 -6.934382319450378418e-01 -7.142875194549560547e-01 0.000000000000000000e+00 1.000000000000000000e+00
3.276956787109375000e+02 8.268348693847656250e+01 1.988459777832031250e+02 -9.925734251737594604e-02 -6.789162158966064453e-01 -7.274755835533142090e-01 0.000000000000000000e+00 1.000000000000000000e+00
3.277643737792968750e+02 8.315335845947265625e+01 1.993494567871093750e+02 -1.000439003109931946e-01 -6.626232266426086426e-01 -7.422409653663635254e-01 0.000000000000000000e+00 1.000000000000000000e+00
3.278349609375000000e+02 8.362088012695312500e+01 1.998731536865234375e+02 -9.631278365850448608e-02 -6.443195343017578125e-01 -7.586673498153686523e-01 0.000000000000000000e+00 1.000000000000000000e+00
3.279051208496093750e+02 8.409024047851562500e+01 2.004258117675781250e+02 -8.733318001031875610e-02 -6.247527599334716797e-01 -7.759233117103576660e-01 0.000000000000000000e+00 1.000000000000000000e+00
3.279716491699218750e+02 8.456616210937500000e+01 2.010168914794921875e+02 -7.423648238182067871e-02 -6.053180098533630371e-01 -7.925143837928771973e-01 0.000000000000000000e+00 1.000000000000000000e+00
3.280312805175781250e+02 8.505239105224609375e+01 2.016534881591796875e+02 -5.895667523145675659e-02 -5.876399278640747070e-01 -8.069717288017272949e-01 0.000000000000000000e+00 1.000000000000000000e+00
3.280812377929687500e+02 8.555033111572265625e+01 2.023372802734375000e+02 -4.341533035039901733e-02 -5.729481577873229980e-01 -8.184408545494079590e-01 0.000000000000000000e+00 1.000000000000000000e+00
3.281197509765625000e+02 8.605858612060546875e+01 2.030633087158203125e+02 -2.822018973529338837e-02 -5.618882775306701660e-01 -8.267316222190856934e-01 0.000000000000000000e+00 1.000000000000000000e+00
3.281455993652343750e+02 8.657324981689453125e+01 2.038205566406250000e+02 -1.274534873664379120e-02 -5.546854734420776367e-01 -8.319624662399291992e-01 0.000000000000000000e+00 1.000000000000000000e+00
3.281574401855468750e+02 8.708856964111328125e+01 2.045934753417968750e+02 4.259831737726926804e-03 -5.511198639869689941e-01 -8.344151973724365234e-01 0.000000000000000000e+00 1.000000000000000000e+00
3.281535034179687500e+02 8.759789276123046875e+01 2.053646087646484375e+02 2.538398653268814087e-02 -5.509763360023498535e-01 -8.341346979141235352e-01 0.000000000000000000e+00 1.000000000000000000e+00
3.281306152343750000e+02 8.809469604492187500e+01 2.061167297363281250e+02 5.230389162898063660e-02 -5.538614988327026367e-01 -8.309643864631652832e-01 0.000000000000000000e+00 1.000000000000000000e+00
3.280854187011718750e+02 8.857329559326171875e+01 2.068347778320312500e+02 8.639804273843765259e-02 -5.595328807830810547e-01 -8.242926001548767090e-01 0.000000000000000000e+00 1.000000000000000000e+00
3.280148315429687500e+02 8.903043365478515625e+01 2.075082244873046875e+02 1.273048520088195801e-01 -5.675426125526428223e-01 -8.134426474571228027e-01 0.000000000000000000e+00 1.000000000000000000e+00
3.279171447753906250e+02 8.946593475341796875e+01 2.081324157714843750e+02 1.727941036224365234e-01 -5.771356821060180664e-01 -7.981582880020141602e-01 0.000000000000000000e+00 1.000000000000000000e+00
3.277923889160156250e+02 8.988262176513671875e+01 2.087086791992187500e+02 2.183571904897689819e-01 -5.878864526748657227e-01 -7.789156436920166016e-01 0.000000000000000000e+00 1.000000000000000000e+00
3.276426696777343750e+02 9.028571319580078125e+01 2.092427520751953125e+02 2.588391900062561035e-01 -5.991874933242797852e-01 -7.576125264167785645e-01 0.000000000000000000e+00 1.000000000000000000e+00
3.274719848632812500e+02 9.068083190917968750e+01 2.097423400878906250e+02 2.902319729328155518e-01 -6.113952398300170898e-01 -7.361801862716674805e-01 0.000000000000000000e+00 1.000000000000000000e+00
3.272860717773437500e+02 9.107247161865234375e+01 2.102139129638671875e+02 3.099919855594635010e-01 -6.252205371856689453e-01 -7.162431478500366211e-01 0.000000000000000000e+00 1.000000000000000000e+00
3.270923156738281250e+02 9.146325683593750000e+01 2.106615905761718750e+02 3.155452311038970947e-01 -6.422259211540222168e-01 -6.985536217689514160e-01 0.000000000000000000e+00 1.000000000000000000e+00
3.268999023437500000e+02 9.185487365722656250e+01 2.110875549316406250e+02 3.073296844959259033e-01 -6.623999476432800293e-01 -6.832092404365539551e-01 0.000000000000000000e+00 1.000000000000000000e+00
3.267175903320312500e+02 9.224781799316406250e+01 2.114928436279296875e+02 2.849455475807189941e-01 -6.853495836257934570e-01 -6.701506972312927246e-01 0.000000000000000000e+00 1.000000000000000000e+00
3.265531005859375000e+02 9.264344787597656250e+01 2.118796997070312500e+02 2.511461079120635986e-01 -7.088783979415893555e-01 -6.591031551361083984e-01 0.000000000000000000e+00 1.000000000000000000e+00
3.264112854003906250e+02 9.304373168945312500e+01 2.122518768310546875e+02 2.122419625520706177e-01 -7.294552326202392578e-01 -6.502680182456970215e-01 0.000000000000000000e+00 1.000000000000000000e+00
3.262929077148437500e+02 9.345058441162109375e+01 2.126145629882812500e+02 1.794545203447341919e-01 -7.434917092323303223e-01 -6.442175507545471191e-01 0.000000000000000000e+00 1.000000000000000000e+00
3.261932373046875000e+02 9.386352539062500000e+01 2.129723663330078125e+02 1.628556549549102783e-01 -7.490369081497192383e-01 -6.422007083892822266e-01 0.000000000000000000e+00 1.000000000000000000e+00
3.261029663085937500e+02 9.427871704101562500e+01 2.133283386230468750e+02 1.714083850383758545e-01 -7.447322010993957520e-01 -6.449754238128662109e-01 0.000000000000000000e+00 1.000000000000000000e+00
3.260087890625000000e+02 9.468789672851562500e+01 2.136827087402343750e+02 2.128632813692092896e-01 -7.274202108383178711e-01 -6.523413062095642090e-01 0.000000000000000000e+00 1.000000000000000000e+00
3.258944702148437500e+02 9.507855987548828125e+01 2.140330505371093750e+02 2.922818958759307861e-01 -6.916304826736450195e-01 -6.604685187339782715e-01 0.000000000000000000e+00 1.000000000000000000e+00
3.257434082031250000e+02 9.543601989746093750e+01 2.143744049072265625e+02 4.092830717563629150e-01 -6.279329061508178711e-01 -6.619574427604675293e-01 0.000000000000000000e+00 1.000000000000000000e+00
3.255412292480468750e+02 9.574620819091796875e+01 2.147014007568359375e+02 5.528444647789001465e-01 -5.277906060218811035e-01 -6.448256373405456543e-01 0.000000000000000000e+00 1.000000000000000000e+00
3.252769165039062500e+02 9.599854278564453125e+01 2.150096893310546875e+02 6.944513320922851562e-01 -3.957370221614837646e-01 -6.009405255317687988e-01 0.000000000000000000e+00 1.000000000000000000e+00
3.249450073242187500e+02 9.618768310546875000e+01 2.152969055175781250e+02 8.048634529113769531e-01 -2.543379664421081543e-01 -5.361968278884887695e-01 0.000000000000000000e+00 1.000000000000000000e+00
3.245451660156250000e+02 9.631403350830078125e+01 2.155632781982421875e+02 8.743129372596740723e-01 -1.296194642782211304e-01 -4.677346944808959961e-01 0.000000000000000000e+00 1.000000000000000000e+00
3.240813903808593750e+02 9.638278961181640625e+01 2.158113861083984375e+02 9.115385413169860840e-01 -3.516829013824462891e-02 -4.097079038619995117e-01 0.000000000000000000e+00 1.000000000000000000e+00
3.235617065429687500e+02 9.640283966064453125e+01 2.160449676513671875e+02 9.297792911529541016e-01 3.027363494038581848e-02 -3.668703138828277588e-01 0.000000000000000000e+00 1.000000000000000000e+00
3.229960632324218750e+02 9.638442230224609375e+01 2.162681579589843750e+02 9.381600022315979004e-01 7.270859181880950928e-02 -3.384808897972106934e-01 0.000000000000000000e+00 1.000000000000000000e+00
3.223951721191406250e+02 9.633785247802734375e+01 2.164849548339843750e+02 9.415907859802246094e-01 9.809385985136032104e-02 -3.221558034420013428e-01 0.000000000000000000e+00 1.000000000000000000e+00
3.217696838378906250e+02 9.627268981933593750e+01 2.166989593505859375e+02 9.424179792404174805e-01 1.103856042027473450e-01 -3.156951963901519775e-01 0.000000000000000000e+00 1.000000000000000000e+00
3.211288757324218750e+02 9.619763183593750000e+01 2.169136199951171875e+02 9.414090514183044434e-01 1.105178594589233398e-01 -3.186454176902770996e-01 0.000000000000000000e+00 1.000000000000000000e+00
3.204812011718750000e+02 9.612159729003906250e+01 2.171328430175781250e+02 9.387177824974060059e-01 9.974899142980575562e-02 -3.299381136894226074e-01 0.000000000000000000e+00 1.000000000000000000e+00
3.198336486816406250e+02 9.605278778076171875e+01 2.173604431152343750e+02 9.339483380317687988e-01 7.828501611948013306e-02 -3.487291932106018066e-01 0.000000000000000000e+00 1.000000000000000000e+00
3.191929626464843750e+02 9.599908447265625000e+01 2.175996704101562500e+02 9.262881278991699219e-01 4.638877138495445251e-02 -3.739496171474456787e-01 0.000000000000000000e+00 1.000000000000000000e+00
3.185657653808593750e+02 9.596767425537109375e+01 2.178528747558593750e+02 9.147634506225585938e-01 5.918084178119897842e-03 -4.039465785026550293e-01 0.000000000000000000e+00 1.000000000000000000e+00
3.179584350585937500e+02 9.596374511718750000e+01 2.181210632324218750e+02 8.990254402160644531e-01 -4.008078575134277344e-02 -4.360581934452056885e-01 0.000000000000000000e+00 1.000000000000000000e+00
3.173762512207031250e+02 9.598970031738281250e+01 2.184034423828125000e+02 8.778529167175292969e-01 -9.123437851667404175e-02 -4.701602756977081299e-01 0.000000000000000000e+00 1.000000000000000000e+00
3.168251647949218750e+02 9.604697418212890625e+01 2.186985931396484375e+02 8.482795953750610352e-01 -1.497402489185333252e-01 -5.079367160797119141e-01 0.000000000000000000e+00 1.000000000000000000e+00
3.163129577636718750e+02 9.613739013671875000e+01 2.190052947998046875e+02 8.038328886032104492e-01 -2.212530076503753662e-01 -5.521774888038635254e-01 0.000000000000000000e+00 1.000000000000000000e+00
3.158506164550781250e+02 9.626464843750000000e+01 2.193228912353515625e+02 7.332249879837036133e-01 -3.126048743724822998e-01 -6.038702726364135742e-01 0.000000000000000000e+00 1.000000000000000000e+00
3.154516296386718750e+02 9.643475341796875000e+01 2.196514892578125000e+02 6.228777170181274414e-01 -4.247820377349853516e-01 -6.569501161575317383e-01 0.000000000000000000e+00 1.000000000000000000e+00
3.151300048828125000e+02 9.665409088134765625e+01 2.199907073974609375e+02 4.685235023498535156e-01 -5.448337793350219727e-01 -6.954436302185058594e-01 0.000000000000000000e+00 1.000000000000000000e+00
3.148953247070312500e+02 9.692699432373046875e+01 2.203390502929687500e+02 2.889685630798339844e-01 -6.486495733261108398e-01 -7.040958404541015625e-01 0.000000000000000000e+00 1.000000000000000000e+00
3.147497558593750000e+02 9.725375366210937500e+01 2.206937408447265625e+02 1.221191659569740295e-01 -7.202321887016296387e-01 -6.829001903533935547e-01 0.000000000000000000e+00 1.000000000000000000e+00
3.146857910156250000e+02 9.763100433349609375e+01 2.210514373779296875e+02 -4.685341846197843552e-03 -7.627874612808227539e-01 -6.466323137283325195e-01 0.000000000000000000e+00 1.000000000000000000e+00
3.146883850097656250e+02 9.805331420898437500e+01 2.214094390869140625e+02 -8.667732030153274536e-02 -7.885581851005554199e-01 -6.088210344314575195e-01 0.000000000000000000e+00 1.000000000000000000e+00
3.147392578125000000e+02 9.851613616943359375e+01 2.217667694091796875e+02 -1.329958736896514893e-01 -8.068071603775024414e-01 -5.756511688232421875e-01 0.000000000000000000e+00 1.000000000000000000e+00
3.148217468261718750e+02 9.901654815673828125e+01 2.221238098144531250e+02 -1.547872424125671387e-01 -8.218565583229064941e-01 -5.482633113861083984e-01 0.000000000000000000e+00 1.000000000000000000e+00
3.149226379394531250e+02 9.955223846435546875e+01 2.224811706542968750e+02 -1.634119004011154175e-01 -8.348260521888732910e-01 -5.257014632225036621e-01 0.000000000000000000e+00 1.000000000000000000e+00
3.150337219238281250e+02 1.001197357177734375e+02 2.228385314941406250e+02 -1.668604314327239990e-01 -8.455653786659240723e-01 -5.071261525154113770e-01 0.000000000000000000e+00 1.000000000000000000e+00
3.151508178710937500e+02 1.007131195068359375e+02 2.231944122314453125e+02 -1.706745624542236328e-01 -8.535326123237609863e-01 -4.922927916049957275e-01 0.000000000000000000e+00 1.000000000000000000e+00
3.152730407714843750e+02 1.013243484497070312e+02 2.235469512939453125e+02 -1.785850375890731812e-01 -8.580890893936157227e-01 -4.814462065696716309e-01 0.000000000000000000e+00 1.000000000000000000e+00
3.154023437500000000e+02 1.019456405639648438e+02 2.238955383300781250e+02 -1.919876039028167725e-01 -8.589139580726623535e-01 -4.747710824012756348e-01 0.000000000000000000e+00 1.000000000000000000e+00
3.155421142578125000e+02 1.025709457397460938e+02 2.242411804199218750e+02 -2.129363268613815308e-01 -8.557808995246887207e-01 -4.714840054512023926e-01 0.000000000000000000e+00 1.000000000000000000e+00
3.156979064941406250e+02 1.031970672607421875e+02 2.245861358642578125e+02 -2.406407892704010010e-01 -8.491193652153015137e-01 -4.702002406120300293e-01 0.000000000000000000e+00 1.000000000000000000e+00
3.158751831054687500e+02 1.038226013183593750e+02 2.249325256347656250e+02 -2.728728950023651123e-01 -8.403918147087097168e-01 -4.682755768299102783e-01 0.000000000000000000e+00 1.000000000000000000e+00
3.160776977539062500e+02 1.044463043212890625e+02 2.252800598144531250e+02 -3.065461516380310059e-01 -8.312580585479736328e-01 -4.637235999107360840e-01 0.000000000000000000e+00 1.000000000000000000e+00
3.163065185546875000e+02 1.050667953491210938e+02 2.256262054443359375e+02 -3.394529223442077637e-01 -8.228796720504760742e-01 -4.556759893894195557e-01 0.000000000000000000e+00 1.000000000000000000e+00
3.165605468750000000e+02 1.056825942993164062e+02 2.259672088623046875e+02 -3.689481616020202637e-01 -8.159077763557434082e-01 -4.451648294925689697e-01 0.000000000000000000e+00 1.000000000000000000e+00
3.168365783691406250e+02 1.062930221557617188e+02 2.263002624511718750e+02 -3.927460610866546631e-01 -8.099750280380249023e-01 -4.355351328849792480e-01 0.000000000000000000e+00 1.000000000000000000e+00
3.171305541992187500e+02 1.068992996215820312e+02 2.266262664794921875e+02 -4.094623923301696777e-01 -8.040139675140380859e-01 -4.311636686325073242e-01 0.000000000000000000e+00 1.000000000000000000e+00
3.174383239746093750e+02 1.075036315917968750e+02 2.269503479003906250e+02 -4.192660152912139893e-01 -7.966999411582946777e-01 -4.352987706661224365e-01 0.000000000000000000e+00 1.000000000000000000e+00
3.177563476562500000e+02 1.081079483032226562e+02 2.272805328369140625e+02 -4.232971966266632080e-01 -7.869123816490173340e-01 -4.489859044551849365e-01 0.000000000000000000e+00 1.000000000000000000e+00
3.180814514160156250e+02 1.087123184204101562e+02 2.276253662109375000e+02 -4.238105714321136475e-01 -7.741681933403015137e-01 -4.701575040817260742e-01 0.000000000000000000e+00 1.000000000000000000e+00
3.184111633300781250e+02 1.093145980834960938e+02 2.279911346435546875e+02 -4.226313233375549316e-01 -7.593264579772949219e-01 -4.947789013385772705e-01 0.000000000000000000e+00 1.000000000000000000e+00
3.187432250976562500e+02 1.099112014770507812e+02 2.283798828125000000e+02 -4.207090139389038086e-01 -7.441774010658264160e-01 -5.188486576080322266e-01 0.000000000000000000e+00 1.000000000000000000e+00
3.190752563476562500e+02 1.104985198974609375e+02 2.287893676757812500e+02 -4.185623526573181152e-01 -7.309065461158752441e-01 -5.390558242797851562e-01 0.000000000000000000e+00 1.000000000000000000e+00
3.194052124023437500e+02 1.110746994018554688e+02 2.292143096923828125e+02 -4.160236418247222900e-01 -7.211381196975708008e-01 -5.539711713790893555e-01 0.000000000000000000e+00 1.000000000000000000e+00
3.197312011718750000e+02 1.116397705078125000e+02 2.296483917236328125e+02 -4.135332405567169189e-01 -7.150220870971679688e-01 -5.636786818504333496e-01 0.000000000000000000e+00 1.000000000000000000e+00
3.200524902343750000e+02 1.121952972412109375e+02 2.300863342285156250e+02 -4.123466610908508301e-01 -7.109712362289428711e-01 -5.696404576301574707e-01 0.000000000000000000e+00 1.000000000000000000e+00
3.203701782226562500e+02 1.127430572509765625e+02 2.305252075195312500e+02 -4.150526225566864014e-01 -7.059881687164306641e-01 -5.738571286201477051e-01 0.000000000000000000e+00 1.000000000000000000e+00
3.206878662109375000e+02 1.132834320068359375e+02 2.309644470214843750e+02 -4.242396950721740723e-01 -6.973479986190795898e-01 -5.776906609535217285e-01 0.000000000000000000e+00 1.000000000000000000e+00
3.210115966796875000e+02 1.138155670166015625e+02 2.314052734375000000e+02 -4.406430423259735107e-01 -6.839617490768432617e-01 -5.814034342765808105e-01 0.000000000000000000e+00 1.000000000000000000e+00
3.213481140136718750e+02 1.143379058837890625e+02 2.318492889404296875e+02 -4.633593559265136719e-01 -6.662704348564147949e-01 -5.842789411544799805e-01 0.000000000000000000e+00 1.000000000000000000e+00
3.217037353515625000e+02 1.148492584228515625e+02 2.322977142333984375e+02 -4.891485273838043213e-01 -6.467891335487365723e-01 -5.851474404335021973e-01 0.000000000000000000e+00 1.000000000000000000e+00
3.220820617675781250e+02 1.153495101928710938e+02 2.327502899169921875e+02 -5.128014087677001953e-01 -6.291141510009765625e-01 -5.841662287712097168e-01 0.000000000000000000e+00 1.000000000000000000e+00
3.224819335937500000e+02 1.158400802612304688e+02 2.332058105468750000e+02 -5.299355387687683105e-01 -6.169090867042541504e-01 -5.818861722946166992e-01 0.000000000000000000e+00 1.000000000000000000e+00
3.228975219726562500e+02 1.163238754272460938e+02 2.336621398925781250e+02 -5.375975370407104492e-01 -6.126301288604736328e-01 -5.793730616569519043e-01 0.000000000000000000e+00 1.000000000000000000e+00
3.233193054199218750e+02 1.168045272827148438e+02 2.341166992187500000e+02 -5.356814861297607422e-01 -6.175363659858703613e-01 -5.759289860725402832e-01 0.000000000000000000e+00 1.000000000000000000e+00
3.237370605468750000e+02 1.172861175537109375e+02 2.345658416748046875e+02 -5.261093378067016602e-01 -6.315807700157165527e-01 -5.694863200187683105e-01 0.000000000000000000e+00 1.000000000000000000e+00
3.241423645019531250e+02 1.177726745605468750e+02 2.350045623779296875e+02 -5.117661952972412109e-01 -6.536558270454406738e-01 -5.575208067893981934e-01 0.000000000000000000e+00 1.000000000000000000e+00
3.245297851562500000e+02 1.182675094604492188e+02 2.354266204833984375e+02 -4.962424039840698242e-01 -6.815868020057678223e-01 -5.377572178840637207e-01 0.000000000000000000e+00 1.000000000000000000e+00
3.248974914550781250e+02 1.187725524902343750e+02 2.358250885009765625e+02 -4.809904396533966064e-01 -7.126953005790710449e-01 -5.106012225151062012e-01 0.000000000000000000e+00 1.000000000000000000e+00
3.252452392578125000e+02 1.192878189086914062e+02 2.361942443847656250e+02 -4.658211469650268555e-01 -7.443224191665649414e-01 -4.785340428352355957e-01 0.000000000000000000e+00 1.000000000000000000e+00
3.255728759765625000e+02 1.198113403320312500e+02 2.365308227539062500e+02 -4.488812088966369629e-01 -7.741401195526123047e-01 -4.463325142860412598e-01 0.000000000000000000e+00 1.000000000000000000e+00
3.258792419433593750e+02 1.203396987915039062e+02 2.368354492187500000e+02 -4.282434582710266113e-01 -8.008669614791870117e-01 -4.185925126075744629e-01 0.000000000000000000e+00 1.000000000000000000e+00
3.261622619628906250e+02 1.208689804077148438e+02 2.371120910644531250e+02 -4.041483402252197266e-01 -8.234868049621582031e-01 -3.981629014015197754e-01 0.000000000000000000e+00 1.000000000000000000e+00
3.264208679199218750e+02 1.213959121704101562e+02 2.373668670654296875e+02 -3.779412508010864258e-01 -8.415581583976745605e-01 -3.859276473522186279e-01 0.000000000000000000e+00 1.000000000000000000e+00
3.266555480957031250e+02 1.219184722900390625e+02 2.376065063476562500e+02 -3.528626561164855957e-01 -8.548893332481384277e-01 -3.803316354751586914e-01 0.000000000000000000e+00 1.000000000000000000e+00
3.268692016601562500e+02 1.224360961914062500e+02 2.378367919921875000e+02 -3.320387899875640869e-01 -8.636603355407714844e-01 -3.792637884616851807e-01 0.000000000000000000e+00 1.000000000000000000e+00
3.270664978027343750e+02 1.229492797851562500e+02 2.380621490478515625e+02 -3.166669607162475586e-01 -8.690266013145446777e-01 -3.801511824131011963e-01 0.000000000000000000e+00 1.000000000000000000e+00
3.272522888183593750e+02 1.234591445922851562e+02 2.382851867675781250e+02 -3.065726459026336670e-01 -8.719813823699951172e-01 -3.816564679145812988e-01 0.000000000000000000e+00 1.000000000000000000e+00
3.274307861328125000e+02 1.239668426513671875e+02 2.385074005126953125e+02 -3.010781109333038330e-01 -8.733554482460021973e-01 -3.828865289688110352e-01 0.000000000000000000e+00 1.000000000000000000e+00
3.276053771972656250e+02 1.244732894897460938e+02 2.387294311523437500e+02 -2.980956733226776123e-01 -8.740018606185913086e-01 -3.837441504001617432e-01 0.000000000000000000e+00 1.000000000000000000e+00
3.277779235839843750e+02 1.249791870117187500e+02 2.389515533447265625e+02 -2.962921559810638428e-01 -8.742437362670898438e-01 -3.845891952514648438e-01 0.000000000000000000e+00 1.000000000000000000e+00
3.279494018554687500e+02 1.254851531982421875e+02 2.391741333007812500e+02 -2.948625087738037109e-01 -8.743463158607482910e-01 -3.854537606239318848e-01 0.000000000000000000e+00 1.000000000000000000e+00
3.281203002929687500e+02 1.259919128417968750e+02 2.393975372314453125e+02 -2.924911677837371826e-01 -8.744179606437683105e-01 -3.870944082736968994e-01 0.000000000000000000e+00 1.000000000000000000e+00
3.282904663085937500e+02 1.265006332397460938e+02 2.396227416992187500e+02 -2.881144583225250244e-01 -8.745364546775817871e-01 -3.900974988937377930e-01 0.000000000000000000e+00 1.000000000000000000e+00
3.284593200683593750e+02 1.270131683349609375e+02 2.398513641357421875e+02 -2.805545032024383545e-01 -8.746767640113830566e-01 -3.952590525150299072e-01 0.000000000000000000e+00 1.000000000000000000e+00
3.286258850097656250e+02 1.275324630737304688e+02 2.400860290527343750e+02 -2.690517306327819824e-01 -8.747707605361938477e-01 -4.029730856418609619e-01 0.000000000000000000e+00 1.000000000000000000e+00
3.287888793945312500e+02 1.280624084472656250e+02 2.403301544189453125e+02 -2.533333301544189453e-01 -8.746684193611145020e-01 -4.132521152496337891e-01 0.000000000000000000e+00 1.000000000000000000e+00
3.289467468261718750e+02 1.286074676513671875e+02 2.405876770019531250e+02 -2.358197569847106934e-01 -8.740828633308410645e-01 -4.246976375579833984e-01 0.000000000000000000e+00 1.000000000000000000e+00
3.290990600585937500e+02 1.291720275878906250e+02 2.408619842529296875e+02 -2.185916900634765625e-01 -8.730280399322509766e-01 -4.359354376792907715e-01 0.000000000000000000e+00 1.000000000000000000e+00
3.292460632324218750e+02 1.297591400146484375e+02 2.411551513671875000e+02 -2.054461687803268433e-01 -8.715779185295104980e-01 -4.451333582401275635e-01 0.000000000000000000e+00 1.000000000000000000e+00
3.293899841308593750e+02 1.303697052001953125e+02 2.414669799804687500e+02 -1.982685625553131104e-01 -8.700876235961914062e-01 -4.512615799903869629e-01 0.000000000000000000e+00 1.000000000000000000e+00
3.295339965820312500e+02 1.310016937255859375e+02 2.417947540283203125e+02 -1.981205046176910400e-01 -8.687843084335327148e-01 -4.538303613662719727e-01 0.000000000000000000e+00 1.000000000000000000e+00
3.296819763183593750e+02 1.316506042480468750e+02 2.421337280273437500e+02 -2.039461135864257812e-01 -8.677344918251037598e-01 -4.532581865787506104e-01 0.000000000000000000e+00 1.000000000000000000e+00
3.298370056152343750e+02 1.323102111816406250e+02 2.424782714843750000e+02 -2.142248600721359253e-01 -8.669449687004089355e-01 -4.500156939029693604e-01 0.000000000000000000e+00 1.000000000000000000e+00
3.300010070800781250e+02 1.329739074707031250e+02 2.428227844238281250e+02 -2.271391004323959351e-01 -8.666193485260009766e-01 -4.442732036113739014e-01 0.000000000000000000e+00 1.000000000000000000e+00
3.301745605468750000e+02 1.336360778808593750e+02 2.431622467041015625e+02 -2.412976622581481934e-01 -8.668386936187744141e-01 -4.363096654415130615e-01 0.000000000000000000e+00 1.000000000000000000e+00
3.303573608398437500e+02 1.342927703857421875e+02 2.434927825927734375e+02 -2.564563751220703125e-01 -8.679010868072509766e-01 -4.254149198532104492e-01 0.000000000000000000e+00 1.000000000000000000e+00
3.305492248535156250e+02 1.349420776367187500e+02 2.438110504150390625e+02 -2.729211449623107910e-01 -8.698843717575073242e-01 -4.108712673187255859e-01 0.000000000000000000e+00 1.000000000000000000e+00
3.307505187988281250e+02 1.355836639404296875e+02 2.441140899658203125e+02 -2.913385331630706787e-01 -8.728615045547485352e-01 -3.914520740509033203e-01 0.000000000000000000e+00 1.000000000000000000e+00
3.309623718261718750e+02 1.362183837890625000e+02 2.443987426757812500e+02 -3.133829534053802490e-01 -8.762903213500976562e-01 -3.659322857856750488e-01 0.000000000000000000e+00 1.000000000000000000e+00
3.311873168945312500e+02 1.368473815917968750e+02 2.446614074707031250e+02 -3.400255739688873291e-01 -8.795350790023803711e-01 -3.328673541545867920e-01 0.000000000000000000e+00 1.000000000000000000e+00
3.314286804199218750e+02 1.374717102050781250e+02 2.448976898193359375e+02 -3.729789257049560547e-01 -8.810228705406188965e-01 -2.910076975822448730e-01 0.000000000000000000e+00 1.000000000000000000e+00
3.316911926269531250e+02 1.380917968750000000e+02 2.451025085449218750e+02 -4.124964475631713867e-01 -8.789646029472351074e-01 -2.393072545528411865e-01 0.000000000000000000e+00 1.000000000000000000e+00
3.319798278808593750e+02 1.387068328857421875e+02 2.452699584960937500e+02 -4.586490094661712646e-01 -8.706813454627990723e-01 -1.776374280452728271e-01 0.000000000000000000e+00 1.000000000000000000e+00
3.323000488281250000e+02 1.393147277832031250e+02 2.453939819335937500e+02 -5.094514489173889160e-01 -8.538635373115539551e-01 -1.066593155264854431e-01 0.000000000000000000e+00 1.000000000000000000e+00
3.326563720703125000e+02 1.399119415283203125e+02 2.454685821533203125e+02 -5.614892840385437012e-01 -8.269911408424377441e-01 -2.855581603944301605e-02 0.000000000000000000e+00 1.000000000000000000e+00
3.330515136718750000e+02 1.404939270019531250e+02 2.454886779785156250e+02 -6.105654239654541016e-01 -7.901864051818847656e-01 5.305813252925872803e-02 0.000000000000000000e+00 1.000000000000000000e+00
3.334857482910156250e+02 1.410559082031250000e+02 2.454509429931640625e+02 -6.529098153114318848e-01 -7.455178499221801758e-01 1.338353008031845093e-01 0.000000000000000000e+00 1.000000000000000000e+00
3.339567260742187500e+02 1.415936889648437500e+02 2.453544006347656250e+02 -6.858856678009033203e-01 -6.969382762908935547e-01 2.093749642372131348e-01 0.000000000000000000e+00 1.000000000000000000e+00
3.344595336914062500e+02 1.421045989990234375e+02 2.452009124755859375e+02 -7.087786793708801270e-01 -6.490340232849121094e-01 2.763831019401550293e-01 0.000000000000000000e+00 1.000000000000000000e+00
3.349872131347656250e+02 1.425877990722656250e+02 2.449951477050781250e+02 -7.227074503898620605e-01 -6.058649420738220215e-01 3.325984179973602295e-01 0.000000000000000000e+00 1.000000000000000000e+00
3.355321655273437500e+02 1.430446472167968750e+02 2.447443542480468750e+02 -7.291961312294006348e-01 -5.705782771110534668e-01 3.777743577957153320e-01 0.000000000000000000e+00 1.000000000000000000e+00
3.360861206054687500e+02 1.434781036376953125e+02 2.444573669433593750e+02 -7.302594184875488281e-01 -5.448559522628784180e-01 4.121325612068176270e-01 0.000000000000000000e+00 1.000000000000000000e+00
3.366415710449218750e+02 1.438925323486328125e+02 2.441438903808593750e+02 -7.274352312088012695e-01 -5.292050838470458984e-01 4.367837309837341309e-01 0.000000000000000000e+00 1.000000000000000000e+00
3.371921081542968750e+02 1.442930450439453125e+02 2.438133239746093750e+02 -7.215593457221984863e-01 -5.235849022865295410e-01 4.530020356178283691e-01 0.000000000000000000e+00 1.000000000000000000e+00
3.377324523925781250e+02 1.446851348876953125e+02 2.434740905761718750e+02 -7.132506370544433594e-01 -5.272625088691711426e-01 4.618092477321624756e-01 0.000000000000000000e+00 1.000000000000000000e+00
3.382592163085937500e+02 1.450745391845703125e+02 2.431330261230468750e+02 -7.024621963500976562e-01 -5.393096804618835449e-01 4.644265770912170410e-01 0.000000000000000000e+00 1.000000000000000000e+00
3.387700805664062500e+02 1.454667510986328125e+02 2.427952728271484375e+02 -6.893426775932312012e-01 -5.582551956176757812e-01 4.616901576519012451e-01 0.000000000000000000e+00 1.000000000000000000e+00
3.392642822265625000e+02 1.458669738769531250e+02 2.424642791748046875e+02 -6.738767623901367188e-01 -5.825463533401489258e-01 4.544554948806762695e-01 0.000000000000000000e+00 1.000000000000000000e+00
3.397417602539062500e+02 1.462797393798828125e+02 2.421422729492187500e+02 -6.562070250511169434e-01 -6.102690696716308594e-01 4.438063800334930420e-01 0.000000000000000000e+00 1.000000000000000000e+00
3.402027587890625000e+02 1.467084655761718750e+02 2.418304901123046875e+02 -6.367424130439758301e-01 -6.397342085838317871e-01 4.304639101028442383e-01 0.000000000000000000e+00 1.000000000000000000e+00
3.406476745605468750e+02 1.471554718017578125e+02 2.415297088623046875e+02 -6.161862611770629883e-01 -6.692030429840087891e-01 4.153092503547668457e-01 0.000000000000000000e+00 1.000000000000000000e+00
3.410770263671875000e+02 1.476217651367187500e+02 2.412403259277343750e+02 -5.952014923095703125e-01 -6.976484656333923340e-01 3.987753391265869141e-01 0.000000000000000000e+00 1.000000000000000000e+00
3.414910278320312500e+02 1.481070251464843750e+02 2.409629516601562500e+02 -5.736226439476013184e-01 -7.249087095260620117e-01 3.813980221748352051e-01 0.000000000000000000e+00 1.000000000000000000e+00
3.418897705078125000e+02 1.486109313964843750e+02 2.406978302001953125e+02 -5.510653853416442871e-01 -7.517952919006347656e-01 3.621199131011962891e-01 0.000000000000000000e+00 1.000000000000000000e+00
3.422736511230468750e+02 1.491346435546875000e+02 2.404455718994140625e+02 -5.266157984733581543e-01 -7.789389491081237793e-01 3.404847383499145508e-01 0.000000000000000000e+00 1.000000000000000000e+00
3.426423339843750000e+02 1.496799774169921875e+02 2.402071990966796875e+02 -4.984968602657318115e-01 -8.076859116554260254e-01 3.148719668388366699e-01 0.000000000000000000e+00 1.000000000000000000e+00
3.429943542480468750e+02 1.502503356933593750e+02 2.399848480224609375e+02 -4.646291136741638184e-01 -8.390299081802368164e-01 2.831053733825683594e-01 0.000000000000000000e+00 1.000000000000000000e+00
3.433265686035156250e+02 1.508502502441406250e+02 2.397824249267578125e+02 -4.232930839061737061e-01 -8.726106882095336914e-01 2.436670213937759399e-01 0.000000000000000000e+00 1.000000000000000000e+00
3.436335754394531250e+02 1.514831390380859375e+02 2.396056976318359375e+02 -3.732701241970062256e-01 -9.069667458534240723e-01 1.951429992914199829e-01 0.000000000000000000e+00 1.000000000000000000e+00
3.439080505371093750e+02 1.521500549316406250e+02 2.394622039794921875e+02 -3.142637908458709717e-01 -9.394079446792602539e-01 1.369341909885406494e-01 0.000000000000000000e+00 1.000000000000000000e+00
3.441419067382812500e+02 1.528491058349609375e+02 2.393603057861328125e+02 -2.477302849292755127e-01 -9.662861824035644531e-01 7.014759629964828491e-02 0.000000000000000000e+00 1.000000000000000000e+00
3.443280334472656250e+02 1.535751037597656250e+02 2.393076019287109375e+02 -1.760464459657669067e-01 -9.843769073486328125e-01 -3.123534610494971275e-03 0.000000000000000000e+00 1.000000000000000000e+00
3.444613342285156250e+02 1.543204650878906250e+02 2.393099670410156250e+02 -1.028950959444046021e-01 -9.915418624877929688e-01 -7.910385727882385254e-02 0.000000000000000000e+00 1.000000000000000000e+00
3.445397338867187500e+02 1.550759582519531250e+02 2.393702392578125000e+02 -3.170681744813919067e-02 -9.875577092170715332e-01 -1.540273427963256836e-01 0.000000000000000000e+00 1.000000000000000000e+00
3.445639953613281250e+02 1.558316192626953125e+02 2.394880981445312500e+02 3.527796268463134766e-02 -9.739066362380981445e-01 -2.241902500391006470e-01 0.000000000000000000e+00 1.000000000000000000e+00
3.445369567871093750e+02 1.565780639648437500e+02 2.396599273681640625e+02 9.704991430044174194e-02 -9.529823660850524902e-01 -2.870644927024841309e-01 0.000000000000000000e+00 1.000000000000000000e+00
3.444626464843750000e+02 1.573077545166015625e+02 2.398797302246093750e+02 1.528938114643096924e-01 -9.277501702308654785e-01 -3.404453992843627930e-01 0.000000000000000000e+00 1.000000000000000000e+00
3.443458557128906250e+02 1.580164337158203125e+02 2.401397857666015625e+02 2.023510783910751343e-01 -9.013984203338623047e-01 -3.827987909317016602e-01 0.000000000000000000e+00 1.000000000000000000e+00
3.441914978027343750e+02 1.587040405273437500e+02 2.404317932128906250e+02 2.438750714063644409e-01 -8.773476481437683105e-01 -4.132626950740814209e-01 0.000000000000000000e+00 1.000000000000000000e+00
3.440050048828125000e+02 1.593749542236328125e+02 2.407478179931640625e+02 2.762345969676971436e-01 -8.584021925926208496e-01 -4.322501420974731445e-01 0.000000000000000000e+00 1.000000000000000000e+00
3.437921142578125000e+02 1.600365142822265625e+02 2.410809478759765625e+02 2.983857989311218262e-01 -8.462535142898559570e-01 -4.413850903511047363e-01 0.000000000000000000e+00 1.000000000000000000e+00
3.435590820312500000e+02 1.606974182128906250e+02 2.414256591796875000e+02 3.114561140537261963e-01 -8.405238389968872070e-01 -4.432999789714813232e-01 0.000000000000000000e+00 1.000000000000000000e+00
3.433119506835937500e+02 1.613643493652343750e+02 2.417774047851562500e+02 3.167193531990051270e-01 -8.400186896324157715e-01 -4.405195713043212891e-01 0.000000000000000000e+00 1.000000000000000000e+00
3.430568847656250000e+02 1.620408477783203125e+02 2.421321716308593750e+02 3.154776096343994141e-01 -8.437688350677490234e-01 -4.341981112957000732e-01 0.000000000000000000e+00 1.000000000000000000e+00
3.427996520996093750e+02 1.627288360595703125e+02 2.424862060546875000e+02 3.088989257812500000e-01 -8.511155247688293457e-01 -4.244806766510009766e-01 0.000000000000000000e+00 1.000000000000000000e+00
3.425458374023437500e+02 1.634281768798828125e+02 2.428349914550781250e+02 2.973537445068359375e-01 -8.621148467063903809e-01 -4.102911353111267090e-01 0.000000000000000000e+00 1.000000000000000000e+00
3.423006896972656250e+02 1.641389312744140625e+02 2.431732482910156250e+02 2.819479107856750488e-01 -8.764114975929260254e-01 -3.903951048851013184e-01 0.000000000000000000e+00 1.000000000000000000e+00
3.420679016113281250e+02 1.648625335693359375e+02 2.434955749511718750e+02 -2.650807499885559082e-01 8.924016356468200684e-01 3.651731908321380615e-01 0.000000000000000000e+00 1.000000000000000000e+00
3.418486328125000000e+02 1.656007080078125000e+02 2.437976379394531250e+02 -2.499929219484329224e-01 9.077084660530090332e-01 3.369997441768646240e-01 0.000000000000000000e+00 1.000000000000000000e+00
3.416410827636718750e+02 1.663543090820312500e+02 2.440774230957031250e+02 -2.410778850317001343e-01 9.196349978446960449e-01 3.100852370262145996e-01 0.000000000000000000e+00 1.000000000000000000e+00
3.414398498535156250e+02 1.671219482421875000e+02 2.443362579345703125e+02 -2.407663464546203613e-01 9.264483451843261719e-01 2.893525362014770508e-01 0.000000000000000000e+00 1.000000000000000000e+00
3.412378845214843750e+02 1.678990936279296875e+02 2.445789794921875000e+02 -2.496211677789688110e-01 9.276207685470581055e-01 2.778651118278503418e-01 0.000000000000000000e+00 1.000000000000000000e+00
3.410280456542968750e+02 1.686788787841796875e+02 2.448125610351562500e+02 -2.653418481349945068e-01 9.236735701560974121e-01 2.764432728290557861e-01 0.000000000000000000e+00 1.000000000000000000e+00
3.408055725097656250e+02 1.694533233642578125e+02 2.450443420410156250e+02 -2.847432494163513184e-01 9.158776402473449707e-01 2.830007374286651611e-01 0.000000000000000000e+00 1.000000000000000000e+00
3.405686950683593750e+02 1.702152404785156250e+02 2.452797698974609375e+02 -3.045881390571594238e-01 9.058349728584289551e-01 2.944302558898925781e-01 0.000000000000000000e+00 1.000000000000000000e+00
3.403184204101562500e+02 1.709595489501953125e+02 2.455216979980468750e+02 -3.228733837604522705e-01 8.951318264007568359e-01 3.073952198028564453e-01 0.000000000000000000e+00 1.000000000000000000e+00
3.400570983886718750e+02 1.716840362548828125e+02 2.457704925537109375e+02 -3.393963575363159180e-01 8.847370743751525879e-01 3.194532692432403564e-01 0.000000000000000000e+00 1.000000000000000000e+00
3.397867736816406250e+02 1.723887176513671875e+02 2.460249328613281250e+02 -3.548041880130767822e-01 8.750320076942443848e-01 3.292915821075439453e-01 0.000000000000000000e+00 1.000000000000000000e+00
3.395083618164062500e+02 1.730753479003906250e+02 2.462833251953125000e+02 -3.704820871353149414e-01 8.656721711158752441e-01 3.366819918155670166e-01 0.000000000000000000e+00 1.000000000000000000e+00
3.392211914062500000e+02 1.737463531494140625e+02 2.465442962646484375e+02 -3.873450160026550293e-01 8.563753962516784668e-01 3.414453864097595215e-01 0.000000000000000000e+00 1.000000000000000000e+00
3.389237365722656250e+02 1.744039916992187500e+02 2.468065032958984375e+02 -4.056491255760192871e-01 8.472132682800292969e-01 3.430430293083190918e-01 0.000000000000000000e+00 1.000000000000000000e+00
3.386143798828125000e+02 1.750500946044921875e+02 2.470681152343750000e+02 -4.243903160095214844e-01 8.388131856918334961e-01 3.410063385963439941e-01 0.000000000000000000e+00 1.000000000000000000e+00
3.382927856445312500e+02 1.756857299804687500e+02 2.473265228271484375e+02 -4.427881240844726562e-01 8.319326639175415039e-01 3.344048857688903809e-01 0.000000000000000000e+00 1.000000000000000000e+00
3.379598999023437500e+02 1.763111724853515625e+02 2.475779266357421875e+02 -4.598365426063537598e-01 8.269468545913696289e-01 3.235879242420196533e-01 0.000000000000000000e+00 1.000000000000000000e+00
3.376177978515625000e+02 1.769263916015625000e+02 2.478186645507812500e+02 -4.753061830997467041e-01 8.239055871963500977e-01 3.086479306221008301e-01 0.000000000000000000e+00 1.000000000000000000e+00
3.372685241699218750e+02 1.775318298339843750e+02 2.480454711914062500e+02 -4.880967438220977783e-01 8.228907585144042969e-01 2.908821105957031250e-01 0.000000000000000000e+00 1.000000000000000000e+00
3.369142150878906250e+02 1.781291656494140625e+02 2.482566223144531250e+02 -4.984578788280487061e-01 8.231747150421142578e-01 2.718880474567413330e-01 0.000000000000000000e+00 1.000000000000000000e+00
3.365557250976562500e+02 1.787211914062500000e+02 2.484521636962890625e+02 -5.060869455337524414e-01 8.245337009429931641e-01 2.530221343040466309e-01 0.000000000000000000e+00 1.000000000000000000e+00
3.361934814453125000e+02 1.793113708496093750e+02 2.486332702636718750e+02 -5.106189846992492676e-01 8.269460201263427734e-01 2.354324311017990112e-01 0.000000000000000000e+00 1.000000000000000000e+00
3.358281555175781250e+02 1.799030151367187500e+02 2.488017120361328125e+02 -5.124164819717407227e-01 8.304065465927124023e-01 2.187563776969909668e-01 0.000000000000000000e+00 1.000000000000000000e+00
3.354605102539062500e+02 1.804988098144531250e+02 2.489586639404296875e+02 -5.116159319877624512e-01 8.350841999053955078e-01 2.021967917680740356e-01 0.000000000000000000e+00 1.000000000000000000e+00
3.350921020507812500e+02 1.811001434326171875e+02 2.491042633056640625e+02 -5.083602070808410645e-01 8.411844968795776367e-01 1.843327879905700684e-01 0.000000000000000000e+00 1.000000000000000000e+00
3.347243957519531250e+02 1.817085876464843750e+02 2.492375946044921875e+02 -5.021356940269470215e-01 8.491908907890319824e-01 1.635074913501739502e-01 0.000000000000000000e+00 1.000000000000000000e+00
3.343588867187500000e+02 1.823267211914062500e+02 2.493566131591796875e+02 -4.925786256790161133e-01 8.591169118881225586e-01 1.388685554265975952e-01 0.000000000000000000e+00 1.000000000000000000e+00
3.339967956542968750e+02 1.829582519531250000e+02 2.494586944580078125e+02 -4.795131981372833252e-01 8.705430626869201660e-01 1.105529516935348511e-01 0.000000000000000000e+00 1.000000000000000000e+00
3.336394042968750000e+02 1.836070861816406250e+02 2.495410919189453125e+02 -4.639620482921600342e-01 8.822693228721618652e-01 7.962384819984436035e-02 0.000000000000000000e+00 1.000000000000000000e+00
3.332880249023437500e+02 1.842752685546875000e+02 2.496013946533203125e+02 -4.476819932460784912e-01 8.929011821746826172e-01 4.804537445306777954e-02 0.000000000000000000e+00 1.000000000000000000e+00
3.329440917968750000e+02 1.849612426757812500e+02 2.496383056640625000e+02 -4.326511621475219727e-01 9.013894200325012207e-01 1.761018671095371246e-02 0.000000000000000000e+00 1.000000000000000000e+00
3.326089477539062500e+02 1.856594848632812500e+02 2.496519470214843750e+02 -4.212993085384368896e-01 9.068713188171386719e-01 -9.556176140904426575e-03 0.000000000000000000e+00 1.000000000000000000e+00
3.322826843261718750e+02 1.863617858886718750e+02 2.496445465087890625e+02 -4.153930544853210449e-01 9.090923666954040527e-01 -3.161679953336715698e-02 0.000000000000000000e+00 1.000000000000000000e+00
3.319639282226562500e+02 1.870593872070312500e+02 2.496202850341796875e+02 -4.157212674617767334e-01 9.082895517349243164e-01 -4.675450548529624939e-02 0.000000000000000000e+00 1.000000000000000000e+00
3.316498413085937500e+02 1.877456207275390625e+02 2.495849609375000000e+02 -4.223253130912780762e-01 9.048771262168884277e-01 -5.327884852886199951e-02 0.000000000000000000e+00 1.000000000000000000e+00
3.313363342285156250e+02 1.884173431396484375e+02 2.495454101562500000e+02 -4.338485300540924072e-01 8.996314406394958496e-01 -4.938350990414619446e-02 0.000000000000000000e+00 1.000000000000000000e+00
3.310191650390625000e+02 1.890750274658203125e+02 2.495093078613281250e+02 -4.478479623794555664e-01 8.934402465820312500e-01 -3.459416702389717102e-02 0.000000000000000000e+00 1.000000000000000000e+00
3.306950073242187500e+02 1.897217102050781250e+02 2.494842681884765625e+02 -4.611771106719970703e-01 8.872581720352172852e-01 -9.413936175405979156e-03 0.000000000000000000e+00 1.000000000000000000e+00
3.303623657226562500e+02 1.903616790771484375e+02 2.494774780273437500e+02 -4.707499444484710693e-01 8.819380402565002441e-01 2.407820150256156921e-02 0.000000000000000000e+00 1.000000000000000000e+00
3.300222778320312500e+02 1.909988250732421875e+02 2.494948730468750000e+02 -4.747502207756042480e-01 8.778669834136962891e-01 6.294228136539459229e-02 0.000000000000000000e+00 1.000000000000000000e+00
3.296780395507812500e+02 1.916353607177734375e+02 2.495405120849609375e+02 -4.724256992340087891e-01 8.752015829086303711e-01 1.040966510772705078e-01 0.000000000000000000e+00 1.000000000000000000e+00
3.293348388671875000e+02 1.922711639404296875e+02 2.496161346435546875e+02 -4.644953310489654541e-01 8.736665248870849609e-01 1.447441279888153076e-01 0.000000000000000000e+00 1.000000000000000000e+00
3.289982910156250000e+02 1.929041748046875000e+02 2.497210083007812500e+02 -4.522706270217895508e-01 8.729302287101745605e-01 1.828770339488983154e-01 0.000000000000000000e+00 1.000000000000000000e+00
3.286730041503906250e+02 1.935320129394531250e+02 2.498525390625000000e+02 -4.371425807476043701e-01 8.726759552955627441e-01 2.175843268632888794e-01 0.000000000000000000e+00 1.000000000000000000e+00
3.283621215820312500e+02 1.941526336669921875e+02 2.500072784423828125e+02 -4.211755394935607910e-01 8.723543882369995117e-01 2.482113391160964966e-01 0.000000000000000000e+00 1.000000000000000000e+00
3.280661010742187500e+02 1.947657623291015625e+02 2.501817321777343750e+02 -4.057899415493011475e-01 8.716400861740112305e-01 2.749146819114685059e-01 0.000000000000000000e+00 1.000000000000000000e+00
3.277834167480468750e+02 1.953729705810546875e+02 2.503732452392578125e+02 -3.914698660373687744e-01 8.705192804336547852e-01 2.982407808303833008e-01 0.000000000000000000e+00 1.000000000000000000e+00
3.275116882324218750e+02 1.959772186279296875e+02 2.505802612304687500e+02 -3.790948987007141113e-01 8.687700629234313965e-01 3.186308741569519043e-01 0.000000000000000000e+00 1.000000000000000000e+00
3.272478332519531250e+02 1.965818939208984375e+02 2.508020324707031250e+02 -3.684422969818115234e-01 8.666367530822753906e-01 3.364387750625610352e-01 0.000000000000000000e+00 1.000000000000000000e+00
3.269890747070312500e+02 1.971905364990234375e+02 2.510383148193359375e+02 -3.597948849201202393e-01 8.641372323036193848e-01 3.518727421760559082e-01 0.000000000000000000e+00 1.000000000000000000e+00
3.267326660156250000e+02 1.978063659667968750e+02 2.512890777587890625e+02 -3.531003892421722412e-01 8.614598512649536133e-01 3.649754822254180908e-01 0.000000000000000000e+00 1.000000000000000000e+00
3.264763183593750000e+02 1.984317779541015625e+02 2.515540466308593750e+02 -3.484421968460083008e-01 8.587448596954345703e-01 3.756931722164154053e-01 0.000000000000000000e+00 1.000000000000000000e+00
3.262178039550781250e+02 1.990688934326171875e+02 2.518327789306640625e+02 -3.458969891071319580e-01 8.559733629226684570e-01 3.842718899250030518e-01 0.000000000000000000e+00 1.000000000000000000e+00
3.259553833007812500e+02 1.997182922363281250e+02 2.521243133544921875e+02 -3.455107808113098145e-01 8.531028628349304199e-01 3.909447491168975830e-01 0.000000000000000000e+00 1.000000000000000000e+00
3.256876831054687500e+02 2.003792724609375000e+02 2.524272155761718750e+02 -3.471388518810272217e-01 8.500044345855712891e-01 3.962158858776092529e-01 0.000000000000000000e+00 1.000000000000000000e+00
3.254139709472656250e+02 2.010494842529296875e+02 2.527396240234375000e+02 -3.510302603244781494e-01 8.466778397560119629e-01 3.998928964138031006e-01 0.000000000000000000e+00 1.000000000000000000e+00
3.251340026855468750e+02 2.017247619628906250e+02 2.530585632324218750e+02 -3.586935102939605713e-01 8.429393172264099121e-01 4.009892344474792480e-01 0.000000000000000000e+00 1.000000000000000000e+00
3.248469848632812500e+02 2.023992614746093750e+02 2.533794250488281250e+02 -3.713123798370361328e-01 8.389279246330261230e-01 3.979032635688781738e-01 0.000000000000000000e+00 1.000000000000000000e+00
3.245518798828125000e+02 2.030660095214843750e+02 2.536956634521484375e+02 -3.911545276641845703e-01 8.342702984809875488e-01 3.885760009288787842e-01 0.000000000000000000e+00 1.000000000000000000e+00
3.242463378906250000e+02 2.037176818847656250e+02 2.539991912841796875e+02 -4.202918112277984619e-01 8.287839889526367188e-01 3.694209456443786621e-01 0.000000000000000000e+00 1.000000000000000000e+00
3.239267578125000000e+02 2.043478698730468750e+02 2.542800903320312500e+02 -4.605988860130310059e-01 8.215595483779907227e-01 3.359889388084411621e-01 0.000000000000000000e+00 1.000000000000000000e+00
3.235876159667968750e+02 2.049527893066406250e+02 2.545274810791015625e+02 -5.118151307106018066e-01 8.105091452598571777e-01 2.848161756992340088e-01 0.000000000000000000e+00 1.000000000000000000e+00
3.232218322753906250e+02 2.055320434570312500e+02 2.547310333251953125e+02 -5.694462060928344727e-01 7.932301759719848633e-01 2.156775891780853271e-01 0.000000000000000000e+00 1.000000000000000000e+00
3.228220214843750000e+02 2.060889739990234375e+02 2.548824615478515625e+02 -6.252161264419555664e-01 7.688814401626586914e-01 1.338881701231002808e-01 0.000000000000000000e+00 1.000000000000000000e+00
3.223819580078125000e+02 2.066301574707031250e+02 2.549766998291015625e+02 -6.706169247627258301e-01 7.400327324867248535e-01 5.123091489076614380e-02 0.000000000000000000e+00 1.000000000000000000e+00
3.218985900878906250e+02 2.071635589599609375e+02 2.550136260986328125e+02 -6.999324560165405273e-01 7.138894796371459961e-01 -2.136403881013393402e-02 0.000000000000000000e+00 1.000000000000000000e+00
3.213751831054687500e+02 2.076974029541015625e+02 2.549976501464843750e+02 -7.130010128021240234e-01 6.967401504516601562e-01 -7.863027602434158325e-02 0.000000000000000000e+00 1.000000000000000000e+00
3.208218688964843750e+02 2.082380981445312500e+02 2.549366302490234375e+02 -7.110494375228881836e-01 6.924707889556884766e-01 -1.220360696315765381e-01 0.000000000000000000e+00 1.000000000000000000e+00
3.202559814453125000e+02 2.087891998291015625e+02 2.548395080566406250e+02 -6.956008672714233398e-01 7.012972235679626465e-01 -1.559538990259170532e-01 0.000000000000000000e+00 1.000000000000000000e+00
3.196988525390625000e+02 2.093508911132812500e+02 2.547145996093750000e+02 -6.677870750427246094e-01 7.209354639053344727e-01 -1.852364689111709595e-01 0.000000000000000000e+00 1.000000000000000000e+00
3.191718139648437500e+02 2.099198760986328125e+02 2.545684051513671875e+02 -6.286095380783081055e-01 7.482228875160217285e-01 -2.121617197990417480e-01 0.000000000000000000e+00 1.000000000000000000e+00
3.186919555664062500e+02 2.104910430908203125e+02 2.544064483642578125e+02 -5.801982879638671875e-01 7.796519398689270020e-01 -2.356114983558654785e-01 0.000000000000000000e+00 1.000000000000000000e+00
3.182683715820312500e+02 2.110602416992187500e+02 2.542344360351562500e+02 -5.260231494903564453e-01 8.122209906578063965e-01 -2.521840035915374756e-01 0.000000000000000000e+00 1.000000000000000000e+00
3.179014282226562500e+02 2.116268310546875000e+02 2.540585174560546875e+02 -4.712464809417724609e-01 8.437678813934326172e-01 -2.568707466125488281e-01 0.000000000000000000e+00 1.000000000000000000e+00
3.175836486816406250e+02 2.121958160400390625e+02 2.538852996826171875e+02 -4.220278561115264893e-01 8.720321655273437500e-01 -2.478961497545242310e-01 0.000000000000000000e+00 1.000000000000000000e+00
3.173023681640625000e+02 2.127770233154296875e+02 2.537200775146484375e+02 -3.830144107341766357e-01 8.950614929199218750e-01 -2.283962517976760864e-01 0.000000000000000000e+00 1.000000000000000000e+00
3.170433349609375000e+02 2.133823547363281250e+02 2.535656127929687500e+02 -3.562787771224975586e-01 9.114472270011901855e-01 -2.057411968708038330e-01 0.000000000000000000e+00 1.000000000000000000e+00
3.167933959960937500e+02 2.140217590332031250e+02 2.534212799072265625e+02 -3.420035243034362793e-01 9.210913181304931641e-01 -1.860761195421218872e-01 0.000000000000000000e+00 1.000000000000000000e+00
3.165417175292968750e+02 2.146995849609375000e+02 2.532843475341796875e+02 -3.382350802421569824e-01 9.253922104835510254e-01 -1.710153073072433472e-01 0.000000000000000000e+00 1.000000000000000000e+00
3.162806396484375000e+02 2.154138793945312500e+02 2.531523437500000000e+02 -3.432272672653198242e-01 9.257559180259704590e-01 -1.586537808179855347e-01 0.000000000000000000e+00 1.000000000000000000e+00
3.160050354003906250e+02 2.161572418212890625e+02 2.530249481201171875e+02 -3.552409410476684570e-01 9.234232902526855469e-01 -1.452351957559585571e-01 0.000000000000000000e+00 1.000000000000000000e+00
3.157114562988281250e+02 2.169203796386718750e+02 2.529049224853515625e+02 -3.733792304992675781e-01 9.189130663871765137e-01 -1.272265911102294922e-01 0.000000000000000000e+00 1.000000000000000000e+00
3.153970947265625000e+02 2.176940460205078125e+02 2.527978057861328125e+02 -3.961059153079986572e-01 9.123552441596984863e-01 -1.034792214632034302e-01 0.000000000000000000e+00 1.000000000000000000e+00
3.150597839355468750e+02 2.184709777832031250e+02 2.527096862792968750e+02 -4.219391644001007080e-01 9.034820199012756348e-01 -7.541615515947341919e-02 0.000000000000000000e+00 1.000000000000000000e+00
3.146978149414062500e+02 2.192460479736328125e+02 2.526449890136718750e+02 -4.495040476322174072e-01 8.920847773551940918e-01 -4.616155102849006653e-02 0.000000000000000000e+00 1.000000000000000000e+00
3.143104553222656250e+02 2.200148010253906250e+02 2.526052093505859375e+02 -4.771899282932281494e-01 8.785862922668457031e-01 -1.938617229461669922e-02 0.000000000000000000e+00 1.000000000000000000e+00
3.138988037109375000e+02 2.207727203369140625e+02 2.525884857177734375e+02 -5.039058327674865723e-01 8.637548089027404785e-01 2.557537052780389786e-03 0.000000000000000000e+00 1.000000000000000000e+00
3.134658813476562500e+02 2.215148010253906250e+02 2.525906829833984375e+02 -5.291365385055541992e-01 8.483301997184753418e-01 1.871792599558830261e-02 0.000000000000000000e+00 1.000000000000000000e+00
3.130168457031250000e+02 2.222347106933593750e+02 2.526065673828125000e+02 -5.530021786689758301e-01 8.326626420021057129e-01 2.935286983847618103e-02 0.000000000000000000e+00 1.000000000000000000e+00
3.125574645996093750e+02 2.229264068603515625e+02 2.526309509277343750e+02 -5.758714079856872559e-01 8.167647123336791992e-01 3.560372814536094666e-02 0.000000000000000000e+00 1.000000000000000000e+00
3.120934753417968750e+02 2.235844879150390625e+02 2.526596374511718750e+02 -5.993358492851257324e-01 7.995865941047668457e-01 3.818140178918838501e-02 0.000000000000000000e+00 1.000000000000000000e+00
3.116285705566406250e+02 2.242047271728515625e+02 2.526892547607421875e+02 -6.237645745277404785e-01 7.807326316833496094e-01 3.707016631960868835e-02 0.000000000000000000e+00 1.000000000000000000e+00
3.111651306152343750e+02 2.247847900390625000e+02 2.527167968750000000e+02 -6.498587131500244141e-01 7.593724131584167480e-01 3.220485523343086243e-02 0.000000000000000000e+00 1.000000000000000000e+00
3.107038879394531250e+02 2.253237609863281250e+02 2.527396545410156250e+02 -6.769490838050842285e-01 7.356643080711364746e-01 2.319306880235671997e-02 0.000000000000000000e+00 1.000000000000000000e+00
3.102456054687500000e+02 2.258217926025390625e+02 2.527553558349609375e+02 -7.040072679519653320e-01 7.101337909698486328e-01 9.154317900538444519e-03 0.000000000000000000e+00 1.000000000000000000e+00
3.097914733886718750e+02 2.262798767089843750e+02 2.527612609863281250e+02 -7.295692563056945801e-01 6.838377118110656738e-01 -9.732224047183990479e-03 0.000000000000000000e+00 1.000000000000000000e+00
3.093430786132812500e+02 2.267001647949218750e+02 2.527552795410156250e+02 -7.520329356193542480e-01 6.582822799682617188e-01 -3.333009034395217896e-02 0.000000000000000000e+00 1.000000000000000000e+00
3.089017028808593750e+02 2.270865173339843750e+02 2.527357177734375000e+02 -7.701129317283630371e-01 6.350983977317810059e-01 -5.979910492897033691e-02 0.000000000000000000e+00 1.000000000000000000e+00
3.084672241210937500e+02 2.274448242187500000e+02 2.527019805908203125e+02 -7.828511595726013184e-01 6.160828471183776855e-01 -8.709782361984252930e-02 0.000000000000000000e+00 1.000000000000000000e+00
3.080378112792968750e+02 2.277827606201171875e+02 2.526542053222656250e+02 -7.900030016899108887e-01 6.025031805038452148e-01 -1.135126501321792603e-01 0.000000000000000000e+00 1.000000000000000000e+00
3.076093139648437500e+02 2.281095581054687500e+02 2.525926361083984375e+02 -7.909782528877258301e-01 5.960486531257629395e-01 -1.381285488605499268e-01 0.000000000000000000e+00 1.000000000000000000e+00
3.071762695312500000e+02 2.284358825683593750e+02 2.525170135498046875e+02 -7.866831421852111816e-01 5.960344076156616211e-01 -1.608497202396392822e-01 0.000000000000000000e+00 1.000000000000000000e+00
3.067327575683593750e+02 2.287719116210937500e+02 2.524263305664062500e+02 -7.764849662780761719e-01 6.031255125999450684e-01 -1.825122386217117310e-01 0.000000000000000000e+00 1.000000000000000000e+00
3.062745056152343750e+02 2.291278533935546875e+02 2.523186187744140625e+02 -7.602303624153137207e-01 6.167597174644470215e-01 -2.041010111570358276e-01 0.000000000000000000e+00 1.000000000000000000e+00
3.058007812500000000e+02 2.295121765136718750e+02 2.521914367675781250e+02 -7.377274036407470703e-01 6.360791921615600586e-01 -2.261893451213836670e-01 0.000000000000000000e+00 1.000000000000000000e+00
3.053159484863281250e+02 2.299302062988281250e+02 2.520427856445312500e+02 -7.088651061058044434e-01 6.597908139228820801e-01 -2.493718713521957397e-01 0.000000000000000000e+00 1.000000000000000000e+00
3.048292846679687500e+02 2.303831787109375000e+02 2.518715820312500000e+02 -6.740510463714599609e-01 6.860452294349670410e-01 -2.738561928272247314e-01 0.000000000000000000e+00 1.000000000000000000e+00
3.043533630371093750e+02 2.308675689697265625e+02 2.516782226562500000e+02 -6.345477104187011719e-01 7.125087380409240723e-01 -2.994669973850250244e-01 0.000000000000000000e+00 1.000000000000000000e+00
3.039004211425781250e+02 2.313761596679687500e+02 2.514644622802734375e+02 -5.927322506904602051e-01 7.366864085197448730e-01 -3.255175948143005371e-01 0.000000000000000000e+00 1.000000000000000000e+00
3.034790954589843750e+02 2.318998107910156250e+02 2.512330780029296875e+02 -5.519669055938720703e-01 7.567119598388671875e-01 -3.503134846687316895e-01 0.000000000000000000e+00 1.000000000000000000e+00
3.030922546386718750e+02 2.324301452636718750e+02 2.509875640869140625e+02 -5.167670845985412598e-01 7.709140777587890625e-01 -3.723482191562652588e-01 0.000000000000000000e+00 1.000000000000000000e+00
3.027367553710937500e+02 2.329604797363281250e+02 2.507314147949218750e+02 -4.903657436370849609e-01 7.792054414749145508e-01 -3.903593122959136963e-01 0.000000000000000000e+00 1.000000000000000000e+00
3.024054565429687500e+02 2.334869232177734375e+02 2.504676818847656250e+02 -4.749615490436553955e-01 7.819489240646362305e-01 -4.036921560764312744e-01 0.000000000000000000e+00 1.000000000000000000e+00
3.020888977050781250e+02 2.340080871582031250e+02 2.501986236572265625e+02 -4.707714617252349854e-01 7.798824906349182129e-01 -4.125017225742340088e-01 0.000000000000000000e+00 1.000000000000000000e+00
3.017774963378906250e+02 2.345239562988281250e+02 2.499257659912109375e+02 -4.767323434352874756e-01 7.738291025161743164e-01 -4.170310199260711670e-01 0.000000000000000000e+00 1.000000000000000000e+00
3.014627685546875000e+02 2.350348205566406250e+02 2.496504516601562500e+02 -4.915581345558166504e-01 7.640132308006286621e-01 -4.179166555404663086e-01 0.000000000000000000e+00 1.000000000000000000e+00
3.011374511718750000e+02 2.355404510498046875e+02 2.493738708496093750e+02 -5.141975879669189453e-01 7.505918145179748535e-01 -4.149853587150573730e-01 0.000000000000000000e+00 1.000000000000000000e+00
3.007952575683593750e+02 2.360399627685546875e+02 2.490977020263671875e+02 -5.432578921318054199e-01 7.336031198501586914e-01 -4.082858860492706299e-01 0.000000000000000000e+00 1.000000000000000000e+00
3.004311828613281250e+02 2.365316009521484375e+02 2.488240814208984375e+02 -5.776033997535705566e-01 7.130540609359741211e-01 -3.974018096923828125e-01 0.000000000000000000e+00 1.000000000000000000e+00
3.000412292480468750e+02 2.370130004882812500e+02 2.485557861328125000e+02 -6.160876154899597168e-01 6.887148618698120117e-01 -3.822406828403472900e-01 0.000000000000000000e+00 1.000000000000000000e+00
2.996219787597656250e+02 2.374816741943359375e+02 2.482956695556640625e+02 -6.577141284942626953e-01 6.603102087974548340e-01 -3.624949753284454346e-01 0.000000000000000000e+00 1.000000000000000000e+00
2.991696777343750000e+02 2.379357604980468750e+02 2.480463867187500000e+02 -7.009118795394897461e-01 6.280341744422912598e-01 -3.380763530731201172e-01 0.000000000000000000e+00 1.000000000000000000e+00
2.986806945800781250e+02 2.383739013671875000e+02 2.478105316162109375e+02 -7.449806332588195801e-01 5.913197994232177734e-01 -3.087793886661529541e-01 0.000000000000000000e+00 1.000000000000000000e+00
2.981504211425781250e+02 2.387947998046875000e+02 2.475907440185546875e+02 -7.890893816947937012e-01 5.495108366012573242e-01 -2.745466530323028564e-01 0.000000000000000000e+00 1.000000000000000000e+00
2.975736694335937500e+02 2.391964416503906250e+02 2.473900756835937500e+02 -8.329902887344360352e-01 5.009949803352355957e-01 -2.348003238439559937e-01 0.000000000000000000e+00 1.000000000000000000e+00
2.969449157714843750e+02 2.395746002197265625e+02 2.472128448486328125e+02 -8.757262229919433594e-01 4.440762698650360107e-01 -1.894725412130355835e-01 0.000000000000000000e+00 1.000000000000000000e+00
2.962588500976562500e+02 2.399225006103515625e+02 2.470644073486328125e+02 -9.151723980903625488e-01 3.781724274158477783e-01 -1.394455879926681519e-01 0.000000000000000000e+00 1.000000000000000000e+00
2.955109863281250000e+02 2.402315368652343750e+02 2.469504547119140625e+02 -9.481612443923950195e-01 3.055348396301269531e-01 -8.740003407001495361e-02 0.000000000000000000e+00 1.000000000000000000e+00
2.946990356445312500e+02 2.404931793212890625e+02 2.468756103515625000e+02 -9.721197485923767090e-01 2.315426617860794067e-01 -3.703054785728454590e-02 0.000000000000000000e+00 1.000000000000000000e+00
2.938241882324218750e+02 2.407015533447265625e+02 2.468422851562500000e+02 -9.865602254867553711e-01 1.632319390773773193e-01 7.362389937043190002e-03 0.000000000000000000e+00 1.000000000000000000e+00
2.928918151855468750e+02 2.408558197021484375e+02 2.468492431640625000e+02 -9.933907985687255859e-01 1.061153635382652283e-01 4.375189542770385742e-02 0.000000000000000000e+00 1.000000000000000000e+00
2.919120483398437500e+02 2.409604797363281250e+02 2.468923950195312500e+02 -9.954042434692382812e-01 6.273757666349411011e-02 7.234914600849151611e-02 0.000000000000000000e+00 1.000000000000000000e+00
2.908991088867187500e+02 2.410243225097656250e+02 2.469660186767578125e+02 -9.949154257774353027e-01 3.280768170952796936e-02 9.522049129009246826e-02 0.000000000000000000e+00 1.000000000000000000e+00
2.898704528808593750e+02 2.410582427978515625e+02 2.470644683837890625e+02 -9.932270646095275879e-01 1.461149472743272781e-02 1.152668148279190063e-01 0.000000000000000000e+00 1.000000000000000000e+00
2.888446350097656250e+02 2.410733337402343750e+02 2.471835174560546875e+02 -9.907974004745483398e-01 5.496399011462926865e-03 1.352415233850479126e-01 0.000000000000000000e+00 1.000000000000000000e+00
2.878406677246093750e+02 2.410789031982421875e+02 2.473205566406250000e+02 -9.876104593276977539e-01 3.496076678857207298e-03 1.568864434957504272e-01 0.000000000000000000e+00 1.000000000000000000e+00
2.868751220703125000e+02 2.410823211669921875e+02 2.474739379882812500e+02 -9.835533499717712402e-01 7.337994873523712158e-03 1.804688125848770142e-01 0.000000000000000000e+00 1.000000000000000000e+00
2.859588623046875000e+02 2.410891571044921875e+02 2.476420593261718750e+02 -9.787896871566772461e-01 1.618819497525691986e-02 2.042269408702850342e-01 0.000000000000000000e+00 1.000000000000000000e+00
2.850943908691406250e+02 2.411034545898437500e+02 2.478224334716796875e+02 -9.738857746124267578e-01 2.940682135522365570e-02 2.251261472702026367e-01 0.000000000000000000e+00 1.000000000000000000e+00
2.842742309570312500e+02 2.411282196044921875e+02 2.480120239257812500e+02 -9.697049856185913086e-01 4.608913883566856384e-02 2.398917227983474731e-01 0.000000000000000000e+00 1.000000000000000000e+00
2.834831848144531250e+02 2.411658172607421875e+02 2.482077178955078125e+02 -9.667911529541015625e-01 6.376297026872634888e-02 2.474858164787292480e-01 0.000000000000000000e+00 1.000000000000000000e+00
2.827032775878906250e+02 2.412172546386718750e+02 2.484073638916015625e+02 -9.650054574012756348e-01 8.116886019706726074e-02 2.493513375520706177e-01 0.000000000000000000e+00 1.000000000000000000e+00
2.819197692871093750e+02 2.412831573486328125e+02 2.486098175048828125e+02 -9.635378718376159668e-01 9.797308593988418579e-02 2.489902228116989136e-01 0.000000000000000000e+00 1.000000000000000000e+00
2.811262207031250000e+02 2.413638458251953125e+02 2.488148803710937500e+02 -9.615666270256042480e-01 1.151602044701576233e-01 2.492543607950210571e-01 0.000000000000000000e+00 1.000000000000000000e+00
2.803249511718750000e+02 2.414598083496093750e+02 2.490225830078125000e+02 -9.582774639129638672e-01 1.343941390514373779e-01 2.522744238376617432e-01 0.000000000000000000e+00 1.000000000000000000e+00
2.795245056152343750e+02 2.415720672607421875e+02 2.492333068847656250e+02 -9.532586932182312012e-01 1.568446159362792969e-01 2.582586407661437988e-01 0.000000000000000000e+00 1.000000000000000000e+00
2.787346496582031250e+02 2.417020263671875000e+02 2.494472961425781250e+02 -9.463047981262207031e-01 1.827281415462493896e-01 2.666787505149841309e-01 0.000000000000000000e+00 1.000000000000000000e+00
2.779623718261718750e+02 2.418511505126953125e+02 2.496649322509765625e+02 -9.376322627067565918e-01 2.106402069330215454e-01 2.765437066555023193e-01 0.000000000000000000e+00 1.000000000000000000e+00
2.772099304199218750e+02 2.420201873779296875e+02 2.498868560791015625e+02 -9.277818799018859863e-01 2.384293526411056519e-01 2.870054244995117188e-01 0.000000000000000000e+00 1.000000000000000000e+00
2.764752197265625000e+02 2.422089996337890625e+02 2.501141357421875000e+02 -9.175805449485778809e-01 2.637515366077423096e-01 2.974578440189361572e-01 0.000000000000000000e+00 1.000000000000000000e+00
2.757536926269531250e+02 2.424163970947265625e+02 2.503480377197265625e+02 -9.079014062881469727e-01 2.851774096488952637e-01 3.072276115417480469e-01 0.000000000000000000e+00 1.000000000000000000e+00
2.750399780273437500e+02 2.426405792236328125e+02 2.505895538330078125e+02 -8.991721272468566895e-01 3.022985458374023438e-01 3.163939714431762695e-01 0.000000000000000000e+00 1.000000000000000000e+00
2.743294067382812500e+02 2.428794708251953125e+02 2.508395843505859375e+02 -8.914220333099365234e-01 3.157175481319427490e-01 3.250985443592071533e-01 0.000000000000000000e+00 1.000000000000000000e+00
2.736189270019531250e+02 2.431311035156250000e+02 2.510986938476562500e+02 -8.847638368606567383e-01 3.259048461914062500e-01 3.331349790096282959e-01 0.000000000000000000e+00 1.000000000000000000e+00
2.729056396484375000e+02 2.433938446044921875e+02 2.513672637939453125e+02 -8.789213299751281738e-01 3.336856961250305176e-01 3.408096730709075928e-01 0.000000000000000000e+00 1.000000000000000000e+00
2.721883850097656250e+02 2.436661529541015625e+02 2.516453857421875000e+02 -8.739252686500549316e-01 3.393490016460418701e-01 3.479896783828735352e-01 0.000000000000000000e+00 1.000000000000000000e+00
2.714661254882812500e+02 2.439466094970703125e+02 2.519329833984375000e+02 -8.696855902671813965e-01 3.432316780090332031e-01 3.547377884387969971e-01 0.000000000000000000e+00 1.000000000000000000e+00
2.707383728027343750e+02 2.442338256835937500e+02 2.522298278808593750e+02 -8.662767410278320312e-01 3.455523252487182617e-01 3.607745170593261719e-01 0.000000000000000000e+00 1.000000000000000000e+00
2.700046081542968750e+02 2.445265197753906250e+02 2.525354156494140625e+02 -8.635901212692260742e-01 3.465153872966766357e-01 3.662501275539398193e-01 0.000000000000000000e+00 1.000000000000000000e+00
2.692647705078125000e+02 2.448233795166015625e+02 2.528491821289062500e+02 -8.614582419395446777e-01 3.466074168682098389e-01 3.711510002613067627e-01 0.000000000000000000e+00 1.000000000000000000e+00
2.685192565917968750e+02 2.451233367919921875e+02 2.531703796386718750e+02 -8.595302104949951172e-01 3.467263877391815186e-01 3.754846751689910889e-01 0.000000000000000000e+00 1.000000000000000000e+00
2.677695007324218750e+02 2.454257812500000000e+02 2.534979095458984375e+02 -8.575028777122497559e-01 3.472519516944885254e-01 3.796115219593048096e-01 0.000000000000000000e+00 1.000000000000000000e+00
2.670178222656250000e+02 2.457301788330078125e+02 2.538306732177734375e+02 -8.550087809562683105e-01 3.488130867481231689e-01 3.837831318378448486e-01 0.000000000000000000e+00 1.000000000000000000e+00
2.662679443359375000e+02 2.460361022949218750e+02 2.541672668457031250e+02 -8.522480726242065430e-01 3.508763015270233154e-01 3.880195021629333496e-01 0.000000000000000000e+00 1.000000000000000000e+00
2.655239562988281250e+02 2.463424072265625000e+02 2.545059967041015625e+02 -8.495019674301147461e-01 3.526988029479980469e-01 3.923646211624145508e-01 0.000000000000000000e+00 1.000000000000000000e+00
2.647903137207031250e+02 2.466470031738281250e+02 2.548448486328125000e+02 -8.474993705749511719e-01 3.527892231941223145e-01 3.965913057327270508e-01 0.000000000000000000e+00 1.000000000000000000e+00
2.640708312988281250e+02 2.469465026855468750e+02 2.551815338134765625e+02 -8.468909859657287598e-01 3.500156402587890625e-01 4.003307521343231201e-01 0.000000000000000000e+00 1.000000000000000000e+00
2.633686523437500000e+02 2.472367095947265625e+02 2.555134582519531250e+02 -8.482477664947509766e-01 3.441187441349029541e-01 4.025643765926361084e-01 0.000000000000000000e+00 1.000000000000000000e+00
2.626854553222656250e+02 2.475138702392578125e+02 2.558376922607421875e+02 -8.514904379844665527e-01 3.362228274345397949e-01 4.023906886577606201e-01 0.000000000000000000e+00 1.000000000000000000e+00
2.620217590332031250e+02 2.477759399414062500e+02 2.561513366699218750e+02 -8.562622070312500000e-01 3.282129168510437012e-01 3.988625407218933105e-01 0.000000000000000000e+00 1.000000000000000000e+00
2.613767089843750000e+02 2.480231933593750000e+02 2.564518127441406250e+02 -8.618391752243041992e-01 3.227555751800537109e-01 3.912315368652343750e-01 0.000000000000000000e+00 1.000000000000000000e+00
2.607481384277343750e+02 2.482585906982421875e+02 2.567371520996093750e+02 -8.673830032348632812e-01 3.216392993927001953e-01 3.797300755977630615e-01 0.000000000000000000e+00 1.000000000000000000e+00
2.601327514648437500e+02 2.484867858886718750e+02 2.570065612792968750e+02 -8.718097209930419922e-01 3.254636228084564209e-01 3.660889565944671631e-01 0.000000000000000000e+00 1.000000000000000000e+00
2.595266418457031250e+02 2.487130584716796875e+02 2.572610778808593750e+02 -8.744171261787414551e-01 3.330542445182800293e-01 3.528023064136505127e-01 0.000000000000000000e+00 1.000000000000000000e+00
2.589253234863281250e+02 2.489420928955078125e+02 2.575036926269531250e+02 -8.750802278518676758e-01 3.414790034294128418e-01 3.429674804210662842e-01 0.000000000000000000e+00 1.000000000000000000e+00
2.583242797851562500e+02 2.491766357421875000e+02 2.577392578125000000e+02 -8.745473027229309082e-01 3.476448953151702881e-01 3.380977213382720947e-01 0.000000000000000000e+00 1.000000000000000000e+00
2.577190551757812500e+02 2.494172210693359375e+02 2.579732360839843750e+02 -8.742907047271728516e-01 3.485162854194641113e-01 3.378642797470092773e-01 0.000000000000000000e+00 1.000000000000000000e+00
2.571053771972656250e+02 2.496618499755859375e+02 2.582103881835937500e+02 -8.761078119277954102e-01 3.418874144554138184e-01 3.399235308170318604e-01 0.000000000000000000e+00 1.000000000000000000e+00
2.564791259765625000e+02 2.499062347412109375e+02 2.584533691406250000e+02 -8.815601468086242676e-01 3.273684382438659668e-01 3.401197791099548340e-01 0.000000000000000000e+00 1.000000000000000000e+00
2.558366851806640625e+02 2.501448059082031250e+02 2.587012329101562500e+02 -8.912444710731506348e-01 3.057709932327270508e-01 3.349439203739166260e-01 0.000000000000000000e+00 1.000000000000000000e+00
2.551752014160156250e+02 2.503717498779296875e+02 2.589498291015625000e+02 -9.040346741676330566e-01 2.801402211189270020e-01 3.228666186332702637e-01 0.000000000000000000e+00 1.000000000000000000e+00
2.544936523437500000e+02 2.505829467773437500e+02 2.591932373046875000e+02 -9.179386496543884277e-01 2.544978260993957520e-01 3.043343126773834229e-01 0.000000000000000000e+00 1.000000000000000000e+00
2.537927093505859375e+02 2.507772827148437500e+02 2.594256286621093750e+02 -9.309265613555908203e-01 2.332461923360824585e-01 2.810195088386535645e-01 0.000000000000000000e+00 1.000000000000000000e+00
2.530749359130859375e+02 2.509571228027343750e+02 2.596423034667968750e+02 -9.417135119438171387e-01 2.203044295310974121e-01 2.542473077774047852e-01 0.000000000000000000e+00 1.000000000000000000e+00
2.523438262939453125e+02 2.511281585693359375e+02 2.598396911621093750e+02 -9.502603411674499512e-01 2.170460969209671021e-01 2.233746647834777832e-01 0.000000000000000000e+00 1.000000000000000000e+00
2.516014862060546875e+02 2.512977142333984375e+02 2.600141906738281250e+02 -9.570413231849670410e-01 2.216495871543884277e-01 1.869315207004547119e-01 0.000000000000000000e+00 1.000000000000000000e+00
2.508473052978515625e+02 2.514723815917968750e+02 2.601614990234375000e+02 -9.624108076095581055e-01 2.294878363609313965e-01 1.452609151601791382e-01 0.000000000000000000e+00 1.000000000000000000e+00
2.500773620605468750e+02 2.516559753417968750e+02 2.602777099609375000e+02 -9.664767384529113770e-01 2.354142516851425171e-01 1.024836525321006775e-01 0.000000000000000000e+00 1.000000000000000000e+00
2.492859191894531250e+02 2.518487548828125000e+02 2.603616333007812500e+02 -9.695985913276672363e-01 2.357803583145141602e-01 6.546942889690399170e-02 0.000000000000000000e+00 1.000000000000000000e+00
2.484678649902343750e+02 2.520476837158203125e+02 2.604168701171875000e+02 -9.721462130546569824e-01 2.308439612388610840e-01 4.053092747926712036e-02 0.000000000000000000e+00 1.000000000000000000e+00
2.476217041015625000e+02 2.522486114501953125e+02 2.604521484375000000e+02 -9.743723869323730469e-01 2.230499237775802612e-01 2.910460904240608215e-02 0.000000000000000000e+00 1.000000000000000000e+00
2.467512359619140625e+02 2.524478759765625000e+02 2.604781494140625000e+02 -9.763277173042297363e-01 2.145985662937164307e-01 2.704741619527339935e-02 0.000000000000000000e+00 1.000000000000000000e+00
2.458644561767578125e+02 2.526427917480468750e+02 2.605027160644531250e+02 -9.781021475791931152e-01 2.064490616321563721e-01 2.636159770190715790e-02 0.000000000000000000e+00 1.000000000000000000e+00
2.449710693359375000e+02 2.528313598632812500e+02 2.605267944335937500e+02 -9.802600145339965820e-01 1.969077587127685547e-01 1.781985908746719360e-02 0.000000000000000000e+00 1.000000000000000000e+00
2.440796508789062500e+02 2.530104217529296875e+02 2.605429992675781250e+02 -9.831979870796203613e-01 1.824917346239089966e-01 -4.304689820855855942e-03 0.000000000000000000e+00 1.000000000000000000e+00
2.431944274902343750e+02 2.531747283935546875e+02 2.605391235351562500e+02 -9.863766431808471680e-01 1.593359261751174927e-01 -4.090363532304763794e-02 0.000000000000000000e+00 1.000000000000000000e+00
2.423150024414062500e+02 2.533167877197265625e+02 2.605026550292968750e+02 -9.882660508155822754e-01 1.258759051561355591e-01 -8.651927113533020020e-02 0.000000000000000000e+00 1.000000000000000000e+00
2.414379577636718750e+02 2.534284973144531250e+02 2.604258728027343750e+02 -9.875205159187316895e-01 8.368847519159317017e-02 -1.334144175052642822e-01 0.000000000000000000e+00 1.000000000000000000e+00
2.405594787597656250e+02 2.535029449462890625e+02 2.603071899414062500e+02 -9.837616682052612305e-01 3.708966821432113647e-02 -1.756054461002349854e-01 0.000000000000000000e+00 1.000000000000000000e+00
2.396779937744140625e+02 2.535361785888671875e+02 2.601498413085937500e+02 -9.771947860717773438e-01 -9.809324517846107483e-03 -2.121181935071945190e-01 0.000000000000000000e+00 1.000000000000000000e+00
2.387963562011718750e+02 2.535273284912109375e+02 2.599584655761718750e+02 -9.677459597587585449e-01 -5.363895371556282043e-02 -2.461518198251724243e-01 0.000000000000000000e+00 1.000000000000000000e+00
2.379214630126953125e+02 2.534788360595703125e+02 2.597359313964843750e+02 -9.552077651023864746e-01 -9.121513366699218750e-02 -2.815277874469757080e-01 0.000000000000000000e+00 1.000000000000000000e+00
2.370616302490234375e+02 2.533967285156250000e+02 2.594825134277343750e+02 -9.397142529487609863e-01 -1.191584765911102295e-01 -3.205282688140869141e-01 0.000000000000000000e+00 1.000000000000000000e+00
2.362237396240234375e+02 2.532904815673828125e+02 2.591967163085937500e+02 -9.224681258201599121e-01 -1.327507793903350830e-01 -3.625323772430419922e-01 0.000000000000000000e+00 1.000000000000000000e+00
2.354107971191406250e+02 2.531734924316406250e+02 2.588772277832031250e+02 -9.058905839920043945e-01 -1.287180036306381226e-01 -4.034774005413055420e-01 0.000000000000000000e+00 1.000000000000000000e+00
2.346208496093750000e+02 2.530612487792968750e+02 2.585253906250000000e+02 -8.921656608581542969e-01 -1.071700081229209900e-01 -4.388110637664794922e-01 0.000000000000000000e+00 1.000000000000000000e+00
2.338495483398437500e+02 2.529685974121093750e+02 2.581460266113281250e+02 -8.825886845588684082e-01 -7.357277721166610718e-02 -4.643536508083343506e-01 0.000000000000000000e+00 1.000000000000000000e+00
2.330926513671875000e+02 2.529055023193359375e+02 2.577478027343750000e+02 -8.775682449340820312e-01 -3.737974166870117188e-02 -4.779923260211944580e-01 0.000000000000000000e+00 1.000000000000000000e+00
2.323493194580078125e+02 2.528738403320312500e+02 2.573429260253906250e+02 -8.771008253097534180e-01 -8.645292371511459351e-03 -4.802284538745880127e-01 0.000000000000000000e+00 1.000000000000000000e+00
2.316232757568359375e+02 2.528666839599609375e+02 2.569454040527343750e+02 -8.812868595123291016e-01 4.504772834479808807e-03 -4.725602269172668457e-01 0.000000000000000000e+00 1.000000000000000000e+00
2.309217681884765625e+02 2.528702697753906250e+02 2.565692443847656250e+02 -8.895991444587707520e-01 -2.113207010552287102e-03 -4.567371606826782227e-01 0.000000000000000000e+00 1.000000000000000000e+00
2.302537231445312500e+02 2.528686828613281250e+02 2.562262573242187500e+02 -9.003926515579223633e-01 -2.850691042840480804e-02 -4.341433346271514893e-01 0.000000000000000000e+00 1.000000000000000000e+00
2.296276702880859375e+02 2.528488616943359375e+02 2.559243927001953125e+02 -9.108697772026062012e-01 -7.026165723800659180e-02 -4.066688716411590576e-01 0.000000000000000000e+00 1.000000000000000000e+00
2.290512390136718750e+02 2.528043975830078125e+02 2.556670379638671875e+02 -9.182248115539550781e-01 -1.197191774845123291e-01 -3.775323033332824707e-01 0.000000000000000000e+00 1.000000000000000000e+00
2.285319671630859375e+02 2.527366943359375000e+02 2.554535369873046875e+02 -9.214721918106079102e-01 -1.685020178556442261e-01 -3.499942719936370850e-01 0.000000000000000000e+00 1.000000000000000000e+00
2.280773620605468750e+02 2.526535644531250000e+02 2.552808685302734375e+02 -9.214376807212829590e-01 -2.107768058776855469e-01 -3.263830244541168213e-01 0.000000000000000000e+00 1.000000000000000000e+00
2.276941375732421875e+02 2.525659027099609375e+02 2.551451263427734375e+02 -9.194835424423217773e-01 -2.440581917762756348e-01 -3.081975877285003662e-01 0.000000000000000000e+00 1.000000000000000000e+00
2.273865814208984375e+02 2.524842681884765625e+02 2.550420379638671875e+02 -9.194835424423217773e-01 -2.440581917762756348e-01 -3.081975877285003662e-01 0.000000000000000000e+00 1.000000000000000000e+00
