1.647230529785156250e+02 1.859564819335937500e+02 2.094231567382812500e+02 6.642165780067443848e-01 2.968891859054565430e-01 6.860561966896057129e-01 0.000000000000000000e+00 2.000000000000000000e+00
1.645355682373046875e+02 1.858726806640625000e+02 2.092295074462890625e+02 6.487381458282470703e-01 3.290762305259704590e-01 6.861833333969116211e-01 0.000000000000000000e+00 2.000000000000000000e+00
1.643021392822265625e+02 1.857542724609375000e+02 2.089826049804687500e+02 6.265962123870849609e-01 3.718479573726654053e-01 6.849133968353271484e-01 0.000000000000000000e+00 2.000000000000000000e+00
1.640350646972656250e+02 1.855957794189453125e+02 2.086906738281250000e+02 5.956689119338989258e-01 4.260289967060089111e-01 6.809390187263488770e-01 0.000000000000000000e+00 2.000000000000000000e+00
1.637523803710937500e+02 1.853936004638671875e+02 2.083675231933593750e+02 5.546196103096008301e-01 4.901169836521148682e-01 6.724452376365661621e-01 0.000000000000000000e+00 2.000000000000000000e+00
1.634730529785156250e+02 1.851467590332031250e+02 2.080288543701171875e+02 5.047918558120727539e-01 5.587840676307678223e-01 6.579859256744384766e-01 0.000000000000000000e+00 2.000000000000000000e+00
1.632117004394531250e+02 1.848574523925781250e+02 2.076881866455078125e+02 4.506022930145263672e-01 6.242607235908508301e-01 6.381661891937255859e-01 0.000000000000000000e+00 2.000000000000000000e+00
1.629758453369140625e+02 1.845307006835937500e+02 2.073541564941406250e+02 4.004200100898742676e-01 6.781578063964843750e-01 6.162515282630920410e-01 0.000000000000000000e+00 2.000000000000000000e+00
1.627650299072265625e+02 1.841736602783203125e+02 2.070297088623046875e+02 3.618490993976593018e-01 7.162418961524963379e-01 5.967099070549011230e-01 0.000000000000000000e+00 2.000000000000000000e+00
1.625732421875000000e+02 1.837940368652343750e+02 2.067134399414062500e+02 3.401077687740325928e-01 7.377691864967346191e-01 5.831151604652404785e-01 0.000000000000000000e+00 2.000000000000000000e+00
1.623910980224609375e+02 1.833989257812500000e+02 2.064011535644531250e+02 3.355622589588165283e-01 7.449145317077636719e-01 5.766283869743347168e-01 0.000000000000000000e+00 2.000000000000000000e+00
1.622086029052734375e+02 1.829938049316406250e+02 2.060875549316406250e+02 3.447168469429016113e-01 7.410738468170166016e-01 5.761770009994506836e-01 0.000000000000000000e+00 2.000000000000000000e+00
1.620172119140625000e+02 1.825823516845703125e+02 2.057676544189453125e+02 3.629409968852996826e-01 7.293867468833923340e-01 5.798869132995605469e-01 0.000000000000000000e+00 2.000000000000000000e+00
1.618102111816406250e+02 1.821663513183593750e+02 2.054369201660156250e+02 3.850647211074829102e-01 7.138056755065917969e-01 5.849842429161071777e-01 0.000000000000000000e+00 2.000000000000000000e+00
1.615835266113281250e+02 1.817461395263671875e+02 2.050925445556640625e+02 4.061187505722045898e-01 6.985343098640441895e-01 5.891667008399963379e-01 0.000000000000000000e+00 2.000000000000000000e+00
1.613362579345703125e+02 1.813208312988281250e+02 2.047338256835937500e+02 4.238705337047576904e-01 6.869065761566162109e-01 5.903330445289611816e-01 0.000000000000000000e+00 2.000000000000000000e+00
1.610696411132812500e+02 1.808887634277343750e+02 2.043625030517578125e+02 4.368138611316680908e-01 6.813975572586059570e-01 5.872743129730224609e-01 0.000000000000000000e+00 2.000000000000000000e+00
1.607868804931640625e+02 1.804476776123046875e+02 2.039823455810546875e+02 4.455301463603973389e-01 6.823878884315490723e-01 5.795254111289978027e-01 0.000000000000000000e+00 2.000000000000000000e+00
1.604916534423828125e+02 1.799954986572265625e+02 2.035983276367187500e+02 4.513919353485107422e-01 6.882154941558837891e-01 5.679830312728881836e-01 0.000000000000000000e+00 2.000000000000000000e+00
1.601871185302734375e+02 1.795311889648437500e+02 2.032151336669921875e+02 4.559206366539001465e-01 6.966774463653564453e-01 5.538744926452636719e-01 0.000000000000000000e+00 2.000000000000000000e+00
1.598753356933593750e+02 1.790547637939453125e+02 2.028363647460937500e+02 4.605459868907928467e-01 7.052490115165710449e-01 5.390002131462097168e-01 0.000000000000000000e+00 2.000000000000000000e+00
1.595570831298828125e+02 1.785674133300781250e+02 2.024638977050781250e+02 4.669348001480102539e-01 7.118260860443115234e-01 5.246669650077819824e-01 0.000000000000000000e+00 2.000000000000000000e+00
1.592315216064453125e+02 1.780711059570312500e+02 2.020980834960937500e+02 4.758735895156860352e-01 7.156442403793334961e-01 5.112705826759338379e-01 0.000000000000000000e+00 2.000000000000000000e+00
1.588969421386718750e+02 1.775679473876953125e+02 2.017386169433593750e+02 4.880778193473815918e-01 7.165589928627014160e-01 4.983205199241638184e-01 0.000000000000000000e+00 2.000000000000000000e+00
1.585508422851562500e+02 1.770598297119140625e+02 2.013852539062500000e+02 5.028756856918334961e-01 7.156341075897216797e-01 4.847513735294342041e-01 0.000000000000000000e+00 2.000000000000000000e+00
1.581909790039062500e+02 1.765477142333984375e+02 2.010383605957031250e+02 5.190382599830627441e-01 7.140128612518310547e-01 4.698775410652160645e-01 0.000000000000000000e+00 2.000000000000000000e+00
1.578159332275390625e+02 1.760317840576171875e+02 2.006988372802734375e+02 5.352249741554260254e-01 7.129017710685729980e-01 4.531061351299285889e-01 0.000000000000000000e+00 2.000000000000000000e+00
1.574251861572265625e+02 1.755113220214843750e+02 2.003680419921875000e+02 5.510174632072448730e-01 7.122631072998046875e-01 4.348114132881164551e-01 0.000000000000000000e+00 2.000000000000000000e+00
1.570184173583984375e+02 1.749855194091796875e+02 2.000470581054687500e+02 5.662276744842529297e-01 7.115977406501770020e-01 4.159505963325500488e-01 0.000000000000000000e+00 2.000000000000000000e+00
1.565958404541015625e+02 1.744544525146484375e+02 1.997366333007812500e+02 5.821460485458374023e-01 7.091040611267089844e-01 3.978410065174102783e-01 0.000000000000000000e+00 2.000000000000000000e+00
1.561576385498046875e+02 1.739206848144531250e+02 1.994371643066406250e+02 5.995153784751892090e-01 7.033129930496215820e-01 3.820106983184814453e-01 0.000000000000000000e+00 2.000000000000000000e+00
1.557043762207031250e+02 1.733889465332031250e+02 1.991483459472656250e+02 6.188449859619140625e-01 6.932049989700317383e-01 3.694560825824737549e-01 0.000000000000000000e+00 2.000000000000000000e+00
1.552370605468750000e+02 1.728654785156250000e+02 1.988693542480468750e+02 6.389916539192199707e-01 6.794367432594299316e-01 3.606319427490234375e-01 0.000000000000000000e+00 2.000000000000000000e+00
1.547573242187500000e+02 1.723553771972656250e+02 1.985986022949218750e+02 6.571335792541503906e-01 6.648063063621520996e-01 3.552576601505279541e-01 0.000000000000000000e+00 2.000000000000000000e+00
1.542672576904296875e+02 1.718595886230468750e+02 1.983336639404296875e+02 6.708316802978515625e-01 6.526405811309814453e-01 3.522004783153533936e-01 0.000000000000000000e+00 2.000000000000000000e+00
1.537687072753906250e+02 1.713745574951171875e+02 1.980719146728515625e+02 6.785957217216491699e-01 6.457228064537048340e-01 3.500711917877197266e-01 0.000000000000000000e+00 2.000000000000000000e+00
1.532631530761718750e+02 1.708934936523437500e+02 1.978111114501953125e+02 6.819596290588378906e-01 6.436198353767395020e-01 3.473968803882598877e-01 0.000000000000000000e+00 2.000000000000000000e+00
1.527515411376953125e+02 1.704106445312500000e+02 1.975504913330078125e+02 6.847121715545654297e-01 6.434306502342224121e-01 3.422954678535461426e-01 0.000000000000000000e+00 2.000000000000000000e+00
1.522344818115234375e+02 1.699247589111328125e+02 1.972920074462890625e+02 6.915529370307922363e-01 6.407328844070434570e-01 3.334904015064239502e-01 0.000000000000000000e+00 2.000000000000000000e+00
1.517118530273437500e+02 1.694405364990234375e+02 1.970399780273437500e+02 7.060917019844055176e-01 6.318026781082153320e-01 3.197807669639587402e-01 0.000000000000000000e+00 2.000000000000000000e+00
1.511827850341796875e+02 1.689671325683593750e+02 1.968003692626953125e+02 7.290301918983459473e-01 6.149030923843383789e-01 3.006809651851654053e-01 0.000000000000000000e+00 2.000000000000000000e+00
1.506455230712890625e+02 1.685139770507812500e+02 1.965787811279296875e+02 7.575016617774963379e-01 5.910755395889282227e-01 2.771656513214111328e-01 0.000000000000000000e+00 2.000000000000000000e+00
1.500981750488281250e+02 1.680868835449218750e+02 1.963785095214843750e+02 7.861332893371582031e-01 5.641086101531982422e-01 2.525390982627868652e-01 0.000000000000000000e+00 2.000000000000000000e+00
1.495399627685546875e+02 1.676863250732421875e+02 1.961991882324218750e+02 8.101274371147155762e-01 5.388095974922180176e-01 2.310364097356796265e-01 0.000000000000000000e+00 2.000000000000000000e+00
1.489713134765625000e+02 1.673081207275390625e+02 1.960370178222656250e+02 8.271924853324890137e-01 5.188155770301818848e-01 2.158311158418655396e-01 0.000000000000000000e+00 2.000000000000000000e+00
1.483931732177734375e+02 1.669455108642578125e+02 1.958861694335937500e+02 8.380679488182067871e-01 5.045806765556335449e-01 2.074619829654693604e-01 0.000000000000000000e+00 2.000000000000000000e+00
1.478066711425781250e+02 1.665923919677734375e+02 1.957409820556640625e+02 8.455995321273803711e-01 4.935138523578643799e-01 2.034831643104553223e-01 0.000000000000000000e+00 2.000000000000000000e+00
1.472113800048828125e+02 1.662449645996093750e+02 1.955977325439453125e+02 8.527988195419311523e-01 4.820419251918792725e-01 2.009223103523254395e-01 0.000000000000000000e+00 2.000000000000000000e+00
1.466048583984375000e+02 1.659021301269531250e+02 1.954548339843750000e+02 8.616379499435424805e-01 4.674542546272277832e-01 1.976527124643325806e-01 0.000000000000000000e+00 2.000000000000000000e+00
1.459836425781250000e+02 1.655651092529296875e+02 1.953123321533203125e+02 8.727482557296752930e-01 4.482113718986511230e-01 1.934350728988647461e-01 0.000000000000000000e+00 2.000000000000000000e+00
1.453440704345703125e+02 1.652366485595703125e+02 1.951705780029296875e+02 8.848766684532165527e-01 4.250539243221282959e-01 1.905844211578369141e-01 0.000000000000000000e+00 2.000000000000000000e+00
1.446835021972656250e+02 1.649193420410156250e+02 1.950283050537109375e+02 8.963524699211120605e-01 3.997675180435180664e-01 1.916721016168594360e-01 0.000000000000000000e+00 2.000000000000000000e+00
1.440006103515625000e+02 1.646147766113281250e+02 1.948822784423828125e+02 9.059296846389770508e-01 3.743225932121276855e-01 1.979240030050277710e-01 0.000000000000000000e+00 2.000000000000000000e+00
1.432954864501953125e+02 1.643234252929687500e+02 1.947282257080078125e+02 9.127053022384643555e-01 3.512398898601531982e-01 2.088048607110977173e-01 0.000000000000000000e+00 2.000000000000000000e+00
1.425700836181640625e+02 1.640442657470703125e+02 1.945622711181640625e+02 9.168348312377929688e-01 3.320504426956176758e-01 2.217126786708831787e-01 0.000000000000000000e+00 2.000000000000000000e+00
1.418282318115234375e+02 1.637755889892578125e+02 1.943828735351562500e+02 9.191504120826721191e-01 3.175423145294189453e-01 2.330867946147918701e-01 0.000000000000000000e+00 2.000000000000000000e+00
1.410757904052734375e+02 1.635156402587890625e+02 1.941920623779296875e+02 9.206210970878601074e-01 3.076791167259216309e-01 2.403963655233383179e-01 0.000000000000000000e+00 2.000000000000000000e+00
1.403199920654296875e+02 1.632630462646484375e+02 1.939947052001953125e+02 9.218916893005371094e-01 3.019644916057586670e-01 2.427616268396377563e-01 0.000000000000000000e+00 2.000000000000000000e+00
1.395682067871093750e+02 1.630167999267578125e+02 1.937967376708984375e+02 9.231678247451782227e-01 2.989493310451507568e-01 2.416415363550186157e-01 0.000000000000000000e+00 2.000000000000000000e+00
1.388258819580078125e+02 1.627764129638671875e+02 1.936024322509765625e+02 9.244703650474548340e-01 2.966174781322479248e-01 2.395258992910385132e-01 0.000000000000000000e+00 2.000000000000000000e+00
1.380952606201171875e+02 1.625419921875000000e+02 1.934131317138671875e+02 9.257416725158691406e-01 2.925511598587036133e-01 2.396168857812881470e-01 0.000000000000000000e+00 2.000000000000000000e+00
1.373752899169921875e+02 1.623144683837890625e+02 1.932267761230468750e+02 9.268892407417297363e-01 2.853981554508209229e-01 2.437709718942642212e-01 0.000000000000000000e+00 2.000000000000000000e+00
1.366624755859375000e+02 1.620949859619140625e+02 1.930393066406250000e+02 9.279554486274719238e-01 2.749253809452056885e-01 2.516242563724517822e-01 0.000000000000000000e+00 2.000000000000000000e+00
1.359527130126953125e+02 1.618847045898437500e+02 1.928468475341796875e+02 9.289532899856567383e-01 2.621778249740600586e-01 2.613592147827148438e-01 0.000000000000000000e+00 2.000000000000000000e+00
1.352427825927734375e+02 1.616843414306640625e+02 1.926471099853515625e+02 9.298644661903381348e-01 2.492210566997528076e-01 2.706307172775268555e-01 0.000000000000000000e+00 2.000000000000000000e+00
1.345310211181640625e+02 1.614935760498046875e+02 1.924399566650390625e+02 9.304651618003845215e-01 2.383240908384323120e-01 2.782736718654632568e-01 0.000000000000000000e+00 2.000000000000000000e+00
1.338177490234375000e+02 1.613108825683593750e+02 1.922266387939453125e+02 9.305329322814941406e-01 2.310210466384887695e-01 2.841437458992004395e-01 0.000000000000000000e+00 2.000000000000000000e+00
1.331043701171875000e+02 1.611337738037109375e+02 1.920088043212890625e+02 9.297087192535400391e-01 2.282911092042922974e-01 2.890066206455230713e-01 0.000000000000000000e+00 2.000000000000000000e+00
1.323926696777343750e+02 1.609590148925781250e+02 1.917875671386718750e+02 9.276108741760253906e-01 2.304840534925460815e-01 2.939645648002624512e-01 0.000000000000000000e+00 2.000000000000000000e+00
1.316842956542968750e+02 1.607830047607421875e+02 1.915630798339843750e+02 9.240174293518066406e-01 2.371483892202377319e-01 2.999205887317657471e-01 0.000000000000000000e+00 2.000000000000000000e+00
1.309803619384765625e+02 1.606023406982421875e+02 1.913345947265625000e+02 9.189621806144714355e-01 2.468467503786087036e-01 3.075306713581085205e-01 0.000000000000000000e+00 2.000000000000000000e+00
1.302811431884765625e+02 1.604145202636718750e+02 1.911006011962890625e+02 9.126716256141662598e-01 2.582552731037139893e-01 3.167565166950225830e-01 0.000000000000000000e+00 2.000000000000000000e+00
1.295862731933593750e+02 1.602178955078125000e+02 1.908594360351562500e+02 9.058767557144165039e-01 2.695788145065307617e-01 3.266719877719879150e-01 0.000000000000000000e+00 2.000000000000000000e+00
1.288945770263671875e+02 1.600120544433593750e+02 1.906100006103515625e+02 8.991178870201110840e-01 2.798647284507751465e-01 3.365454375743865967e-01 0.000000000000000000e+00 2.000000000000000000e+00
1.282044982910156250e+02 1.597972564697265625e+02 1.903516998291015625e+02 8.930577039718627930e-01 2.882670760154724121e-01 3.454706072807312012e-01 0.000000000000000000e+00 2.000000000000000000e+00
1.275139007568359375e+02 1.595743408203125000e+02 1.900845489501953125e+02 -8.879171013832092285e-01 -2.946696579456329346e-01 -3.532323241233825684e-01 0.000000000000000000e+00 2.000000000000000000e+00
1.268205413818359375e+02 1.593442382812500000e+02 1.898087158203125000e+02 -8.835473060607910156e-01 -2.991201281547546387e-01 -3.603766262531280518e-01 0.000000000000000000e+00 2.000000000000000000e+00
1.261222000122070312e+02 1.591078186035156250e+02 1.895238800048828125e+02 -8.794924616813659668e-01 -3.018805384635925293e-01 -3.679145276546478271e-01 0.000000000000000000e+00 2.000000000000000000e+00
1.254167938232421875e+02 1.588656921386718750e+02 1.892287902832031250e+02 -8.752604722976684570e-01 -3.030942082405090332e-01 -3.768991827964782715e-01 0.000000000000000000e+00 2.000000000000000000e+00
1.247027435302734375e+02 1.586184234619140625e+02 1.889213104248046875e+02 -8.708493113517761230e-01 -3.033692240715026855e-01 -3.867668509483337402e-01 0.000000000000000000e+00 2.000000000000000000e+00
1.239785690307617188e+02 1.583661499023437500e+02 1.885996856689453125e+02 -8.667401075363159180e-01 -3.033662140369415283e-01 -3.958921134471893311e-01 0.000000000000000000e+00 2.000000000000000000e+00
1.232431564331054688e+02 1.581087493896484375e+02 1.882637786865234375e+02 -8.638790249824523926e-01 -3.036089539527893066e-01 -4.019137024879455566e-01 0.000000000000000000e+00 2.000000000000000000e+00
1.224957351684570312e+02 1.578460693359375000e+02 1.879160461425781250e+02 -8.634661436080932617e-01 -3.039661645889282227e-01 -4.025305509567260742e-01 0.000000000000000000e+00 2.000000000000000000e+00
1.217360687255859375e+02 1.575786437988281250e+02 1.875619049072265625e+02 -8.660448193550109863e-01 -3.043360412120819092e-01 -3.966686725616455078e-01 0.000000000000000000e+00 2.000000000000000000e+00
1.209650726318359375e+02 1.573077087402343750e+02 1.872087707519531250e+02 -8.713707923889160156e-01 -3.039328455924987793e-01 -3.851464390754699707e-01 0.000000000000000000e+00 2.000000000000000000e+00
1.201852874755859375e+02 1.570357208251953125e+02 1.868641052246093750e+02 -8.784903883934020996e-01 -3.017690181732177734e-01 -3.703917264938354492e-01 0.000000000000000000e+00 2.000000000000000000e+00
1.194010009765625000e+02 1.567663116455078125e+02 1.865334320068359375e+02 -8.861004114151000977e-01 -2.972574830055236816e-01 -3.556177318096160889e-01 0.000000000000000000e+00 2.000000000000000000e+00
1.186179275512695312e+02 1.565036163330078125e+02 1.862191619873046875e+02 -8.929679393768310547e-01 -2.908476889133453369e-01 -3.435343205928802490e-01 0.000000000000000000e+00 2.000000000000000000e+00
1.178420791625976562e+02 1.562509155273437500e+02 1.859206848144531250e+02 -8.983968496322631836e-01 -2.833915650844573975e-01 -3.355178236961364746e-01 0.000000000000000000e+00 2.000000000000000000e+00
1.170783691406250000e+02 1.560100097656250000e+02 1.856354675292968750e+02 -9.018965363502502441e-01 -2.768870890140533447e-01 -3.315363228321075439e-01 0.000000000000000000e+00 2.000000000000000000e+00
1.163299560546875000e+02 1.557802429199218750e+02 1.853603515625000000e+02 -9.033833742141723633e-01 -2.735415995121002197e-01 -3.302628993988037109e-01 0.000000000000000000e+00 2.000000000000000000e+00
1.155972442626953125e+02 1.555583801269531250e+02 1.850924835205078125e+02 -9.030252695083618164e-01 -2.754729390144348145e-01 -3.296360373497009277e-01 0.000000000000000000e+00 2.000000000000000000e+00
1.148783111572265625e+02 1.553390655517578125e+02 1.848300476074218750e+02 -9.011090397834777832e-01 -2.836276292800903320e-01 -3.279602229595184326e-01 0.000000000000000000e+00 2.000000000000000000e+00
1.141702346801757812e+02 1.551161956787109375e+02 1.845723419189453125e+02 -8.982130885124206543e-01 -2.975855469703674316e-01 -3.235059976577758789e-01 0.000000000000000000e+00 2.000000000000000000e+00
1.134706878662109375e+02 1.548844299316406250e+02 1.843203887939453125e+02 -8.948962688446044922e-01 -3.158201873302459717e-01 -3.153064846992492676e-01 0.000000000000000000e+00 2.000000000000000000e+00
1.127795486450195312e+02 1.546405181884765625e+02 1.840768737792968750e+02 -8.917983174324035645e-01 -3.358808159828186035e-01 -3.031168282032012939e-01 0.000000000000000000e+00 2.000000000000000000e+00
1.120992431640625000e+02 1.543842926025390625e+02 1.838456420898437500e+02 -8.891603350639343262e-01 -3.559295833110809326e-01 -2.875899672508239746e-01 0.000000000000000000e+00 2.000000000000000000e+00
1.114347610473632812e+02 1.541183013916015625e+02 1.836307220458984375e+02 -8.871638178825378418e-01 -3.743644654750823975e-01 -2.697991430759429932e-01 0.000000000000000000e+00 2.000000000000000000e+00
1.107914733886718750e+02 1.538468475341796875e+02 1.834350891113281250e+02 -8.859923481941223145e-01 -3.893125951290130615e-01 -2.518991529941558838e-01 0.000000000000000000e+00 2.000000000000000000e+00
1.101723480224609375e+02 1.535747985839843750e+02 1.832590637207031250e+02 -8.863017559051513672e-01 -3.987950086593627930e-01 -2.354394644498825073e-01 0.000000000000000000e+00 2.000000000000000000e+00
1.095753631591796875e+02 1.533061828613281250e+02 1.831004791259765625e+02 -8.890588283538818359e-01 -4.008759856224060059e-01 -2.210718393325805664e-01 0.000000000000000000e+00 2.000000000000000000e+00
1.089925231933593750e+02 1.530433807373046875e+02 1.829555511474609375e+02 -8.952147960662841797e-01 -3.944858908653259277e-01 -2.072953432798385620e-01 0.000000000000000000e+00 2.000000000000000000e+00
1.084109268188476562e+02 1.527870941162109375e+02 1.828208770751953125e+02 -9.048556089401245117e-01 -3.806256651878356934e-01 -1.906839013099670410e-01 0.000000000000000000e+00 2.000000000000000000e+00
1.078155899047851562e+02 1.525366668701171875e+02 1.826954193115234375e+02 -9.164931774139404297e-01 -3.630641698837280273e-01 -1.680020242929458618e-01 0.000000000000000000e+00 2.000000000000000000e+00
1.071933670043945312e+02 1.522901763916015625e+02 1.825813598632812500e+02 -9.275502562522888184e-01 -3.472310304641723633e-01 -1.381343305110931396e-01 0.000000000000000000e+00 2.000000000000000000e+00
1.065361862182617188e+02 1.520441589355468750e+02 1.824834899902343750e+02 -9.360814690589904785e-01 -3.365422487258911133e-01 -1.024241149425506592e-01 0.000000000000000000e+00 2.000000000000000000e+00
1.058422622680664062e+02 1.517946777343750000e+02 1.824075622558593750e+02 -9.409088492393493652e-01 -3.325070440769195557e-01 -6.426258385181427002e-02 0.000000000000000000e+00 2.000000000000000000e+00
1.051150512695312500e+02 1.515376892089843750e+02 1.823578948974609375e+02 -9.421380758285522461e-01 -3.340986669063568115e-01 -2.745885960757732391e-02 0.000000000000000000e+00 2.000000000000000000e+00
1.043606262207031250e+02 1.512701568603515625e+02 1.823359069824218750e+02 -9.409756064414978027e-01 -3.384411931037902832e-01 4.735771566629409790e-03 0.000000000000000000e+00 2.000000000000000000e+00
1.035844726562500000e+02 1.509909973144531250e+02 1.823398132324218750e+02 -9.391525983810424805e-01 -3.421201407909393311e-01 3.075906075537204742e-02 0.000000000000000000e+00 2.000000000000000000e+00
1.027901306152343750e+02 1.507016296386718750e+02 1.823658294677734375e+02 -9.381354451179504395e-01 -3.425098359584808350e-01 5.088072642683982849e-02 0.000000000000000000e+00 2.000000000000000000e+00
1.019787445068359375e+02 1.504053955078125000e+02 1.824098358154296875e+02 -9.386466145515441895e-01 -3.382779657840728760e-01 6.716105341911315918e-02 0.000000000000000000e+00 2.000000000000000000e+00
1.011504516601562500e+02 1.501068878173828125e+02 1.824691009521484375e+02 -9.404998421669006348e-01 -3.295847177505493164e-01 8.266822993755340576e-02 0.000000000000000000e+00 2.000000000000000000e+00
1.003064270019531250e+02 1.498111114501953125e+02 1.825432891845703125e+02 -9.431490898132324219e-01 -3.170135915279388428e-01 9.986096620559692383e-02 0.000000000000000000e+00 2.000000000000000000e+00
9.945024871826171875e+01 1.495233306884765625e+02 1.826339416503906250e+02 -9.459112882614135742e-01 -3.012017011642456055e-01 1.205376237630844116e-01 0.000000000000000000e+00 2.000000000000000000e+00
9.858846282958984375e+01 1.492489166259765625e+02 1.827437591552734375e+02 -9.481883645057678223e-01 -2.828905880451202393e-01 1.446090936660766602e-01 0.000000000000000000e+00 2.000000000000000000e+00
9.772872924804687500e+01 1.489924163818359375e+02 1.828748779296875000e+02 -9.496092796325683594e-01 -2.625870108604431152e-01 1.711442172527313232e-01 0.000000000000000000e+00 2.000000000000000000e+00
9.687844085693359375e+01 1.487572937011718750e+02 1.830281219482421875e+02 -9.498561024665832520e-01 -2.418373674154281616e-01 1.982122808694839478e-01 0.000000000000000000e+00 2.000000000000000000e+00
9.604287719726562500e+01 1.485445556640625000e+02 1.832024841308593750e+02 -9.491365551948547363e-01 -2.220320403575897217e-01 2.232523858547210693e-01 0.000000000000000000e+00 2.000000000000000000e+00
9.522400665283203125e+01 1.483529968261718750e+02 1.833950958251953125e+02 -9.477622509002685547e-01 -2.050904184579849243e-01 2.443044483661651611e-01 0.000000000000000000e+00 2.000000000000000000e+00
9.442078399658203125e+01 1.481791839599609375e+02 1.836021423339843750e+02 -9.463069438934326172e-01 -1.921834945678710938e-01 2.599399089813232422e-01 0.000000000000000000e+00 2.000000000000000000e+00
9.363014984130859375e+01 1.480186157226562500e+02 1.838193206787109375e+02 -9.450585842132568359e-01 -1.834631860256195068e-01 2.705648541450500488e-01 0.000000000000000000e+00 2.000000000000000000e+00
9.284838104248046875e+01 1.478668518066406250e+02 1.840431365966796875e+02 -9.442476630210876465e-01 -1.781270205974578857e-01 2.768884897232055664e-01 0.000000000000000000e+00 2.000000000000000000e+00
9.207211303710937500e+01 1.477204132080078125e+02 1.842707672119140625e+02 -9.438194036483764648e-01 -1.751828342676162720e-01 2.802068591117858887e-01 0.000000000000000000e+00 2.000000000000000000e+00
9.129885864257812500e+01 1.475768890380859375e+02 1.845003356933593750e+02 -9.436082839965820312e-01 -1.735410243272781372e-01 2.819342017173767090e-01 0.000000000000000000e+00 2.000000000000000000e+00
9.052709197998046875e+01 1.474349517822265625e+02 1.847309265136718750e+02 -9.434909820556640625e-01 -1.724978238344192505e-01 2.829651236534118652e-01 0.000000000000000000e+00 2.000000000000000000e+00
8.975609588623046875e+01 1.472939910888671875e+02 1.849621582031250000e+02 -9.434778690338134766e-01 -1.709641516208648682e-01 2.839379608631134033e-01 0.000000000000000000e+00 2.000000000000000000e+00
8.898526763916015625e+01 1.471543121337890625e+02 1.851941375732421875e+02 -9.435175657272338867e-01 -1.682318747043609619e-01 2.854340374469757080e-01 0.000000000000000000e+00 2.000000000000000000e+00
8.821421051025390625e+01 1.470168304443359375e+02 1.854273986816406250e+02 -9.436382055282592773e-01 -1.629256457090377808e-01 2.881008982658386230e-01 0.000000000000000000e+00 2.000000000000000000e+00
8.744259643554687500e+01 1.468836059570312500e+02 1.856629791259765625e+02 -9.439072012901306152e-01 -1.534679681062698364e-01 2.923811674118041992e-01 0.000000000000000000e+00 2.000000000000000000e+00
8.666974639892578125e+01 1.467579498291015625e+02 1.859023742675781250e+02 -9.444475173950195312e-01 -1.383673697710037231e-01 2.981164157390594482e-01 0.000000000000000000e+00 2.000000000000000000e+00
8.589465332031250000e+01 1.466443939208984375e+02 1.861470336914062500e+02 -9.452931284904479980e-01 -1.162537187337875366e-01 3.048048019409179688e-01 0.000000000000000000e+00 2.000000000000000000e+00
8.511596679687500000e+01 1.465486297607421875e+02 1.863981170654296875e+02 -9.463961720466613770e-01 -8.644831925630569458e-02 3.112249970436096191e-01 0.000000000000000000e+00 2.000000000000000000e+00
8.433268737792968750e+01 1.464770812988281250e+02 1.866557006835937500e+02 -9.476259350776672363e-01 -4.914506897330284119e-02 3.155785202980041504e-01 0.000000000000000000e+00 2.000000000000000000e+00
8.354505157470703125e+01 1.464362335205078125e+02 1.869179992675781250e+02 -9.485530853271484375e-01 -4.803357645869255066e-03 3.165816068649291992e-01 0.000000000000000000e+00 2.000000000000000000e+00
8.275557708740234375e+01 1.464322357177734375e+02 1.871814880371093750e+02 -9.484786391258239746e-01 4.522571712732315063e-02 3.135968744754791260e-01 0.000000000000000000e+00 2.000000000000000000e+00
8.196963500976562500e+01 1.464697113037109375e+02 1.874413452148437500e+02 -9.465367794036865234e-01 9.885919839143753052e-02 3.070750832557678223e-01 0.000000000000000000e+00 2.000000000000000000e+00
8.119503021240234375e+01 1.465506134033203125e+02 1.876926422119140625e+02 -9.420654177665710449e-01 1.529501378536224365e-01 2.985280454158782959e-01 0.000000000000000000e+00 2.000000000000000000e+00
8.044043731689453125e+01 1.466731262207031250e+02 1.879317626953125000e+02 -9.355510473251342773e-01 2.024049460887908936e-01 2.894416153430938721e-01 0.000000000000000000e+00 2.000000000000000000e+00
7.971335601806640625e+01 1.468304290771484375e+02 1.881567077636718750e+02 -9.284510016441345215e-01 2.420247495174407959e-01 2.817847728729248047e-01 0.000000000000000000e+00 2.000000000000000000e+00
7.901818847656250000e+01 1.470116424560546875e+02 1.883676910400390625e+02 -9.227696061134338379e-01 2.673620283603668213e-01 2.775136828422546387e-01 0.000000000000000000e+00 2.000000000000000000e+00
7.835520172119140625e+01 1.472037353515625000e+02 1.885670776367187500e+02 -9.196004867553710938e-01 2.778235077857971191e-01 2.777571380138397217e-01 0.000000000000000000e+00 2.000000000000000000e+00
7.772088623046875000e+01 1.473953704833984375e+02 1.887586669921875000e+02 -9.179702401161193848e-01 2.768094539642333984e-01 2.840903103351593018e-01 0.000000000000000000e+00 2.000000000000000000e+00
7.710910797119140625e+01 1.475798492431640625e+02 1.889479980468750000e+02 -9.153261780738830566e-01 2.723110318183898926e-01 2.966897487640380859e-01 0.000000000000000000e+00 2.000000000000000000e+00
7.651271057128906250e+01 1.477572784423828125e+02 1.891413116455078125e+02 -9.092839956283569336e-01 2.728737294673919678e-01 3.142332434654235840e-01 0.000000000000000000e+00 2.000000000000000000e+00
7.592498016357421875e+01 1.479336547851562500e+02 1.893444213867187500e+02 -8.985921740531921387e-01 2.846908569335937500e-01 3.338911831378936768e-01 0.000000000000000000e+00 2.000000000000000000e+00
7.534057617187500000e+01 1.481188049316406250e+02 1.895615692138671875e+02 -8.839192390441894531e-01 3.091508746147155762e-01 3.508737981319427490e-01 0.000000000000000000e+00 2.000000000000000000e+00
7.475579071044921875e+01 1.483233337402343750e+02 1.897937011718750000e+02 -8.668605089187622070e-01 3.434079587459564209e-01 3.614192008972167969e-01 0.000000000000000000e+00 2.000000000000000000e+00
7.416901397705078125e+01 1.485557861328125000e+02 1.900383453369140625e+02 -8.492130041122436523e-01 3.836659193038940430e-01 3.628190755844116211e-01 0.000000000000000000e+00 2.000000000000000000e+00
7.357975769042968750e+01 1.488220062255859375e+02 1.902901000976562500e+02 -8.492130041122436523e-01 3.836659193038940430e-01 3.628190755844116211e-01 0.000000000000000000e+00 2.000000000000000000e+00
