3.323812255859375000e+02 6.946774291992187500e+01 1.835063323974609375e+02 5.045658349990844727e-01 -4.881878495216369629e-01 -7.120996117591857910e-01 0.000000000000000000e+00 1.000000000000000000e+00
3.322188110351562500e+02 6.962488555908203125e+01 1.837355499267578125e+02 5.054815411567687988e-01 -4.874935150146484375e-01 -7.119258642196655273e-01 0.000000000000000000e+00 1.000000000000000000e+00
3.320065612792968750e+02 6.982958221435546875e+01 1.840344848632812500e+02 5.068396925926208496e-01 -4.862884879112243652e-01 -7.117843627929687500e-01 0.000000000000000000e+00 1.000000000000000000e+00
3.317474670410156250e+02 7.007817077636718750e+01 1.843983459472656250e+02 5.095240473747253418e-01 -4.840634763240814209e-01 -7.113843560218811035e-01 0.000000000000000000e+00 1.000000000000000000e+00
3.314491271972656250e+02 7.036160278320312500e+01 1.848148803710937500e+02 5.141319036483764648e-01 -4.801616966724395752e-01 -7.107131481170654297e-01 0.000000000000000000e+00 1.000000000000000000e+00
3.311218872070312500e+02 7.066722106933593750e+01 1.852672424316406250e+02 5.216956734657287598e-01 -4.736708402633666992e-01 -7.095559239387512207e-01 0.000000000000000000e+00 1.000000000000000000e+00
3.307763671875000000e+02 7.098093414306640625e+01 1.857371826171875000e+02 5.333052277565002441e-01 -4.635566771030426025e-01 -7.076020836830139160e-01 0.000000000000000000e+00 1.000000000000000000e+00
3.304216308593750000e+02 7.128927612304687500e+01 1.862078552246093750e+02 5.493778586387634277e-01 -4.491163790225982666e-01 -7.046123147010803223e-01 0.000000000000000000e+00 1.000000000000000000e+00
3.300645751953125000e+02 7.158116912841796875e+01 1.866658020019531250e+02 5.699803233146667480e-01 -4.299832284450531006e-01 -7.001692056655883789e-01 0.000000000000000000e+00 1.000000000000000000e+00
3.297094421386718750e+02 7.184907531738281250e+01 1.871020507812500000e+02 5.937842726707458496e-01 -4.068363904953002930e-01 -6.941933631896972656e-01 0.000000000000000000e+00 1.000000000000000000e+00
3.293583374023437500e+02 7.208963775634765625e+01 1.875125274658203125e+02 6.183147430419921875e-01 -3.818041682243347168e-01 -6.869589090347290039e-01 0.000000000000000000e+00 1.000000000000000000e+00
3.290118408203125000e+02 7.230359649658203125e+01 1.878974914550781250e+02 6.409264206886291504e-01 -3.575881123542785645e-01 -6.792230606079101562e-01 0.000000000000000000e+00 1.000000000000000000e+00
3.286696472167968750e+02 7.249451446533203125e+01 1.882601318359375000e+02 6.588268280029296875e-01 -3.374091684818267822e-01 -6.723855137825012207e-01 0.000000000000000000e+00 1.000000000000000000e+00
3.283308105468750000e+02 7.266804504394531250e+01 1.886059417724609375e+02 6.714416742324829102e-01 -3.226749897003173828e-01 -6.671184301376342773e-01 0.000000000000000000e+00 1.000000000000000000e+00
3.279942932128906250e+02 7.282976531982421875e+01 1.889402923583984375e+02 6.793060302734375000e-01 -3.132118582725524902e-01 -6.636577844619750977e-01 0.000000000000000000e+00 1.000000000000000000e+00
3.276591186523437500e+02 7.298430633544921875e+01 1.892677459716796875e+02 6.836823225021362305e-01 -3.080001473426818848e-01 -6.615998744964599609e-01 0.000000000000000000e+00 1.000000000000000000e+00
3.273246459960937500e+02 7.313498687744140625e+01 1.895914154052734375e+02 6.860724687576293945e-01 -3.051645159721374512e-01 -6.604386568069458008e-01 0.000000000000000000e+00 1.000000000000000000e+00
3.269901733398437500e+02 7.328376007080078125e+01 1.899133911132812500e+02 6.873543262481689453e-01 -3.039185702800750732e-01 -6.596798300743103027e-01 0.000000000000000000e+00 1.000000000000000000e+00
3.266551513671875000e+02 7.343189239501953125e+01 1.902349243164062500e+02 6.888435482978820801e-01 -3.031598329544067383e-01 -6.584745049476623535e-01 0.000000000000000000e+00 1.000000000000000000e+00
3.263183898925781250e+02 7.358010101318359375e+01 1.905568389892578125e+02 6.912307143211364746e-01 -3.027156591415405273e-01 -6.561732292175292969e-01 0.000000000000000000e+00 1.000000000000000000e+00
3.259781188964843750e+02 7.372911834716796875e+01 1.908798522949218750e+02 6.958782672882080078e-01 -3.021238148212432861e-01 -6.515171527862548828e-01 0.000000000000000000e+00 1.000000000000000000e+00
3.256312866210937500e+02 7.387969970703125000e+01 1.912045745849609375e+02 7.035935521125793457e-01 -3.018555045127868652e-01 -6.433035731315612793e-01 0.000000000000000000e+00 1.000000000000000000e+00
3.252738952636718750e+02 7.403302764892578125e+01 1.915313415527343750e+02 7.152841687202453613e-01 -3.018849194049835205e-01 -6.302651166915893555e-01 0.000000000000000000e+00 1.000000000000000000e+00
3.249010925292968750e+02 7.419036865234375000e+01 1.918598327636718750e+02 7.312922477722167969e-01 -3.027300834655761719e-01 -6.112005114555358887e-01 0.000000000000000000e+00 1.000000000000000000e+00
3.245084228515625000e+02 7.435292053222656250e+01 1.921880187988281250e+02 7.514255642890930176e-01 -3.037560582160949707e-01 -5.857404470443725586e-01 0.000000000000000000e+00 1.000000000000000000e+00
3.240923767089843750e+02 7.452110290527343750e+01 1.925123291015625000e+02 7.751710414886474609e-01 -3.038647770881652832e-01 -5.538736581802368164e-01 0.000000000000000000e+00 1.000000000000000000e+00
3.236513671875000000e+02 7.469397735595703125e+01 1.928274383544921875e+02 8.012954592704772949e-01 -3.011353015899658203e-01 -5.169554948806762695e-01 0.000000000000000000e+00 1.000000000000000000e+00
3.231854553222656250e+02 7.486907196044921875e+01 1.931280212402343750e+02 8.287169337272644043e-01 -2.929574549198150635e-01 -4.768691062927246094e-01 0.000000000000000000e+00 1.000000000000000000e+00
3.226947021484375000e+02 7.504255676269531250e+01 1.934104156494140625e+02 8.555825948715209961e-01 -2.775992751121520996e-01 -4.369405508041381836e-01 0.000000000000000000e+00 1.000000000000000000e+00
3.221781616210937500e+02 7.521015167236328125e+01 1.936742095947265625e+02 8.798382878303527832e-01 -2.549648880958557129e-01 -4.010954797267913818e-01 0.000000000000000000e+00 1.000000000000000000e+00
3.216331787109375000e+02 7.536808013916015625e+01 1.939226531982421875e+02 8.995695710182189941e-01 -2.277942299842834473e-01 -3.726720213890075684e-01 0.000000000000000000e+00 1.000000000000000000e+00
3.210560913085937500e+02 7.551421356201171875e+01 1.941617279052734375e+02 9.137158989906311035e-01 -2.013730704784393311e-01 -3.529477417469024658e-01 0.000000000000000000e+00 1.000000000000000000e+00
3.204451904296875000e+02 7.564884948730468750e+01 1.943977050781250000e+02 9.223442077636718750e-01 -1.809041798114776611e-01 -3.414013683795928955e-01 0.000000000000000000e+00 1.000000000000000000e+00
3.198024291992187500e+02 7.577491760253906250e+01 1.946356201171875000e+02 9.260492920875549316e-01 -1.702947616577148438e-01 -3.367972075939178467e-01 0.000000000000000000e+00 1.000000000000000000e+00
3.191354675292968750e+02 7.589756774902343750e+01 1.948781890869140625e+02 9.251497983932495117e-01 -1.718834191560745239e-01 -3.384582698345184326e-01 0.000000000000000000e+00 1.000000000000000000e+00
3.184573669433593750e+02 7.602355194091796875e+01 1.951262664794921875e+02 9.189804196357727051e-01 -1.872113049030303955e-01 -3.470258414745330811e-01 0.000000000000000000e+00 1.000000000000000000e+00
3.177848205566406250e+02 7.616056060791015625e+01 1.953802337646484375e+02 9.052327275276184082e-01 -2.174001783132553101e-01 -3.650901019573211670e-01 0.000000000000000000e+00 1.000000000000000000e+00
3.171358947753906250e+02 7.631640625000000000e+01 1.956419525146484375e+02 8.792847990989685059e-01 -2.641940414905548096e-01 -3.963076472282409668e-01 0.000000000000000000e+00 1.000000000000000000e+00
3.165284423828125000e+02 7.649892425537109375e+01 1.959157409667968750e+02 8.338401317596435547e-01 -3.284126222133636475e-01 -4.436843395233154297e-01 0.000000000000000000e+00 1.000000000000000000e+00
3.159793701171875000e+02 7.671517944335937500e+01 1.962079010009765625e+02 7.586753368377685547e-01 -4.082008600234985352e-01 -5.077239871025085449e-01 0.000000000000000000e+00 1.000000000000000000e+00
3.155040893554687500e+02 7.697090148925781250e+01 1.965259704589843750e+02 6.451821327209472656e-01 -4.949262738227844238e-01 -5.820549726486206055e-01 0.000000000000000000e+00 1.000000000000000000e+00
3.151148376464843750e+02 7.726950073242187500e+01 1.968771362304687500e+02 4.967103600502014160e-01 -5.721600055694580078e-01 -6.526192426681518555e-01 0.000000000000000000e+00 1.000000000000000000e+00
3.148182983398437500e+02 7.761108398437500000e+01 1.972667541503906250e+02 3.353983461856842041e-01 -6.241385340690612793e-01 -7.056621313095092773e-01 0.000000000000000000e+00 1.000000000000000000e+00
3.146136779785156250e+02 7.799185943603515625e+01 1.976972656250000000e+02 1.908021718263626099e-01 -6.472841501235961914e-01 -7.379822134971618652e-01 0.000000000000000000e+00 1.000000000000000000e+00
3.144920349121093750e+02 7.840452575683593750e+01 1.981677551269531250e+02 8.293060213327407837e-02 -6.486780643463134766e-01 -7.565311193466186523e-01 0.000000000000000000e+00 1.000000000000000000e+00
3.144364624023437500e+02 7.883921051025390625e+01 1.986747131347656250e+02 1.419432368129491806e-02 -6.384279131889343262e-01 -7.695507407188415527e-01 0.000000000000000000e+00 1.000000000000000000e+00
3.144265441894531250e+02 7.928530883789062500e+01 1.992124328613281250e+02 -2.160787023603916168e-02 -6.230623126029968262e-01 -7.818737626075744629e-01 0.000000000000000000e+00 1.000000000000000000e+00
3.144420776367187500e+02 7.973321533203125000e+01 1.997745056152343750e+02 -3.236483410000801086e-02 -6.064747571945190430e-01 -7.944437861442565918e-01 0.000000000000000000e+00 1.000000000000000000e+00
3.144656982421875000e+02 8.017583465576171875e+01 2.003543090820312500e+02 -2.621351182460784912e-02 -5.906777977943420410e-01 -8.064815998077392578e-01 0.000000000000000000e+00 1.000000000000000000e+00
3.144849243164062500e+02 8.060906219482421875e+01 2.009458160400390625e+02 -8.043172769248485565e-03 -5.766600370407104492e-01 -8.169446587562561035e-01 0.000000000000000000e+00 1.000000000000000000e+00
3.144908142089843750e+02 8.103134155273437500e+01 2.015440521240234375e+02 1.912697777152061462e-02 -5.643923282623291016e-01 -8.252851366996765137e-01 0.000000000000000000e+00 1.000000000000000000e+00
3.144768676757812500e+02 8.144287109375000000e+01 2.021458129882812500e+02 5.329515784978866577e-02 -5.533205270767211914e-01 -8.312616944313049316e-01 0.000000000000000000e+00 1.000000000000000000e+00
3.144381408691406250e+02 8.184494018554687500e+01 2.027498474121093750e+02 9.188182651996612549e-02 -5.424343943595886230e-01 -8.350584506988525391e-01 0.000000000000000000e+00 1.000000000000000000e+00
3.143713378906250000e+02 8.223931884765625000e+01 2.033569793701171875e+02 1.309663951396942139e-01 -5.314806103706359863e-01 -8.368847966194152832e-01 0.000000000000000000e+00 1.000000000000000000e+00
3.142754211425781250e+02 8.262856292724609375e+01 2.039698944091796875e+02 1.646807342767715454e-01 -5.216636061668395996e-01 -8.371065258979797363e-01 0.000000000000000000e+00 1.000000000000000000e+00
3.141531066894531250e+02 8.301602172851562500e+01 2.045916442871093750e+02 1.873388588428497314e-01 -5.150305628776550293e-01 -8.364494442939758301e-01 0.000000000000000000e+00 1.000000000000000000e+00
3.140113830566406250e+02 8.340564727783203125e+01 2.052244262695312500e+02 1.944812983274459839e-01 -5.136184096336364746e-01 -8.356872200965881348e-01 0.000000000000000000e+00 1.000000000000000000e+00
3.138615722656250000e+02 8.380129241943359375e+01 2.058681640625000000e+02 1.849401593208312988e-01 -5.184796452522277832e-01 -8.348509073257446289e-01 0.000000000000000000e+00 1.000000000000000000e+00
3.137172546386718750e+02 8.420588684082031250e+01 2.065196380615234375e+02 1.595175862312316895e-01 -5.289901494979858398e-01 -8.335007429122924805e-01 0.000000000000000000e+00 1.000000000000000000e+00
3.135920715332031250e+02 8.462101745605468750e+01 2.071737365722656250e+02 1.218804791569709778e-01 -5.437392592430114746e-01 -8.303570151329040527e-01 0.000000000000000000e+00 1.000000000000000000e+00
3.134965820312500000e+02 8.504701995849609375e+01 2.078242950439453125e+02 7.792726159095764160e-02 -5.605115294456481934e-01 -8.244720101356506348e-01 0.000000000000000000e+00 1.000000000000000000e+00
3.134359436035156250e+02 8.548317718505859375e+01 2.084658508300781250e+02 3.560212254524230957e-02 -5.774058699607849121e-01 -8.156806826591491699e-01 0.000000000000000000e+00 1.000000000000000000e+00
3.134085083007812500e+02 8.592813110351562500e+01 2.090944213867187500e+02 1.844126265496015549e-03 -5.932974815368652344e-01 -8.049811720848083496e-01 0.000000000000000000e+00 1.000000000000000000e+00
3.134071044921875000e+02 8.637976837158203125e+01 2.097071990966796875e+02 1.917739398777484894e-02 6.077625751495361328e-01 7.938871383666992188e-01 0.000000000000000000e+00 1.000000000000000000e+00
3.134214782714843750e+02 8.683529663085937500e+01 2.103022308349609375e+02 2.739448659121990204e-02 6.211980581283569336e-01 7.831746935844421387e-01 0.000000000000000000e+00 1.000000000000000000e+00
3.134415893554687500e+02 8.729133605957031250e+01 2.108771820068359375e+02 2.611935697495937347e-02 6.340025663375854492e-01 7.728896737098693848e-01 0.000000000000000000e+00 1.000000000000000000e+00
3.134602661132812500e+02 8.774468231201171875e+01 2.114298400878906250e+02 2.011111192405223846e-02 6.463830471038818359e-01 7.627480030059814453e-01 0.000000000000000000e+00 1.000000000000000000e+00
3.134742126464843750e+02 8.819293212890625000e+01 2.119587860107421875e+02 1.285906508564949036e-02 6.583569049835205078e-01 7.525961399078369141e-01 0.000000000000000000e+00 1.000000000000000000e+00
3.134828491210937500e+02 8.863510131835937500e+01 2.124642486572265625e+02 7.252227980643510818e-03 6.692753434181213379e-01 7.429790496826171875e-01 0.000000000000000000e+00 1.000000000000000000e+00
3.134875793457031250e+02 8.907163238525390625e+01 2.129488525390625000e+02 4.024916328489780426e-03 6.783900260925292969e-01 7.346909642219543457e-01 0.000000000000000000e+00 1.000000000000000000e+00
3.134901428222656250e+02 8.950370025634765625e+01 2.134167785644531250e+02 2.339635044336318970e-03 6.852450370788574219e-01 7.283089160919189453e-01 0.000000000000000000e+00 1.000000000000000000e+00
3.134916076660156250e+02 8.993273162841796875e+01 2.138727722167968750e+02 1.674846047535538673e-03 6.896671056747436523e-01 7.241246104240417480e-01 0.000000000000000000e+00 1.000000000000000000e+00
3.134926452636718750e+02 9.035999298095703125e+01 2.143213806152343750e+02 1.585847581736743450e-03 6.922720074653625488e-01 7.216349840164184570e-01 0.000000000000000000e+00 1.000000000000000000e+00
3.134936218261718750e+02 9.078629302978515625e+01 2.147657623291015625e+02 1.640080823563039303e-03 6.936672329902648926e-01 7.202937006950378418e-01 0.000000000000000000e+00 1.000000000000000000e+00
3.134946289062500000e+02 9.121223449707031250e+01 2.152080535888671875e+02 2.187664154917001724e-03 6.944963335990905762e-01 7.194928526878356934e-01 0.000000000000000000e+00 1.000000000000000000e+00
3.134959716796875000e+02 9.163851165771484375e+01 2.156496734619140625e+02 2.781385555863380432e-03 6.952222585678100586e-01 7.187895178794860840e-01 0.000000000000000000e+00 1.000000000000000000e+00
3.134976806640625000e+02 9.206568145751953125e+01 2.160913238525390625e+02 3.961463924497365952e-03 6.960415840148925781e-01 7.179905772209167480e-01 0.000000000000000000e+00 1.000000000000000000e+00
3.135001220703125000e+02 9.249464416503906250e+01 2.165338134765625000e+02 6.598548032343387604e-03 6.976733207702636719e-01 7.163856625556945801e-01 0.000000000000000000e+00 1.000000000000000000e+00
3.135042114257812500e+02 9.292701721191406250e+01 2.169777832031250000e+02 1.127831172198057175e-02 7.003782987594604492e-01 7.136827707290649414e-01 0.000000000000000000e+00 1.000000000000000000e+00
3.135112609863281250e+02 9.336479187011718750e+01 2.174238739013671875e+02 1.930164359509944916e-02 7.045823931694030762e-01 7.093595266342163086e-01 0.000000000000000000e+00 1.000000000000000000e+00
3.135234680175781250e+02 9.381039428710937500e+01 2.178724975585937500e+02 3.125419095158576965e-02 7.104976177215576172e-01 7.030051946640014648e-01 0.000000000000000000e+00 1.000000000000000000e+00
3.135435180664062500e+02 9.426618957519531250e+01 2.183234863281250000e+02 4.810693860054016113e-02 7.184656858444213867e-01 6.938969492912292480e-01 0.000000000000000000e+00 1.000000000000000000e+00
3.135748596191406250e+02 9.473426818847656250e+01 2.187755584716796875e+02 6.963838636875152588e-02 7.283917069435119629e-01 6.816127896308898926e-01 0.000000000000000000e+00 1.000000000000000000e+00
3.136209716796875000e+02 9.521658325195312500e+01 2.192268981933593750e+02 9.459192305803298950e-02 7.404038310050964355e-01 6.654732227325439453e-01 0.000000000000000000e+00 1.000000000000000000e+00
3.136846923828125000e+02 9.571534729003906250e+01 2.196751861572265625e+02 1.215647086501121521e-01 7.542052865028381348e-01 6.452878713607788086e-01 0.000000000000000000e+00 1.000000000000000000e+00
3.137682189941406250e+02 9.623355865478515625e+01 2.201185607910156250e+02 1.471243798732757568e-01 7.692258358001708984e-01 6.218087077140808105e-01 0.000000000000000000e+00 1.000000000000000000e+00
3.138717346191406250e+02 9.677478027343750000e+01 2.205560607910156250e+02 1.691222041845321655e-01 7.844746708869934082e-01 5.966548919677734375e-01 0.000000000000000000e+00 1.000000000000000000e+00
3.139940185546875000e+02 9.734199523925781250e+01 2.209874725341796875e+02 1.862064301967620850e-01 7.988982200622558594e-01 5.719168186187744141e-01 0.000000000000000000e+00 1.000000000000000000e+00
3.141324768066406250e+02 9.793603515625000000e+01 2.214127349853515625e+02 1.988584846258163452e-01 8.115549087524414062e-01 5.493941307067871094e-01 0.000000000000000000e+00 1.000000000000000000e+00
3.142839965820312500e+02 9.855439758300781250e+01 2.218313446044921875e+02 2.090922147035598755e-01 8.218037486076354980e-01 5.300180315971374512e-01 0.000000000000000000e+00 1.000000000000000000e+00
3.144459838867187500e+02 9.919106292724609375e+01 2.222419586181640625e+02 2.201163321733474731e-01 8.293284773826599121e-01 5.135786533355712891e-01 0.000000000000000000e+00 1.000000000000000000e+00
3.146177062988281250e+02 9.983805847167968750e+01 2.226426239013671875e+02 2.334609776735305786e-01 8.342162370681762695e-01 4.995790421962738037e-01 0.000000000000000000e+00 1.000000000000000000e+00
3.147994384765625000e+02 1.004874343872070312e+02 2.230315093994140625e+02 2.503764331340789795e-01 8.367266654968261719e-01 4.870319962501525879e-01 0.000000000000000000e+00 1.000000000000000000e+00
3.149926757812500000e+02 1.011332092285156250e+02 2.234073944091796875e+02 2.700442373752593994e-01 8.372111320495605469e-01 4.755561351776123047e-01 0.000000000000000000e+00 1.000000000000000000e+00
3.151987915039062500e+02 1.017722244262695312e+02 2.237703704833984375e+02 2.903134524822235107e-01 8.362613916397094727e-01 4.651718735694885254e-01 0.000000000000000000e+00 1.000000000000000000e+00
3.154181823730468750e+02 1.024041900634765625e+02 2.241219024658203125e+02 3.088460266590118408e-01 8.345576524734497070e-01 4.562100768089294434e-01 0.000000000000000000e+00 1.000000000000000000e+00
3.156498413085937500e+02 1.030301742553710938e+02 2.244640960693359375e+02 3.240901827812194824e-01 8.324359059333801270e-01 4.494620263576507568e-01 0.000000000000000000e+00 1.000000000000000000e+00
3.158917541503906250e+02 1.036515350341796875e+02 2.247995910644531250e+02 3.348703086376190186e-01 8.301625251770019531e-01 4.457486569881439209e-01 0.000000000000000000e+00 1.000000000000000000e+00
3.161409301757812500e+02 1.042692565917968750e+02 2.251312713623046875e+02 3.419452309608459473e-01 8.275321125984191895e-01 4.452685713768005371e-01 0.000000000000000000e+00 1.000000000000000000e+00
3.163948364257812500e+02 1.048837280273437500e+02 2.254618988037109375e+02 3.467361330986022949e-01 8.241366147994995117e-01 4.478537738323211670e-01 0.000000000000000000e+00 1.000000000000000000e+00
3.166517944335937500e+02 1.054944763183593750e+02 2.257937927246093750e+02 3.512512445449829102e-01 8.196137547492980957e-01 4.526101946830749512e-01 0.000000000000000000e+00 1.000000000000000000e+00
3.169117431640625000e+02 1.061010437011718750e+02 2.261287536621093750e+02 3.574591279029846191e-01 8.134246468544006348e-01 4.588718414306640625e-01 0.000000000000000000e+00 1.000000000000000000e+00
3.171763610839843750e+02 1.067032012939453125e+02 2.264684448242187500e+02 3.660791516304016113e-01 8.057859539985656738e-01 4.655052721500396729e-01 0.000000000000000000e+00 1.000000000000000000e+00
3.174476623535156250e+02 1.073003692626953125e+02 2.268134307861328125e+02 3.772030770778656006e-01 7.966640591621398926e-01 4.722755551338195801e-01 0.000000000000000000e+00 1.000000000000000000e+00
3.177273559570312500e+02 1.078910903930664062e+02 2.271636199951171875e+02 3.896226286888122559e-01 7.863442897796630859e-01 4.794339537620544434e-01 0.000000000000000000e+00 1.000000000000000000e+00
3.180154418945312500e+02 1.084725112915039062e+02 2.275181121826171875e+02 4.014844298362731934e-01 7.751417756080627441e-01 4.878171086311340332e-01 0.000000000000000000e+00 1.000000000000000000e+00
3.183097839355468750e+02 1.090407943725585938e+02 2.278757476806640625e+02 4.113428890705108643e-01 7.632665634155273438e-01 4.982180595397949219e-01 0.000000000000000000e+00 1.000000000000000000e+00
3.186070861816406250e+02 1.095924530029296875e+02 2.282358398437500000e+02 4.174955189228057861e-01 7.518936395645141602e-01 5.102484226226806641e-01 0.000000000000000000e+00 1.000000000000000000e+00
3.189036560058593750e+02 1.101265640258789062e+02 2.285982971191406250e+02 4.191156327724456787e-01 7.421594262123107910e-01 5.230118632316589355e-01 0.000000000000000000e+00 1.000000000000000000e+00
3.191970825195312500e+02 1.106461563110351562e+02 2.289644622802734375e+02 4.165482819080352783e-01 7.352728247642517090e-01 5.346601605415344238e-01 0.000000000000000000e+00 1.000000000000000000e+00
3.194870300292968750e+02 1.111579589843750000e+02 2.293366241455078125e+02 4.113883078098297119e-01 7.313279509544372559e-01 5.439845323562622070e-01 0.000000000000000000e+00 1.000000000000000000e+00
3.197750549316406250e+02 1.116699829101562500e+02 2.297174835205078125e+02 4.071441590785980225e-01 7.284197807312011719e-01 5.510337948799133301e-01 0.000000000000000000e+00 1.000000000000000000e+00
3.200648498535156250e+02 1.121884536743164062e+02 2.301096954345703125e+02 4.076550602912902832e-01 7.237952947616577148e-01 5.567204356193542480e-01 0.000000000000000000e+00 1.000000000000000000e+00
3.203615417480468750e+02 1.127152328491210938e+02 2.305148773193359375e+02 4.163280427455902100e-01 7.147620320320129395e-01 5.619485974311828613e-01 0.000000000000000000e+00 1.000000000000000000e+00
3.206715393066406250e+02 1.132474441528320312e+02 2.309333038330078125e+02 4.336947202682495117e-01 7.002521753311157227e-01 5.670588612556457520e-01 0.000000000000000000e+00 1.000000000000000000e+00
3.210008239746093750e+02 1.137791137695312500e+02 2.313638458251953125e+02 4.576177597045898438e-01 6.810004711151123047e-01 5.716855525970458984e-01 0.000000000000000000e+00 1.000000000000000000e+00
3.213534240722656250e+02 1.143038330078125000e+02 2.318043365478515625e+02 4.841951727867126465e-01 6.595359444618225098e-01 5.749498605728149414e-01 0.000000000000000000e+00 1.000000000000000000e+00
3.217301025390625000e+02 1.148169174194335938e+02 2.322516174316406250e+02 5.085055828094482422e-01 6.393328309059143066e-01 5.767802596092224121e-01 0.000000000000000000e+00 1.000000000000000000e+00
3.221274108886718750e+02 1.153164443969726562e+02 2.327022705078125000e+02 5.271921157836914062e-01 6.238003373146057129e-01 5.770109295845031738e-01 0.000000000000000000e+00 1.000000000000000000e+00
3.225390014648437500e+02 1.158034591674804688e+02 2.331527557373046875e+02 5.391110181808471680e-01 6.149437427520751953e-01 5.755028724670410156e-01 0.000000000000000000e+00 1.000000000000000000e+00
3.229571838378906250e+02 1.162804641723632812e+02 2.335991668701171875e+02 5.446423292160034180e-01 6.136383414268493652e-01 5.716754198074340820e-01 0.000000000000000000e+00 1.000000000000000000e+00
3.233746643066406250e+02 1.167508316040039062e+02 2.340373687744140625e+02 5.451889634132385254e-01 6.196165680885314941e-01 5.646629333496093750e-01 0.000000000000000000e+00 1.000000000000000000e+00
3.237860412597656250e+02 1.172183685302734375e+02 2.344634399414062500e+02 5.414621233940124512e-01 6.324784755706787109e-01 5.538861155509948730e-01 0.000000000000000000e+00 1.000000000000000000e+00
3.241870422363281250e+02 1.176867752075195312e+02 2.348736419677734375e+02 5.338065624237060547e-01 6.513701081275939941e-01 5.392286777496337891e-01 0.000000000000000000e+00 1.000000000000000000e+00
3.245746154785156250e+02 1.181597061157226562e+02 2.352651519775390625e+02 5.209015607833862305e-01 6.753801107406616211e-01 5.220376253128051758e-01 0.000000000000000000e+00 1.000000000000000000e+00
3.249454345703125000e+02 1.186404953002929688e+02 2.356367797851562500e+02 5.209015607833862305e-01 6.753801107406616211e-01 5.220376253128051758e-01 0.000000000000000000e+00 1.000000000000000000e+00
