3.015140380859375000e+02 4.088322830200195312e+01 1.849878234863281250e+02 7.753794081509113312e-03 -8.278297185897827148e-01 -5.609257817268371582e-01 0.000000000000000000e+00 1.000000000000000000e+00
3.015111389160156250e+02 4.119275665283203125e+01 1.851975555419921875e+02 -1.262169564142823219e-03 -8.246936798095703125e-01 -5.655781626701354980e-01 0.000000000000000000e+00 1.000000000000000000e+00
3.015117492675781250e+02 4.159155654907226562e+01 1.854710540771484375e+02 -1.292858738452196121e-02 -8.207362890243530273e-01 -5.711609125137329102e-01 0.000000000000000000e+00 1.000000000000000000e+00
3.015192871093750000e+02 4.207007598876953125e+01 1.858040618896484375e+02 -2.661413513123989105e-02 -8.162282705307006836e-01 -5.771161913871765137e-01 0.000000000000000000e+00 1.000000000000000000e+00
3.015368957519531250e+02 4.261011505126953125e+01 1.861858978271484375e+02 -4.126980528235435486e-02 -8.117836713790893555e-01 -5.824980735778808594e-01 0.000000000000000000e+00 1.000000000000000000e+00
3.015663757324218750e+02 4.318999099731445312e+01 1.866019897460937500e+02 -5.565416812896728516e-02 -8.086860775947570801e-01 -5.856018662452697754e-01 0.000000000000000000e+00 1.000000000000000000e+00
3.016076965332031250e+02 4.379040527343750000e+01 1.870367736816406250e+02 -6.868095695972442627e-02 -8.081740140914916992e-01 -5.849253535270690918e-01 0.000000000000000000e+00 1.000000000000000000e+00
3.016593017578125000e+02 4.439764785766601562e+01 1.874762725830078125e+02 -7.996657490730285645e-02 -8.112492561340332031e-01 -5.792062878608703613e-01 0.000000000000000000e+00 1.000000000000000000e+00
3.017190551757812500e+02 4.500383758544921875e+01 1.879090728759765625e+02 -9.067347645759582520e-02 -8.172705173492431641e-01 -5.690757036209106445e-01 0.000000000000000000e+00 1.000000000000000000e+00
3.017857055664062500e+02 4.560457992553710938e+01 1.883273773193359375e+02 -1.025074943900108337e-01 -8.244303464889526367e-01 -5.566028952598571777e-01 0.000000000000000000e+00 1.000000000000000000e+00
3.018592529296875000e+02 4.619609451293945312e+01 1.887267303466796875e+02 -1.166585460305213928e-01 -8.299691677093505859e-01 -5.454741120338439941e-01 0.000000000000000000e+00 1.000000000000000000e+00
3.019403991699218750e+02 4.677341079711914062e+01 1.891061553955078125e+02 -1.327344626188278198e-01 -8.315561413764953613e-01 -5.393477082252502441e-01 0.000000000000000000e+00 1.000000000000000000e+00
3.020292663574218750e+02 4.733014678955078125e+01 1.894672546386718750e+02 -1.480102539062500000e-01 -8.283055424690246582e-01 -5.403730273246765137e-01 0.000000000000000000e+00 1.000000000000000000e+00
3.021242065429687500e+02 4.786145782470703125e+01 1.898138732910156250e+02 -1.588657945394515991e-01 -8.208916187286376953e-01 -5.485422611236572266e-01 0.000000000000000000e+00 1.000000000000000000e+00
3.022216491699218750e+02 4.836496353149414062e+01 1.901503295898437500e+02 -1.619617789983749390e-01 -8.113851547241210938e-01 -5.616248846054077148e-01 0.000000000000000000e+00 1.000000000000000000e+00
3.023168945312500000e+02 4.884211730957031250e+01 1.904806060791015625e+02 -1.549015641212463379e-01 -8.030483126640319824e-01 -5.754292607307434082e-01 0.000000000000000000e+00 1.000000000000000000e+00
3.024049072265625000e+02 4.929839706420898438e+01 1.908075561523437500e+02 -1.358925104141235352e-01 -7.984853386878967285e-01 -5.864762663841247559e-01 0.000000000000000000e+00 1.000000000000000000e+00
3.024803466796875000e+02 4.974166870117187500e+01 1.911331329345703125e+02 -1.041050031781196594e-01 -7.990753054618835449e-01 -5.921492576599121094e-01 0.000000000000000000e+00 1.000000000000000000e+00
3.025375671386718750e+02 5.018087387084960938e+01 1.914586029052734375e+02 -6.064188480377197266e-02 -8.034359216690063477e-01 -5.922948718070983887e-01 0.000000000000000000e+00 1.000000000000000000e+00
3.025710449218750000e+02 5.062441635131835938e+01 1.917855834960937500e+02 -1.014800369739532471e-02 -8.083128929138183594e-01 -5.886656045913696289e-01 0.000000000000000000e+00 1.000000000000000000e+00
3.025767517089843750e+02 5.107897567749023438e+01 1.921166229248046875e+02 3.994837775826454163e-02 -8.103231191635131836e-01 -5.846200585365295410e-01 0.000000000000000000e+00 1.000000000000000000e+00
3.025535888671875000e+02 5.154881668090820312e+01 1.924555969238281250e+02 7.991946488618850708e-02 -8.084502220153808594e-01 -5.831132531166076660e-01 0.000000000000000000e+00 1.000000000000000000e+00
3.025054321289062500e+02 5.203596115112304688e+01 1.928069610595703125e+02 1.017095148563385010e-01 -8.034711480140686035e-01 -5.865912437438964844e-01 0.000000000000000000e+00 1.000000000000000000e+00
3.024415588378906250e+02 5.254053878784179688e+01 1.931753387451171875e+02 1.025330498814582825e-01 -7.976427078247070312e-01 -5.943508744239807129e-01 0.000000000000000000e+00 1.000000000000000000e+00
3.023745422363281250e+02 5.306188583374023438e+01 1.935638122558593750e+02 8.448375016450881958e-02 -7.921589016914367676e-01 -6.044391393661499023e-01 0.000000000000000000e+00 1.000000000000000000e+00
3.023172607421875000e+02 5.359898376464843750e+01 1.939736328125000000e+02 5.381892994046211243e-02 -7.873522639274597168e-01 -6.141497492790222168e-01 0.000000000000000000e+00 1.000000000000000000e+00
3.022795410156250000e+02 5.415081024169921875e+01 1.944040679931640625e+02 1.830093562602996826e-02 -7.825182080268859863e-01 -6.223586201667785645e-01 0.000000000000000000e+00 1.000000000000000000e+00
3.022663269042968750e+02 5.471582412719726562e+01 1.948534393310546875e+02 -1.429520267993211746e-02 -7.770493626594543457e-01 -6.292772889137268066e-01 0.000000000000000000e+00 1.000000000000000000e+00
3.022769165039062500e+02 5.529144668579101562e+01 1.953195953369140625e+02 -3.882343694567680359e-02 -7.702234983444213867e-01 -6.365913748741149902e-01 0.000000000000000000e+00 1.000000000000000000e+00
3.023062744140625000e+02 5.587388229370117188e+01 1.958009796142578125e+02 -5.265622213482856750e-02 -7.619293928146362305e-01 -6.455159783363342285e-01 0.000000000000000000e+00 1.000000000000000000e+00
3.023466796875000000e+02 5.645854187011718750e+01 1.962963104248046875e+02 -5.590204894542694092e-02 -7.526177763938903809e-01 -6.560803055763244629e-01 0.000000000000000000e+00 1.000000000000000000e+00
3.023899536132812500e+02 5.704114532470703125e+01 1.968041839599609375e+02 -5.128190293908119202e-02 -7.428513169288635254e-01 -6.674892902374267578e-01 0.000000000000000000e+00 1.000000000000000000e+00
3.024298095703125000e+02 5.761848449707031250e+01 1.973229522705078125e+02 -4.217952117323875427e-02 -7.338402867317199707e-01 -6.780112981796264648e-01 0.000000000000000000e+00 1.000000000000000000e+00
3.024626159667968750e+02 5.818925094604492188e+01 1.978502960205078125e+02 -3.301113098859786987e-02 -7.258769273757934570e-01 -6.870319247245788574e-01 0.000000000000000000e+00 1.000000000000000000e+00
3.024882812500000000e+02 5.875360107421875000e+01 1.983844451904296875e+02 -2.814501151442527771e-02 -7.190569639205932617e-01 -6.943809986114501953e-01 0.000000000000000000e+00 1.000000000000000000e+00
3.025101623535156250e+02 5.931262588500976562e+01 1.989242858886718750e+02 -3.013622947037220001e-02 -7.129187583923339844e-01 -7.005987763404846191e-01 0.000000000000000000e+00 1.000000000000000000e+00
3.025336303710937500e+02 5.986779785156250000e+01 1.994698638916015625e+02 -3.946604207158088684e-02 -7.067632675170898438e-01 -7.063484787940979004e-01 0.000000000000000000e+00 1.000000000000000000e+00
3.025644836425781250e+02 6.042032241821289062e+01 2.000220642089843750e+02 -5.428329855203628540e-02 -6.998335719108581543e-01 -7.122403383255004883e-01 0.000000000000000000e+00 1.000000000000000000e+00
3.026071777343750000e+02 6.097074508666992188e+01 2.005822448730468750e+02 -7.169268280267715454e-02 -6.919548511505126953e-01 -7.183722257614135742e-01 0.000000000000000000e+00 1.000000000000000000e+00
3.026639404296875000e+02 6.151860046386718750e+01 2.011510162353515625e+02 -8.785528689622879028e-02 -6.831553578376770020e-01 -7.249690890312194824e-01 0.000000000000000000e+00 1.000000000000000000e+00
3.027338562011718750e+02 6.206225967407226562e+01 2.017279510498046875e+02 -1.003633886575698853e-01 -6.737036108970642090e-01 -7.321547269821166992e-01 0.000000000000000000e+00 1.000000000000000000e+00
3.028138122558593750e+02 6.259897613525390625e+01 2.023112335205078125e+02 -1.072801426053047180e-01 -6.641184091567993164e-01 -7.398902773857116699e-01 0.000000000000000000e+00 1.000000000000000000e+00
3.028988342285156250e+02 6.312530517578125000e+01 2.028976135253906250e+02 -1.087650358676910400e-01 -6.545386910438537598e-01 -7.481639385223388672e-01 0.000000000000000000e+00 1.000000000000000000e+00
3.029840087890625000e+02 6.363787841796875000e+01 2.034835052490234375e+02 -1.056525483727455139e-01 -6.453854441642761230e-01 -7.565151453018188477e-01 0.000000000000000000e+00 1.000000000000000000e+00
3.030652465820312500e+02 6.413412475585937500e+01 2.040652008056640625e+02 -1.004107370972633362e-01 -6.367055177688598633e-01 -7.645415663719177246e-01 0.000000000000000000e+00 1.000000000000000000e+00
3.031407775878906250e+02 6.461306762695312500e+01 2.046403045654296875e+02 -9.705282002687454224e-02 -6.285424232482910156e-01 -7.716963291168212891e-01 0.000000000000000000e+00 1.000000000000000000e+00
3.032122192382812500e+02 6.507574462890625000e+01 2.052083587646484375e+02 -9.938148409128189087e-02 -6.208279132843017578e-01 -7.776220440864562988e-01 0.000000000000000000e+00 1.000000000000000000e+00
3.032839965820312500e+02 6.552413177490234375e+01 2.057699890136718750e+02 -1.101789772510528564e-01 -6.136536002159118652e-01 -7.818502783775329590e-01 0.000000000000000000e+00 1.000000000000000000e+00
3.033623657226562500e+02 6.596061706542968750e+01 2.063261108398437500e+02 -1.302881687879562378e-01 -6.072878241539001465e-01 -7.837260365486145020e-01 0.000000000000000000e+00 1.000000000000000000e+00
3.034539489746093750e+02 6.638749694824218750e+01 2.068770141601562500e+02 -1.562804579734802246e-01 -6.021529436111450195e-01 -7.829357385635375977e-01 0.000000000000000000e+00 1.000000000000000000e+00
3.035628051757812500e+02 6.680692291259765625e+01 2.074223632812500000e+02 -1.828316152095794678e-01 -5.993206501007080078e-01 -7.793506383895874023e-01 0.000000000000000000e+00 1.000000000000000000e+00
3.036892700195312500e+02 6.722147369384765625e+01 2.079614410400390625e+02 -2.035002857446670532e-01 -5.996947884559631348e-01 -7.739211320877075195e-01 0.000000000000000000e+00 1.000000000000000000e+00
3.038294982910156250e+02 6.763471221923828125e+01 2.084947357177734375e+02 -2.144007682800292969e-01 -6.040775775909423828e-01 -7.675432562828063965e-01 0.000000000000000000e+00 1.000000000000000000e+00
3.039774169921875000e+02 6.805147552490234375e+01 2.090242767333984375e+02 -2.145024687051773071e-01 -6.120913624763488770e-01 -7.611392140388488770e-01 0.000000000000000000e+00 1.000000000000000000e+00
3.041265563964843750e+02 6.847705078125000000e+01 2.095534820556640625e+02 -2.077901810407638550e-01 -6.225051283836364746e-01 -7.545267343521118164e-01 0.000000000000000000e+00 1.000000000000000000e+00
3.042731018066406250e+02 6.891607666015625000e+01 2.100856170654296875e+02 -2.008079439401626587e-01 -6.335983276367187500e-01 -7.471474409103393555e-01 0.000000000000000000e+00 1.000000000000000000e+00
3.044173889160156250e+02 6.937133789062500000e+01 2.106224670410156250e+02 -1.986268311738967896e-01 -6.445163488388061523e-01 -7.383401393890380859e-01 0.000000000000000000e+00 1.000000000000000000e+00
3.045628662109375000e+02 6.984339141845703125e+01 2.111632385253906250e+02 -2.040148228406906128e-01 -6.551849246025085449e-01 -7.274000048637390137e-01 0.000000000000000000e+00 1.000000000000000000e+00
3.047146911621093750e+02 7.033097076416015625e+01 2.117045593261718750e+02 -2.158078253269195557e-01 -6.660773158073425293e-01 -7.139804363250732422e-01 0.000000000000000000e+00 1.000000000000000000e+00
3.048769226074218750e+02 7.083168792724609375e+01 2.122412872314453125e+02 -2.313382178544998169e-01 -6.776595711708068848e-01 -6.980402469635009766e-01 0.000000000000000000e+00 1.000000000000000000e+00
3.050514221191406250e+02 7.134284973144531250e+01 2.127678222656250000e+02 -2.468509823083877563e-01 -6.905616521835327148e-01 -6.798449158668518066e-01 0.000000000000000000e+00 1.000000000000000000e+00
3.052369995117187500e+02 7.186199951171875000e+01 2.132789154052734375e+02 -2.595638930797576904e-01 -7.046709060668945312e-01 -6.603526473045349121e-01 0.000000000000000000e+00 1.000000000000000000e+00
3.054304809570312500e+02 7.238726806640625000e+01 2.137711486816406250e+02 -2.678827941417694092e-01 -7.194253206253051758e-01 -6.408323049545288086e-01 0.000000000000000000e+00 1.000000000000000000e+00
3.056279602050781250e+02 7.291761779785156250e+01 2.142435607910156250e+02 -2.712749540805816650e-01 -7.338410615921020508e-01 -6.228059530258178711e-01 0.000000000000000000e+00 1.000000000000000000e+00
3.058256530761718750e+02 7.345240783691406250e+01 2.146974334716796875e+02 -2.704631090164184570e-01 -7.469455599784851074e-01 -6.073895096778869629e-01 0.000000000000000000e+00 1.000000000000000000e+00
3.060208129882812500e+02 7.399138641357421875e+01 2.151357116699218750e+02 -2.677966356277465820e-01 -7.582284808158874512e-01 -5.944531559944152832e-01 0.000000000000000000e+00 1.000000000000000000e+00
3.062127685546875000e+02 7.453488159179687500e+01 2.155618133544921875e+02 -2.649191915988922119e-01 -7.679795026779174805e-01 -5.831168889999389648e-01 0.000000000000000000e+00 1.000000000000000000e+00
3.064020690917968750e+02 7.508364868164062500e+01 2.159784851074218750e+02 -2.648196220397949219e-01 -7.770696878433227539e-01 -5.709933042526245117e-01 0.000000000000000000e+00 1.000000000000000000e+00
3.065913391113281250e+02 7.563903045654296875e+01 2.163865814208984375e+02 -2.687151730060577393e-01 -7.867873311042785645e-01 -5.556598901748657227e-01 0.000000000000000000e+00 1.000000000000000000e+00
3.067838745117187500e+02 7.620276641845703125e+01 2.167847137451171875e+02 -2.767713367938995361e-01 -7.983552813529968262e-01 -5.348144173622131348e-01 0.000000000000000000e+00 1.000000000000000000e+00
3.069832153320312500e+02 7.677777099609375000e+01 2.171699066162109375e+02 -2.888480722904205322e-01 -8.127898573875427246e-01 -5.059045553207397461e-01 0.000000000000000000e+00 1.000000000000000000e+00
3.071928710937500000e+02 7.736772155761718750e+01 2.175371093750000000e+02 -3.038388788700103760e-01 -8.303951621055603027e-01 -4.670393764972686768e-01 0.000000000000000000e+00 1.000000000000000000e+00
3.074156188964843750e+02 7.797649383544921875e+01 2.178795013427734375e+02 -3.209234774112701416e-01 -8.503607511520385742e-01 -4.170069694519042969e-01 0.000000000000000000e+00 1.000000000000000000e+00
3.076534729003906250e+02 7.860674285888671875e+01 2.181885681152343750e+02 -3.393656015396118164e-01 -8.709697723388671875e-01 -3.553065061569213867e-01 0.000000000000000000e+00 1.000000000000000000e+00
3.079075012207031250e+02 7.925869750976562500e+01 2.184545288085937500e+02 -3.586150705814361572e-01 -8.896428346633911133e-01 -2.827207148075103760e-01 0.000000000000000000e+00 1.000000000000000000e+00
3.081777343750000000e+02 7.992908477783203125e+01 2.186675720214843750e+02 -3.775899112224578857e-01 -9.037931561470031738e-01 -2.014540880918502808e-01 0.000000000000000000e+00 1.000000000000000000e+00
3.084626464843750000e+02 8.061104583740234375e+01 2.188195800781250000e+02 -3.956342339515686035e-01 -9.112352132797241211e-01 -1.145599335432052612e-01 0.000000000000000000e+00 1.000000000000000000e+00
3.087596435546875000e+02 8.129509735107421875e+01 2.189055786132812500e+02 -4.116514921188354492e-01 -9.109763503074645996e-01 -2.578991651535034180e-02 0.000000000000000000e+00 1.000000000000000000e+00
3.090650634765625000e+02 8.197098541259765625e+01 2.189247131347656250e+02 -4.249743223190307617e-01 -9.031488895416259766e-01 6.098258122801780701e-02 0.000000000000000000e+00 1.000000000000000000e+00
3.093750305175781250e+02 8.262972259521484375e+01 2.188802337646484375e+02 -4.350410103797912598e-01 -8.893007636070251465e-01 1.410088688135147095e-01 0.000000000000000000e+00 1.000000000000000000e+00
3.096855468750000000e+02 8.326447296142578125e+01 2.187795867919921875e+02 -4.417034685611724854e-01 -8.718894124031066895e-01 2.114402502775192261e-01 0.000000000000000000e+00 1.000000000000000000e+00
3.099927673339843750e+02 8.387090301513671875e+01 2.186325225830078125e+02 -4.447314739227294922e-01 -8.539422750473022461e-01 2.701785564422607422e-01 0.000000000000000000e+00 1.000000000000000000e+00
3.102930908203125000e+02 8.444756317138671875e+01 2.184500732421875000e+02 -4.439919888973236084e-01 -8.388757109642028809e-01 3.148947060108184814e-01 0.000000000000000000e+00 1.000000000000000000e+00
3.105835571289062500e+02 8.499636840820312500e+01 2.182440643310546875e+02 -4.389131963253021240e-01 -8.305388689041137695e-01 3.428708910942077637e-01 0.000000000000000000e+00 1.000000000000000000e+00
3.108619995117187500e+02 8.552325439453125000e+01 2.180265502929687500e+02 -4.292278885841369629e-01 -8.326621651649475098e-01 3.499102890491485596e-01 0.000000000000000000e+00 1.000000000000000000e+00
3.111274719238281250e+02 8.603824615478515625e+01 2.178101348876953125e+02 -4.145612120628356934e-01 -8.470472097396850586e-01 3.326410353183746338e-01 0.000000000000000000e+00 1.000000000000000000e+00
3.113799743652343750e+02 8.655416870117187500e+01 2.176075286865234375e+02 -3.944481611251831055e-01 -8.717234134674072266e-01 2.907041311264038086e-01 0.000000000000000000e+00 1.000000000000000000e+00
3.116198120117187500e+02 8.708420562744140625e+01 2.174307708740234375e+02 -3.699222505092620850e-01 -9.006173014640808105e-01 2.281360626220703125e-01 0.000000000000000000e+00 1.000000000000000000e+00
3.118476867675781250e+02 8.763899230957031250e+01 2.172902374267578125e+02 -3.428627550601959229e-01 -9.264789819717407227e-01 1.551828682422637939e-01 0.000000000000000000e+00 1.000000000000000000e+00
3.120640563964843750e+02 8.822366333007812500e+01 2.171923065185546875e+02 -3.162568807601928711e-01 -9.451757073402404785e-01 8.139032870531082153e-02 0.000000000000000000e+00 1.000000000000000000e+00
3.122694396972656250e+02 8.883747863769531250e+01 2.171394500732421875e+02 -2.923818528652191162e-01 -9.562177658081054688e-01 1.266346778720617294e-02 0.000000000000000000e+00 1.000000000000000000e+00
3.124642639160156250e+02 8.947463989257812500e+01 2.171310119628906250e+02 -2.720990777015686035e-01 -9.609089493751525879e-01 -5.114796385169029236e-02 0.000000000000000000e+00 1.000000000000000000e+00
3.126487731933593750e+02 9.012622833251953125e+01 2.171656951904296875e+02 -2.543440759181976318e-01 -9.602684378623962402e-01 -1.148636266589164734e-01 0.000000000000000000e+00 1.000000000000000000e+00
3.128225097656250000e+02 9.078216552734375000e+01 2.172441558837890625e+02 -2.372088581323623657e-01 -9.538657665252685547e-01 -1.840436607599258423e-01 0.000000000000000000e+00 1.000000000000000000e+00
3.129844055175781250e+02 9.143318176269531250e+01 2.173697662353515625e+02 -2.183637320995330811e-01 -9.400150179862976074e-01 -2.620858848094940186e-01 0.000000000000000000e+00 1.000000000000000000e+00
3.131327819824218750e+02 9.207191467285156250e+01 2.175478515625000000e+02 -1.972054541110992432e-01 -9.171020388603210449e-01 -3.464590311050415039e-01 0.000000000000000000e+00 1.000000000000000000e+00
3.132665710449218750e+02 9.269409942626953125e+01 2.177828979492187500e+02 -1.746528595685958862e-01 -8.862816095352172852e-01 -4.289538860321044922e-01 0.000000000000000000e+00 1.000000000000000000e+00
3.133856201171875000e+02 9.329821777343750000e+01 2.180752868652343750e+02 -1.539589166641235352e-01 -8.519502878189086914e-01 -5.004770755767822266e-01 0.000000000000000000e+00 1.000000000000000000e+00
3.134918212890625000e+02 9.388589477539062500e+01 2.184205169677734375e+02 -1.379576474428176880e-01 -8.206041455268859863e-01 -5.545958876609802246e-01 0.000000000000000000e+00 1.000000000000000000e+00
3.135885009765625000e+02 9.446096801757812500e+01 2.188091735839843750e+02 -1.279433667659759521e-01 -7.966446280479431152e-01 -5.907518863677978516e-01 0.000000000000000000e+00 1.000000000000000000e+00
3.136795654296875000e+02 9.502798461914062500e+01 2.192296447753906250e+02 -1.232754886150360107e-01 -7.814656496047973633e-01 -6.116491556167602539e-01 0.000000000000000000e+00 1.000000000000000000e+00
3.137682800292968750e+02 9.559036254882812500e+01 2.196698150634765625e+02 -1.220581755042076111e-01 -7.739194035530090332e-01 -6.214101314544677734e-01 0.000000000000000000e+00 1.000000000000000000e+00
3.138563842773437500e+02 9.614899444580078125e+01 2.201183624267578125e+02 -1.233730539679527283e-01 -7.720187902450561523e-01 -6.235110759735107422e-01 0.000000000000000000e+00 1.000000000000000000e+00
3.139447631835937500e+02 9.670203399658203125e+01 2.205650177001953125e+02 -1.260710954666137695e-01 -7.741587162017822266e-01 -6.203098297119140625e-01 0.000000000000000000e+00 1.000000000000000000e+00
3.140332336425781250e+02 9.724530029296875000e+01 2.210003204345703125e+02 -1.315591484308242798e-01 -7.795193791389465332e-01 -6.124064922332763672e-01 0.000000000000000000e+00 1.000000000000000000e+00
3.141225280761718750e+02 9.777439117431640625e+01 2.214159851074218750e+02 -1.415247321128845215e-01 -7.880747914314270020e-01 -5.990900993347167969e-01 0.000000000000000000e+00 1.000000000000000000e+00
3.142146911621093750e+02 9.828759765625000000e+01 2.218061218261718750e+02 -1.584509164094924927e-01 -8.002576231956481934e-01 -5.783433914184570312e-01 0.000000000000000000e+00 1.000000000000000000e+00
3.143137817382812500e+02 9.878805541992187500e+01 2.221678009033203125e+02 -1.828177124261856079e-01 -8.148532509803771973e-01 -5.500836372375488281e-01 0.000000000000000000e+00 1.000000000000000000e+00
3.144249877929687500e+02 9.928372192382812500e+01 2.225024108886718750e+02 -2.123624086380004883e-01 -8.300372958183288574e-01 -5.156940221786499023e-01 0.000000000000000000e+00 1.000000000000000000e+00
3.145534362792968750e+02 9.978577423095703125e+01 2.228143310546875000e+02 -2.416998744010925293e-01 -8.431995511054992676e-01 -4.802038371562957764e-01 0.000000000000000000e+00 1.000000000000000000e+00
3.147023010253906250e+02 1.003051071166992188e+02 2.231100921630859375e+02 -2.652396559715270996e-01 -8.528620600700378418e-01 -4.497489929199218750e-01 0.000000000000000000e+00 1.000000000000000000e+00
3.148713989257812500e+02 1.008488311767578125e+02 2.233968200683593750e+02 -2.812380790710449219e-01 -8.585380315780639648e-01 -4.287395775318145752e-01 0.000000000000000000e+00 1.000000000000000000e+00
3.150578308105468750e+02 1.014179534912109375e+02 2.236810302734375000e+02 -2.894647419452667236e-01 -8.606355786323547363e-01 -4.189468920230865479e-01 0.000000000000000000e+00 1.000000000000000000e+00
3.152562255859375000e+02 1.020078201293945312e+02 2.239681701660156250e+02 -2.928676307201385498e-01 -8.589927554130554199e-01 -4.199525117874145508e-01 0.000000000000000000e+00 1.000000000000000000e+00
3.154615478515625000e+02 1.026100387573242188e+02 2.242625885009765625e+02 -2.956783473491668701e-01 -8.535662889480590820e-01 -4.289509057998657227e-01 0.000000000000000000e+00 1.000000000000000000e+00
3.156712341308593750e+02 1.032153625488281250e+02 2.245667877197265625e+02 -3.010216951370239258e-01 -8.447319269180297852e-01 -4.425087571144104004e-01 0.000000000000000000e+00 1.000000000000000000e+00
3.158855285644531250e+02 1.038167190551757812e+02 2.248818054199218750e+02 -3.115477263927459717e-01 -8.335284590721130371e-01 -4.562546312808990479e-01 0.000000000000000000e+00 1.000000000000000000e+00
3.161071777343750000e+02 1.044097290039062500e+02 2.252064056396484375e+02 -3.273477256298065186e-01 -8.215404152870178223e-01 -4.668134152889251709e-01 0.000000000000000000e+00 1.000000000000000000e+00
3.163395080566406250e+02 1.049928054809570312e+02 2.255377197265625000e+02 -3.456683158874511719e-01 -8.105136156082153320e-01 -4.728436768054962158e-01 0.000000000000000000e+00 1.000000000000000000e+00
3.165838317871093750e+02 1.055656890869140625e+02 2.258719329833984375e+02 -3.636907041072845459e-01 -8.017292022705078125e-01 -4.742988049983978271e-01 0.000000000000000000e+00 1.000000000000000000e+00
3.168389587402343750e+02 1.061280975341796875e+02 2.262046508789062500e+02 -3.781026005744934082e-01 -7.957268953323364258e-01 -4.731355011463165283e-01 0.000000000000000000e+00 1.000000000000000000e+00
3.171005554199218750e+02 1.066786346435546875e+02 2.265319976806640625e+02 -3.875511586666107178e-01 -7.923738956451416016e-01 -4.711132049560546875e-01 0.000000000000000000e+00 1.000000000000000000e+00
3.173628234863281250e+02 1.072148590087890625e+02 2.268508148193359375e+02 -3.918142318725585938e-01 -7.909561395645141602e-01 -4.699680507183074951e-01 0.000000000000000000e+00 1.000000000000000000e+00
3.176202392578125000e+02 1.077345046997070312e+02 2.271595764160156250e+02 -3.921021521091461182e-01 -7.906095385551452637e-01 -4.703110754489898682e-01 0.000000000000000000e+00 1.000000000000000000e+00
3.178691711425781250e+02 1.082364349365234375e+02 2.274581604003906250e+02 -3.904889225959777832e-01 -7.897092103958129883e-01 -4.731573164463043213e-01 0.000000000000000000e+00 1.000000000000000000e+00
3.181090393066406250e+02 1.087215347290039062e+02 2.277488098144531250e+02 -3.882018625736236572e-01 -7.874267101287841797e-01 -4.788095355033874512e-01 0.000000000000000000e+00 1.000000000000000000e+00
3.183411865234375000e+02 1.091924209594726562e+02 2.280351409912109375e+02 -3.861600458621978760e-01 -7.828925251960754395e-01 -4.878111481666564941e-01 0.000000000000000000e+00 1.000000000000000000e+00
3.185682983398437500e+02 1.096528625488281250e+02 2.283220367431640625e+02 -3.842398226261138916e-01 -7.760162949562072754e-01 -5.001584887504577637e-01 0.000000000000000000e+00 1.000000000000000000e+00
3.187931213378906250e+02 1.101069183349609375e+02 2.286146850585937500e+02 -3.819835484027862549e-01 -7.675842046737670898e-01 -5.146872997283935547e-01 0.000000000000000000e+00 1.000000000000000000e+00
3.190179138183593750e+02 1.105586318969726562e+02 2.289175720214843750e+02 -3.795865178108215332e-01 -7.583814859390258789e-01 -5.298788547515869141e-01 0.000000000000000000e+00 1.000000000000000000e+00
3.192447509765625000e+02 1.110118331909179688e+02 2.292342224121093750e+02 -3.791276812553405762e-01 -7.491275668144226074e-01 -5.432035326957702637e-01 0.000000000000000000e+00 1.000000000000000000e+00
3.194767150878906250e+02 1.114701766967773438e+02 2.295665740966796875e+02 -3.840172290802001953e-01 -7.394279241561889648e-01 -5.529712438583374023e-01 0.000000000000000000e+00 1.000000000000000000e+00
3.197189331054687500e+02 1.119365692138671875e+02 2.299153594970703125e+02 -3.963888585567474365e-01 -7.289705872535705566e-01 -5.581020116806030273e-01 0.000000000000000000e+00 1.000000000000000000e+00
3.199779052734375000e+02 1.124128265380859375e+02 2.302799835205078125e+02 -4.164102673530578613e-01 -7.168886661529541016e-01 -5.591717958450317383e-01 0.000000000000000000e+00 1.000000000000000000e+00
3.202604370117187500e+02 1.128992309570312500e+02 2.306593780517578125e+02 -4.423208534717559814e-01 -7.024567127227783203e-01 -5.575902462005615234e-01 0.000000000000000000e+00 1.000000000000000000e+00
3.205720520019531250e+02 1.133941116333007812e+02 2.310522003173828125e+02 -4.701873660087585449e-01 -6.860244274139404297e-01 -5.552425980567932129e-01 0.000000000000000000e+00 1.000000000000000000e+00
3.209151916503906250e+02 1.138947677612304688e+02 2.314574127197265625e+02 -4.962927997112274170e-01 -6.683740615844726562e-01 -5.540483593940734863e-01 0.000000000000000000e+00 1.000000000000000000e+00
3.212888793945312500e+02 1.143980255126953125e+02 2.318745880126953125e+02 -5.178151726722717285e-01 -6.508541703224182129e-01 -5.552083253860473633e-01 0.000000000000000000e+00 1.000000000000000000e+00
3.216888732910156250e+02 1.149007873535156250e+02 2.323034667968750000e+02 -5.334759950637817383e-01 -6.347293853759765625e-01 -5.590366125106811523e-01 0.000000000000000000e+00 1.000000000000000000e+00
3.221086120605468750e+02 1.154001922607421875e+02 2.327433166503906250e+02 -5.433075428009033203e-01 -6.213523149490356445e-01 -5.645689368247985840e-01 0.000000000000000000e+00 1.000000000000000000e+00
3.225402526855468750e+02 1.158938369750976562e+02 2.331918487548828125e+02 -5.480063557624816895e-01 -6.120869517326354980e-01 -5.701216459274291992e-01 0.000000000000000000e+00 1.000000000000000000e+00
3.229758300781250000e+02 1.163803482055664062e+02 2.336450042724609375e+02 -5.481784343719482422e-01 -6.086094379425048828e-01 -5.736679434776306152e-01 0.000000000000000000e+00 1.000000000000000000e+00
3.234076843261718750e+02 1.168598098754882812e+02 2.340969390869140625e+02 -5.440470576286315918e-01 -6.128019094467163086e-01 -5.731375217437744141e-01 0.000000000000000000e+00 1.000000000000000000e+00
3.238288879394531250e+02 1.173342437744140625e+02 2.345406646728515625e+02 -5.352872014045715332e-01 -6.261547207832336426e-01 -5.669196248054504395e-01 0.000000000000000000e+00 1.000000000000000000e+00
3.242332458496093750e+02 1.178072433471679688e+02 2.349689178466796875e+02 -5.210809111595153809e-01 -6.492208242416381836e-01 -5.540640950202941895e-01 0.000000000000000000e+00 1.000000000000000000e+00
3.246158142089843750e+02 1.182838897705078125e+02 2.353757019042968750e+02 -5.007373690605163574e-01 -6.805768013000488281e-01 -5.348619818687438965e-01 0.000000000000000000e+00 1.000000000000000000e+00
3.249727172851562500e+02 1.187689743041992188e+02 2.357569274902343750e+02 -4.746811091899871826e-01 -7.171142697334289551e-01 -5.103184580802917480e-01 0.000000000000000000e+00 1.000000000000000000e+00
3.253019714355468750e+02 1.192663879394531250e+02 2.361109008789062500e+02 -4.448556602001190186e-01 -7.542466521263122559e-01 -4.829238355159759521e-01 0.000000000000000000e+00 1.000000000000000000e+00
3.256038513183593750e+02 1.197782211303710938e+02 2.364386138916015625e+02 -4.141941368579864502e-01 -7.878777384757995605e-01 -4.557323157787322998e-01 0.000000000000000000e+00 1.000000000000000000e+00
3.258806152343750000e+02 1.203046798706054688e+02 2.367431335449218750e+02 -3.861161768436431885e-01 -8.152750134468078613e-01 -4.315565228462219238e-01 0.000000000000000000e+00 1.000000000000000000e+00
3.261361694335937500e+02 1.208442764282226562e+02 2.370287628173828125e+02 -3.628505468368530273e-01 -8.356989622116088867e-01 -4.122458696365356445e-01 0.000000000000000000e+00 1.000000000000000000e+00
3.263750305175781250e+02 1.213944091796875000e+02 2.373001403808593750e+02 -3.455309569835662842e-01 -8.496395945549011230e-01 -3.983979523181915283e-01 0.000000000000000000e+00 1.000000000000000000e+00
3.266017150878906250e+02 1.219518127441406250e+02 2.375615081787109375e+02 -3.332054913043975830e-01 -8.585901856422424316e-01 -3.896113634109497070e-01 0.000000000000000000e+00 1.000000000000000000e+00
3.268194885253906250e+02 1.225129623413085938e+02 2.378161468505859375e+02 -3.243142068386077881e-01 -8.641529679298400879e-01 -3.847855627536773682e-01 0.000000000000000000e+00 1.000000000000000000e+00
3.270302124023437500e+02 1.230744476318359375e+02 2.380661621093750000e+02 -3.171323537826538086e-01 -8.676238059997558594e-01 -3.829567432403564453e-01 0.000000000000000000e+00 1.000000000000000000e+00
3.272344360351562500e+02 1.236331710815429688e+02 2.383127746582031250e+02 -3.107057213783264160e-01 -8.698753118515014648e-01 -3.831173777580261230e-01 0.000000000000000000e+00 1.000000000000000000e+00
3.274320983886718750e+02 1.241865615844726562e+02 2.385565032958984375e+02 -3.042485117912292480e-01 -8.715259432792663574e-01 -3.845457732677459717e-01 0.000000000000000000e+00 1.000000000000000000e+00
3.276228332519531250e+02 1.247329254150390625e+02 2.387975769042968750e+02 -2.976777255535125732e-01 -8.728279471397399902e-01 -3.867289423942565918e-01 0.000000000000000000e+00 1.000000000000000000e+00
3.278066101074218750e+02 1.252717819213867188e+02 2.390363311767578125e+02 -2.912552058696746826e-01 -8.737280368804931641e-01 -3.895764052867889404e-01 0.000000000000000000e+00 1.000000000000000000e+00
3.279839782714843750e+02 1.258038635253906250e+02 2.392735748291015625e+02 -2.850793898105621338e-01 -8.741338253021240234e-01 -3.932172954082489014e-01 0.000000000000000000e+00 1.000000000000000000e+00
3.281559448242187500e+02 1.263311614990234375e+02 2.395107727050781250e+02 -2.791080772876739502e-01 -8.739122152328491211e-01 -3.979649245738983154e-01 0.000000000000000000e+00 1.000000000000000000e+00
3.283238525390625000e+02 1.268568954467773438e+02 2.397501831054687500e+02 -2.721778452396392822e-01 -8.730691671371459961e-01 -4.045607447624206543e-01 0.000000000000000000e+00 1.000000000000000000e+00
3.284885864257812500e+02 1.273853149414062500e+02 2.399950408935546875e+02 -2.632218897342681885e-01 -8.716682195663452148e-01 -4.134111404418945312e-01 0.000000000000000000e+00 1.000000000000000000e+00
3.286505126953125000e+02 1.279215393066406250e+02 2.402493591308593750e+02 -2.508762478828430176e-01 -8.701213598251342773e-01 -4.242050051689147949e-01 0.000000000000000000e+00 1.000000000000000000e+00
3.288090209960937500e+02 1.284712982177734375e+02 2.405173797607421875e+02 -2.354211062192916870e-01 -8.687793612480163574e-01 -4.356595277786254883e-01 0.000000000000000000e+00 1.000000000000000000e+00
3.289631958007812500e+02 1.290402526855468750e+02 2.408026885986328125e+02 -2.178304791450500488e-01 -8.680160641670227051e-01 -4.462040364742279053e-01 0.000000000000000000e+00 1.000000000000000000e+00
3.291119995117187500e+02 1.296332092285156250e+02 2.411074981689453125e+02 -2.007362246513366699e-01 -8.680687546730041504e-01 -4.540502727031707764e-01 0.000000000000000000e+00 1.000000000000000000e+00
3.292553100585937500e+02 1.302529449462890625e+02 2.414316558837890625e+02 -1.874167174100875854e-01 -8.689712285995483398e-01 -4.579998552799224854e-01 0.000000000000000000e+00 1.000000000000000000e+00
3.293947448730468750e+02 1.308994445800781250e+02 2.417723999023437500e+02 -1.793773919343948364e-01 -8.704997301101684570e-01 -4.583163559436798096e-01 0.000000000000000000e+00 1.000000000000000000e+00
3.295328063964843750e+02 1.315694427490234375e+02 2.421251525878906250e+02 -1.778163015842437744e-01 -8.722563385963439941e-01 -4.555768072605133057e-01 0.000000000000000000e+00 1.000000000000000000e+00
3.296729431152343750e+02 1.322568664550781250e+02 2.424841918945312500e+02 -1.817483752965927124e-01 -8.740183115005493164e-01 -4.506211578845977783e-01 0.000000000000000000e+00 1.000000000000000000e+00
3.298179016113281250e+02 1.329539642333984375e+02 2.428435974121093750e+02 -1.899248957633972168e-01 -8.753759264945983887e-01 -4.445734620094299316e-01 0.000000000000000000e+00 1.000000000000000000e+00
3.299694213867187500e+02 1.336523284912109375e+02 2.431982727050781250e+02 -2.009686827659606934e-01 -8.764413595199584961e-01 -4.375638067722320557e-01 0.000000000000000000e+00 1.000000000000000000e+00
3.301281433105468750e+02 1.343445281982421875e+02 2.435438537597656250e+02 -2.141505181789398193e-01 -8.774228096008300781e-01 -4.292653203010559082e-01 0.000000000000000000e+00 1.000000000000000000e+00
3.302941894531250000e+02 1.350248565673828125e+02 2.438766937255859375e+02 -2.294384092092514038e-01 -8.785595893859863281e-01 -4.189166426658630371e-01 0.000000000000000000e+00 1.000000000000000000e+00
3.304678344726562500e+02 1.356897735595703125e+02 2.441937408447265625e+02 -2.477688789367675781e-01 -8.801639080047607422e-01 -4.048729240894317627e-01 0.000000000000000000e+00 1.000000000000000000e+00
3.306502685546875000e+02 1.363378448486328125e+02 2.444918518066406250e+02 -2.711526751518249512e-01 -8.819604516029357910e-01 -3.855152428150177002e-01 0.000000000000000000e+00 1.000000000000000000e+00
3.308443298339843750e+02 1.369690551757812500e+02 2.447677612304687500e+02 -3.016714751720428467e-01 -8.832316398620605469e-01 -3.590210378170013428e-01 0.000000000000000000e+00 1.000000000000000000e+00
3.310543823242187500e+02 1.375840454101562500e+02 2.450177459716796875e+02 -3.406646847724914551e-01 -8.828375935554504395e-01 -3.233347535133361816e-01 0.000000000000000000e+00 1.000000000000000000e+00
3.312856445312500000e+02 1.381833648681640625e+02 2.452372436523437500e+02 -3.900229334831237793e-01 -8.782982230186462402e-01 -2.765400111675262451e-01 0.000000000000000000e+00 1.000000000000000000e+00
3.315447082519531250e+02 1.387667541503906250e+02 2.454209289550781250e+02 -4.489575326442718506e-01 -8.667679429054260254e-01 -2.171417921781539917e-01 0.000000000000000000e+00 1.000000000000000000e+00
3.318378906250000000e+02 1.393327789306640625e+02 2.455627288818359375e+02 -5.150824785232543945e-01 -8.448277711868286133e-01 -1.447622030973434448e-01 0.000000000000000000e+00 1.000000000000000000e+00
3.321708679199218750e+02 1.398789215087890625e+02 2.456563110351562500e+02 -5.834701657295227051e-01 -8.098236918449401855e-01 -6.122134998440742493e-02 0.000000000000000000e+00 1.000000000000000000e+00
3.325475158691406250e+02 1.404016876220703125e+02 2.456958312988281250e+02 -6.477006077766418457e-01 -7.613401412963867188e-01 2.907220646739006042e-02 0.000000000000000000e+00 1.000000000000000000e+00
3.329690551757812500e+02 1.408971862792968750e+02 2.456769104003906250e+02 -7.019268870353698730e-01 -7.021343111991882324e-01 1.196078583598136902e-01 0.000000000000000000e+00 1.000000000000000000e+00
3.334337158203125000e+02 1.413619842529296875e+02 2.455977325439453125e+02 -7.427939772605895996e-01 -6.376237869262695312e-01 2.041883468627929688e-01 0.000000000000000000e+00 1.000000000000000000e+00
3.339366760253906250e+02 1.417937316894531250e+02 2.454594726562500000e+02 -7.699390649795532227e-01 -5.740765929222106934e-01 2.786215543746948242e-01 0.000000000000000000e+00 1.000000000000000000e+00
3.344705810546875000e+02 1.421918182373046875e+02 2.452662658691406250e+02 -7.854561209678649902e-01 -5.165920853614807129e-01 3.408684730529785156e-01 0.000000000000000000e+00 1.000000000000000000e+00
3.350268554687500000e+02 1.425576782226562500e+02 2.450248565673828125e+02 -7.919219732284545898e-01 -4.687587022781372070e-01 3.913116157054901123e-01 0.000000000000000000e+00 1.000000000000000000e+00
3.355960388183593750e+02 1.428945922851562500e+02 2.447436065673828125e+02 -7.922126054763793945e-01 -4.324034154415130615e-01 4.306117594242095947e-01 0.000000000000000000e+00 1.000000000000000000e+00
3.361695251464843750e+02 1.432076110839843750e+02 2.444318847656250000e+02 -7.879331111907958984e-01 -4.084430336952209473e-01 4.607988595962524414e-01 0.000000000000000000e+00 1.000000000000000000e+00
3.367392578125000000e+02 1.435029449462890625e+02 2.440986938476562500e+02 -7.805727124214172363e-01 -3.970741331577301025e-01 4.827405214309692383e-01 0.000000000000000000e+00 1.000000000000000000e+00
3.372990112304687500e+02 1.437876892089843750e+02 2.437525177001953125e+02 -7.706293463706970215e-01 -3.983289897441864014e-01 4.974580109119415283e-01 0.000000000000000000e+00 1.000000000000000000e+00
3.378438415527343750e+02 1.440693054199218750e+02 2.434008178710937500e+02 -7.581528425216674805e-01 -4.119765758514404297e-01 5.054498910903930664e-01 0.000000000000000000e+00 1.000000000000000000e+00
3.383705749511718750e+02 1.443555297851562500e+02 2.430496520996093750e+02 -7.426468133926391602e-01 -4.375272989273071289e-01 5.069966912269592285e-01 0.000000000000000000e+00 1.000000000000000000e+00
3.388772277832031250e+02 1.446540222167968750e+02 2.427037658691406250e+02 -7.236005067825317383e-01 -4.736129045486450195e-01 5.020887851715087891e-01 0.000000000000000000e+00 1.000000000000000000e+00
3.393630676269531250e+02 1.449720153808593750e+02 2.423666534423828125e+02 -7.005825042724609375e-01 -5.180256366729736328e-01 4.907478392124176025e-01 0.000000000000000000e+00 1.000000000000000000e+00
3.398282470703125000e+02 1.453159790039062500e+02 2.420408020019531250e+02 -6.731869578361511230e-01 -5.678946375846862793e-01 4.736189246177673340e-01 0.000000000000000000e+00 1.000000000000000000e+00
3.402730102539062500e+02 1.456911773681640625e+02 2.417278900146484375e+02 -6.419429779052734375e-01 -6.198380589485168457e-01 4.513424038887023926e-01 0.000000000000000000e+00 1.000000000000000000e+00
3.406979675292968750e+02 1.461015014648437500e+02 2.414291076660156250e+02 -6.075696349143981934e-01 -6.710228323936462402e-01 4.249559938907623291e-01 0.000000000000000000e+00 1.000000000000000000e+00
3.411036987304687500e+02 1.465496063232421875e+02 2.411453247070312500e+02 -5.710445046424865723e-01 -7.189420461654663086e-01 3.962708115577697754e-01 0.000000000000000000e+00 1.000000000000000000e+00
3.414904785156250000e+02 1.470365600585937500e+02 2.408769226074218750e+02 -5.334296822547912598e-01 -7.625444531440734863e-01 3.660310804843902588e-01 0.000000000000000000e+00 1.000000000000000000e+00
3.418587036132812500e+02 1.475629425048828125e+02 2.406242523193359375e+02 -4.950757324695587158e-01 -8.015120625495910645e-01 3.353780508041381836e-01 0.000000000000000000e+00 1.000000000000000000e+00
3.422084655761718750e+02 1.481291961669921875e+02 2.403873138427734375e+02 -4.567680656909942627e-01 -8.359002470970153809e-01 3.043577373027801514e-01 0.000000000000000000e+00 1.000000000000000000e+00
3.425397338867187500e+02 1.487354278564453125e+02 2.401665802001953125e+02 -4.184369146823883057e-01 -8.662180304527282715e-01 2.730877101421356201e-01 0.000000000000000000e+00 1.000000000000000000e+00
3.428515319824218750e+02 1.493808898925781250e+02 2.399630889892578125e+02 -3.804330825805664062e-01 -8.928650021553039551e-01 2.409622669219970703e-01 0.000000000000000000e+00 1.000000000000000000e+00
3.431420898437500000e+02 1.500628204345703125e+02 2.397790527343750000e+02 3.427571356296539307e-01 9.163014292716979980e-01 -2.071453779935836792e-01 0.000000000000000000e+00 1.000000000000000000e+00
3.434086608886718750e+02 1.507754516601562500e+02 2.396179504394531250e+02 3.046687841415405273e-01 9.370920062065124512e-01 -1.703980565071105957e-01 0.000000000000000000e+00 1.000000000000000000e+00
3.436474914550781250e+02 1.515100402832031250e+02 2.394843750000000000e+02 2.654106914997100830e-01 9.554042816162109375e-01 -1.294605284929275513e-01 0.000000000000000000e+00 1.000000000000000000e+00
3.438546752929687500e+02 1.522558441162109375e+02 2.393833160400390625e+02 2.243447601795196533e-01 9.709294438362121582e-01 -8.345910906791687012e-02 0.000000000000000000e+00 1.000000000000000000e+00
3.440270690917968750e+02 1.530019378662109375e+02 2.393191833496093750e+02 1.804970204830169678e-01 9.830677509307861328e-01 -3.160224109888076782e-02 0.000000000000000000e+00 1.000000000000000000e+00
3.441624145507812500e+02 1.537390899658203125e+02 2.392954864501953125e+02 1.337032914161682129e-01 9.906998872756958008e-01 2.523969300091266632e-02 0.000000000000000000e+00 1.000000000000000000e+00
3.442597351074218750e+02 1.544602050781250000e+02 2.393138580322265625e+02 8.456283062696456909e-02 9.927157163619995117e-01 8.581721782684326172e-02 0.000000000000000000e+00 1.000000000000000000e+00
3.443193969726562500e+02 1.551605987548828125e+02 2.393744049072265625e+02 3.319688141345977783e-02 9.883758425712585449e-01 1.483611017465591431e-01 0.000000000000000000e+00 1.000000000000000000e+00
3.443421325683593750e+02 1.558375091552734375e+02 2.394760131835937500e+02 -1.986425928771495819e-02 9.773443937301635742e-01 2.107209712266921997e-01 0.000000000000000000e+00 1.000000000000000000e+00
3.443288574218750000e+02 1.564906616210937500e+02 2.396168365478515625e+02 -7.301888614892959595e-02 9.599549770355224609e-01 2.704712450504302979e-01 0.000000000000000000e+00 1.000000000000000000e+00
3.442807922363281250e+02 1.571225585937500000e+02 2.397948760986328125e+02 -1.234991103410720825e-01 9.378736019134521484e-01 3.242548108100891113e-01 0.000000000000000000e+00 1.000000000000000000e+00
3.441996154785156250e+02 1.577390289306640625e+02 2.400080108642578125e+02 -1.681594103574752808e-01 9.140432476997375488e-01 3.691169917583465576e-01 0.000000000000000000e+00 1.000000000000000000e+00
3.440875854492187500e+02 1.583479766845703125e+02 2.402539215087890625e+02 -2.034592926502227783e-01 8.924322724342346191e-01 4.027021527290344238e-01 0.000000000000000000e+00 1.000000000000000000e+00
3.439484252929687500e+02 1.589583740234375000e+02 2.405293579101562500e+02 -2.282687872648239136e-01 8.762596845626831055e-01 4.243375360965728760e-01 0.000000000000000000e+00 1.000000000000000000e+00
3.437869262695312500e+02 1.595783233642578125e+02 2.408295745849609375e+02 -2.436085939407348633e-01 8.666427731513977051e-01 4.354139268398284912e-01 0.000000000000000000e+00 1.000000000000000000e+00
3.436083984375000000e+02 1.602134399414062500e+02 2.411486663818359375e+02 -2.519011497497558594e-01 8.632954359054565430e-01 4.373407065868377686e-01 0.000000000000000000e+00 1.000000000000000000e+00
3.434176635742187500e+02 1.608671112060546875e+02 2.414798126220703125e+02 -2.559721767902374268e-01 8.648359775543212891e-01 4.318992197513580322e-01 0.000000000000000000e+00 1.000000000000000000e+00
3.432181396484375000e+02 1.615412292480468750e+02 2.418164672851562500e+02 -2.578763663768768311e-01 8.696932196617126465e-01 4.208722710609436035e-01 0.000000000000000000e+00 1.000000000000000000e+00
3.430120239257812500e+02 1.622363586425781250e+02 2.421528625488281250e+02 -2.588818669319152832e-01 8.764984011650085449e-01 4.058703184127807617e-01 0.000000000000000000e+00 1.000000000000000000e+00
3.428004150390625000e+02 1.629528045654296875e+02 2.424846191406250000e+02 -2.592826485633850098e-01 8.842161297798156738e-01 3.885028362274169922e-01 0.000000000000000000e+00 1.000000000000000000e+00
3.425843505859375000e+02 1.636896362304687500e+02 2.428083648681640625e+02 -2.590112090110778809e-01 8.919932842254638672e-01 3.704878091812133789e-01 0.000000000000000000e+00 1.000000000000000000e+00
3.423653564453125000e+02 1.644438171386718750e+02 2.431216125488281250e+02 -2.584210634231567383e-01 8.990428447723388672e-01 3.534693717956542969e-01 0.000000000000000000e+00 1.000000000000000000e+00
3.421453552246093750e+02 1.652091979980468750e+02 2.434225311279296875e+02 -2.586001157760620117e-01 9.045600891113281250e-01 3.389646410942077637e-01 0.000000000000000000e+00 1.000000000000000000e+00
3.419262695312500000e+02 1.659755401611328125e+02 2.437097015380859375e+02 -2.609625160694122314e-01 9.077835679054260254e-01 3.283711075782775879e-01 0.000000000000000000e+00 1.000000000000000000e+00
3.417095336914062500e+02 1.667294769287109375e+02 2.439824218750000000e+02 -2.663159668445587158e-01 9.082638025283813477e-01 3.226959705352783203e-01 0.000000000000000000e+00 1.000000000000000000e+00
3.414959716796875000e+02 1.674578247070312500e+02 2.442411956787109375e+02 -2.750283777713775635e-01 9.058866500854492188e-01 3.220695555210113525e-01 0.000000000000000000e+00 1.000000000000000000e+00
3.412855224609375000e+02 1.681510009765625000e+02 2.444876403808593750e+02 -2.858660519123077393e-01 9.014678001403808594e-01 3.250174522399902344e-01 0.000000000000000000e+00 1.000000000000000000e+00
3.410775146484375000e+02 1.688069458007812500e+02 2.447241363525390625e+02 -2.977963089942932129e-01 8.961459398269653320e-01 3.289981782436370850e-01 0.000000000000000000e+00 1.000000000000000000e+00
3.408698425292968750e+02 1.694318847656250000e+02 2.449535675048828125e+02 -3.087634444236755371e-01 8.917215466499328613e-01 3.309045135974884033e-01 0.000000000000000000e+00 1.000000000000000000e+00
3.406598205566406250e+02 1.700384368896484375e+02 2.451786499023437500e+02 -3.187041282653808594e-01 8.889254927635192871e-01 3.289972543716430664e-01 0.000000000000000000e+00 1.000000000000000000e+00
3.404439086914062500e+02 1.706406555175781250e+02 2.454015350341796875e+02 -3.286072909832000732e-01 8.870883584022521973e-01 3.241780996322631836e-01 0.000000000000000000e+00 1.000000000000000000e+00
3.402186279296875000e+02 1.712488098144531250e+02 2.456237792968750000e+02 -3.395190834999084473e-01 8.848875164985656738e-01 3.189057409763336182e-01 0.000000000000000000e+00 1.000000000000000000e+00
3.399816284179687500e+02 1.718665008544921875e+02 2.458463897705078125e+02 -3.519466221332550049e-01 8.811596632003784180e-01 3.157390058040618896e-01 0.000000000000000000e+00 1.000000000000000000e+00
3.397324523925781250e+02 1.724903564453125000e+02 2.460699310302734375e+02 -3.667769730091094971e-01 8.750397562980651855e-01 3.158798515796661377e-01 0.000000000000000000e+00 1.000000000000000000e+00
3.394717407226562500e+02 1.731123504638671875e+02 2.462944641113281250e+02 -3.834640383720397949e-01 8.666676282882690430e-01 3.191277682781219482e-01 0.000000000000000000e+00 1.000000000000000000e+00
3.392013549804687500e+02 1.737234497070312500e+02 2.465194854736328125e+02 -4.016360938549041748e-01 8.565958738327026367e-01 3.239320814609527588e-01 0.000000000000000000e+00 1.000000000000000000e+00
3.389233398437500000e+02 1.743163909912109375e+02 2.467437133789062500e+02 -4.205396771430969238e-01 8.457113504409790039e-01 3.285098969936370850e-01 0.000000000000000000e+00 1.000000000000000000e+00
3.386393432617187500e+02 1.748875122070312500e+02 2.469655609130859375e+02 -4.388134181499481201e-01 8.352912664413452148e-01 3.312570154666900635e-01 0.000000000000000000e+00 1.000000000000000000e+00
3.383508605957031250e+02 1.754366455078125000e+02 2.471833343505859375e+02 -4.547402262687683105e-01 8.266100883483886719e-01 3.315526545047760010e-01 0.000000000000000000e+00 1.000000000000000000e+00
3.380591430664062500e+02 1.759669189453125000e+02 2.473960266113281250e+02 -4.673299193382263184e-01 8.204688429832458496e-01 3.292926251888275146e-01 0.000000000000000000e+00 1.000000000000000000e+00
3.377648925781250000e+02 1.764835205078125000e+02 2.476033630371093750e+02 -4.755644202232360840e-01 8.173885941505432129e-01 3.251372873783111572e-01 0.000000000000000000e+00 1.000000000000000000e+00
3.374687500000000000e+02 1.769925231933593750e+02 2.478058319091796875e+02 -4.796598255634307861e-01 8.174346089363098145e-01 3.189467787742614746e-01 0.000000000000000000e+00 1.000000000000000000e+00
3.371705932617187500e+02 1.775006408691406250e+02 2.480040893554687500e+02 -4.799599051475524902e-01 8.206734061241149902e-01 3.100543916225433350e-01 0.000000000000000000e+00 1.000000000000000000e+00
3.368703308105468750e+02 1.780140533447265625e+02 2.481980590820312500e+02 -4.783460199832916260e-01 8.262012004852294922e-01 2.976182699203491211e-01 0.000000000000000000e+00 1.000000000000000000e+00
3.365671081542968750e+02 1.785377807617187500e+02 2.483867187500000000e+02 -4.766507148742675781e-01 8.330032229423522949e-01 2.809088230133056641e-01 0.000000000000000000e+00 1.000000000000000000e+00
3.362596740722656250e+02 1.790750579833984375e+02 2.485679016113281250e+02 -4.759142100811004639e-01 8.400290012359619141e-01 2.604935467243194580e-01 0.000000000000000000e+00 1.000000000000000000e+00
3.359471130371093750e+02 1.796267547607421875e+02 2.487389831542968750e+02 -4.776678383350372314e-01 8.457691669464111328e-01 2.377140223979949951e-01 0.000000000000000000e+00 1.000000000000000000e+00
3.356282043457031250e+02 1.801914215087890625e+02 2.488976898193359375e+02 -4.820483624935150146e-01 8.495103120803833008e-01 2.143866866827011108e-01 0.000000000000000000e+00 1.000000000000000000e+00
3.353023681640625000e+02 1.807656402587890625e+02 2.490426025390625000e+02 -4.882180690765380859e-01 8.513588309288024902e-01 1.919151097536087036e-01 0.000000000000000000e+00 1.000000000000000000e+00
3.349696655273437500e+02 1.813458099365234375e+02 2.491733856201171875e+02 -4.947640895843505859e-01 8.521976470947265625e-01 1.701990216970443726e-01 0.000000000000000000e+00 1.000000000000000000e+00
3.346306457519531250e+02 1.819297485351562500e+02 2.492900085449218750e+02 -4.999288618564605713e-01 8.532305359840393066e-01 1.485556066036224365e-01 0.000000000000000000e+00 1.000000000000000000e+00
3.342864990234375000e+02 1.825171051025390625e+02 2.493922729492187500e+02 -5.022011995315551758e-01 8.555914163589477539e-01 1.255282312631607056e-01 0.000000000000000000e+00 1.000000000000000000e+00
3.339392700195312500e+02 1.831086730957031250e+02 2.494790649414062500e+02 -5.010480880737304688e-01 8.595990538597106934e-01 1.002008244395256042e-01 0.000000000000000000e+00 1.000000000000000000e+00
3.335914916992187500e+02 1.837053222656250000e+02 2.495486145019531250e+02 -4.971631169319152832e-01 8.646162748336791992e-01 7.257791608572006226e-02 0.000000000000000000e+00 1.000000000000000000e+00
3.332457275390625000e+02 1.843066406250000000e+02 2.495990905761718750e+02 -4.911140799522399902e-01 8.699979782104492188e-01 4.370976611971855164e-02 0.000000000000000000e+00 1.000000000000000000e+00
3.329047241210937500e+02 1.849107208251953125e+02 2.496294403076171875e+02 -4.841763973236083984e-01 8.748342990875244141e-01 1.543552428483963013e-02 0.000000000000000000e+00 1.000000000000000000e+00
3.325701599121093750e+02 1.855152282714843750e+02 2.496401062011718750e+02 -4.780158400535583496e-01 8.782947063446044922e-01 -9.972544386982917786e-03 0.000000000000000000e+00 1.000000000000000000e+00
3.322417602539062500e+02 1.861186218261718750e+02 2.496332550048828125e+02 -4.727104008197784424e-01 8.807172179222106934e-01 -2.970036678016185760e-02 0.000000000000000000e+00 1.000000000000000000e+00
3.319180297851562500e+02 1.867217712402343750e+02 2.496129150390625000e+02 -4.682717621326446533e-01 8.825874328613281250e-01 -4.196334257721900940e-02 0.000000000000000000e+00 1.000000000000000000e+00
3.315968933105468750e+02 1.873270416259765625e+02 2.495841369628906250e+02 -4.641208946704864502e-01 8.846074342727661133e-01 -4.540361091494560242e-02 0.000000000000000000e+00 1.000000000000000000e+00
3.312766723632812500e+02 1.879373779296875000e+02 2.495528106689453125e+02 -4.595727622509002686e-01 8.872392773628234863e-01 -3.999238461256027222e-02 0.000000000000000000e+00 1.000000000000000000e+00
3.309566650390625000e+02 1.885551757812500000e+02 2.495249633789062500e+02 -4.539998769760131836e-01 8.906233310699462891e-01 -2.596702240407466888e-02 0.000000000000000000e+00 1.000000000000000000e+00
3.306373291015625000e+02 1.891816253662109375e+02 2.495066986083984375e+02 -4.472003579139709473e-01 8.944221735000610352e-01 -4.553187638521194458e-03 0.000000000000000000e+00 1.000000000000000000e+00
3.303196105957031250e+02 1.898170776367187500e+02 2.495034637451171875e+02 -4.397300481796264648e-01 8.978282809257507324e-01 2.327907644212245941e-02 0.000000000000000000e+00 1.000000000000000000e+00
3.300039978027343750e+02 1.904614868164062500e+02 2.495201721191406250e+02 -4.322067499160766602e-01 9.000486135482788086e-01 5.576657876372337341e-02 0.000000000000000000e+00 1.000000000000000000e+00
3.296904907226562500e+02 1.911143493652343750e+02 2.495606231689453125e+02 -4.249535799026489258e-01 9.006108641624450684e-01 9.118343889713287354e-02 0.000000000000000000e+00 1.000000000000000000e+00
3.293790893554687500e+02 1.917743072509765625e+02 2.496274414062500000e+02 -4.181652069091796875e-01 8.994103074073791504e-01 1.272748559713363647e-01 0.000000000000000000e+00 1.000000000000000000e+00
3.290700683593750000e+02 1.924389648437500000e+02 2.497214965820312500e+02 -4.115130007266998291e-01 8.968102931976318359e-01 1.624447554349899292e-01 0.000000000000000000e+00 1.000000000000000000e+00
3.287648925781250000e+02 1.931040344238281250e+02 2.498419647216796875e+02 -4.042786359786987305e-01 8.934850692749023438e-01 1.955588012933731079e-01 0.000000000000000000e+00 1.000000000000000000e+00
3.284658508300781250e+02 1.937649383544921875e+02 2.499866180419921875e+02 -3.961968421936035156e-01 8.898934721946716309e-01 2.260921746492385864e-01 0.000000000000000000e+00 1.000000000000000000e+00
3.281751708984375000e+02 1.944178314208984375e+02 2.501524963378906250e+02 -3.870667517185211182e-01 8.864316940307617188e-01 2.538073658943176270e-01 0.000000000000000000e+00 1.000000000000000000e+00
3.278945312500000000e+02 1.950605316162109375e+02 2.503365173339843750e+02 -3.768565654754638672e-01 8.832243084907531738e-01 2.790946364402770996e-01 0.000000000000000000e+00 1.000000000000000000e+00
3.276246643066406250e+02 1.956930084228515625e+02 2.505363769531250000e+02 -3.666233718395233154e-01 8.798831701278686523e-01 3.023125231266021729e-01 0.000000000000000000e+00 1.000000000000000000e+00
3.273647460937500000e+02 1.963168029785156250e+02 2.507507019042968750e+02 -3.571282625198364258e-01 8.762040138244628906e-01 3.236137032508850098e-01 0.000000000000000000e+00 1.000000000000000000e+00
3.271128845214843750e+02 1.969347381591796875e+02 2.509789276123046875e+02 -3.491573333740234375e-01 8.720934391021728516e-01 3.428443968296051025e-01 0.000000000000000000e+00 1.000000000000000000e+00
3.268664550781250000e+02 1.975502471923828125e+02 2.512209014892578125e+02 -3.432015478610992432e-01 8.675802350044250488e-01 3.598849773406982422e-01 0.000000000000000000e+00 1.000000000000000000e+00
3.266225585937500000e+02 1.981667938232421875e+02 2.514766540527343750e+02 -3.395960032939910889e-01 8.628657460212707520e-01 3.743490874767303467e-01 0.000000000000000000e+00 1.000000000000000000e+00
3.263783264160156250e+02 1.987873535156250000e+02 2.517458801269531250e+02 -3.382821381092071533e-01 8.583596348762512207e-01 3.857251703739166260e-01 0.000000000000000000e+00 1.000000000000000000e+00
3.261311340332031250e+02 1.994145812988281250e+02 2.520277404785156250e+02 -3.398162722587585449e-01 8.538683652877807617e-01 3.942508697509765625e-01 0.000000000000000000e+00 1.000000000000000000e+00
3.258783264160156250e+02 2.000498199462890625e+02 2.523210449218750000e+02 -3.438031375408172607e-01 8.495299816131591797e-01 4.001226723194122314e-01 0.000000000000000000e+00 1.000000000000000000e+00
3.256180725097656250e+02 2.006929016113281250e+02 2.526239318847656250e+02 -3.515577316284179688e-01 8.449532985687255859e-01 4.030647277832031250e-01 0.000000000000000000e+00 1.000000000000000000e+00
3.253478088378906250e+02 2.013424682617187500e+02 2.529337921142578125e+02 -3.643532991409301758e-01 8.400378823280334473e-01 4.019739627838134766e-01 0.000000000000000000e+00 1.000000000000000000e+00
3.250645141601562500e+02 2.019956207275390625e+02 2.532463378906250000e+02 -3.836930394172668457e-01 8.343188166618347168e-01 3.958431184291839600e-01 0.000000000000000000e+00 1.000000000000000000e+00
3.247643127441406250e+02 2.026483917236328125e+02 2.535560455322265625e+02 -4.108114242553710938e-01 8.274887800216674805e-01 3.827483952045440674e-01 0.000000000000000000e+00 1.000000000000000000e+00
3.244426574707031250e+02 2.032962951660156250e+02 2.538557281494140625e+02 -4.460433125495910645e-01 8.192080855369567871e-01 3.604766130447387695e-01 0.000000000000000000e+00 1.000000000000000000e+00
3.240950622558593750e+02 2.039346923828125000e+02 2.541366424560546875e+02 -4.882177412509918213e-01 8.090075850486755371e-01 3.273381590843200684e-01 0.000000000000000000e+00 1.000000000000000000e+00
3.237185058593750000e+02 2.045586700439453125e+02 2.543891143798828125e+02 -5.345433950424194336e-01 7.964700460433959961e-01 2.826637625694274902e-01 0.000000000000000000e+00 1.000000000000000000e+00
3.233125915527343750e+02 2.051634826660156250e+02 2.546037597656250000e+02 -5.814058184623718262e-01 7.813293933868408203e-01 2.269175797700881958e-01 0.000000000000000000e+00 1.000000000000000000e+00
3.228797607421875000e+02 2.057451477050781250e+02 2.547726898193359375e+02 -6.251205205917358398e-01 7.633284926414489746e-01 1.629537642002105713e-01 0.000000000000000000e+00 1.000000000000000000e+00
3.224245300292968750e+02 2.063010253906250000e+02 2.548913574218750000e+02 -6.625230312347412109e-01 7.430180311203002930e-01 9.480195492506027222e-02 0.000000000000000000e+00 1.000000000000000000e+00
3.219518127441406250e+02 2.068311767578125000e+02 2.549589996337890625e+02 -6.910473108291625977e-01 7.222238183021545410e-01 2.909375913441181183e-02 0.000000000000000000e+00 1.000000000000000000e+00
3.214657897949218750e+02 2.073391265869140625e+02 2.549794616699218750e+02 -7.093478441238403320e-01 7.042904496192932129e-01 -2.829543687403202057e-02 0.000000000000000000e+00 1.000000000000000000e+00
3.209692687988281250e+02 2.078321075439453125e+02 2.549596557617187500e+02 -7.168944478034973145e-01 6.931902766227722168e-01 -7.449577748775482178e-02 0.000000000000000000e+00 1.000000000000000000e+00
3.204648742675781250e+02 2.083198242187500000e+02 2.549072418212890625e+02 -7.126857042312622070e-01 6.924939155578613281e-01 -1.119432970881462097e-01 0.000000000000000000e+00 1.000000000000000000e+00
3.199570007324218750e+02 2.088133087158203125e+02 2.548274688720703125e+02 -6.953861117362976074e-01 7.038464546203613281e-01 -1.450457423925399780e-01 0.000000000000000000e+00 1.000000000000000000e+00
3.194528198242187500e+02 2.093236236572265625e+02 2.547223052978515625e+02 -6.629866957664489746e-01 7.271985411643981934e-01 -1.778508424758911133e-01 0.000000000000000000e+00 1.000000000000000000e+00
3.189622192382812500e+02 2.098617401123046875e+02 2.545906982421875000e+02 -6.149589419364929199e-01 7.601984143257141113e-01 -2.095801681280136108e-01 0.000000000000000000e+00 1.000000000000000000e+00
3.184958190917968750e+02 2.104382934570312500e+02 2.544317474365234375e+02 -5.542528033256530762e-01 7.983058094978332520e-01 -2.356091290712356567e-01 0.000000000000000000e+00 1.000000000000000000e+00
3.180621337890625000e+02 2.110629425048828125e+02 2.542473907470703125e+02 -4.884464144706726074e-01 8.360518813133239746e-01 -2.498748749494552612e-01 0.000000000000000000e+00 1.000000000000000000e+00
3.176651916503906250e+02 2.117423706054687500e+02 2.540443267822265625e+02 -4.273201227188110352e-01 8.690080642700195312e-01 -2.494443356990814209e-01 0.000000000000000000e+00 1.000000000000000000e+00
3.173034973144531250e+02 2.124779205322265625e+02 2.538331909179687500e+02 -3.783280551433563232e-01 8.949722647666931152e-01 -2.364159524440765381e-01 0.000000000000000000e+00 1.000000000000000000e+00
3.169711914062500000e+02 2.132640228271484375e+02 2.536255340576171875e+02 -3.456616699695587158e-01 9.130271077156066895e-01 -2.165627926588058472e-01 0.000000000000000000e+00 1.000000000000000000e+00
3.166593017578125000e+02 2.140878448486328125e+02 2.534301300048828125e+02 -3.286641240119934082e-01 9.239774346351623535e-01 -1.955650001764297485e-01 0.000000000000000000e+00 1.000000000000000000e+00
3.163590393066406250e+02 2.149319763183593750e+02 2.532514648437500000e+02 -3.247039020061492920e-01 9.291955232620239258e-01 -1.765307188034057617e-01 0.000000000000000000e+00 1.000000000000000000e+00
3.160634155273437500e+02 2.157779541015625000e+02 2.530907440185546875e+02 -3.308902978897094727e-01 9.300146698951721191e-01 -1.599507778882980347e-01 0.000000000000000000e+00 1.000000000000000000e+00
3.157675170898437500e+02 2.166096191406250000e+02 2.529477081298828125e+02 -3.442068099975585938e-01 9.278358221054077148e-01 -1.436744332313537598e-01 0.000000000000000000e+00 1.000000000000000000e+00
3.154687805175781250e+02 2.174148864746093750e+02 2.528230133056640625e+02 -3.619082868099212646e-01 9.237877130508422852e-01 -1.250551044940948486e-01 0.000000000000000000e+00 1.000000000000000000e+00
3.151667785644531250e+02 2.181857604980468750e+02 2.527186584472656250e+02 -3.827805221080780029e-01 9.181334376335144043e-01 -1.025188714265823364e-01 0.000000000000000000e+00 1.000000000000000000e+00
3.148616333007812500e+02 2.189176788330078125e+02 2.526369323730468750e+02 -4.055055677890777588e-01 9.108993411064147949e-01 -7.633897662162780762e-02 0.000000000000000000e+00 1.000000000000000000e+00
3.145539550781250000e+02 2.196088256835937500e+02 2.525790100097656250e+02 -4.289211034774780273e-01 9.020070433616638184e-01 -4.909083247184753418e-02 0.000000000000000000e+00 1.000000000000000000e+00
3.142443847656250000e+02 2.202598419189453125e+02 2.525435791015625000e+02 -4.520576596260070801e-01 8.916603326797485352e-01 -2.420075237751007080e-02 0.000000000000000000e+00 1.000000000000000000e+00
3.139331359863281250e+02 2.208737640380859375e+02 2.525269165039062500e+02 -4.738960862159729004e-01 8.805707693099975586e-01 -4.199896939098834991e-03 0.000000000000000000e+00 1.000000000000000000e+00
3.136197814941406250e+02 2.214560241699218750e+02 2.525241394042968750e+02 -4.942073523998260498e-01 8.692890405654907227e-01 9.780393913388252258e-03 0.000000000000000000e+00 1.000000000000000000e+00
3.133028869628906250e+02 2.220134277343750000e+02 2.525304107666015625e+02 -5.135625600814819336e-01 8.578613996505737305e-01 1.809036172926425934e-02 0.000000000000000000e+00 1.000000000000000000e+00
3.129797363281250000e+02 2.225532226562500000e+02 2.525417938232421875e+02 -5.342102050781250000e-01 8.450682759284973145e-01 2.188866212964057922e-02 0.000000000000000000e+00 1.000000000000000000e+00
3.126456909179687500e+02 2.230816497802734375e+02 2.525554809570312500e+02 -5.576006770133972168e-01 8.298258781433105469e-01 2.169067226350307465e-02 0.000000000000000000e+00 1.000000000000000000e+00
3.122950134277343750e+02 2.236035308837890625e+02 2.525691223144531250e+02 -5.849861502647399902e-01 8.108179569244384766e-01 1.911766082048416138e-02 0.000000000000000000e+00 1.000000000000000000e+00
3.119210205078125000e+02 2.241219024658203125e+02 2.525813446044921875e+02 -6.158232092857360840e-01 7.877393364906311035e-01 1.511837076395750046e-02 0.000000000000000000e+00 1.000000000000000000e+00
3.115176391601562500e+02 2.246378936767578125e+02 2.525912475585937500e+02 -6.487939953804016113e-01 7.608929872512817383e-01 1.040676608681678772e-02 0.000000000000000000e+00 1.000000000000000000e+00
3.110800476074218750e+02 2.251510925292968750e+02 2.525982666015625000e+02 -6.812147498130798340e-01 7.320654392242431641e-01 5.159719847142696381e-03 0.000000000000000000e+00 1.000000000000000000e+00
3.106066284179687500e+02 2.256598510742187500e+02 2.526018524169921875e+02 -7.110176682472229004e-01 7.031725645065307617e-01 -1.517715514637529850e-03 0.000000000000000000e+00 1.000000000000000000e+00
3.100990905761718750e+02 2.261617889404296875e+02 2.526007690429687500e+02 -7.365011572837829590e-01 6.763409972190856934e-01 -1.135334465652704239e-02 0.000000000000000000e+00 1.000000000000000000e+00
3.095625915527343750e+02 2.266544647216796875e+02 2.525924987792968750e+02 -7.569020390510559082e-01 6.530017256736755371e-01 -2.622845955193042755e-02 0.000000000000000000e+00 1.000000000000000000e+00
3.090042419433593750e+02 2.271361694335937500e+02 2.525731506347656250e+02 -7.715153098106384277e-01 6.344590187072753906e-01 -4.718062281608581543e-02 0.000000000000000000e+00 1.000000000000000000e+00
3.084320983886718750e+02 2.276066741943359375e+02 2.525381622314453125e+02 -7.802727818489074707e-01 6.210830211639404297e-01 -7.369060069322586060e-02 0.000000000000000000e+00 1.000000000000000000e+00
3.078533630371093750e+02 2.280673370361328125e+02 2.524835052490234375e+02 -7.833315134048461914e-01 6.129863858222961426e-01 -1.031481400132179260e-01 0.000000000000000000e+00 1.000000000000000000e+00
3.072742004394531250e+02 2.285205535888671875e+02 2.524072418212890625e+02 -7.809464931488037109e-01 6.102764606475830078e-01 -1.329853087663650513e-01 0.000000000000000000e+00 1.000000000000000000e+00
3.066996459960937500e+02 2.289695434570312500e+02 2.523094024658203125e+02 -7.732176780700683594e-01 6.132869124412536621e-01 -1.612869650125503540e-01 0.000000000000000000e+00 1.000000000000000000e+00
3.061341857910156250e+02 2.294180450439453125e+02 2.521914520263671875e+02 -7.595959901809692383e-01 6.225472092628479004e-01 -1.882789880037307739e-01 0.000000000000000000e+00 1.000000000000000000e+00
3.055832824707031250e+02 2.298695526123046875e+02 2.520549011230468750e+02 -7.392557263374328613e-01 6.380901336669921875e-01 -2.152721434831619263e-01 0.000000000000000000e+00 1.000000000000000000e+00
3.050533142089843750e+02 2.303269958496093750e+02 2.519005737304687500e+02 -7.111095786094665527e-01 6.592416167259216309e-01 -2.443844825029373169e-01 0.000000000000000000e+00 1.000000000000000000e+00
3.045512390136718750e+02 2.307924499511718750e+02 2.517280273437500000e+02 -6.749940514564514160e-01 6.841120123863220215e-01 -2.763581871986389160e-01 0.000000000000000000e+00 1.000000000000000000e+00
3.040835876464843750e+02 2.312664184570312500e+02 2.515365600585937500e+02 -6.324944496154785156e-01 7.097073793411254883e-01 -3.102679848670959473e-01 0.000000000000000000e+00 1.000000000000000000e+00
3.036542358398437500e+02 2.317481842041015625e+02 2.513259429931640625e+02 -5.868702530860900879e-01 7.331637740135192871e-01 -3.435902893543243408e-01 0.000000000000000000e+00 1.000000000000000000e+00
3.032635803222656250e+02 2.322362213134765625e+02 2.510972290039062500e+02 -5.433818697929382324e-01 7.520433068275451660e-01 -3.730507791042327881e-01 0.000000000000000000e+00 1.000000000000000000e+00
3.029077453613281250e+02 2.327286987304687500e+02 2.508529357910156250e+02 -5.066874623298645020e-01 7.655468583106994629e-01 -3.964918851852416992e-01 0.000000000000000000e+00 1.000000000000000000e+00
3.025797424316406250e+02 2.332242736816406250e+02 2.505962677001953125e+02 -4.800783693790435791e-01 7.740640044212341309e-01 -4.127343893051147461e-01 0.000000000000000000e+00 1.000000000000000000e+00
3.022713623046875000e+02 2.337214965820312500e+02 2.503311462402343750e+02 -4.646629989147186279e-01 7.782639265060424805e-01 -4.223665595054626465e-01 0.000000000000000000e+00 1.000000000000000000e+00
3.019748229980468750e+02 2.342181701660156250e+02 2.500615997314453125e+02 -4.602301716804504395e-01 7.787343263626098633e-01 -4.263344407081604004e-01 0.000000000000000000e+00 1.000000000000000000e+00
3.016833190917968750e+02 2.347114105224609375e+02 2.497915649414062500e+02 -4.657342135906219482e-01 7.754282355308532715e-01 -4.263832569122314453e-01 0.000000000000000000e+00 1.000000000000000000e+00
3.013914794921875000e+02 2.351973114013671875e+02 2.495243835449218750e+02 -4.803724288940429688e-01 7.681078314781188965e-01 -4.233824312686920166e-01 0.000000000000000000e+00 1.000000000000000000e+00
3.010941162109375000e+02 2.356727905273437500e+02 2.492622985839843750e+02 -5.038293600082397461e-01 7.559184432029724121e-01 -4.180229604244232178e-01 0.000000000000000000e+00 1.000000000000000000e+00
3.007854614257812500e+02 2.361358795166015625e+02 2.490062103271484375e+02 -5.351672172546386719e-01 7.386047840118408203e-01 -4.099498987197875977e-01 0.000000000000000000e+00 1.000000000000000000e+00
3.004588012695312500e+02 2.365867156982421875e+02 2.487559814453125000e+02 -5.725447535514831543e-01 7.163019776344299316e-01 -3.988784849643707275e-01 0.000000000000000000e+00 1.000000000000000000e+00
3.001071166992187500e+02 2.370267028808593750e+02 2.485109710693359375e+02 -6.137561798095703125e-01 6.897861957550048828e-01 -3.840552568435668945e-01 0.000000000000000000e+00 1.000000000000000000e+00
2.997234191894531250e+02 2.374579315185546875e+02 2.482708740234375000e+02 -6.565163135528564453e-01 6.599143743515014648e-01 -3.653755187988281250e-01 0.000000000000000000e+00 1.000000000000000000e+00
2.993018493652343750e+02 2.378816833496093750e+02 2.480362548828125000e+02 -6.990447640419006348e-01 6.276503205299377441e-01 -3.426243662834167480e-01 0.000000000000000000e+00 1.000000000000000000e+00
2.988379516601562500e+02 2.382982025146484375e+02 2.478088836669921875e+02 -7.406718134880065918e-01 5.929850339889526367e-01 -3.158701658248901367e-01 0.000000000000000000e+00 1.000000000000000000e+00
2.983279113769531250e+02 2.387065429687500000e+02 2.475913696289062500e+02 -7.810475826263427734e-01 5.554675459861755371e-01 -2.853426039218902588e-01 0.000000000000000000e+00 1.000000000000000000e+00
2.977687377929687500e+02 2.391042175292968750e+02 2.473870849609375000e+02 -8.199927210807800293e-01 5.144413709640502930e-01 -2.509220242500305176e-01 0.000000000000000000e+00 1.000000000000000000e+00
2.971578979492187500e+02 2.394874420166015625e+02 2.472001647949218750e+02 -8.574186563491821289e-01 4.687537252902984619e-01 -2.123751044273376465e-01 0.000000000000000000e+00 1.000000000000000000e+00
2.964936828613281250e+02 2.398505706787109375e+02 2.470356445312500000e+02 -8.929235339164733887e-01 4.171479642391204834e-01 -1.693371087312698364e-01 0.000000000000000000e+00 1.000000000000000000e+00
2.957755737304687500e+02 2.401860504150390625e+02 2.468994598388671875e+02 -9.253752231597900391e-01 3.589101433753967285e-01 -1.219188719987869263e-01 0.000000000000000000e+00 1.000000000000000000e+00
2.950042419433593750e+02 2.404852142333984375e+02 2.467978363037109375e+02 -9.528346657752990723e-01 2.949208021163940430e-01 -7.160846889019012451e-02 0.000000000000000000e+00 1.000000000000000000e+00
2.941819458007812500e+02 2.407397308349609375e+02 2.467360382080078125e+02 -9.734708070755004883e-01 2.278713583946228027e-01 -2.071868069469928741e-02 0.000000000000000000e+00 1.000000000000000000e+00
2.933115844726562500e+02 2.409434661865234375e+02 2.467175140380859375e+02 -9.862848520278930664e-01 1.629045903682708740e-01 2.653887867927551270e-02 0.000000000000000000e+00 1.000000000000000000e+00
2.923974609375000000e+02 2.410944519042968750e+02 2.467421112060546875e+02 -9.920548200607299805e-01 1.064483597874641418e-01 6.705307960510253906e-02 0.000000000000000000e+00 1.000000000000000000e+00
2.914456787109375000e+02 2.411965789794921875e+02 2.468064422607421875e+02 -9.929849505424499512e-01 6.339155882596969604e-02 9.981193393468856812e-02 0.000000000000000000e+00 1.000000000000000000e+00
2.904659423828125000e+02 2.412591247558593750e+02 2.469049224853515625e+02 -9.913497567176818848e-01 3.622134029865264893e-02 1.261501759290695190e-01 0.000000000000000000e+00 1.000000000000000000e+00
2.894728393554687500e+02 2.412954101562500000e+02 2.470312957763671875e+02 -9.885540008544921875e-01 2.438630722463130951e-02 1.488832086324691772e-01 0.000000000000000000e+00 1.000000000000000000e+00
2.884850158691406250e+02 2.413197784423828125e+02 2.471800689697265625e+02 -9.849314689636230469e-01 2.499826066195964813e-02 1.711287200450897217e-01 0.000000000000000000e+00 1.000000000000000000e+00
2.875231018066406250e+02 2.413441925048828125e+02 2.473471984863281250e+02 -9.803696274757385254e-01 3.333061188459396362e-02 1.943308264017105103e-01 0.000000000000000000e+00 1.000000000000000000e+00
2.866048278808593750e+02 2.413754119873046875e+02 2.475292205810546875e+02 -9.750255346298217773e-01 4.327138140797615051e-02 2.178365737199783325e-01 0.000000000000000000e+00 1.000000000000000000e+00
2.857401123046875000e+02 2.414137878417968750e+02 2.477224121093750000e+02 -9.699392914772033691e-01 4.892868921160697937e-02 2.383770793676376343e-01 0.000000000000000000e+00 1.000000000000000000e+00
2.849276428222656250e+02 2.414547729492187500e+02 2.479220886230468750e+02 -9.666793942451477051e-01 4.608876630663871765e-02 2.518067061901092529e-01 0.000000000000000000e+00 1.000000000000000000e+00
2.841557006835937500e+02 2.414915771484375000e+02 2.481231689453125000e+02 -9.662094712257385254e-01 3.523600846529006958e-02 2.553382515907287598e-01 0.000000000000000000e+00 1.000000000000000000e+00
2.834054870605468750e+02 2.415189361572265625e+02 2.483214263916015625e+02 -9.679686427116394043e-01 2.231736294925212860e-02 2.500770092010498047e-01 0.000000000000000000e+00 1.000000000000000000e+00
2.826582946777343750e+02 2.415361633300781250e+02 2.485144653320312500e+02 -9.704721570014953613e-01 1.475921552628278732e-02 2.407609224319458008e-01 0.000000000000000000e+00 1.000000000000000000e+00
2.819007873535156250e+02 2.415476837158203125e+02 2.487023925781250000e+02 -9.722449779510498047e-01 1.818537898361682892e-02 2.332572788000106812e-01 0.000000000000000000e+00 1.000000000000000000e+00
2.811290588378906250e+02 2.415621185302734375e+02 2.488875427246093750e+02 -9.723632335662841797e-01 3.458616882562637329e-02 2.308973371982574463e-01 0.000000000000000000e+00 1.000000000000000000e+00
2.803478698730468750e+02 2.415899047851562500e+02 2.490730438232421875e+02 -9.700656533241271973e-01 6.275668740272521973e-02 2.345936447381973267e-01 0.000000000000000000e+00 1.000000000000000000e+00
2.795669250488281250e+02 2.416404266357421875e+02 2.492619018554687500e+02 -9.647694826126098633e-01 9.976949542760848999e-02 2.434459626674652100e-01 0.000000000000000000e+00 1.000000000000000000e+00
2.787961120605468750e+02 2.417201385498046875e+02 2.494564056396484375e+02 -9.565034508705139160e-01 1.412106454372406006e-01 2.552661597728729248e-01 0.000000000000000000e+00 1.000000000000000000e+00
2.780415039062500000e+02 2.418315429687500000e+02 2.496577911376953125e+02 -9.459809660911560059e-01 1.825673580169677734e-01 2.679352164268493652e-01 0.000000000000000000e+00 1.000000000000000000e+00
2.773046264648437500e+02 2.419737548828125000e+02 2.498665008544921875e+02 -9.344472885131835938e-01 2.199198901653289795e-01 2.800775170326232910e-01 0.000000000000000000e+00 1.000000000000000000e+00
2.765824279785156250e+02 2.421437225341796875e+02 2.500829620361328125e+02 -9.232993125915527344e-01 2.510719299316406250e-01 2.906565964221954346e-01 0.000000000000000000e+00 1.000000000000000000e+00
2.758699035644531250e+02 2.423374786376953125e+02 2.503072662353515625e+02 -9.133451581001281738e-01 2.755545377731323242e-01 2.997836470603942871e-01 0.000000000000000000e+00 1.000000000000000000e+00
2.751618347167968750e+02 2.425511016845703125e+02 2.505396728515625000e+02 -9.046518802642822266e-01 2.944702208042144775e-01 3.080458641052246094e-01 0.000000000000000000e+00 1.000000000000000000e+00
2.744541320800781250e+02 2.427814636230468750e+02 2.507806549072265625e+02 -8.968850970268249512e-01 3.094322979450225830e-01 3.159884810447692871e-01 0.000000000000000000e+00 1.000000000000000000e+00
2.737444152832031250e+02 2.430263214111328125e+02 2.510307006835937500e+02 -8.898335099220275879e-01 3.214503824710845947e-01 3.238302469253540039e-01 0.000000000000000000e+00 1.000000000000000000e+00
2.730312500000000000e+02 2.432839508056640625e+02 2.512902374267578125e+02 -8.833972215652465820e-01 3.313115537166595459e-01 3.314242959022521973e-01 0.000000000000000000e+00 1.000000000000000000e+00
2.723139648437500000e+02 2.435529632568359375e+02 2.515593414306640625e+02 -8.776210546493530273e-01 3.390850722789764404e-01 3.388253450393676758e-01 0.000000000000000000e+00 1.000000000000000000e+00
2.715921936035156250e+02 2.438318328857421875e+02 2.518379974365234375e+02 -8.726653456687927246e-01 3.449360728263854980e-01 3.456506729125976562e-01 0.000000000000000000e+00 1.000000000000000000e+00
2.708654785156250000e+02 2.441190795898437500e+02 2.521258392333984375e+02 -8.685985803604125977e-01 3.487319052219390869e-01 3.520264327526092529e-01 0.000000000000000000e+00 1.000000000000000000e+00
2.701333007812500000e+02 2.444130401611328125e+02 2.524225769042968750e+02 -8.653576970100402832e-01 3.506736755371093750e-01 3.580278456211090088e-01 0.000000000000000000e+00 1.000000000000000000e+00
2.693953552246093750e+02 2.447120819091796875e+02 2.527278900146484375e+02 -8.625294566154479980e-01 3.513530194759368896e-01 3.641346395015716553e-01 0.000000000000000000e+00 1.000000000000000000e+00
2.686519165039062500e+02 2.450149230957031250e+02 2.530417480468750000e+02 -8.597860932350158691e-01 3.513909876346588135e-01 3.705297112464904785e-01 0.000000000000000000e+00 1.000000000000000000e+00
2.679040527343750000e+02 2.453205718994140625e+02 2.533640441894531250e+02 -8.567224144935607910e-01 3.514785468578338623e-01 3.774778544902801514e-01 0.000000000000000000e+00 1.000000000000000000e+00
2.671538696289062500e+02 2.456283416748046875e+02 2.536945800781250000e+02 -8.530526757240295410e-01 3.524596095085144043e-01 3.848030269145965576e-01 0.000000000000000000e+00 1.000000000000000000e+00
2.664045104980468750e+02 2.459379577636718750e+02 2.540326080322265625e+02 -8.490779399871826172e-01 3.544258773326873779e-01 3.917255997657775879e-01 0.000000000000000000e+00 1.000000000000000000e+00
2.656594543457031250e+02 2.462489624023437500e+02 2.543763427734375000e+02 -8.449789285659790039e-01 3.578760921955108643e-01 3.974106609821319580e-01 0.000000000000000000e+00 1.000000000000000000e+00
2.649227294921875000e+02 2.465609893798828125e+02 2.547228393554687500e+02 -8.412412405014038086e-01 3.621061146259307861e-01 4.014877974987030029e-01 0.000000000000000000e+00 1.000000000000000000e+00
2.641981506347656250e+02 2.468728790283203125e+02 2.550686492919921875e+02 -8.384531736373901367e-01 3.660587668418884277e-01 4.037290811538696289e-01 0.000000000000000000e+00 1.000000000000000000e+00
2.634890136718750000e+02 2.471824798583984375e+02 2.554101104736328125e+02 -8.369088768959045410e-01 3.683027327060699463e-01 4.048909246921539307e-01 0.000000000000000000e+00 1.000000000000000000e+00
2.627979431152343750e+02 2.474866027832031250e+02 2.557444458007812500e+02 -8.370249867439270020e-01 3.675296008586883545e-01 4.053531587123870850e-01 0.000000000000000000e+00 1.000000000000000000e+00
2.621263122558593750e+02 2.477815093994140625e+02 2.560697021484375000e+02 -8.390285968780517578e-01 3.624727725982666016e-01 4.057639241218566895e-01 0.000000000000000000e+00 1.000000000000000000e+00
2.614736328125000000e+02 2.480634765625000000e+02 2.563853454589843750e+02 -8.429454565048217773e-01 3.533203899860382080e-01 4.057188332080841064e-01 0.000000000000000000e+00 1.000000000000000000e+00
2.608376159667968750e+02 2.483300628662109375e+02 2.566914672851562500e+02 -8.488288521766662598e-01 3.414544761180877686e-01 4.036069512367248535e-01 0.000000000000000000e+00 1.000000000000000000e+00
2.602138977050781250e+02 2.485809631347656250e+02 2.569880371093750000e+02 -8.563044071197509766e-01 3.298575580120086670e-01 3.974126279354095459e-01 0.000000000000000000e+00 1.000000000000000000e+00
2.595967102050781250e+02 2.488187103271484375e+02 2.572744750976562500e+02 -8.648951053619384766e-01 3.208247423171997070e-01 3.860413730144500732e-01 0.000000000000000000e+00 1.000000000000000000e+00
2.589793090820312500e+02 2.490477294921875000e+02 2.575500488281250000e+02 -8.736039996147155762e-01 3.156781494617462158e-01 3.703558146953582764e-01 0.000000000000000000e+00 1.000000000000000000e+00
2.583551940917968750e+02 2.492732543945312500e+02 2.578146362304687500e+02 -8.816982507705688477e-01 3.129806816577911377e-01 3.530597984790802002e-01 0.000000000000000000e+00 1.000000000000000000e+00
2.577187500000000000e+02 2.494991760253906250e+02 2.580694885253906250e+02 -8.890778422355651855e-01 3.097665607929229736e-01 3.370243608951568604e-01 0.000000000000000000e+00 1.000000000000000000e+00
2.570657653808593750e+02 2.497266845703125000e+02 2.583170166015625000e+02 -8.960619568824768066e-01 3.028594851493835449e-01 3.245751857757568359e-01 0.000000000000000000e+00 1.000000000000000000e+00
2.563939514160156250e+02 2.499537506103515625e+02 2.585603637695312500e+02 -9.036932587623596191e-01 2.899075150489807129e-01 3.151064515113830566e-01 0.000000000000000000e+00 1.000000000000000000e+00
2.557022705078125000e+02 2.501756439208984375e+02 2.588015441894531250e+02 -9.036932587623596191e-01 2.899075150489807129e-01 3.151064515113830566e-01 0.000000000000000000e+00 1.000000000000000000e+00
