2.628060913085937500e+02 1.427022552490234375e+02 1.913469390869140625e+02 -1.282900422811508179e-01 -2.298777252435684204e-01 -9.647269248962402344e-01 0.000000000000000000e+00 1.000000000000000000e+00
2.628390808105468750e+02 1.427613677978515625e+02 1.915950164794921875e+02 -1.359947174787521362e-01 -2.603444755077362061e-01 -9.558902978897094727e-01 0.000000000000000000e+00 1.000000000000000000e+00
2.628845214843750000e+02 1.428483581542968750e+02 1.919144134521484375e+02 -1.451871544122695923e-01 -3.018028140068054199e-01 -9.422503709793090820e-01 0.000000000000000000e+00 1.000000000000000000e+00
2.629434509277343750e+02 1.429708557128906250e+02 1.922968597412109375e+02 -1.556862443685531616e-01 -3.551899194717407227e-01 -9.217385053634643555e-01 0.000000000000000000e+00 1.000000000000000000e+00
2.630159912109375000e+02 1.431363525390625000e+02 1.927263336181640625e+02 -1.668728440999984741e-01 -4.194451868534088135e-01 -8.923110961914062500e-01 0.000000000000000000e+00 1.000000000000000000e+00
2.631015014648437500e+02 1.433512878417968750e+02 1.931835784912109375e+02 -1.778154075145721436e-01 -4.891595840454101562e-01 -8.538762331008911133e-01 0.000000000000000000e+00 1.000000000000000000e+00
2.631988525390625000e+02 1.436190948486328125e+02 1.936510620117187500e+02 -1.883566379547119141e-01 -5.562116503715515137e-01 -8.094136714935302734e-01 0.000000000000000000e+00 1.000000000000000000e+00
2.633072204589843750e+02 1.439391021728515625e+02 1.941167449951171875e+02 -1.998384445905685425e-01 -6.117061972618103027e-01 -7.654280662536621094e-01 0.000000000000000000e+00 1.000000000000000000e+00
2.634270324707031250e+02 1.443058471679687500e+02 1.945756530761718750e+02 -2.136348932981491089e-01 -6.501536965370178223e-01 -7.291504740715026855e-01 0.000000000000000000e+00 1.000000000000000000e+00
2.635599060058593750e+02 1.447102203369140625e+02 1.950291595458984375e+02 -2.312064617872238159e-01 -6.706790328025817871e-01 -7.047930359840393066e-01 0.000000000000000000e+00 1.000000000000000000e+00
2.637086181640625000e+02 1.451416015625000000e+02 1.954824829101562500e+02 -2.526347041130065918e-01 -6.761680245399475098e-01 -6.920783519744873047e-01 0.000000000000000000e+00 1.000000000000000000e+00
2.638762817382812500e+02 1.455903472900390625e+02 1.959417877197265625e+02 -2.754575312137603760e-01 -6.716788411140441895e-01 -6.877285838127136230e-01 0.000000000000000000e+00 1.000000000000000000e+00
2.640645751953125000e+02 1.460494842529296875e+02 1.964118957519531250e+02 -2.969490289688110352e-01 -6.622979044914245605e-01 -6.878827810287475586e-01 0.000000000000000000e+00 1.000000000000000000e+00
2.642733764648437500e+02 1.465151824951171875e+02 1.968955841064453125e+02 -3.149010539054870605e-01 -6.522315740585327148e-01 -6.895152330398559570e-01 0.000000000000000000e+00 1.000000000000000000e+00
2.645004577636718750e+02 1.469855194091796875e+02 1.973928070068359375e+02 -3.283663392066955566e-01 -6.435499787330627441e-01 -6.913892030715942383e-01 0.000000000000000000e+00 1.000000000000000000e+00
2.647421875000000000e+02 1.474592742919921875e+02 1.979017791748046875e+02 -3.377869129180908203e-01 -6.365732550621032715e-01 -6.933069229125976562e-01 0.000000000000000000e+00 1.000000000000000000e+00
2.649944763183593750e+02 1.479347229003906250e+02 1.984196014404296875e+02 -3.445778489112854004e-01 -6.305373311042785645e-01 -6.954774856567382812e-01 0.000000000000000000e+00 1.000000000000000000e+00
2.652539672851562500e+02 1.484095611572265625e+02 1.989433441162109375e+02 -3.498280048370361328e-01 -6.247448921203613281e-01 -6.980789303779602051e-01 0.000000000000000000e+00 1.000000000000000000e+00
2.655179748535156250e+02 1.488810424804687500e+02 1.994701690673828125e+02 -3.541223704814910889e-01 -6.189034581184387207e-01 -7.011104226112365723e-01 0.000000000000000000e+00 1.000000000000000000e+00
2.657845764160156250e+02 1.493469848632812500e+02 1.999980010986328125e+02 -3.576238453388214111e-01 -6.129326224327087402e-01 -7.045698761940002441e-01 0.000000000000000000e+00 1.000000000000000000e+00
2.660523681640625000e+02 1.498059539794921875e+02 2.005255889892578125e+02 -3.596928417682647705e-01 -6.069996356964111328e-01 -7.086412906646728516e-01 0.000000000000000000e+00 1.000000000000000000e+00
2.663200378417968750e+02 1.502576599121093750e+02 2.010529327392578125e+02 -3.604543507099151611e-01 -6.006611585617065430e-01 -7.136378288269042969e-01 0.000000000000000000e+00 1.000000000000000000e+00
2.665870666503906250e+02 1.507026367187500000e+02 2.015816040039062500e+02 -3.602302670478820801e-01 -5.928720831871032715e-01 -7.202339172363281250e-01 0.000000000000000000e+00 1.000000000000000000e+00
2.668539123535156250e+02 1.511418151855468750e+02 2.021151275634765625e+02 -3.591977655887603760e-01 -5.825194120407104492e-01 -7.291420102119445801e-01 0.000000000000000000e+00 1.000000000000000000e+00
2.671216735839843750e+02 1.515760498046875000e+02 2.026586608886718750e+02 -3.586067557334899902e-01 -5.683056712150573730e-01 -7.405605316162109375e-01 0.000000000000000000e+00 1.000000000000000000e+00
2.673926086425781250e+02 1.520054168701171875e+02 2.032181701660156250e+02 -3.588594794273376465e-01 -5.505036711692810059e-01 -7.537674903869628906e-01 0.000000000000000000e+00 1.000000000000000000e+00
2.676687622070312500e+02 1.524290466308593750e+02 2.037982177734375000e+02 -3.607871532440185547e-01 -5.301247239112854004e-01 -7.673333287239074707e-01 0.000000000000000000e+00 1.000000000000000000e+00
2.679520874023437500e+02 1.528453521728515625e+02 2.044008026123046875e+02 -3.645465970039367676e-01 -5.096017718315124512e-01 -7.793662548065185547e-01 0.000000000000000000e+00 1.000000000000000000e+00
2.682435302734375000e+02 1.532527618408203125e+02 2.050238800048828125e+02 -3.706229627132415771e-01 -4.916045963764190674e-01 -7.880124449729919434e-01 0.000000000000000000e+00 1.000000000000000000e+00
2.685433044433593750e+02 1.536503906250000000e+02 2.056612548828125000e+02 -3.798448443412780762e-01 -4.785209894180297852e-01 -7.916663289070129395e-01 0.000000000000000000e+00 1.000000000000000000e+00
2.688514404296875000e+02 1.540385742187500000e+02 2.063034667968750000e+02 -3.921002447605133057e-01 -4.718160629272460938e-01 -7.897132039070129395e-01 0.000000000000000000e+00 1.000000000000000000e+00
2.691672668457031250e+02 1.544186096191406250e+02 2.069395599365234375e+02 -4.074141383171081543e-01 -4.713312983512878418e-01 -7.822151184082031250e-01 0.000000000000000000e+00 1.000000000000000000e+00
2.694901733398437500e+02 1.547921752929687500e+02 2.075595245361328125e+02 -4.248960316181182861e-01 -4.760569930076599121e-01 -7.699565291404724121e-01 0.000000000000000000e+00 1.000000000000000000e+00
2.698191528320312500e+02 1.551607666015625000e+02 2.081556701660156250e+02 -4.430892765522003174e-01 -4.840740263462066650e-01 -7.545490264892578125e-01 0.000000000000000000e+00 1.000000000000000000e+00
2.701527099609375000e+02 1.555251770019531250e+02 2.087236938476562500e+02 -4.603050351142883301e-01 -4.933809936046600342e-01 -7.380342483520507812e-01 0.000000000000000000e+00 1.000000000000000000e+00
2.704888610839843750e+02 1.558854827880859375e+02 2.092626647949218750e+02 -4.747582674026489258e-01 -5.028361082077026367e-01 -7.223299145698547363e-01 0.000000000000000000e+00 1.000000000000000000e+00
2.708250427246093750e+02 1.562415466308593750e+02 2.097741546630859375e+02 -4.853645861148834229e-01 -5.117667317390441895e-01 -7.088836431503295898e-01 0.000000000000000000e+00 1.000000000000000000e+00
2.711585693359375000e+02 1.565932159423828125e+02 2.102612762451171875e+02 -4.919398427009582520e-01 -5.200389623641967773e-01 -6.982511878013610840e-01 0.000000000000000000e+00 1.000000000000000000e+00
2.714871520996093750e+02 1.569405670166015625e+02 2.107276611328125000e+02 -4.949705302715301514e-01 -5.276966094970703125e-01 -6.903190612792968750e-01 0.000000000000000000e+00 1.000000000000000000e+00
2.718093261718750000e+02 1.572840423583984375e+02 2.111769866943359375e+02 -4.959964752197265625e-01 -5.345500111579895020e-01 -6.842834353446960449e-01 0.000000000000000000e+00 1.000000000000000000e+00
2.721251831054687500e+02 1.576244506835937500e+02 2.116127471923828125e+02 -4.964572191238403320e-01 -5.405829548835754395e-01 -6.791908740997314453e-01 0.000000000000000000e+00 1.000000000000000000e+00
2.724364318847656250e+02 1.579633636474609375e+02 2.120385589599609375e+02 -4.986054897308349609e-01 -5.454249978065490723e-01 -6.737241744995117188e-01 0.000000000000000000e+00 1.000000000000000000e+00
2.727461547851562500e+02 1.583021697998046875e+02 2.124570617675781250e+02 -5.029649734497070312e-01 -5.501148700714111328e-01 -6.666332483291625977e-01 0.000000000000000000e+00 1.000000000000000000e+00
2.730573730468750000e+02 1.586425628662109375e+02 2.128695526123046875e+02 -5.096356868743896484e-01 -5.553741455078125000e-01 -6.571384668350219727e-01 0.000000000000000000e+00 1.000000000000000000e+00
2.733725891113281250e+02 1.589860687255859375e+02 2.132760009765625000e+02 -5.175876617431640625e-01 -5.625588893890380859e-01 -6.446941494941711426e-01 0.000000000000000000e+00 1.000000000000000000e+00
2.736932678222656250e+02 1.593346099853515625e+02 2.136754302978515625e+02 -5.259354710578918457e-01 -5.715099573135375977e-01 -6.298954486846923828e-01 0.000000000000000000e+00 1.000000000000000000e+00
2.740202636718750000e+02 1.596899414062500000e+02 2.140670623779296875e+02 -5.328998565673828125e-01 -5.818152427673339844e-01 -6.144173741340637207e-01 0.000000000000000000e+00 1.000000000000000000e+00
2.743537292480468750e+02 1.600540161132812500e+02 2.144515380859375000e+02 -5.380938649177551270e-01 -5.920528173446655273e-01 -5.999404191970825195e-01 0.000000000000000000e+00 1.000000000000000000e+00
2.746941223144531250e+02 1.604285430908203125e+02 2.148310546875000000e+02 -5.413053631782531738e-01 -6.007586717605590820e-01 -5.882834792137145996e-01 0.000000000000000000e+00 1.000000000000000000e+00
2.750417175292968750e+02 1.608143157958984375e+02 2.152088165283203125e+02 -5.429044365882873535e-01 -6.074403524398803711e-01 -5.798888206481933594e-01 0.000000000000000000e+00 1.000000000000000000e+00
2.753965148925781250e+02 1.612112884521484375e+02 2.155877838134765625e+02 -5.437288880348205566e-01 -6.121023893356323242e-01 -5.741859674453735352e-01 0.000000000000000000e+00 1.000000000000000000e+00
2.757579956054687500e+02 1.616182250976562500e+02 2.159695129394531250e+02 -5.442821979522705078e-01 -6.158114075660705566e-01 -5.696781277656555176e-01 0.000000000000000000e+00 1.000000000000000000e+00
2.761252441406250000e+02 1.620337371826171875e+02 2.163538970947265625e+02 -5.447813272476196289e-01 -6.190696954727172852e-01 -5.656553506851196289e-01 0.000000000000000000e+00 1.000000000000000000e+00
2.764971923828125000e+02 1.624564056396484375e+02 2.167400970458984375e+02 -5.453462004661560059e-01 -6.223096847534179688e-01 -5.615409016609191895e-01 0.000000000000000000e+00 1.000000000000000000e+00
2.768728027343750000e+02 1.628850250244140625e+02 2.171268615722656250e+02 -5.461164712905883789e-01 -6.253189444541931152e-01 -5.574342608451843262e-01 0.000000000000000000e+00 1.000000000000000000e+00
2.772512512207031250e+02 1.633183593750000000e+02 2.175131530761718750e+02 -5.463770627975463867e-01 -6.277168989181518555e-01 -5.544759631156921387e-01 0.000000000000000000e+00 1.000000000000000000e+00
2.776311035156250000e+02 1.637547607421875000e+02 2.178986358642578125e+02 -5.470226407051086426e-01 -6.283646821975708008e-01 -5.531040430068969727e-01 0.000000000000000000e+00 1.000000000000000000e+00
2.780112915039062500e+02 1.641914825439453125e+02 2.182830505371093750e+02 -5.477651953697204590e-01 -6.267044544219970703e-01 -5.542515516281127930e-01 0.000000000000000000e+00 1.000000000000000000e+00
2.783901367187500000e+02 1.646249237060546875e+02 2.186663818359375000e+02 -5.491037964820861816e-01 -6.222938895225524902e-01 -5.578848123550415039e-01 0.000000000000000000e+00 1.000000000000000000e+00
2.787660827636718750e+02 1.650509796142578125e+02 2.190483398437500000e+02 -5.511427521705627441e-01 -6.151627898216247559e-01 -5.637521147727966309e-01 0.000000000000000000e+00 1.000000000000000000e+00
2.791375732421875000e+02 1.654656219482421875e+02 2.194283294677734375e+02 -5.540844202041625977e-01 -6.056400537490844727e-01 -5.711310505867004395e-01 0.000000000000000000e+00 1.000000000000000000e+00
2.795036010742187500e+02 1.658657073974609375e+02 2.198056182861328125e+02 -5.576087236404418945e-01 -5.947037935256958008e-01 -5.791371464729309082e-01 0.000000000000000000e+00 1.000000000000000000e+00
2.798632507324218750e+02 1.662492828369140625e+02 2.201791534423828125e+02 -5.614877939224243164e-01 -5.835021734237670898e-01 -5.867338776588439941e-01 0.000000000000000000e+00 1.000000000000000000e+00
2.802158508300781250e+02 1.666157073974609375e+02 2.205476074218750000e+02 -5.654114484786987305e-01 -5.729122757911682129e-01 -5.933644771575927734e-01 0.000000000000000000e+00 1.000000000000000000e+00
2.805609130859375000e+02 1.669653472900390625e+02 2.209097290039062500e+02 -5.686076283454895020e-01 -5.637413263320922852e-01 -5.990669131278991699e-01 0.000000000000000000e+00 1.000000000000000000e+00
2.808978881835937500e+02 1.672994384765625000e+02 2.212647552490234375e+02 -5.715034604072570801e-01 -5.560373663902282715e-01 -6.034949421882629395e-01 0.000000000000000000e+00 1.000000000000000000e+00
2.812271728515625000e+02 1.676198120117187500e+02 2.216124725341796875e+02 -5.733144283294677734e-01 -5.503156185150146484e-01 -6.070116758346557617e-01 0.000000000000000000e+00 1.000000000000000000e+00
2.815493469238281250e+02 1.679290618896484375e+02 2.219535827636718750e+02 -5.732681751251220703e-01 -5.473388433456420898e-01 -6.097408533096313477e-01 0.000000000000000000e+00 1.000000000000000000e+00
2.818654479980468750e+02 1.682308654785156250e+02 2.222897949218750000e+02 -5.701887011528015137e-01 -5.483465790748596191e-01 -6.117195487022399902e-01 0.000000000000000000e+00 1.000000000000000000e+00
2.821765441894531250e+02 1.685300445556640625e+02 2.226235504150390625e+02 -5.628661513328552246e-01 -5.544776916503906250e-01 -6.129732728004455566e-01 0.000000000000000000e+00 1.000000000000000000e+00
2.824837036132812500e+02 1.688326263427734375e+02 2.229580535888671875e+02 -5.506225824356079102e-01 -5.665654540061950684e-01 -6.130401492118835449e-01 0.000000000000000000e+00 1.000000000000000000e+00
2.827877807617187500e+02 1.691455078125000000e+02 2.232966003417968750e+02 -5.336180925369262695e-01 -5.839838385581970215e-01 -6.117309331893920898e-01 0.000000000000000000e+00 1.000000000000000000e+00
2.830894470214843750e+02 1.694756469726562500e+02 2.236424255371093750e+02 -5.135489106178283691e-01 -6.048697233200073242e-01 -6.086050868034362793e-01 0.000000000000000000e+00 1.000000000000000000e+00
2.833894348144531250e+02 1.698289794921875000e+02 2.239979400634765625e+02 -4.928996264934539795e-01 -6.262319087982177734e-01 -6.040559411048889160e-01 0.000000000000000000e+00 1.000000000000000000e+00
2.836885681152343750e+02 1.702090301513671875e+02 2.243645324707031250e+02 -4.736287295818328857e-01 -6.460113525390625000e-01 -5.986194610595703125e-01 0.000000000000000000e+00 1.000000000000000000e+00
2.839871520996093750e+02 1.706162872314453125e+02 2.247419128417968750e+02 -4.577190876007080078e-01 -6.625941991806030273e-01 -5.928424596786499023e-01 0.000000000000000000e+00 1.000000000000000000e+00
2.842853393554687500e+02 1.710479431152343750e+02 2.251281280517578125e+02 -4.454042911529541016e-01 -6.759334206581115723e-01 -5.871363282203674316e-01 0.000000000000000000e+00 1.000000000000000000e+00
2.845823059082031250e+02 1.714986114501953125e+02 2.255195922851562500e+02 -4.367008507251739502e-01 -6.865639090538024902e-01 -5.813108086585998535e-01 0.000000000000000000e+00 1.000000000000000000e+00
2.848770751953125000e+02 1.719620361328125000e+02 2.259119720458984375e+02 -4.311751723289489746e-01 -6.956461071968078613e-01 -5.745994448661804199e-01 0.000000000000000000e+00 1.000000000000000000e+00
2.851687316894531250e+02 1.724325866699218750e+02 2.263006439208984375e+02 -4.278919994831085205e-01 -7.042190432548522949e-01 -5.665543675422668457e-01 0.000000000000000000e+00 1.000000000000000000e+00
2.854566650390625000e+02 1.729064636230468750e+02 2.266818847656250000e+02 -4.264194965362548828e-01 -7.128120660781860352e-01 -5.568351149559020996e-01 0.000000000000000000e+00 1.000000000000000000e+00
2.857409973144531250e+02 1.733817596435546875e+02 2.270531768798828125e+02 -4.264456629753112793e-01 -7.213946580886840820e-01 -5.456498861312866211e-01 0.000000000000000000e+00 1.000000000000000000e+00
2.860226135253906250e+02 1.738581542968750000e+02 2.274135131835937500e+02 -4.281563460826873779e-01 -7.293946146965026855e-01 -5.335407853126525879e-01 0.000000000000000000e+00 1.000000000000000000e+00
2.863029479980468750e+02 1.743357238769531250e+02 2.277628479003906250e+02 -4.316100180149078369e-01 -7.364070415496826172e-01 -5.209774374961853027e-01 0.000000000000000000e+00 1.000000000000000000e+00
2.865836486816406250e+02 1.748146514892578125e+02 2.281016693115234375e+02 -4.367404580116271973e-01 -7.420436739921569824e-01 -5.085557103157043457e-01 0.000000000000000000e+00 1.000000000000000000e+00
2.868662109375000000e+02 1.752947387695312500e+02 2.284306945800781250e+02 -4.432086050510406494e-01 -7.466622591018676758e-01 -4.960459470748901367e-01 0.000000000000000000e+00 1.000000000000000000e+00
2.871517639160156250e+02 1.757758026123046875e+02 2.287502899169921875e+02 -4.499770998954772949e-01 -7.508885860443115234e-01 -4.834117293357849121e-01 0.000000000000000000e+00 1.000000000000000000e+00
2.874407043457031250e+02 1.762579650878906250e+02 2.290606994628906250e+02 -4.560076296329498291e-01 -7.552968263626098633e-01 -4.707267582416534424e-01 0.000000000000000000e+00 1.000000000000000000e+00
2.877328491210937500e+02 1.767418518066406250e+02 2.293622741699218750e+02 -4.605171382427215576e-01 -7.600154876708984375e-01 -4.585852026939392090e-01 0.000000000000000000e+00 1.000000000000000000e+00
2.880274658203125000e+02 1.772280731201171875e+02 2.296556549072265625e+02 -4.624294042587280273e-01 -7.654036879539489746e-01 -4.475669562816619873e-01 0.000000000000000000e+00 1.000000000000000000e+00
2.883232421875000000e+02 1.777176361083984375e+02 2.299419250488281250e+02 -4.617035090923309326e-01 -7.713240385055541992e-01 -4.380514621734619141e-01 0.000000000000000000e+00 1.000000000000000000e+00
2.886190185546875000e+02 1.782117614746093750e+02 2.302225494384765625e+02 -4.586883187294006348e-01 -7.774064540863037109e-01 -4.303999841213226318e-01 0.000000000000000000e+00 1.000000000000000000e+00
2.889139404296875000e+02 1.787116088867187500e+02 2.304992828369140625e+02 -4.529210925102233887e-01 -7.837602496147155762e-01 -4.249498844146728516e-01 0.000000000000000000e+00 1.000000000000000000e+00
2.892067260742187500e+02 1.792182617187500000e+02 2.307739868164062500e+02 -4.446900486946105957e-01 -7.900883555412292480e-01 -4.219136834144592285e-01 0.000000000000000000e+00 1.000000000000000000e+00
2.894960021972656250e+02 1.797322235107421875e+02 2.310484466552734375e+02 -4.340682029724121094e-01 -7.962350845336914062e-01 -4.214195311069488525e-01 0.000000000000000000e+00 1.000000000000000000e+00
2.897798156738281250e+02 1.802528381347656250e+02 2.313239898681640625e+02 -4.212208688259124756e-01 -8.018241524696350098e-01 -4.238526225090026855e-01 0.000000000000000000e+00 1.000000000000000000e+00
2.900557861328125000e+02 1.807781677246093750e+02 2.316016845703125000e+02 -4.060274958610534668e-01 -8.067082166671752930e-01 -4.293758273124694824e-01 0.000000000000000000e+00 1.000000000000000000e+00
2.903211364746093750e+02 1.813053741455078125e+02 2.318822937011718750e+02 -3.887940347194671631e-01 -8.105402588844299316e-01 -4.380224347114562988e-01 0.000000000000000000e+00 1.000000000000000000e+00
2.905733642578125000e+02 1.818312072753906250e+02 2.321664581298828125e+02 -3.701011836528778076e-01 -8.132624030113220215e-01 -4.490317106246948242e-01 0.000000000000000000e+00 1.000000000000000000e+00
2.908109741210937500e+02 1.823533325195312500e+02 2.324547424316406250e+02 -3.500454127788543701e-01 -8.152430057525634766e-01 -4.613536000251770020e-01 0.000000000000000000e+00 1.000000000000000000e+00
2.910332946777343750e+02 1.828711090087890625e+02 2.327477569580078125e+02 -3.296206295490264893e-01 -8.169301152229309082e-01 -4.732604324817657471e-01 0.000000000000000000e+00 1.000000000000000000e+00
2.912409362792968750e+02 1.833857269287109375e+02 2.330458831787109375e+02 -3.088905811309814453e-01 -8.188904523849487305e-01 -4.837407469749450684e-01 0.000000000000000000e+00 1.000000000000000000e+00
2.914349670410156250e+02 1.839001159667968750e+02 2.333497467041015625e+02 -2.876739799976348877e-01 -8.218876719474792480e-01 -4.916750788688659668e-01 0.000000000000000000e+00 1.000000000000000000e+00
2.916162719726562500e+02 1.844181060791015625e+02 2.336596221923828125e+02 -2.649657726287841797e-01 -8.260387182235717773e-01 -4.974465966224670410e-01 0.000000000000000000e+00 1.000000000000000000e+00
2.917847900390625000e+02 1.849434661865234375e+02 2.339759979248046875e+02 -2.396433204412460327e-01 -8.309577703475952148e-01 -5.020759701728820801e-01 0.000000000000000000e+00 1.000000000000000000e+00
2.919391479492187500e+02 1.854786987304687500e+02 2.342993927001953125e+02 -2.107649445533752441e-01 -8.357726931571960449e-01 -5.070130228996276855e-01 0.000000000000000000e+00 1.000000000000000000e+00
2.920768432617187500e+02 1.860247192382812500e+02 2.346306304931640625e+02 -1.778001785278320312e-01 -8.396913409233093262e-01 -5.131331682205200195e-01 0.000000000000000000e+00 1.000000000000000000e+00
2.921946411132812500e+02 1.865810394287109375e+02 2.349705963134765625e+02 -1.414979994297027588e-01 -8.421786427497863770e-01 -5.203013420104980469e-01 0.000000000000000000e+00 1.000000000000000000e+00
2.922897644042968750e+02 1.871472015380859375e+02 2.353203735351562500e+02 -1.033264473080635071e-01 -8.431330919265747070e-01 -5.276837944984436035e-01 0.000000000000000000e+00 1.000000000000000000e+00
2.923603820800781250e+02 1.877234344482421875e+02 2.356810150146484375e+02 -6.529253721237182617e-02 -8.431795835494995117e-01 -5.336527228355407715e-01 0.000000000000000000e+00 1.000000000000000000e+00
2.924059143066406250e+02 1.883114318847656250e+02 2.360531616210937500e+02 -3.000679984688758850e-02 -8.433703184127807617e-01 -5.364942550659179688e-01 0.000000000000000000e+00 1.000000000000000000e+00
2.924273681640625000e+02 1.889144134521484375e+02 2.364367370605468750e+02 9.130422258749604225e-04 -8.443772792816162109e-01 -5.357482433319091797e-01 0.000000000000000000e+00 1.000000000000000000e+00
2.924266967773437500e+02 1.895353088378906250e+02 2.368306884765625000e+02 2.703163959085941315e-02 -8.465542793273925781e-01 -5.316155552864074707e-01 0.000000000000000000e+00 1.000000000000000000e+00
2.924062500000000000e+02 1.901756439208984375e+02 2.372328033447265625e+02 4.937233403325080872e-02 -8.493497967720031738e-01 -5.255161523818969727e-01 0.000000000000000000e+00 1.000000000000000000e+00
2.923679809570312500e+02 1.908339843750000000e+02 2.376401367187500000e+02 6.880823522806167603e-02 -8.520681858062744141e-01 -5.188884139060974121e-01 0.000000000000000000e+00 1.000000000000000000e+00
2.923137512207031250e+02 1.915055236816406250e+02 2.380490875244140625e+02 8.645649999380111694e-02 -8.540562391281127930e-01 -5.129457116127014160e-01 0.000000000000000000e+00 1.000000000000000000e+00
2.922452087402343750e+02 1.921826171875000000e+02 2.384557495117187500e+02 1.018257886171340942e-01 -8.549107313156127930e-01 -5.086836814880371094e-01 0.000000000000000000e+00 1.000000000000000000e+00
2.921649475097656250e+02 1.928564758300781250e+02 2.388567047119140625e+02 1.136627048254013062e-01 -8.547758460044860840e-01 -5.063980817794799805e-01 0.000000000000000000e+00 1.000000000000000000e+00
2.920769348144531250e+02 1.935183563232421875e+02 2.392488250732421875e+02 1.197851970791816711e-01 -8.540923595428466797e-01 -5.061400532722473145e-01 0.000000000000000000e+00 1.000000000000000000e+00
2.919866943359375000e+02 1.941617889404296875e+02 2.396301269531250000e+02 1.184140145778656006e-01 -8.534315228462219238e-01 -5.075754523277282715e-01 0.000000000000000000e+00 1.000000000000000000e+00
2.919004516601562500e+02 1.947833557128906250e+02 2.399998016357421875e+02 1.089175119996070862e-01 -8.531582355499267578e-01 -5.101548433303833008e-01 0.000000000000000000e+00 1.000000000000000000e+00
2.918238525390625000e+02 1.953833618164062500e+02 2.403585815429687500e+02 9.242577850818634033e-02 -8.531025052070617676e-01 -5.134915113449096680e-01 0.000000000000000000e+00 1.000000000000000000e+00
2.917608642578125000e+02 1.959647521972656250e+02 2.407085266113281250e+02 7.165437191724777222e-02 -8.530402779579162598e-01 -5.169023871421813965e-01 0.000000000000000000e+00 1.000000000000000000e+00
2.917131958007812500e+02 1.965322418212890625e+02 2.410523986816406250e+02 4.806458950042724609e-02 -8.524711728096008301e-01 -5.205600261688232422e-01 0.000000000000000000e+00 1.000000000000000000e+00
2.916817016601562500e+02 1.970908203125000000e+02 2.413934936523437500e+02 2.221841923892498016e-02 -8.509326577186584473e-01 -5.248047113418579102e-01 0.000000000000000000e+00 1.000000000000000000e+00
2.916672363281250000e+02 1.976448211669921875e+02 2.417351684570312500e+02 -7.406000979244709015e-03 -8.477761745452880859e-01 -5.303024649620056152e-01 0.000000000000000000e+00 1.000000000000000000e+00
2.916720581054687500e+02 1.981967773437500000e+02 2.420804290771484375e+02 -4.237173125147819519e-02 -8.423603177070617676e-01 -5.372464656829833984e-01 0.000000000000000000e+00 1.000000000000000000e+00
2.916997070312500000e+02 1.987464447021484375e+02 2.424309997558593750e+02 -8.408334851264953613e-02 -8.341190218925476074e-01 -5.451380610466003418e-01 0.000000000000000000e+00 1.000000000000000000e+00
2.917545471191406250e+02 1.992904663085937500e+02 2.427865447998046875e+02 -1.317680031061172485e-01 -8.227713108062744141e-01 -5.528875589370727539e-01 0.000000000000000000e+00 1.000000000000000000e+00
2.918397521972656250e+02 1.998224945068359375e+02 2.431440582275390625e+02 -1.843014955520629883e-01 -8.083914518356323242e-01 -5.590494871139526367e-01 0.000000000000000000e+00 1.000000000000000000e+00
2.919564514160156250e+02 2.003343658447265625e+02 2.434980468750000000e+02 -2.399489432573318481e-01 -7.913724780082702637e-01 -5.622758865356445312e-01 0.000000000000000000e+00 1.000000000000000000e+00
2.921032104492187500e+02 2.008183898925781250e+02 2.438419494628906250e+02 -2.969520390033721924e-01 -7.722321152687072754e-01 -5.616732835769653320e-01 0.000000000000000000e+00 1.000000000000000000e+00
2.922765502929687500e+02 2.012691650390625000e+02 2.441698150634765625e+02 -3.535420596599578857e-01 -7.514007687568664551e-01 -5.571399331092834473e-01 0.000000000000000000e+00 1.000000000000000000e+00
2.924724121093750000e+02 2.016854400634765625e+02 2.444784698486328125e+02 -4.064170122146606445e-01 -7.298374176025390625e-01 -5.496931672096252441e-01 0.000000000000000000e+00 1.000000000000000000e+00
2.926867065429687500e+02 2.020702667236328125e+02 2.447683105468750000e+02 -4.525004029273986816e-01 -7.088571786880493164e-01 -5.410774946212768555e-01 0.000000000000000000e+00 1.000000000000000000e+00
2.929165039062500000e+02 2.024302520751953125e+02 2.450430908203125000e+02 -4.872077703475952148e-01 -6.913605332374572754e-01 -5.335252881050109863e-01 0.000000000000000000e+00 1.000000000000000000e+00
2.931590270996093750e+02 2.027743988037109375e+02 2.453086700439453125e+02 -5.084502696990966797e-01 -6.796630620956420898e-01 -5.287120938301086426e-01 0.000000000000000000e+00 1.000000000000000000e+00
2.934117431640625000e+02 2.031122131347656250e+02 2.455714569091796875e+02 -5.147036314010620117e-01 -6.759879589080810547e-01 -5.273712277412414551e-01 0.000000000000000000e+00 1.000000000000000000e+00
2.936708984375000000e+02 2.034525756835937500e+02 2.458369903564453125e+02 5.066339373588562012e-01 6.808152794837951660e-01 5.289732217788696289e-01 0.000000000000000000e+00 1.000000000000000000e+00
2.939318237304687500e+02 2.038032073974609375e+02 2.461094207763671875e+02 4.876025915145874023e-01 6.921777725219726562e-01 5.321030020713806152e-01 0.000000000000000000e+00 1.000000000000000000e+00
2.941899719238281250e+02 2.041696624755859375e+02 2.463911285400390625e+02 4.607665538787841797e-01 7.081416845321655273e-01 5.350043177604675293e-01 0.000000000000000000e+00 1.000000000000000000e+00
2.944411315917968750e+02 2.045556640625000000e+02 2.466827545166015625e+02 4.294293224811553955e-01 7.262879014015197754e-01 5.367459058761596680e-01 0.000000000000000000e+00 1.000000000000000000e+00
2.946824340820312500e+02 2.049637756347656250e+02 2.469843597412109375e+02 3.941545486450195312e-01 7.469524145126342773e-01 5.354477763175964355e-01 0.000000000000000000e+00 1.000000000000000000e+00
2.949104614257812500e+02 2.053959045410156250e+02 2.472941284179687500e+02 3.511454164981842041e-01 7.719951868057250977e-01 5.298303961753845215e-01 0.000000000000000000e+00 1.000000000000000000e+00
2.951187744140625000e+02 2.058538818359375000e+02 2.476084442138671875e+02 2.952137887477874756e-01 8.035953640937805176e-01 5.168011188507080078e-01 0.000000000000000000e+00 1.000000000000000000e+00
2.952969360351562500e+02 2.063388519287109375e+02 2.479203338623046875e+02 2.188905179500579834e-01 8.420548439025878906e-01 4.929812550544738770e-01 0.000000000000000000e+00 1.000000000000000000e+00
2.954298095703125000e+02 2.068500061035156250e+02 2.482195892333984375e+02 1.184558868408203125e-01 8.831634521484375000e-01 4.538619220256805420e-01 0.000000000000000000e+00 1.000000000000000000e+00
2.955013427734375000e+02 2.073833312988281250e+02 2.484936676025390625e+02 -4.292594268918037415e-03 9.180786013603210449e-01 3.963750898838043213e-01 0.000000000000000000e+00 1.000000000000000000e+00
2.954987792968750000e+02 2.079315948486328125e+02 2.487303771972656250e+02 -1.376529037952423096e-01 9.364576935768127441e-01 3.226433694362640381e-01 0.000000000000000000e+00 1.000000000000000000e+00
2.954173583984375000e+02 2.084855041503906250e+02 2.489212188720703125e+02 -2.642297446727752686e-01 9.338272213935852051e-01 2.411419600248336792e-01 0.000000000000000000e+00 1.000000000000000000e+00
2.952614135742187500e+02 2.090366363525390625e+02 2.490635375976562500e+02 -3.663508892059326172e-01 9.156970381736755371e-01 1.651847660541534424e-01 0.000000000000000000e+00 1.000000000000000000e+00
2.950442199707031250e+02 2.095795135498046875e+02 2.491614685058593750e+02 -4.383224248886108398e-01 8.927221298217773438e-01 1.045022308826446533e-01 0.000000000000000000e+00 1.000000000000000000e+00
2.947821350097656250e+02 2.101132965087890625e+02 2.492239532470703125e+02 -4.823626279830932617e-01 8.736791014671325684e-01 6.333314627408981323e-02 0.000000000000000000e+00 1.000000000000000000e+00
2.944907836914062500e+02 2.106410064697265625e+02 2.492622070312500000e+02 -5.061613321304321289e-01 8.615056276321411133e-01 4.010826721787452698e-02 0.000000000000000000e+00 1.000000000000000000e+00
2.941807556152343750e+02 2.111686859130859375e+02 2.492867736816406250e+02 -5.177186131477355957e-01 8.550097942352294922e-01 3.042531013488769531e-02 0.000000000000000000e+00 1.000000000000000000e+00
2.938572387695312500e+02 2.117029724121093750e+02 2.493057861328125000e+02 -5.240359306335449219e-01 8.512025475502014160e-01 2.899184636771678925e-02 0.000000000000000000e+00 1.000000000000000000e+00
2.935202026367187500e+02 2.122504272460937500e+02 2.493244323730468750e+02 -5.286403894424438477e-01 8.482759594917297363e-01 3.109918348491191864e-02 0.000000000000000000e+00 1.000000000000000000e+00
2.931674499511718750e+02 2.128164672851562500e+02 2.493451843261718750e+02 -5.324835181236267090e-01 8.457865715026855469e-01 3.326102346181869507e-02 0.000000000000000000e+00 1.000000000000000000e+00
2.927971191406250000e+02 2.134046936035156250e+02 2.493683166503906250e+02 -5.353342294692993164e-01 8.439705371856689453e-01 3.362926840782165527e-02 0.000000000000000000e+00 1.000000000000000000e+00
2.924087219238281250e+02 2.140170135498046875e+02 2.493927154541015625e+02 -5.362837314605712891e-01 8.434365391731262207e-01 3.185183182358741760e-02 0.000000000000000000e+00 1.000000000000000000e+00
2.920040893554687500e+02 2.146533966064453125e+02 2.494167480468750000e+02 -5.353978276252746582e-01 8.441488742828369141e-01 2.760266326367855072e-02 0.000000000000000000e+00 1.000000000000000000e+00
2.915861816406250000e+02 2.153123016357421875e+02 2.494382934570312500e+02 -5.334154367446899414e-01 8.455626368522644043e-01 2.217813022434711456e-02 0.000000000000000000e+00 1.000000000000000000e+00
2.911578979492187500e+02 2.159912109375000000e+02 2.494561004638671875e+02 -5.308539867401123047e-01 8.473018407821655273e-01 1.654277183115482330e-02 0.000000000000000000e+00 1.000000000000000000e+00
2.907216186523437500e+02 2.166875610351562500e+02 2.494696960449218750e+02 -5.290596485137939453e-01 8.484987616539001465e-01 1.207458041608333588e-02 0.000000000000000000e+00 1.000000000000000000e+00
2.902783508300781250e+02 2.173984680175781250e+02 2.494798126220703125e+02 -5.284314751625061035e-01 8.489227890968322754e-01 9.504808112978935242e-03 0.000000000000000000e+00 1.000000000000000000e+00
2.898287353515625000e+02 2.181207733154296875e+02 2.494878997802734375e+02 -5.294429063796997070e-01 8.482966423034667969e-01 9.113652631640434265e-03 0.000000000000000000e+00 1.000000000000000000e+00
2.893731079101562500e+02 2.188507995605468750e+02 2.494957427978515625e+02 -5.320503711700439453e-01 8.466421961784362793e-01 1.092748064547777176e-02 0.000000000000000000e+00 1.000000000000000000e+00
2.889117431640625000e+02 2.195849609375000000e+02 2.495052185058593750e+02 -5.357440710067749023e-01 8.442637920379638672e-01 1.403397787362337112e-02 0.000000000000000000e+00 1.000000000000000000e+00
2.884451599121093750e+02 2.203202362060546875e+02 2.495174407958984375e+02 -5.402699708938598633e-01 8.413049578666687012e-01 1.772951893508434296e-02 0.000000000000000000e+00 1.000000000000000000e+00
2.879732055664062500e+02 2.210551605224609375e+02 2.495329284667968750e+02 -5.447294712066650391e-01 8.383544683456420898e-01 2.077313885092735291e-02 0.000000000000000000e+00 1.000000000000000000e+00
2.874954528808593750e+02 2.217904357910156250e+02 2.495511474609375000e+02 -5.487766265869140625e-01 8.356685638427734375e-01 2.241316251456737518e-02 0.000000000000000000e+00 1.000000000000000000e+00
2.870112609863281250e+02 2.225277557373046875e+02 2.495709228515625000e+02 -5.517973303794860840e-01 8.336848616600036621e-01 2.211925387382507324e-02 0.000000000000000000e+00 1.000000000000000000e+00
2.865205993652343750e+02 2.232690734863281250e+02 2.495905914306640625e+02 -5.536478161811828613e-01 8.325147032737731934e-01 1.983393914997577667e-02 0.000000000000000000e+00 1.000000000000000000e+00
2.860243835449218750e+02 2.240152282714843750e+02 2.496083679199218750e+02 -5.542657971382141113e-01 8.321945667266845703e-01 1.554396096616983414e-02 0.000000000000000000e+00 1.000000000000000000e+00
2.855249023437500000e+02 2.247651672363281250e+02 2.496223754882812500e+02 -5.538333654403686523e-01 8.325784206390380859e-01 9.040380828082561493e-03 0.000000000000000000e+00 1.000000000000000000e+00
2.850257263183593750e+02 2.255155792236328125e+02 2.496305236816406250e+02 -5.519264936447143555e-01 8.338926434516906738e-01 -3.069669182877987623e-04 0.000000000000000000e+00 1.000000000000000000e+00
2.845318908691406250e+02 2.262617034912109375e+02 2.496302490234375000e+02 -5.483112335205078125e-01 8.361790180206298828e-01 -1.262137386947870255e-02 0.000000000000000000e+00 1.000000000000000000e+00
2.840486450195312500e+02 2.269986572265625000e+02 2.496191253662109375e+02 -5.424147844314575195e-01 8.396630883216857910e-01 -2.742168866097927094e-02 0.000000000000000000e+00 1.000000000000000000e+00
2.835811157226562500e+02 2.277223968505859375e+02 2.495954895019531250e+02 -5.333398580551147461e-01 8.448241353034973145e-01 -4.267081990838050842e-02 0.000000000000000000e+00 1.000000000000000000e+00
2.831331176757812500e+02 2.284320373535156250e+02 2.495596466064453125e+02 -5.211315751075744629e-01 8.516857028007507324e-01 -5.525685846805572510e-02 0.000000000000000000e+00 1.000000000000000000e+00
2.827061462402343750e+02 2.291298370361328125e+02 2.495143737792968750e+02 -5.061521530151367188e-01 8.602801561355590820e-01 -6.105655059218406677e-02 0.000000000000000000e+00 1.000000000000000000e+00
2.822994689941406250e+02 2.298210449218750000e+02 2.494653167724609375e+02 -4.899602532386779785e-01 8.698053956031799316e-01 -5.811523273587226868e-02 0.000000000000000000e+00 1.000000000000000000e+00
2.819107055664062500e+02 2.305111999511718750e+02 2.494192047119140625e+02 -4.746351838111877441e-01 8.789346814155578613e-01 -4.685173556208610535e-02 0.000000000000000000e+00 1.000000000000000000e+00
2.815366210937500000e+02 2.312039337158203125e+02 2.493822784423828125e+02 -4.621914923191070557e-01 8.862695097923278809e-01 -3.008957765996456146e-02 0.000000000000000000e+00 1.000000000000000000e+00
2.811744995117187500e+02 2.318983154296875000e+02 2.493587036132812500e+02 -4.534250795841217041e-01 8.912202715873718262e-01 -1.149606052786111832e-02 0.000000000000000000e+00 1.000000000000000000e+00
2.808230285644531250e+02 2.325891418457031250e+02 2.493497924804687500e+02 -4.488808214664459229e-01 8.935678005218505859e-01 6.521513685584068298e-03 0.000000000000000000e+00 1.000000000000000000e+00
2.804816894531250000e+02 2.332686309814453125e+02 2.493547515869140625e+02 -4.485831856727600098e-01 8.934498429298400879e-01 2.281526476144790649e-02 0.000000000000000000e+00 1.000000000000000000e+00
2.801501770019531250e+02 2.339289093017578125e+02 2.493716125488281250e+02 -4.526816904544830322e-01 8.908855915069580078e-01 3.744546696543693542e-02 0.000000000000000000e+00 1.000000000000000000e+00
2.798271789550781250e+02 2.345645751953125000e+02 2.493983306884765625e+02 -4.616762995719909668e-01 8.855488300323486328e-01 5.155866220593452454e-02 0.000000000000000000e+00 1.000000000000000000e+00
2.795096435546875000e+02 2.351736450195312500e+02 2.494337921142578125e+02 -4.764865934848785400e-01 8.766986727714538574e-01 6.602972000837326050e-02 0.000000000000000000e+00 1.000000000000000000e+00
2.791924133300781250e+02 2.357573242187500000e+02 2.494777526855468750e+02 -4.975872039794921875e-01 8.635776042938232422e-01 8.149041980504989624e-02 0.000000000000000000e+00 1.000000000000000000e+00
2.788692016601562500e+02 2.363182678222656250e+02 2.495306854248046875e+02 -5.244599580764770508e-01 8.457709550857543945e-01 9.804727137088775635e-02 0.000000000000000000e+00 1.000000000000000000e+00
2.785334167480468750e+02 2.368597717285156250e+02 2.495934600830078125e+02 -5.554378628730773926e-01 8.234639763832092285e-01 1.157401576638221741e-01 0.000000000000000000e+00 1.000000000000000000e+00
2.781792907714843750e+02 2.373847808837890625e+02 2.496672515869140625e+02 -5.878376364707946777e-01 7.977796196937561035e-01 1.341435313224792480e-01 0.000000000000000000e+00 1.000000000000000000e+00
2.778031005859375000e+02 2.378953247070312500e+02 2.497530975341796875e+02 -6.189073324203491211e-01 7.704653739929199219e-01 1.527640670537948608e-01 0.000000000000000000e+00 1.000000000000000000e+00
2.774037475585937500e+02 2.383924713134765625e+02 2.498516693115234375e+02 -6.469587087631225586e-01 7.431238293647766113e-01 1.709133237600326538e-01 0.000000000000000000e+00 1.000000000000000000e+00
2.769824523925781250e+02 2.388763885498046875e+02 2.499629669189453125e+02 -6.712026000022888184e-01 7.169706225395202637e-01 1.882556378841400146e-01 0.000000000000000000e+00 1.000000000000000000e+00
2.765418395996093750e+02 2.393470458984375000e+02 2.500865478515625000e+02 -6.920687556266784668e-01 6.922998428344726562e-01 2.043571919202804565e-01 0.000000000000000000e+00 1.000000000000000000e+00
2.760849304199218750e+02 2.398041076660156250e+02 2.502214660644531250e+02 -7.100425362586975098e-01 6.691839098930358887e-01 2.191634178161621094e-01 0.000000000000000000e+00 1.000000000000000000e+00
2.756142578125000000e+02 2.402476959228515625e+02 2.503667449951171875e+02 -7.259665727615356445e-01 6.471080780029296875e-01 2.328598052263259888e-01 0.000000000000000000e+00 1.000000000000000000e+00
2.751313171386718750e+02 2.406781768798828125e+02 2.505216522216796875e+02 -7.408033013343811035e-01 6.252240538597106934e-01 2.455715388059616089e-01 0.000000000000000000e+00 1.000000000000000000e+00
2.746364440917968750e+02 2.410958404541015625e+02 2.506856994628906250e+02 -7.547125816345214844e-01 6.031793355941772461e-01 2.580380737781524658e-01 0.000000000000000000e+00 1.000000000000000000e+00
2.741295471191406250e+02 2.415009613037109375e+02 2.508590087890625000e+02 -7.678933143615722656e-01 5.807145237922668457e-01 2.703894078731536865e-01 0.000000000000000000e+00 1.000000000000000000e+00
2.736102294921875000e+02 2.418936920166015625e+02 2.510418701171875000e+02 -7.801966667175292969e-01 5.579927563667297363e-01 2.827318310737609863e-01 0.000000000000000000e+00 1.000000000000000000e+00
2.730780029296875000e+02 2.422743377685546875e+02 2.512347412109375000e+02 -7.914188504219055176e-01 5.354861617088317871e-01 2.948063015937805176e-01 0.000000000000000000e+00 1.000000000000000000e+00
2.725325012207031250e+02 2.426434326171875000e+02 2.514379425048828125e+02 -8.011810183525085449e-01 5.138550400733947754e-01 3.066952824592590332e-01 0.000000000000000000e+00 1.000000000000000000e+00
2.719732971191406250e+02 2.430020904541015625e+02 2.516520080566406250e+02 -8.095929622650146484e-01 4.934487342834472656e-01 3.179112374782562256e-01 0.000000000000000000e+00 1.000000000000000000e+00
2.714000244140625000e+02 2.433515014648437500e+02 2.518771209716796875e+02 -8.167478442192077637e-01 4.742844700813293457e-01 3.285986483097076416e-01 0.000000000000000000e+00 1.000000000000000000e+00
2.708121643066406250e+02 2.436928710937500000e+02 2.521136322021484375e+02 -8.227140307426452637e-01 4.567739963531494141e-01 3.383773267269134521e-01 0.000000000000000000e+00 1.000000000000000000e+00
2.702095947265625000e+02 2.440274200439453125e+02 2.523614654541015625e+02 -8.277846574783325195e-01 4.407487809658050537e-01 3.471499979496002197e-01 0.000000000000000000e+00 1.000000000000000000e+00
2.695920715332031250e+02 2.443562164306640625e+02 2.526204376220703125e+02 -8.319457173347473145e-01 4.265343248844146729e-01 3.548730015754699707e-01 0.000000000000000000e+00 1.000000000000000000e+00
2.689598388671875000e+02 2.446803588867187500e+02 2.528901214599609375e+02 -8.353960514068603516e-01 4.139506220817565918e-01 3.616052269935607910e-01 0.000000000000000000e+00 1.000000000000000000e+00
2.683135375976562500e+02 2.450006103515625000e+02 2.531698760986328125e+02 -8.379222154617309570e-01 4.033182263374328613e-01 3.677239120006561279e-01 0.000000000000000000e+00 1.000000000000000000e+00
2.676547546386718750e+02 2.453177032470703125e+02 2.534589843750000000e+02 -8.394070267677307129e-01 3.946748971939086914e-01 3.736676871776580811e-01 0.000000000000000000e+00 1.000000000000000000e+00
2.669859008789062500e+02 2.456321868896484375e+02 2.537567291259765625e+02 -8.397906422615051270e-01 3.876598477363586426e-01 3.800940215587615967e-01 0.000000000000000000e+00 1.000000000000000000e+00
2.663101196289062500e+02 2.459441375732421875e+02 2.540625915527343750e+02 -8.394004702568054199e-01 3.817582428455352783e-01 3.868687152862548828e-01 0.000000000000000000e+00 1.000000000000000000e+00
2.656309204101562500e+02 2.462530364990234375e+02 2.543756256103515625e+02 -8.385279774665832520e-01 3.763258457183837891e-01 3.940173387527465820e-01 0.000000000000000000e+00 1.000000000000000000e+00
2.649518127441406250e+02 2.465578155517578125e+02 2.546947326660156250e+02 -8.379018306732177734e-01 3.706358671188354492e-01 4.006863832473754883e-01 0.000000000000000000e+00 1.000000000000000000e+00
2.642749023437500000e+02 2.468572387695312500e+02 2.550184326171875000e+02 -8.380964994430541992e-01 3.639482855796813965e-01 4.063693583011627197e-01 0.000000000000000000e+00 1.000000000000000000e+00
2.636011352539062500e+02 2.471498260498046875e+02 2.553451232910156250e+02 -8.395235538482666016e-01 3.560465574264526367e-01 4.104036688804626465e-01 0.000000000000000000e+00 1.000000000000000000e+00
2.629290161132812500e+02 2.474348754882812500e+02 2.556736907958984375e+02 -8.420507907867431641e-01 3.471971154212951660e-01 4.128010571002960205e-01 0.000000000000000000e+00 1.000000000000000000e+00
2.622556762695312500e+02 2.477125091552734375e+02 2.560037841796875000e+02 -8.453156948089599609e-01 3.379626274108886719e-01 4.137906134128570557e-01 0.000000000000000000e+00 1.000000000000000000e+00
2.615778198242187500e+02 2.479835205078125000e+02 2.563356018066406250e+02 -8.490926027297973633e-01 3.295090794563293457e-01 4.128747284412384033e-01 0.000000000000000000e+00 1.000000000000000000e+00
2.608929138183593750e+02 2.482493133544921875e+02 2.566686401367187500e+02 -8.534431457519531250e-01 3.232066333293914795e-01 4.088670313358306885e-01 0.000000000000000000e+00 1.000000000000000000e+00
2.602007446289062500e+02 2.485114440917968750e+02 2.570002441406250000e+02 -8.586921095848083496e-01 3.204260170459747314e-01 3.999686539173126221e-01 0.000000000000000000e+00 1.000000000000000000e+00
2.595036315917968750e+02 2.487715759277343750e+02 2.573249511718750000e+02 -8.655240535736083984e-01 3.213053345680236816e-01 3.842277824878692627e-01 0.000000000000000000e+00 1.000000000000000000e+00
2.588051147460937500e+02 2.490308837890625000e+02 2.576350402832031250e+02 -8.741655349731445312e-01 3.248109519481658936e-01 3.610159158706665039e-01 0.000000000000000000e+00 1.000000000000000000e+00
2.581084289550781250e+02 2.492897491455078125e+02 2.579227600097656250e+02 -8.845697641372680664e-01 3.284650146961212158e-01 3.311300575733184814e-01 0.000000000000000000e+00 1.000000000000000000e+00
2.574145812988281250e+02 2.495473937988281250e+02 2.581824951171875000e+02 -8.956209421157836914e-01 3.300861716270446777e-01 2.981716692447662354e-01 0.000000000000000000e+00 1.000000000000000000e+00
2.567225952148437500e+02 2.498024291992187500e+02 2.584128723144531250e+02 -9.060303568840026855e-01 3.279972970485687256e-01 2.674448788166046143e-01 0.000000000000000000e+00 1.000000000000000000e+00
2.560301208496093750e+02 2.500531158447265625e+02 2.586172790527343750e+02 -9.146485328674316406e-01 3.225322663784027100e-01 2.437026649713516235e-01 0.000000000000000000e+00 1.000000000000000000e+00
2.553355712890625000e+02 2.502980346679687500e+02 2.588023376464843750e+02 -9.210413694381713867e-01 3.145235776901245117e-01 2.296905517578125000e-01 0.000000000000000000e+00 1.000000000000000000e+00
2.546387786865234375e+02 2.505359802246093750e+02 2.589761047363281250e+02 -9.253210425376892090e-01 3.048018813133239746e-01 2.255586534738540649e-01 0.000000000000000000e+00 1.000000000000000000e+00
2.539415740966796875e+02 2.507656402587890625e+02 2.591460571289062500e+02 -9.286856055259704590e-01 2.923028469085693359e-01 2.282590866088867188e-01 0.000000000000000000e+00 1.000000000000000000e+00
2.532461395263671875e+02 2.509845275878906250e+02 2.593169860839843750e+02 -9.326787590980529785e-01 2.752217352390289307e-01 2.331594228744506836e-01 0.000000000000000000e+00 1.000000000000000000e+00
2.525528717041015625e+02 2.511891021728515625e+02 2.594902954101562500e+02 -9.386984109878540039e-01 2.528257966041564941e-01 2.343595921993255615e-01 0.000000000000000000e+00 1.000000000000000000e+00
2.518594360351562500e+02 2.513758697509765625e+02 2.596634216308593750e+02 -9.474432468414306641e-01 2.264991551637649536e-01 2.259410172700881958e-01 0.000000000000000000e+00 1.000000000000000000e+00
2.511600799560546875e+02 2.515430603027343750e+02 2.598302001953125000e+02 -9.581307768821716309e-01 2.001990824937820435e-01 2.047089934349060059e-01 0.000000000000000000e+00 1.000000000000000000e+00
2.504468994140625000e+02 2.516920776367187500e+02 2.599825744628906250e+02 -9.686834216117858887e-01 1.788840293884277344e-01 1.722005456686019897e-01 0.000000000000000000e+00 1.000000000000000000e+00
2.497126617431640625e+02 2.518276672363281250e+02 2.601130981445312500e+02 -9.767930507659912109e-01 1.663545221090316772e-01 1.349128037691116333e-01 0.000000000000000000e+00 1.000000000000000000e+00
2.489532470703125000e+02 2.519570007324218750e+02 2.602179870605468750e+02 -9.814016222953796387e-01 1.634746491909027100e-01 1.006321012973785400e-01 0.000000000000000000e+00 1.000000000000000000e+00
2.481690216064453125e+02 2.520876312255859375e+02 2.602984008789062500e+02 -9.827268123626708984e-01 1.687947958707809448e-01 7.586995512247085571e-02 0.000000000000000000e+00 1.000000000000000000e+00
2.473654022216796875e+02 2.522256622314453125e+02 2.603604431152343750e+02 -9.818885326385498047e-01 1.793474107980728149e-01 6.106930226087570190e-02 0.000000000000000000e+00 1.000000000000000000e+00
2.465503997802734375e+02 2.523745269775390625e+02 2.604111328125000000e+02 -9.800691008567810059e-01 1.914781332015991211e-01 5.292237922549247742e-02 0.000000000000000000e+00 1.000000000000000000e+00
2.457320556640625000e+02 2.525344085693359375e+02 2.604553222656250000e+02 -9.785469174385070801e-01 2.014047503471374512e-01 4.338286072015762329e-02 0.000000000000000000e+00 1.000000000000000000e+00
2.449156646728515625e+02 2.527024383544921875e+02 2.604915161132812500e+02 -9.783762097358703613e-01 2.053282409906387329e-01 2.490385435521602631e-02 0.000000000000000000e+00 1.000000000000000000e+00
2.441027984619140625e+02 2.528730316162109375e+02 2.605122070312500000e+02 -9.796745181083679199e-01 2.004554271697998047e-01 -7.448173593729734421e-03 0.000000000000000000e+00 1.000000000000000000e+00
2.432919616699218750e+02 2.530389404296875000e+02 2.605060424804687500e+02 -9.812852144241333008e-01 1.851578950881958008e-01 -5.287589877843856812e-02 0.000000000000000000e+00 1.000000000000000000e+00
2.424803771972656250e+02 2.531920776367187500e+02 2.604623107910156250e+02 -9.815160036087036133e-01 1.600026190280914307e-01 -1.050022915005683899e-01 0.000000000000000000e+00 1.000000000000000000e+00
2.416653747558593750e+02 2.533249359130859375e+02 2.603751220703125000e+02 -9.795899987220764160e-01 1.267693936824798584e-01 -1.559901982545852661e-01 0.000000000000000000e+00 1.000000000000000000e+00
2.408459014892578125e+02 2.534309844970703125e+02 2.602446289062500000e+02 -9.760165810585021973e-01 8.787618577480316162e-02 -1.991715729236602783e-01 0.000000000000000000e+00 1.000000000000000000e+00
2.400217437744140625e+02 2.535051879882812500e+02 2.600764465332031250e+02 -9.715929627418518066e-01 4.479317739605903625e-02 -2.323802709579467773e-01 0.000000000000000000e+00 1.000000000000000000e+00
2.391936492919921875e+02 2.535433654785156250e+02 2.598783874511718750e+02 -9.663977622985839844e-01 -6.034882972016930580e-04 -2.570505142211914062e-01 0.000000000000000000e+00 1.000000000000000000e+00
2.383628692626953125e+02 2.535428466796875000e+02 2.596574096679687500e+02 -9.598330259323120117e-01 -4.550356045365333557e-02 -2.768573164939880371e-01 0.000000000000000000e+00 1.000000000000000000e+00
2.375305328369140625e+02 2.535033874511718750e+02 2.594173278808593750e+02 -9.511778354644775391e-01 -8.545152842998504639e-02 -2.965783476829528809e-01 0.000000000000000000e+00 1.000000000000000000e+00
2.366981048583984375e+02 2.534286041259765625e+02 2.591577758789062500e+02 -9.404889941215515137e-01 -1.151894032955169678e-01 -3.197058439254760742e-01 0.000000000000000000e+00 1.000000000000000000e+00
2.358668823242187500e+02 2.533267974853515625e+02 2.588752136230468750e+02 -9.287203550338745117e-01 -1.298338174819946289e-01 -3.473063111305236816e-01 0.000000000000000000e+00 1.000000000000000000e+00
2.350380096435546875e+02 2.532109222412109375e+02 2.585652465820312500e+02 -9.169868230819702148e-01 -1.272579431533813477e-01 -3.780748546123504639e-01 0.000000000000000000e+00 1.000000000000000000e+00
2.342133789062500000e+02 2.530964813232421875e+02 2.582252502441406250e+02 -9.060291051864624023e-01 -1.085664704442024231e-01 -4.090532660484313965e-01 0.000000000000000000e+00 1.000000000000000000e+00
2.333963623046875000e+02 2.529985809326171875e+02 2.578563842773437500e+02 -8.960917592048645020e-01 -7.804686576128005981e-02 -4.369534850120544434e-01 0.000000000000000000e+00 1.000000000000000000e+00
2.325932769775390625e+02 2.529286346435546875e+02 2.574647827148437500e+02 -8.873630166053771973e-01 -4.076538607478141785e-02 -4.592657387256622314e-01 0.000000000000000000e+00 1.000000000000000000e+00
2.318130645751953125e+02 2.528927917480468750e+02 2.570609741210937500e+02 -8.797201514244079590e-01 -1.095765619538724422e-03 -4.754904210567474365e-01 0.000000000000000000e+00 1.000000000000000000e+00
2.310657958984375000e+02 2.528918609619140625e+02 2.566570739746093750e+02 -8.727568387985229492e-01 3.818712010979652405e-02 -4.866593778133392334e-01 0.000000000000000000e+00 1.000000000000000000e+00
2.303599548339843750e+02 2.529227447509765625e+02 2.562634887695312500e+02 -8.658624291419982910e-01 7.560877501964569092e-02 -4.945357739925384521e-01 0.000000000000000000e+00 1.000000000000000000e+00
2.296990814208984375e+02 2.529804534912109375e+02 2.558860321044921875e+02 -8.585964441299438477e-01 1.101986169815063477e-01 -5.006679892539978027e-01 0.000000000000000000e+00 1.000000000000000000e+00
2.290802764892578125e+02 2.530598754882812500e+02 2.555251922607421875e+02 -8.506376743316650391e-01 1.404238492250442505e-01 -5.066524744033813477e-01 0.000000000000000000e+00 1.000000000000000000e+00
2.284949951171875000e+02 2.531564941406250000e+02 2.551765899658203125e+02 -8.423711657524108887e-01 1.646701097488403320e-01 -5.131223797798156738e-01 0.000000000000000000e+00 1.000000000000000000e+00
2.279327545166015625e+02 2.532664031982421875e+02 2.548341064453125000e+02 -8.345643877983093262e-01 1.823478490114212036e-01 -5.198572278022766113e-01 0.000000000000000000e+00 1.000000000000000000e+00
2.273837738037109375e+02 2.533863525390625000e+02 2.544921417236328125e+02 -8.281082510948181152e-01 1.939342767000198364e-01 -5.259527564048767090e-01 0.000000000000000000e+00 1.000000000000000000e+00
2.268425903320312500e+02 2.535130920410156250e+02 2.541484222412109375e+02 -8.232330083847045898e-01 2.006850093603134155e-01 -5.310488343238830566e-01 0.000000000000000000e+00 1.000000000000000000e+00
2.263099212646484375e+02 2.536429443359375000e+02 2.538048095703125000e+02 -8.197978138923645020e-01 2.045444250106811523e-01 -5.348767638206481934e-01 0.000000000000000000e+00 1.000000000000000000e+00
2.257926025390625000e+02 2.537720184326171875e+02 2.534672851562500000e+02 -8.176079988479614258e-01 2.066759020090103149e-01 -5.374032258987426758e-01 0.000000000000000000e+00 1.000000000000000000e+00
2.253029327392578125e+02 2.538957977294921875e+02 2.531454315185546875e+02 -8.163236379623413086e-01 2.077630609273910522e-01 -5.389342904090881348e-01 0.000000000000000000e+00 1.000000000000000000e+00
2.248563995361328125e+02 2.540094451904296875e+02 2.528506317138671875e+02 -8.156070709228515625e-01 2.081500589847564697e-01 -5.398691892623901367e-01 0.000000000000000000e+00 1.000000000000000000e+00
2.244682464599609375e+02 2.541085052490234375e+02 2.525937042236328125e+02 -8.152176141738891602e-01 2.083603292703628540e-01 -5.403759479522705078e-01 0.000000000000000000e+00 1.000000000000000000e+00
2.241501617431640625e+02 2.541898040771484375e+02 2.523828582763671875e+02 -8.152176141738891602e-01 2.083603292703628540e-01 -5.403759479522705078e-01 0.000000000000000000e+00 1.000000000000000000e+00
