2.315477447509765625e+02 2.086513214111328125e+02 4.800941467285156250e+01 5.416876673698425293e-01 -8.299818634986877441e-01 -1.330588608980178833e-01 0.000000000000000000e+00 2.000000000000000000e+00
2.312067108154296875e+02 2.091738586425781250e+02 4.809318542480468750e+01 5.480216145515441895e-01 -8.256955742835998535e-01 -1.337875723838806152e-01 0.000000000000000000e+00 2.000000000000000000e+00
2.308734283447265625e+02 2.096760101318359375e+02 4.817454910278320312e+01 5.536783337593078613e-01 -8.220724463462829590e-01 -1.328045129776000977e-01 0.000000000000000000e+00 2.000000000000000000e+00
2.305442962646484375e+02 2.101646881103515625e+02 4.825349426269531250e+01 5.570032596588134766e-01 -8.198221325874328613e-01 -1.328122168779373169e-01 0.000000000000000000e+00 2.000000000000000000e+00
2.302156066894531250e+02 2.106484680175781250e+02 4.833186721801757812e+01 5.568730235099792480e-01 -8.194007277488708496e-01 -1.359225809574127197e-01 0.000000000000000000e+00 2.000000000000000000e+00
2.298836517333984375e+02 2.111369171142578125e+02 4.841289138793945312e+01 5.527976751327514648e-01 -8.209792375564575195e-01 -1.428558677434921265e-01 0.000000000000000000e+00 2.000000000000000000e+00
2.295449066162109375e+02 2.116399993896484375e+02 4.850043106079101562e+01 5.457146167755126953e-01 -8.239539265632629395e-01 -1.526282578706741333e-01 0.000000000000000000e+00 2.000000000000000000e+00
2.291960144042968750e+02 2.121667785644531250e+02 4.859801101684570312e+01 5.367983579635620117e-01 -8.277615308761596680e-01 -1.632743626832962036e-01 0.000000000000000000e+00 2.000000000000000000e+00
2.288346405029296875e+02 2.127240295410156250e+02 4.870792770385742188e+01 5.275503396987915039e-01 -8.318211436271667480e-01 -1.725229620933532715e-01 0.000000000000000000e+00 2.000000000000000000e+00
2.284602355957031250e+02 2.133143768310546875e+02 4.883036804199218750e+01 5.187436938285827637e-01 -8.360391259193420410e-01 -1.787278205156326294e-01 0.000000000000000000e+00 2.000000000000000000e+00
2.280750122070312500e+02 2.139352264404296875e+02 4.896309280395507812e+01 5.104590654373168945e-01 -8.405579328536987305e-01 -1.813669800758361816e-01 0.000000000000000000e+00 2.000000000000000000e+00
2.276843109130859375e+02 2.145785827636718750e+02 4.910190963745117188e+01 5.019716024398803711e-01 -8.457934856414794922e-01 -1.807151138782501221e-01 0.000000000000000000e+00 2.000000000000000000e+00
2.272960815429687500e+02 2.152327270507812500e+02 4.924167633056640625e+01 4.921942651271820068e-01 -8.520941138267517090e-01 -1.779900491237640381e-01 0.000000000000000000e+00 2.000000000000000000e+00
2.269195861816406250e+02 2.158845214843750000e+02 4.937782669067382812e+01 4.805632233619689941e-01 -8.594217896461486816e-01 -1.745086908340454102e-01 0.000000000000000000e+00 2.000000000000000000e+00
2.265629119873046875e+02 2.165223846435546875e+02 4.950734710693359375e+01 4.667709171772003174e-01 -8.675633668899536133e-01 -1.716354042291641235e-01 0.000000000000000000e+00 2.000000000000000000e+00
2.262315063476562500e+02 2.171383514404296875e+02 4.962920761108398438e+01 4.520963728427886963e-01 -8.755862116813659668e-01 -1.701693236827850342e-01 0.000000000000000000e+00 2.000000000000000000e+00
2.259264526367187500e+02 2.177291564941406250e+02 4.974402999877929688e+01 4.379744529724121094e-01 -8.827005028724670410e-01 -1.703471690416336060e-01 0.000000000000000000e+00 2.000000000000000000e+00
2.256453399658203125e+02 2.182957153320312500e+02 4.985336685180664062e+01 4.262301623821258545e-01 -8.881635069847106934e-01 -1.717363446950912476e-01 0.000000000000000000e+00 2.000000000000000000e+00
2.253832092285156250e+02 2.188419342041015625e+02 4.995898437500000000e+01 4.177392423152923584e-01 -8.918313980102539062e-01 -1.735817939043045044e-01 0.000000000000000000e+00 2.000000000000000000e+00
2.251344757080078125e+02 2.193729553222656250e+02 5.006233978271484375e+01 4.125675261020660400e-01 -8.939006924629211426e-01 -1.752986460924148560e-01 0.000000000000000000e+00 2.000000000000000000e+00
2.248940734863281250e+02 2.198938293457031250e+02 5.016448593139648438e+01 4.097734689712524414e-01 -8.949456810951232910e-01 -1.765160709619522095e-01 0.000000000000000000e+00 2.000000000000000000e+00
2.246583099365234375e+02 2.204087371826171875e+02 5.026604461669921875e+01 4.084202647209167480e-01 -8.954054713249206543e-01 -1.773185878992080688e-01 0.000000000000000000e+00 2.000000000000000000e+00
2.244249420166015625e+02 2.209203643798828125e+02 5.036736297607421875e+01 4.076444208621978760e-01 -8.956720829010009766e-01 -1.777572184801101685e-01 0.000000000000000000e+00 2.000000000000000000e+00
2.241925659179687500e+02 2.214309387207031250e+02 5.046869277954101562e+01 4.070512652397155762e-01 -8.958550691604614258e-01 -1.781935691833496094e-01 0.000000000000000000e+00 2.000000000000000000e+00
2.239603118896484375e+02 2.219420928955078125e+02 5.057036590576171875e+01 4.063133001327514648e-01 -8.960849642753601074e-01 -1.787213534116744995e-01 0.000000000000000000e+00 2.000000000000000000e+00
2.237276458740234375e+02 2.224552154541015625e+02 5.067270660400390625e+01 4.044496119022369385e-01 -8.967115283012390137e-01 -1.798023879528045654e-01 0.000000000000000000e+00 2.000000000000000000e+00
2.234942474365234375e+02 2.229726867675781250e+02 5.077646636962890625e+01 4.012972116470336914e-01 -8.977140188217163086e-01 -1.818516701459884644e-01 0.000000000000000000e+00 2.000000000000000000e+00
2.232595367431640625e+02 2.234977416992187500e+02 5.088282775878906250e+01 3.965561687946319580e-01 -8.990856409072875977e-01 -1.854405701160430908e-01 0.000000000000000000e+00 2.000000000000000000e+00
2.230229187011718750e+02 2.240342102050781250e+02 5.099347686767578125e+01 3.903567790985107422e-01 -9.006104469299316406e-01 -1.911082714796066284e-01 0.000000000000000000e+00 2.000000000000000000e+00
2.227840118408203125e+02 2.245854034423828125e+02 5.111043930053710938e+01 3.836341798305511475e-01 -9.018108248710632324e-01 -1.989021003246307373e-01 0.000000000000000000e+00 2.000000000000000000e+00
2.225427551269531250e+02 2.251525268554687500e+02 5.123552322387695312e+01 3.783797621726989746e-01 -9.017581343650817871e-01 -2.089521884918212891e-01 0.000000000000000000e+00 2.000000000000000000e+00
2.222990264892578125e+02 2.257333831787109375e+02 5.137011718750000000e+01 3.763621151447296143e-01 -8.997497558593750000e-01 -2.209117412567138672e-01 0.000000000000000000e+00 2.000000000000000000e+00
2.220529479980468750e+02 2.263216705322265625e+02 5.151455688476562500e+01 3.793227374553680420e-01 -8.950387239456176758e-01 -2.345633953809738159e-01 0.000000000000000000e+00 2.000000000000000000e+00
2.218042297363281250e+02 2.269085388183593750e+02 5.166835784912109375e+01 3.880267739295959473e-01 -8.870524168014526367e-01 -2.501464486122131348e-01 0.000000000000000000e+00 2.000000000000000000e+00
2.215519256591796875e+02 2.274853210449218750e+02 5.183100891113281250e+01 4.014582633972167969e-01 -8.758223056793212891e-01 -2.678929865360260010e-01 0.000000000000000000e+00 2.000000000000000000e+00
2.212948150634765625e+02 2.280462341308593750e+02 5.200257873535156250e+01 4.174920320510864258e-01 -8.619635105133056641e-01 -2.876095175743103027e-01 0.000000000000000000e+00 2.000000000000000000e+00
2.210315399169921875e+02 2.285897979736328125e+02 5.218394851684570312e+01 4.325419962406158447e-01 -8.473223447799682617e-01 -3.081433475017547607e-01 0.000000000000000000e+00 2.000000000000000000e+00
2.207617645263671875e+02 2.291182708740234375e+02 5.237613677978515625e+01 4.436741471290588379e-01 -8.342540264129638672e-01 -3.273735940456390381e-01 0.000000000000000000e+00 2.000000000000000000e+00
2.204866027832031250e+02 2.296356658935546875e+02 5.257917022705078125e+01 4.491611719131469727e-01 -8.251037597656250000e-01 -3.427214622497558594e-01 0.000000000000000000e+00 2.000000000000000000e+00
2.202089691162109375e+02 2.301456756591796875e+02 5.279101181030273438e+01 4.494357407093048096e-01 -8.209441304206848145e-01 -3.522190153598785400e-01 0.000000000000000000e+00 2.000000000000000000e+00
2.199328155517578125e+02 2.306501007080078125e+02 5.300743103027343750e+01 4.455016851425170898e-01 -8.219158053398132324e-01 -3.549404740333557129e-01 0.000000000000000000e+00 2.000000000000000000e+00
2.196622314453125000e+02 2.311493072509765625e+02 5.322301101684570312e+01 4.393439888954162598e-01 -8.267115354537963867e-01 -3.514611124992370605e-01 0.000000000000000000e+00 2.000000000000000000e+00
2.194001464843750000e+02 2.316424713134765625e+02 5.343267059326171875e+01 4.326938092708587646e-01 -8.336582779884338379e-01 -3.432053923606872559e-01 0.000000000000000000e+00 2.000000000000000000e+00
2.191473236083984375e+02 2.321295776367187500e+02 5.363320541381835938e+01 4.271945655345916748e-01 -8.408582210540771484e-01 -3.323584496974945068e-01 0.000000000000000000e+00 2.000000000000000000e+00
2.189021148681640625e+02 2.326122283935546875e+02 5.382397842407226562e+01 4.245847463607788086e-01 -8.466182351112365723e-01 -3.208824098110198975e-01 0.000000000000000000e+00 2.000000000000000000e+00
2.186608734130859375e+02 2.330932617187500000e+02 5.400629806518554688e+01 4.263488948345184326e-01 -8.499360680580139160e-01 -3.095728456974029541e-01 0.000000000000000000e+00 2.000000000000000000e+00
2.184182434082031250e+02 2.335769500732421875e+02 5.418247222900390625e+01 4.329794645309448242e-01 -8.506095409393310547e-01 -2.983157038688659668e-01 0.000000000000000000e+00 2.000000000000000000e+00
2.181681671142578125e+02 2.340682373046875000e+02 5.435477066040039062e+01 4.441573619842529297e-01 -8.490192294120788574e-01 -2.861652970314025879e-01 0.000000000000000000e+00 2.000000000000000000e+00
2.179046325683593750e+02 2.345719909667968750e+02 5.452456283569335938e+01 4.591731727123260498e-01 -8.455448150634765625e-01 -2.724223136901855469e-01 0.000000000000000000e+00 2.000000000000000000e+00
2.176223602294921875e+02 2.350917816162109375e+02 5.469203186035156250e+01 4.764561951160430908e-01 -8.409329056739807129e-01 -2.565570175647735596e-01 0.000000000000000000e+00 2.000000000000000000e+00
2.173179321289062500e+02 2.356290893554687500e+02 5.485595703125000000e+01 4.950383603572845459e-01 -8.353298306465148926e-01 -2.390837818384170532e-01 0.000000000000000000e+00 2.000000000000000000e+00
2.169895172119140625e+02 2.361832580566406250e+02 5.501456832885742188e+01 5.136455297470092773e-01 -8.290340900421142578e-01 -2.210672199726104736e-01 0.000000000000000000e+00 2.000000000000000000e+00
2.166377563476562500e+02 2.367510070800781250e+02 5.516596221923828125e+01 5.318044424057006836e-01 -8.219745159149169922e-01 -2.038184851408004761e-01 0.000000000000000000e+00 2.000000000000000000e+00
2.162647552490234375e+02 2.373275299072265625e+02 5.530891799926757812e+01 5.488573908805847168e-01 -8.142095804214477539e-01 -1.892571002244949341e-01 0.000000000000000000e+00 2.000000000000000000e+00
2.158739929199218750e+02 2.379072113037109375e+02 5.544366073608398438e+01 5.645383596420288086e-01 -8.057813048362731934e-01 -1.789218634366989136e-01 0.000000000000000000e+00 2.000000000000000000e+00
2.154690704345703125e+02 2.384851684570312500e+02 5.557199478149414062e+01 5.784085988998413086e-01 -7.970224022865295410e-01 -1.737775802612304688e-01 0.000000000000000000e+00 2.000000000000000000e+00
2.150537261962890625e+02 2.390574951171875000e+02 5.569678115844726562e+01 5.903788805007934570e-01 -7.882444858551025391e-01 -1.735612452030181885e-01 0.000000000000000000e+00 2.000000000000000000e+00
2.146309967041015625e+02 2.396219024658203125e+02 5.582105636596679688e+01 6.002081632614135742e-01 -7.799899578094482422e-01 -1.771039366722106934e-01 0.000000000000000000e+00 2.000000000000000000e+00
2.142034912109375000e+02 2.401774597167968750e+02 5.594720077514648438e+01 6.077999472618103027e-01 -7.727739214897155762e-01 -1.827559769153594971e-01 0.000000000000000000e+00 2.000000000000000000e+00
2.137732086181640625e+02 2.407245330810546875e+02 5.607658004760742188e+01 6.131640672683715820e-01 -7.670080661773681641e-01 -1.890199035406112671e-01 0.000000000000000000e+00 2.000000000000000000e+00
2.133417205810546875e+02 2.412642822265625000e+02 5.620959472656250000e+01 6.161316037178039551e-01 -7.630847692489624023e-01 -1.951497346162796021e-01 0.000000000000000000e+00 2.000000000000000000e+00
2.129101409912109375e+02 2.417987976074218750e+02 5.634629058837890625e+01 6.167060136795043945e-01 -7.611042261123657227e-01 -2.009825259447097778e-01 0.000000000000000000e+00 2.000000000000000000e+00
2.124792480468750000e+02 2.423305816650390625e+02 5.648671722412109375e+01 6.149472594261169434e-01 -7.610327005386352539e-01 -2.065650820732116699e-01 0.000000000000000000e+00 2.000000000000000000e+00
2.120494079589843750e+02 2.428625335693359375e+02 5.663110351562500000e+01 6.113170981407165527e-01 -7.624766230583190918e-01 -2.119453102350234985e-01 0.000000000000000000e+00 2.000000000000000000e+00
2.116206512451171875e+02 2.433973083496093750e+02 5.677975463867187500e+01 6.064447164535522461e-01 -7.649062871932983398e-01 -2.171249985694885254e-01 0.000000000000000000e+00 2.000000000000000000e+00
2.111927795410156250e+02 2.439369812011718750e+02 5.693294525146484375e+01 6.010488867759704590e-01 -7.676967382431030273e-01 -2.222203761339187622e-01 0.000000000000000000e+00 2.000000000000000000e+00
2.107657165527343750e+02 2.444824523925781250e+02 5.709083938598632812e+01 5.957576632499694824e-01 -7.702012062072753906e-01 -2.277344763278961182e-01 0.000000000000000000e+00 2.000000000000000000e+00
2.103395996093750000e+02 2.450333404541015625e+02 5.725372695922851562e+01 5.907042622566223145e-01 -7.721392512321472168e-01 -2.342420518398284912e-01 0.000000000000000000e+00 2.000000000000000000e+00
2.099151458740234375e+02 2.455881652832031250e+02 5.742204284667968750e+01 5.856581926345825195e-01 -7.735860347747802734e-01 -2.420105934143066406e-01 0.000000000000000000e+00 2.000000000000000000e+00
2.094935455322265625e+02 2.461450500488281250e+02 5.759626007080078125e+01 5.802587270736694336e-01 -7.747963070869445801e-01 -2.509787678718566895e-01 0.000000000000000000e+00 2.000000000000000000e+00
2.090764617919921875e+02 2.467019653320312500e+02 5.777666091918945312e+01 5.740527510643005371e-01 -7.761037349700927734e-01 -2.610101401805877686e-01 0.000000000000000000e+00 2.000000000000000000e+00
2.086657867431640625e+02 2.472571868896484375e+02 5.796338653564453125e+01 5.669161677360534668e-01 -7.775287032127380371e-01 -2.721307277679443359e-01 0.000000000000000000e+00 2.000000000000000000e+00
2.082635192871093750e+02 2.478088989257812500e+02 5.815648269653320312e+01 5.592839121818542480e-01 -7.785875201225280762e-01 -2.846103012561798096e-01 0.000000000000000000e+00 2.000000000000000000e+00
2.078714599609375000e+02 2.483546905517578125e+02 5.835599517822265625e+01 5.517126321792602539e-01 -7.786970138549804688e-01 -2.987373769283294678e-01 0.000000000000000000e+00 2.000000000000000000e+00
2.074911193847656250e+02 2.488915100097656250e+02 5.856193923950195312e+01 5.453853607177734375e-01 -7.770276665687561035e-01 -3.142973482608795166e-01 0.000000000000000000e+00 2.000000000000000000e+00
2.071232757568359375e+02 2.494155883789062500e+02 5.877392196655273438e+01 5.410739183425903320e-01 -7.735337615013122559e-01 -3.299765288829803467e-01 0.000000000000000000e+00 2.000000000000000000e+00
2.067680053710937500e+02 2.499234924316406250e+02 5.899058532714843750e+01 5.392192602157592773e-01 -7.688583731651306152e-01 -3.436558544635772705e-01 0.000000000000000000e+00 2.000000000000000000e+00
2.064246520996093750e+02 2.504130706787109375e+02 5.920941162109375000e+01 5.394507646560668945e-01 -7.642446160316467285e-01 -3.534445762634277344e-01 0.000000000000000000e+00 2.000000000000000000e+00
2.060920562744140625e+02 2.508842620849609375e+02 5.942732620239257812e+01 5.409985184669494629e-01 -7.610566616058349609e-01 -3.579293191432952881e-01 0.000000000000000000e+00 2.000000000000000000e+00
2.057685089111328125e+02 2.513394165039062500e+02 5.964138793945312500e+01 5.423454642295837402e-01 -7.602051496505737305e-01 -3.577001094818115234e-01 0.000000000000000000e+00 2.000000000000000000e+00
2.054523925781250000e+02 2.517825164794921875e+02 5.984988021850585938e+01 5.417897105216979980e-01 -7.621498107910156250e-01 -3.543890118598937988e-01 0.000000000000000000e+00 2.000000000000000000e+00
2.051420593261718750e+02 2.522190704345703125e+02 6.005287170410156250e+01 5.378429293632507324e-01 -7.668754458427429199e-01 -3.501813411712646484e-01 0.000000000000000000e+00 2.000000000000000000e+00
2.048361206054687500e+02 2.526552886962890625e+02 6.025206375122070312e+01 5.293495059013366699e-01 -7.743202447891235352e-01 -3.467235267162322998e-01 0.000000000000000000e+00 2.000000000000000000e+00
2.045337982177734375e+02 2.530975189208984375e+02 6.045008468627929688e+01 -5.156690478324890137e-01 7.843917012214660645e-01 3.446955084800720215e-01 0.000000000000000000e+00 2.000000000000000000e+00
2.042353363037109375e+02 2.535515136718750000e+02 6.064958953857421875e+01 -4.965381622314453125e-01 7.968578338623046875e-01 3.441912233829498291e-01 0.000000000000000000e+00 2.000000000000000000e+00
2.039426116943359375e+02 2.540212860107421875e+02 6.085250091552734375e+01 -4.721447825431823730e-01 8.113114237785339355e-01 3.447508215904235840e-01 0.000000000000000000e+00 2.000000000000000000e+00
2.036591033935546875e+02 2.545084533691406250e+02 6.105951309204101562e+01 -4.432709813117980957e-01 8.268959522247314453e-01 3.460547327995300293e-01 0.000000000000000000e+00 2.000000000000000000e+00
2.033893280029296875e+02 2.550117034912109375e+02 6.127012252807617188e+01 -4.107522070407867432e-01 8.429250121116638184e-01 3.475054204463958740e-01 0.000000000000000000e+00 2.000000000000000000e+00
2.031376953125000000e+02 2.555280914306640625e+02 6.148300933837890625e+01 -3.765945434570312500e-01 8.585070967674255371e-01 3.480548560619354248e-01 0.000000000000000000e+00 2.000000000000000000e+00
2.029069519042968750e+02 2.560541076660156250e+02 6.169626617431640625e+01 -3.435986638069152832e-01 8.730760812759399414e-01 3.459452390670776367e-01 0.000000000000000000e+00 2.000000000000000000e+00
2.026969299316406250e+02 2.565877685546875000e+02 6.190772247314453125e+01 -3.144771754741668701e-01 8.862628936767578125e-01 3.400621116161346436e-01 0.000000000000000000e+00 2.000000000000000000e+00
2.025045471191406250e+02 2.571299438476562500e+02 6.211575698852539062e+01 -2.912019789218902588e-01 8.979139924049377441e-01 3.300787508487701416e-01 0.000000000000000000e+00 2.000000000000000000e+00
2.023246765136718750e+02 2.576845703125000000e+02 6.231964111328125000e+01 -2.737618982791900635e-01 9.078665375709533691e-01 3.175418078899383545e-01 0.000000000000000000e+00 2.000000000000000000e+00
2.021518554687500000e+02 2.582576904296875000e+02 6.252009963989257812e+01 -2.604301571846008301e-01 9.159216284751892090e-01 3.053909242153167725e-01 0.000000000000000000e+00 2.000000000000000000e+00
2.019817810058593750e+02 2.588558349609375000e+02 6.271953582763671875e+01 -2.493954598903656006e-01 9.217305183410644531e-01 2.970097661018371582e-01 0.000000000000000000e+00 2.000000000000000000e+00
2.018119049072265625e+02 2.594836730957031250e+02 6.292184448242187500e+01 -2.396588027477264404e-01 9.250898361206054688e-01 2.945716679096221924e-01 0.000000000000000000e+00 2.000000000000000000e+00
2.016411895751953125e+02 2.601426391601562500e+02 6.313167572021484375e+01 -2.315275222063064575e-01 9.256985187530517578e-01 2.991275489330291748e-01 0.000000000000000000e+00 2.000000000000000000e+00
2.014695129394531250e+02 2.608290405273437500e+02 6.335347747802734375e+01 -2.256397753953933716e-01 9.234579205513000488e-01 3.103419244289398193e-01 0.000000000000000000e+00 2.000000000000000000e+00
2.012968597412109375e+02 2.615356445312500000e+02 6.359094238281250000e+01 -2.229839861392974854e-01 9.183095693588256836e-01 3.270864784717559814e-01 0.000000000000000000e+00 2.000000000000000000e+00
2.011226959228515625e+02 2.622528991699218750e+02 6.384641647338867188e+01 -2.233143150806427002e-01 9.104308485984802246e-01 3.482046127319335938e-01 0.000000000000000000e+00 2.000000000000000000e+00
2.009465026855468750e+02 2.629712219238281250e+02 6.412114715576171875e+01 -2.262564450502395630e-01 9.001617431640625000e-01 3.721785247325897217e-01 0.000000000000000000e+00 2.000000000000000000e+00
2.007676391601562500e+02 2.636828308105468750e+02 6.441536712646484375e+01 -2.305173724889755249e-01 8.882700800895690918e-01 3.972882330417633057e-01 0.000000000000000000e+00 2.000000000000000000e+00
2.005859375000000000e+02 2.643829956054687500e+02 6.472852325439453125e+01 -2.347873002290725708e-01 8.758204579353332520e-01 4.216790795326232910e-01 0.000000000000000000e+00 2.000000000000000000e+00
2.004018554687500000e+02 2.650696716308593750e+02 6.505913543701171875e+01 -2.373822629451751709e-01 8.642265200614929199e-01 4.435789585113525391e-01 0.000000000000000000e+00 2.000000000000000000e+00
2.002168884277343750e+02 2.657430725097656250e+02 6.540476989746093750e+01 -2.368917018175125122e-01 8.545683622360229492e-01 4.621635377407073975e-01 0.000000000000000000e+00 2.000000000000000000e+00
2.000335083007812500e+02 2.664046020507812500e+02 6.576253509521484375e+01 -2.325911074876785278e-01 8.475683927536010742e-01 4.770003259181976318e-01 0.000000000000000000e+00 2.000000000000000000e+00
1.998546752929687500e+02 2.670562744140625000e+02 6.612928771972656250e+01 -2.255850285291671753e-01 8.428851366043090820e-01 4.885243177413940430e-01 0.000000000000000000e+00 2.000000000000000000e+00
1.996824951171875000e+02 2.676996154785156250e+02 6.650215911865234375e+01 -2.183053642511367798e-01 8.396669626235961914e-01 4.972947239875793457e-01 0.000000000000000000e+00 2.000000000000000000e+00
1.995171051025390625e+02 2.683357543945312500e+02 6.687891387939453125e+01 -2.135239392518997192e-01 8.368400931358337402e-01 5.040894746780395508e-01 0.000000000000000000e+00 2.000000000000000000e+00
1.993566131591796875e+02 2.689647521972656250e+02 6.725780487060546875e+01 -2.125355601310729980e-01 8.338059186935424805e-01 5.095059871673583984e-01 0.000000000000000000e+00 2.000000000000000000e+00
1.991981964111328125e+02 2.695862426757812500e+02 6.763757324218750000e+01 -2.131442129611968994e-01 8.307604193687438965e-01 5.142049789428710938e-01 0.000000000000000000e+00 2.000000000000000000e+00
1.990407714843750000e+02 2.701998291015625000e+02 6.801735687255859375e+01 -2.096174508333206177e-01 8.287482857704162598e-01 5.188803672790527344e-01 0.000000000000000000e+00 2.000000000000000000e+00
1.988874511718750000e+02 2.708059997558593750e+02 6.839688110351562500e+01 -1.941297501325607300e-01 8.294692039489746094e-01 5.237311720848083496e-01 0.000000000000000000e+00 2.000000000000000000e+00
1.987468109130859375e+02 2.714069213867187500e+02 6.877630615234375000e+01 -1.609523296356201172e-01 8.334046006202697754e-01 5.287069678306579590e-01 0.000000000000000000e+00 2.000000000000000000e+00
1.986310577392578125e+02 2.720062866210937500e+02 6.915653991699218750e+01 -1.098500192165374756e-01 8.392447829246520996e-01 5.325421094894409180e-01 0.000000000000000000e+00 2.000000000000000000e+00
1.985521545410156250e+02 2.726091003417968750e+02 6.953905487060546875e+01 -4.832725599408149719e-02 8.444219827651977539e-01 5.334941744804382324e-01 0.000000000000000000e+00 2.000000000000000000e+00
1.985171203613281250e+02 2.732212524414062500e+02 6.992580413818359375e+01 1.085130311548709869e-02 8.471840620040893555e-01 5.311887860298156738e-01 0.000000000000000000e+00 2.000000000000000000e+00
1.985251617431640625e+02 2.738490600585937500e+02 7.031944274902343750e+01 5.485367402434349060e-02 8.476407527923583984e-01 5.277274250984191895e-01 0.000000000000000000e+00 2.000000000000000000e+00
1.985671539306640625e+02 2.744979553222656250e+02 7.072343444824218750e+01 7.722588628530502319e-02 8.471062183380126953e-01 5.257824659347534180e-01 0.000000000000000000e+00 2.000000000000000000e+00
1.986285858154296875e+02 2.751718139648437500e+02 7.114168548583984375e+01 7.860656827688217163e-02 8.462741374969482422e-01 5.269165635108947754e-01 0.000000000000000000e+00 2.000000000000000000e+00
1.986936492919921875e+02 2.758722839355468750e+02 7.157781982421875000e+01 6.465531140565872192e-02 8.449241518974304199e-01 5.309640169143676758e-01 0.000000000000000000e+00 2.000000000000000000e+00
1.987491912841796875e+02 2.765981140136718750e+02 7.203394317626953125e+01 4.307788982987403870e-02 8.427219986915588379e-01 5.366227626800537109e-01 0.000000000000000000e+00 2.000000000000000000e+00
1.987873687744140625e+02 2.773449707031250000e+02 7.250952148437500000e+01 2.043151855468750000e-02 8.398314118385314941e-01 5.424627065658569336e-01 0.000000000000000000e+00 2.000000000000000000e+00
1.988058776855468750e+02 2.781057739257812500e+02 7.300093841552734375e+01 1.851064385846257210e-03 8.368812203407287598e-01 5.473814010620117188e-01 0.000000000000000000e+00 2.000000000000000000e+00
1.988075714111328125e+02 2.788715209960937500e+02 7.350179290771484375e+01 -9.334460832178592682e-03 8.344138264656066895e-01 5.510594248771667480e-01 0.000000000000000000e+00 2.000000000000000000e+00
1.987990570068359375e+02 2.796326293945312500e+02 7.400444030761718750e+01 -1.078638434410095215e-02 8.329466581344604492e-01 5.532481074333190918e-01 0.000000000000000000e+00 2.000000000000000000e+00
1.987893676757812500e+02 2.803808593750000000e+02 7.450141906738281250e+01 -1.131952740252017975e-03 8.323858380317687988e-01 5.541953444480895996e-01 0.000000000000000000e+00 2.000000000000000000e+00
1.987883758544921875e+02 2.811101989746093750e+02 7.498700714111328125e+01 1.954394578933715820e-02 8.322238922119140625e-01 5.540950894355773926e-01 0.000000000000000000e+00 2.000000000000000000e+00
1.988049926757812500e+02 2.818177795410156250e+02 7.545811462402343750e+01 4.896349459886550903e-02 8.318982720375061035e-01 5.527638196945190430e-01 0.000000000000000000e+00 2.000000000000000000e+00
1.988453674316406250e+02 2.825037536621093750e+02 7.591391754150390625e+01 8.226285874843597412e-02 8.310375213623046875e-01 5.500995516777038574e-01 0.000000000000000000e+00 2.000000000000000000e+00
1.989113464355468750e+02 2.831702880859375000e+02 7.635512542724609375e+01 1.132462844252586365e-01 8.302131295204162598e-01 5.458217859268188477e-01 0.000000000000000000e+00 2.000000000000000000e+00
1.990000762939453125e+02 2.838207702636718750e+02 7.678278350830078125e+01 1.366245895624160767e-01 8.305614590644836426e-01 5.399086475372314453e-01 0.000000000000000000e+00 2.000000000000000000e+00
1.991049499511718750e+02 2.844583129882812500e+02 7.719721984863281250e+01 1.496398150920867920e-01 8.337683081626892090e-01 5.314492583274841309e-01 0.000000000000000000e+00 2.000000000000000000e+00
1.992176361083984375e+02 2.850861816406250000e+02 7.759742736816406250e+01 1.523953378200531006e-01 8.404971957206726074e-01 5.199425220489501953e-01 0.000000000000000000e+00 2.000000000000000000e+00
1.993302612304687500e+02 2.857073364257812500e+02 7.798168182373046875e+01 1.473169922828674316e-01 8.502162694931030273e-01 5.054007172584533691e-01 0.000000000000000000e+00 2.000000000000000000e+00
1.994371643066406250e+02 2.863243103027343750e+02 7.834843444824218750e+01 1.382740139961242676e-01 8.615205883979797363e-01 4.885311424732208252e-01 0.000000000000000000e+00 2.000000000000000000e+00
1.995359191894531250e+02 2.869396057128906250e+02 7.869734191894531250e+01 1.287149339914321899e-01 8.726223111152648926e-01 4.711290895938873291e-01 0.000000000000000000e+00 2.000000000000000000e+00
1.996267089843750000e+02 2.875551147460937500e+02 7.902965545654296875e+01 1.221470832824707031e-01 8.820497989654541016e-01 4.550474882125854492e-01 0.000000000000000000e+00 2.000000000000000000e+00
1.997121734619140625e+02 2.881722717285156250e+02 7.934804534912109375e+01 1.208464950323104858e-01 8.890254497528076172e-01 4.416218698024749756e-01 0.000000000000000000e+00 2.000000000000000000e+00
1.997963714599609375e+02 2.887916870117187500e+02 7.965573883056640625e+01 1.266735941171646118e-01 8.936174511909484863e-01 4.305828511714935303e-01 0.000000000000000000e+00 2.000000000000000000e+00
1.998845825195312500e+02 2.894139709472656250e+02 7.995558166503906250e+01 1.410218179225921631e-01 8.959084749221801758e-01 4.212611317634582520e-01 0.000000000000000000e+00 2.000000000000000000e+00
1.999829711914062500e+02 2.900390319824218750e+02 8.024948883056640625e+01 1.640169769525527954e-01 8.961235880851745605e-01 4.123845994472503662e-01 0.000000000000000000e+00 2.000000000000000000e+00
2.000978393554687500e+02 2.906666259765625000e+02 8.053829956054687500e+01 1.950286328792572021e-01 8.940979242324829102e-01 4.031783640384674072e-01 0.000000000000000000e+00 2.000000000000000000e+00
2.002351684570312500e+02 2.912962036132812500e+02 8.082219696044921875e+01 2.310720533132553101e-01 8.897953629493713379e-01 3.935351669788360596e-01 0.000000000000000000e+00 2.000000000000000000e+00
2.003989257812500000e+02 2.919267883300781250e+02 8.110108947753906250e+01 2.684425115585327148e-01 8.834913969039916992e-01 3.839031457901000977e-01 0.000000000000000000e+00 2.000000000000000000e+00
2.005905151367187500e+02 2.925573425292968750e+02 8.137508392333984375e+01 3.028480410575866699e-01 8.761165738105773926e-01 3.751038610935211182e-01 0.000000000000000000e+00 2.000000000000000000e+00
2.008081207275390625e+02 2.931868591308593750e+02 8.164460754394531250e+01 3.312485516071319580e-01 8.689309954643249512e-01 3.677407801151275635e-01 0.000000000000000000e+00 2.000000000000000000e+00
2.010475311279296875e+02 2.938148803710937500e+02 8.191039276123046875e+01 3.525030016899108887e-01 8.628557324409484863e-01 3.622451424598693848e-01 0.000000000000000000e+00 2.000000000000000000e+00
2.013034362792968750e+02 2.944412841796875000e+02 8.217337036132812500e+01 3.665678203105926514e-01 8.584962487220764160e-01 3.586253523826599121e-01 0.000000000000000000e+00 2.000000000000000000e+00
2.015703430175781250e+02 2.950663757324218750e+02 8.243449401855468750e+01 3.751280605792999268e-01 8.557020425796508789e-01 3.564448654651641846e-01 0.000000000000000000e+00 2.000000000000000000e+00
2.018439331054687500e+02 2.956904602050781250e+02 8.269445800781250000e+01 3.796368539333343506e-01 8.541777133941650391e-01 3.553255498409271240e-01 0.000000000000000000e+00 2.000000000000000000e+00
2.021210479736328125e+02 2.963139648437500000e+02 8.295382690429687500e+01 3.816634714603424072e-01 8.534840345382690430e-01 3.548210859298706055e-01 0.000000000000000000e+00 2.000000000000000000e+00
2.023998413085937500e+02 2.969374084472656250e+02 8.321301269531250000e+01 3.817161619663238525e-01 8.535351157188415527e-01 3.546414971351623535e-01 0.000000000000000000e+00 2.000000000000000000e+00
2.026789703369140625e+02 2.975615539550781250e+02 8.347234344482421875e+01 3.802302777767181396e-01 8.541069626808166504e-01 3.548607826232910156e-01 0.000000000000000000e+00 2.000000000000000000e+00
2.029575195312500000e+02 2.981872558593750000e+02 8.373230743408203125e+01 3.764107227325439453e-01 8.556260466575622559e-01 3.552731573581695557e-01 0.000000000000000000e+00 2.000000000000000000e+00
2.032344055175781250e+02 2.988166503906250000e+02 8.399364471435546875e+01 3.696337938308715820e-01 8.582288026809692383e-01 3.561098575592041016e-01 0.000000000000000000e+00 2.000000000000000000e+00
2.035077819824218750e+02 2.994513854980468750e+02 8.425701904296875000e+01 3.588866293430328369e-01 8.622860908508300781e-01 3.572998046875000000e-01 0.000000000000000000e+00 2.000000000000000000e+00
2.037752380371093750e+02 3.000939941406250000e+02 8.452329254150390625e+01 3.437334895133972168e-01 8.677675127983093262e-01 3.589245080947875977e-01 0.000000000000000000e+00 2.000000000000000000e+00
2.040333251953125000e+02 3.007455444335937500e+02 8.479278564453125000e+01 3.249153494834899902e-01 8.742122054100036621e-01 3.608086705207824707e-01 0.000000000000000000e+00 2.000000000000000000e+00
2.042778778076171875e+02 3.014035339355468750e+02 8.506435394287109375e+01 3.040498793125152588e-01 8.808941245079040527e-01 3.627385795116424561e-01 0.000000000000000000e+00 2.000000000000000000e+00
2.045042419433593750e+02 3.020593566894531250e+02 8.533441162109375000e+01 2.832266986370086670e-01 8.871379494667053223e-01 3.643746376037597656e-01 0.000000000000000000e+00 2.000000000000000000e+00
2.047077636718750000e+02 3.026968383789062500e+02 8.559624481201171875e+01 2.643182873725891113e-01 8.923740386962890625e-01 3.657929599285125732e-01 0.000000000000000000e+00 2.000000000000000000e+00
2.048843536376953125e+02 3.032930297851562500e+02 8.584062957763671875e+01 2.483042180538177490e-01 8.965393900871276855e-01 3.668271303176879883e-01 0.000000000000000000e+00 2.000000000000000000e+00
2.050310821533203125e+02 3.038228149414062500e+02 8.605739593505859375e+01 2.356173396110534668e-01 8.996298909187316895e-01 3.676282465457916260e-01 0.000000000000000000e+00 2.000000000000000000e+00
2.051468963623046875e+02 3.042650146484375000e+02 8.623809814453125000e+01 2.258020639419555664e-01 9.019266366958618164e-01 3.681598901748657227e-01 0.000000000000000000e+00 2.000000000000000000e+00
2.052329254150390625e+02 3.046086425781250000e+02 8.637836456298828125e+01 2.258020639419555664e-01 9.019266366958618164e-01 3.681598901748657227e-01 0.000000000000000000e+00 2.000000000000000000e+00
