2.542244873046875000e+02 1.407304687500000000e+02 4.391541290283203125e+01 -3.593985438346862793e-01 8.762707710266113281e-01 3.209084570407867432e-01 0.000000000000000000e+00 2.000000000000000000e+00
2.543634033203125000e+02 1.403917694091796875e+02 4.379137420654296875e+01 -3.603601753711700439e-01 8.758628368377685547e-01 3.209437727928161621e-01 0.000000000000000000e+00 2.000000000000000000e+00
2.545333862304687500e+02 1.399786224365234375e+02 4.363998413085937500e+01 -3.619767427444458008e-01 8.751778006553649902e-01 3.209932148456573486e-01 0.000000000000000000e+00 2.000000000000000000e+00
2.547298126220703125e+02 1.395037078857421875e+02 4.346579742431640625e+01 -3.651830255985260010e-01 8.738206624984741211e-01 3.210589885711669922e-01 0.000000000000000000e+00 2.000000000000000000e+00
2.549460144042968750e+02 1.389863739013671875e+02 4.327571868896484375e+01 -3.708561062812805176e-01 8.713994622230529785e-01 3.211365044116973877e-01 0.000000000000000000e+00 2.000000000000000000e+00
2.551750946044921875e+02 1.384481048583984375e+02 4.307735061645507812e+01 -3.803841173648834229e-01 8.672807216644287109e-01 3.211419582366943359e-01 0.000000000000000000e+00 2.000000000000000000e+00
2.554102325439453125e+02 1.379119873046875000e+02 4.287883377075195312e+01 -3.961342871189117432e-01 8.602746725082397461e-01 3.209441602230072021e-01 0.000000000000000000e+00 2.000000000000000000e+00
2.556443481445312500e+02 1.374035644531250000e+02 4.268915557861328125e+01 -4.231663942337036133e-01 8.476237654685974121e-01 3.201002776622772217e-01 0.000000000000000000e+00 2.000000000000000000e+00
2.558694152832031250e+02 1.369527435302734375e+02 4.251890563964843750e+01 -4.732119143009185791e-01 8.217985630035400391e-01 3.173602223396301270e-01 0.000000000000000000e+00 2.000000000000000000e+00
2.560755615234375000e+02 1.365947418212890625e+02 4.238065338134765625e+01 -5.835080742835998535e-01 7.521546483039855957e-01 3.062380254268646240e-01 0.000000000000000000e+00 2.000000000000000000e+00
2.562515258789062500e+02 1.363679199218750000e+02 4.228830337524414062e+01 -8.925707936286926270e-01 3.933105170726776123e-01 2.205091416835784912e-01 0.000000000000000000e+00 2.000000000000000000e+00
2.563859863281250000e+02 1.363086700439453125e+02 4.225508499145507812e+01 -5.271205306053161621e-01 -8.216934800148010254e-01 -2.167114019393920898e-01 0.000000000000000000e+00 2.000000000000000000e+00
2.564713134765625000e+02 1.364416809082031250e+02 4.229016494750976562e+01 -9.659337252378463745e-02 -9.485416412353515625e-01 -3.015600442886352539e-01 0.000000000000000000e+00 2.000000000000000000e+00
2.565051269531250000e+02 1.367737274169921875e+02 4.239572906494140625e+01 2.394810505211353302e-02 -9.494554400444030762e-01 -3.129868805408477783e-01 0.000000000000000000e+00 2.000000000000000000e+00
2.564920959472656250e+02 1.372903594970703125e+02 4.256603622436523438e+01 6.834962218999862671e-02 -9.468864798545837402e-01 -3.142201900482177734e-01 0.000000000000000000e+00 2.000000000000000000e+00
2.564438476562500000e+02 1.379587707519531250e+02 4.278784561157226562e+01 8.098104596138000488e-02 -9.471099376678466797e-01 -3.105234503746032715e-01 0.000000000000000000e+00 2.000000000000000000e+00
2.563774108886718750e+02 1.387357788085937500e+02 4.304259872436523438e+01 7.339200377464294434e-02 -9.507647752761840820e-01 -3.010979592800140381e-01 0.000000000000000000e+00 2.000000000000000000e+00
2.563125305175781250e+02 1.395762786865234375e+02 4.330877685546875000e+01 4.805955290794372559e-02 -9.578112959861755371e-01 -2.833510935306549072e-01 0.000000000000000000e+00 2.000000000000000000e+00
2.562691345214843750e+02 1.404411468505859375e+02 4.356463241577148438e+01 5.496990401297807693e-03 -9.673328995704650879e-01 -2.534499168395996094e-01 0.000000000000000000e+00 2.000000000000000000e+00
2.562642517089843750e+02 1.413003997802734375e+02 4.378976440429687500e+01 -5.264700204133987427e-02 -9.768090844154357910e-01 -2.075386643409729004e-01 0.000000000000000000e+00 2.000000000000000000e+00
2.563092346191406250e+02 1.421350097656250000e+02 4.396709060668945312e+01 -1.208970248699188232e-01 -9.821572899818420410e-01 -1.440521031618118286e-01 0.000000000000000000e+00 2.000000000000000000e+00
2.564077453613281250e+02 1.429353027343750000e+02 4.408446884155273438e+01 -1.891497671604156494e-01 -9.797128438949584961e-01 -6.622100621461868286e-02 0.000000000000000000e+00 2.000000000000000000e+00
2.565552673339843750e+02 1.436994018554687500e+02 4.413611602783203125e+01 -2.467767298221588135e-01 -9.689133763313293457e-01 1.755607873201370239e-02 0.000000000000000000e+00 2.000000000000000000e+00
2.567413330078125000e+02 1.444299468994140625e+02 4.412287902832031250e+01 -2.859832346439361572e-01 -9.534083008766174316e-01 9.605279564857482910e-02 0.000000000000000000e+00 2.000000000000000000e+00
2.569524841308593750e+02 1.451338806152343750e+02 4.405195999145507812e+01 -3.067359924316406250e-01 -9.380891323089599609e-01 1.609403043985366821e-01 0.000000000000000000e+00 2.000000000000000000e+00
2.571765441894531250e+02 1.458191223144531250e+02 4.393439865112304688e+01 -3.152513206005096436e-01 -9.259171485900878906e-01 2.080723792314529419e-01 0.000000000000000000e+00 2.000000000000000000e+00
2.574059448242187500e+02 1.464928894042968750e+02 4.378298950195312500e+01 -3.201174736022949219e-01 -9.172717928886413574e-01 2.369330525398254395e-01 0.000000000000000000e+00 2.000000000000000000e+00
2.576389465332031250e+02 1.471605377197265625e+02 4.361053466796875000e+01 -3.292209804058074951e-01 -9.107568264007568359e-01 2.492700070142745972e-01 0.000000000000000000e+00 2.000000000000000000e+00
2.578789978027343750e+02 1.478246154785156250e+02 4.342877960205078125e+01 -3.476829528808593750e-01 -9.042476415634155273e-01 2.478966861963272095e-01 0.000000000000000000e+00 2.000000000000000000e+00
2.581325988769531250e+02 1.484841766357421875e+02 4.324796295166015625e+01 -3.772753477096557617e-01 -8.956198096275329590e-01 2.356449663639068604e-01 0.000000000000000000e+00 2.000000000000000000e+00
2.584069519042968750e+02 1.491354675292968750e+02 4.307660293579101562e+01 -4.157955646514892578e-01 -8.837134242057800293e-01 2.148593962192535400e-01 0.000000000000000000e+00 2.000000000000000000e+00
2.587072448730468750e+02 1.497736968994140625e+02 4.292142868041992188e+01 -4.601143300533294678e-01 -8.677703738212585449e-01 1.878014504909515381e-01 0.000000000000000000e+00 2.000000000000000000e+00
2.590363464355468750e+02 1.503943786621093750e+02 4.278710174560546875e+01 -5.032936334609985352e-01 -8.495936393737792969e-01 1.577534973621368408e-01 0.000000000000000000e+00 2.000000000000000000e+00
2.593926086425781250e+02 1.509957733154296875e+02 4.267543411254882812e+01 -5.403599143028259277e-01 -8.316912055015563965e-01 1.276750415563583374e-01 0.000000000000000000e+00 2.000000000000000000e+00
2.597715148925781250e+02 1.515789642333984375e+02 4.258590698242187500e+01 -5.664889812469482422e-01 -8.179644346237182617e-01 1.001228615641593933e-01 0.000000000000000000e+00 2.000000000000000000e+00
2.601654968261718750e+02 1.521478424072265625e+02 4.251627349853515625e+01 -5.788927674293518066e-01 -8.118785023689270020e-01 7.573972642421722412e-02 0.000000000000000000e+00 2.000000000000000000e+00
2.605649108886718750e+02 1.527080078125000000e+02 4.246401596069335938e+01 -5.744257569313049316e-01 -8.167699575424194336e-01 5.405341833829879761e-02 0.000000000000000000e+00 2.000000000000000000e+00
2.609573669433593750e+02 1.532660369873046875e+02 4.242708587646484375e+01 -5.511159300804138184e-01 -8.337795138359069824e-01 3.290877491235733032e-02 0.000000000000000000e+00 2.000000000000000000e+00
2.613289794921875000e+02 1.538282470703125000e+02 4.240489578247070312e+01 -5.051439404487609863e-01 -8.629715442657470703e-01 1.047496497631072998e-02 0.000000000000000000e+00 2.000000000000000000e+00
2.616641540527343750e+02 1.544008483886718750e+02 4.239794540405273438e+01 -4.329657852649688721e-01 -9.013071656227111816e-01 -1.363970711827278137e-02 0.000000000000000000e+00 2.000000000000000000e+00
2.619468994140625000e+02 1.549894409179687500e+02 4.240685272216796875e+01 -3.345294892787933350e-01 -9.416376948356628418e-01 -3.752946853637695312e-02 0.000000000000000000e+00 2.000000000000000000e+00
2.621630249023437500e+02 1.555977935791015625e+02 4.243109893798828125e+01 -2.150155454874038696e-01 -9.749199151992797852e-01 -5.744067952036857605e-02 0.000000000000000000e+00 2.000000000000000000e+00
2.623018493652343750e+02 1.562272491455078125e+02 4.246818542480468750e+01 -8.543820679187774658e-02 -9.938968420028686523e-01 -6.978076696395874023e-02 0.000000000000000000e+00 2.000000000000000000e+00
2.623576354980468750e+02 1.568762054443359375e+02 4.251374816894531250e+01 4.161515831947326660e-02 -9.964289665222167969e-01 -7.346746325492858887e-02 0.000000000000000000e+00 2.000000000000000000e+00
2.623298950195312500e+02 1.575404205322265625e+02 4.256272125244140625e+01 1.566063165664672852e-01 -9.851511120796203613e-01 -7.036793231964111328e-02 0.000000000000000000e+00 2.000000000000000000e+00
2.622228393554687500e+02 1.582138671875000000e+02 4.261082458496093750e+01 2.542986869812011719e-01 -9.649582505226135254e-01 -6.471285223960876465e-02 0.000000000000000000e+00 2.000000000000000000e+00
2.620447082519531250e+02 1.588898010253906250e+02 4.265615463256835938e+01 3.332618772983551025e-01 -9.408413171768188477e-01 -6.127018108963966370e-02 0.000000000000000000e+00 2.000000000000000000e+00
2.618069458007812500e+02 1.595610351562500000e+02 4.269986724853515625e+01 3.946408033370971680e-01 -9.166138172149658203e-01 -6.385704874992370605e-02 0.000000000000000000e+00 2.000000000000000000e+00
2.615231018066406250e+02 1.602203063964843750e+02 4.274579620361328125e+01 4.409832060337066650e-01 -8.944196701049804688e-01 -7.447988539934158325e-02 0.000000000000000000e+00 2.000000000000000000e+00
2.612075500488281250e+02 1.608603210449218750e+02 4.279909133911132812e+01 4.752559661865234375e-01 -8.749139308929443359e-01 -9.304539859294891357e-02 0.000000000000000000e+00 2.000000000000000000e+00
2.608742065429687500e+02 1.614739837646484375e+02 4.286435317993164062e+01 5.007491707801818848e-01 -8.576015830039978027e-01 -1.173448190093040466e-01 0.000000000000000000e+00 2.000000000000000000e+00
2.605344238281250000e+02 1.620559082031250000e+02 4.294397735595703125e+01 5.194591283798217773e-01 -8.422330021858215332e-01 -1.442420780658721924e-01 0.000000000000000000e+00 2.000000000000000000e+00
2.601964721679687500e+02 1.626038513183593750e+02 4.303781890869140625e+01 5.331682562828063965e-01 -8.288525938987731934e-01 -1.695140600204467773e-01 0.000000000000000000e+00 2.000000000000000000e+00
2.598646240234375000e+02 1.631197357177734375e+02 4.314332580566406250e+01 5.428953170776367188e-01 -8.182240724563598633e-01 -1.891400963068008423e-01 0.000000000000000000e+00 2.000000000000000000e+00
2.595401916503906250e+02 1.636087036132812500e+02 4.325635528564453125e+01 5.484934449195861816e-01 -8.119212985038757324e-01 -1.998467892408370972e-01 0.000000000000000000e+00 2.000000000000000000e+00
2.592230224609375000e+02 1.640782012939453125e+02 4.337191772460937500e+01 5.502220392227172852e-01 -8.106200695037841797e-01 -2.003764063119888306e-01 0.000000000000000000e+00 2.000000000000000000e+00
2.589125976562500000e+02 1.645355377197265625e+02 4.348496627807617188e+01 5.483609437942504883e-01 -8.142678737640380859e-01 -1.904420405626296997e-01 0.000000000000000000e+00 2.000000000000000000e+00
2.586081848144531250e+02 1.649875640869140625e+02 4.359068679809570312e+01 5.434693694114685059e-01 -8.216785788536071777e-01 -1.717133074998855591e-01 0.000000000000000000e+00 2.000000000000000000e+00
2.583097534179687500e+02 1.654387664794921875e+02 4.368497848510742188e+01 5.358946323394775391e-01 -8.314370512962341309e-01 -1.467287093400955200e-01 0.000000000000000000e+00 2.000000000000000000e+00
2.580175781250000000e+02 1.658920745849609375e+02 4.376497650146484375e+01 5.266893506050109863e-01 -8.417368531227111816e-01 -1.186483278870582581e-01 0.000000000000000000e+00 2.000000000000000000e+00
2.577314147949218750e+02 1.663494110107421875e+02 4.382944107055664062e+01 5.169649720191955566e-01 -8.511660099029541016e-01 -9.090436249971389771e-02 0.000000000000000000e+00 2.000000000000000000e+00
2.574506530761718750e+02 1.668116760253906250e+02 4.387881088256835938e+01 5.076614022254943848e-01 -8.590071797370910645e-01 -6.623101234436035156e-02 0.000000000000000000e+00 2.000000000000000000e+00
2.571741333007812500e+02 1.672795715332031250e+02 4.391488647460937500e+01 4.992326498031616211e-01 -8.652660846710205078e-01 -4.562197998166084290e-02 0.000000000000000000e+00 2.000000000000000000e+00
2.569004211425781250e+02 1.677539672851562500e+02 4.393989944458007812e+01 4.915713667869567871e-01 -8.703659176826477051e-01 -2.864838577806949615e-02 0.000000000000000000e+00 2.000000000000000000e+00
2.566279296875000000e+02 1.682364349365234375e+02 4.395578002929687500e+01 4.842994213104248047e-01 -8.747891783714294434e-01 -1.407280191779136658e-02 0.000000000000000000e+00 2.000000000000000000e+00
2.563551330566406250e+02 1.687291870117187500e+02 4.396370697021484375e+01 4.770671725273132324e-01 -8.788665533065795898e-01 -7.425995427183806896e-04 0.000000000000000000e+00 2.000000000000000000e+00
2.560806579589843750e+02 1.692348327636718750e+02 4.396413421630859375e+01 4.696870446205139160e-01 -8.827537894248962402e-01 1.182502228766679764e-02 0.000000000000000000e+00 2.000000000000000000e+00
2.558038330078125000e+02 1.697551116943359375e+02 4.395716476440429688e+01 4.625942111015319824e-01 -8.862602114677429199e-01 2.344022691249847412e-02 0.000000000000000000e+00 2.000000000000000000e+00
2.555242309570312500e+02 1.702907867431640625e+02 4.394299697875976562e+01 4.564183354377746582e-01 -8.891339898109436035e-01 3.351301699876785278e-02 0.000000000000000000e+00 2.000000000000000000e+00
2.552418670654296875e+02 1.708408508300781250e+02 4.392226409912109375e+01 4.513134360313415527e-01 -8.914038538932800293e-01 4.141494259238243103e-02 0.000000000000000000e+00 2.000000000000000000e+00
2.549571533203125000e+02 1.714031982421875000e+02 4.389613723754882812e+01 4.476486146450042725e-01 -8.929608464241027832e-01 4.723947867751121521e-02 0.000000000000000000e+00 2.000000000000000000e+00
2.546706390380859375e+02 1.719747314453125000e+02 4.386590194702148438e+01 4.451942443847656250e-01 -8.939770460128784180e-01 5.106028541922569275e-02 0.000000000000000000e+00 2.000000000000000000e+00
2.543829040527343750e+02 1.725525207519531250e+02 4.383290100097656250e+01 4.436920285224914551e-01 -8.945896029472351074e-01 5.335500091314315796e-02 0.000000000000000000e+00 2.000000000000000000e+00
2.540944519042968750e+02 1.731341094970703125e+02 4.379821395874023438e+01 4.429028630256652832e-01 -8.949065804481506348e-01 5.458202585577964783e-02 0.000000000000000000e+00 2.000000000000000000e+00
2.538055877685546875e+02 1.737177734375000000e+02 4.376261520385742188e+01 4.425414502620697021e-01 -8.950486779212951660e-01 5.518024414777755737e-02 0.000000000000000000e+00 2.000000000000000000e+00
2.535169372558593750e+02 1.743015747070312500e+02 4.372662353515625000e+01 4.423336982727050781e-01 -8.951343297958374023e-01 5.545599386096000671e-02 0.000000000000000000e+00 2.000000000000000000e+00
2.532293395996093750e+02 1.748835754394531250e+02 4.369056701660156250e+01 4.422101378440856934e-01 -8.951908946037292480e-01 5.552778020501136780e-02 0.000000000000000000e+00 2.000000000000000000e+00
2.529442901611328125e+02 1.754606170654296875e+02 4.365477371215820312e+01 4.423227012157440186e-01 -8.951337933540344238e-01 5.555254593491554260e-02 0.000000000000000000e+00 2.000000000000000000e+00
2.526643676757812500e+02 1.760270996093750000e+02 4.361961746215820312e+01 4.422944784164428711e-01 -8.951501250267028809e-01 5.551463738083839417e-02 0.000000000000000000e+00 2.000000000000000000e+00
2.523940582275390625e+02 1.765741729736328125e+02 4.358568954467773438e+01 4.423063993453979492e-01 -8.951419591903686523e-01 5.555020272731781006e-02 0.000000000000000000e+00 2.000000000000000000e+00
2.521395874023437500e+02 1.770891723632812500e+02 4.355373001098632812e+01 4.423017501831054688e-01 -8.951449394226074219e-01 5.553957447409629822e-02 0.000000000000000000e+00 2.000000000000000000e+00
2.519084625244140625e+02 1.775569305419921875e+02 4.352470779418945312e+01 4.422586560249328613e-01 -8.951660394668579102e-01 5.554349720478057861e-02 0.000000000000000000e+00 2.000000000000000000e+00
2.517082061767578125e+02 1.779622650146484375e+02 4.349955749511718750e+01 4.423331916332244873e-01 -8.951294422149658203e-01 5.553880706429481506e-02 0.000000000000000000e+00 2.000000000000000000e+00
2.515443572998046875e+02 1.782938385009765625e+02 4.347898483276367188e+01 4.422540366649627686e-01 -8.951687216758728027e-01 5.553750321269035339e-02 0.000000000000000000e+00 2.000000000000000000e+00
2.514190216064453125e+02 1.785475311279296875e+02 4.346324539184570312e+01 4.937417805194854736e-01 -8.624715805053710938e-01 -1.111837700009346008e-01 0.000000000000000000e+00 2.000000000000000000e+00
2.449138488769531250e+02 1.899108123779296875e+02 4.492811965942382812e+01 4.850012660026550293e-01 -8.732848167419433594e-01 -4.634075611829757690e-02 0.000000000000000000e+00 2.000000000000000000e+00
2.446204833984375000e+02 1.904390411376953125e+02 4.495615005493164062e+01 4.927683770656585693e-01 -8.685557842254638672e-01 -5.282247439026832581e-02 0.000000000000000000e+00 2.000000000000000000e+00
2.443193511962890625e+02 1.909698181152343750e+02 4.498843002319335938e+01 5.010194182395935059e-01 -8.627460002899169922e-01 -6.818209588527679443e-02 0.000000000000000000e+00 2.000000000000000000e+00
2.440100250244140625e+02 1.915024719238281250e+02 4.503052520751953125e+01 5.106696486473083496e-01 -8.552148342132568359e-01 -8.845417946577072144e-02 0.000000000000000000e+00 2.000000000000000000e+00
2.436931762695312500e+02 1.920330963134765625e+02 4.508540725708007812e+01 5.225704908370971680e-01 -8.455175757408142090e-01 -1.096361279487609863e-01 0.000000000000000000e+00 2.000000000000000000e+00
2.433701477050781250e+02 1.925557556152343750e+02 4.515317916870117188e+01 5.363026857376098633e-01 -8.341903090476989746e-01 -1.284759044647216797e-01 0.000000000000000000e+00 2.000000000000000000e+00
2.430428009033203125e+02 1.930649261474609375e+02 4.523159790039062500e+01 5.508300662040710449e-01 -8.222218155860900879e-01 -1.433095186948776245e-01 0.000000000000000000e+00 2.000000000000000000e+00
2.427127227783203125e+02 1.935576324462890625e+02 4.531747436523437500e+01 5.648257732391357422e-01 -8.106187582015991211e-01 -1.544962376356124878e-01 0.000000000000000000e+00 2.000000000000000000e+00
2.423805236816406250e+02 1.940343933105468750e+02 4.540834045410156250e+01 5.774289965629577637e-01 -7.999072074890136719e-01 -1.634752303361892700e-01 0.000000000000000000e+00 2.000000000000000000e+00
2.420452423095703125e+02 1.944988555908203125e+02 4.550326156616210938e+01 5.881929397583007812e-01 -7.901586890220642090e-01 -1.722741872072219849e-01 0.000000000000000000e+00 2.000000000000000000e+00
2.417045745849609375e+02 1.949564971923828125e+02 4.560303878784179688e+01 5.977395176887512207e-01 -7.808099985122680664e-01 -1.817782819271087646e-01 0.000000000000000000e+00 2.000000000000000000e+00
2.413551788330078125e+02 1.954129028320312500e+02 4.570929336547851562e+01 6.063282489776611328e-01 -7.718416452407836914e-01 -1.913805007934570312e-01 0.000000000000000000e+00 2.000000000000000000e+00
2.409935760498046875e+02 1.958732147216796875e+02 4.582342910766601562e+01 6.143233776092529297e-01 -7.635891437530517578e-01 -1.988425254821777344e-01 0.000000000000000000e+00 2.000000000000000000e+00
2.406172180175781250e+02 1.963410186767578125e+02 4.594524765014648438e+01 6.217480897903442383e-01 -7.567792534828186035e-01 -2.017783522605895996e-01 0.000000000000000000e+00 2.000000000000000000e+00
2.402251739501953125e+02 1.968182067871093750e+02 4.607247924804687500e+01 6.271509528160095215e-01 -7.531179785728454590e-01 -1.987335830926895142e-01 0.000000000000000000e+00 2.000000000000000000e+00
2.398187408447265625e+02 1.973062744140625000e+02 4.620127105712890625e+01 6.298292875289916992e-01 -7.529551982879638672e-01 -1.907185763120651245e-01 0.000000000000000000e+00 2.000000000000000000e+00
2.394011535644531250e+02 1.978054962158203125e+02 4.632772064208984375e+01 6.290566325187683105e-01 -7.562469840049743652e-01 -1.799395829439163208e-01 0.000000000000000000e+00 2.000000000000000000e+00
2.389765777587890625e+02 1.983159179687500000e+02 4.644916915893554688e+01 6.245306730270385742e-01 -7.622573971748352051e-01 -1.700736731290817261e-01 0.000000000000000000e+00 2.000000000000000000e+00
2.385491790771484375e+02 1.988375701904296875e+02 4.656555938720703125e+01 6.172270178794860840e-01 -7.695503830909729004e-01 -1.637773811817169189e-01 0.000000000000000000e+00 2.000000000000000000e+00
2.381218109130859375e+02 1.993704071044921875e+02 4.667895889282226562e+01 6.090325117111206055e-01 -7.765893936157226562e-01 -1.612087190151214600e-01 0.000000000000000000e+00 2.000000000000000000e+00
2.376950836181640625e+02 1.999145355224609375e+02 4.679191207885742188e+01 6.023293137550354004e-01 -7.821280956268310547e-01 -1.596087813377380371e-01 0.000000000000000000e+00 2.000000000000000000e+00
2.372671813964843750e+02 2.004701690673828125e+02 4.690530014038085938e+01 5.991499423980712891e-01 -7.856202125549316406e-01 -1.543378680944442749e-01 0.000000000000000000e+00 2.000000000000000000e+00
2.368342132568359375e+02 2.010378875732421875e+02 4.701683044433593750e+01 6.005043983459472656e-01 -7.869869470596313477e-01 -1.415838152170181274e-01 0.000000000000000000e+00 2.000000000000000000e+00
2.363912048339843750e+02 2.016184692382812500e+02 4.712128067016601562e+01 6.053910851478576660e-01 -7.867072224617004395e-01 -1.208033412694931030e-01 0.000000000000000000e+00 2.000000000000000000e+00
2.359341583251953125e+02 2.022124023437500000e+02 4.721248245239257812e+01 6.116713285446166992e-01 -7.853455543518066406e-01 -9.534406661987304688e-02 0.000000000000000000e+00 2.000000000000000000e+00
2.354615631103515625e+02 2.028191833496093750e+02 4.728614807128906250e+01 6.163902878761291504e-01 -7.842392921447753906e-01 -7.093434035778045654e-02 0.000000000000000000e+00 2.000000000000000000e+00
2.349766387939453125e+02 2.034361572265625000e+02 4.734195327758789062e+01 6.176304817199707031e-01 -7.846794724464416504e-01 -5.301667004823684692e-02 0.000000000000000000e+00 2.000000000000000000e+00
2.344873962402343750e+02 2.040577239990234375e+02 4.738394927978515625e+01 6.143254637718200684e-01 -7.877658009529113770e-01 -4.504742100834846497e-02 0.000000000000000000e+00 2.000000000000000000e+00
2.340054626464843750e+02 2.046757202148437500e+02 4.741928863525390625e+01 6.061893701553344727e-01 -7.938885092735290527e-01 -4.770036041736602783e-02 0.000000000000000000e+00 2.000000000000000000e+00
2.335433197021484375e+02 2.052809600830078125e+02 4.745565414428710938e+01 5.936062932014465332e-01 -8.025423288345336914e-01 -5.964360013604164124e-02 0.000000000000000000e+00 2.000000000000000000e+00
2.331111907958984375e+02 2.058651885986328125e+02 4.749907302856445312e+01 5.775405168533325195e-01 -8.126447200775146484e-01 -7.781633734703063965e-02 0.000000000000000000e+00 2.000000000000000000e+00
2.327145385742187500e+02 2.064233093261718750e+02 4.755251693725585938e+01 5.596366524696350098e-01 -8.228574991226196289e-01 -9.855128824710845947e-02 0.000000000000000000e+00 2.000000000000000000e+00
2.323531036376953125e+02 2.069547424316406250e+02 4.761616516113281250e+01 5.421820282936096191e-01 -8.319216370582580566e-01 -1.180889904499053955e-01 0.000000000000000000e+00 2.000000000000000000e+00
2.320217132568359375e+02 2.074632263183593750e+02 4.768834304809570312e+01 5.272499322891235352e-01 -8.391413688659667969e-01 -1.336008608341217041e-01 0.000000000000000000e+00 2.000000000000000000e+00
2.317124328613281250e+02 2.079554595947265625e+02 4.776671218872070312e+01 5.163194537162780762e-01 -8.442081809043884277e-01 -1.439675539731979370e-01 0.000000000000000000e+00 2.000000000000000000e+00
2.314167480468750000e+02 2.084389190673828125e+02 4.784915924072265625e+01 5.096657872200012207e-01 -8.472561836242675781e-01 -1.496585309505462646e-01 0.000000000000000000e+00 2.000000000000000000e+00
2.311275024414062500e+02 2.089197540283203125e+02 4.793409347534179688e+01 5.069184899330139160e-01 -8.485252857208251953e-01 -1.517841964960098267e-01 0.000000000000000000e+00 2.000000000000000000e+00
2.308394622802734375e+02 2.094019012451171875e+02 4.802033996582031250e+01 5.067506432533264160e-01 -8.485922217369079590e-01 -1.519704163074493408e-01 0.000000000000000000e+00 2.000000000000000000e+00
2.305500640869140625e+02 2.098865203857421875e+02 4.810712814331054688e+01 5.081927776336669922e-01 -8.477592468261718750e-01 -1.518035382032394409e-01 0.000000000000000000e+00 2.000000000000000000e+00
2.302585144042968750e+02 2.103728790283203125e+02 4.819421768188476562e+01 5.100404620170593262e-01 -8.465784192085266113e-01 -1.521965563297271729e-01 0.000000000000000000e+00 2.000000000000000000e+00
2.299655609130859375e+02 2.108591308593750000e+02 4.828163528442382812e+01 5.113967061042785645e-01 -8.453852534294128418e-01 -1.542633026838302612e-01 0.000000000000000000e+00 2.000000000000000000e+00
2.296725769042968750e+02 2.113434600830078125e+02 4.837001419067382812e+01 5.115636587142944336e-01 -8.445068597793579102e-01 -1.584637761116027832e-01 0.000000000000000000e+00 2.000000000000000000e+00
2.293808746337890625e+02 2.118250122070312500e+02 4.846037292480468750e+01 5.100013613700866699e-01 -8.442753553390502930e-01 -1.646135598421096802e-01 0.000000000000000000e+00 2.000000000000000000e+00
2.290909881591796875e+02 2.123049011230468750e+02 4.855393981933593750e+01 5.068814754486083984e-01 -8.447042703628540039e-01 -1.718892157077789307e-01 0.000000000000000000e+00 2.000000000000000000e+00
2.288020324707031250e+02 2.127864379882812500e+02 4.865192794799804688e+01 5.028271079063415527e-01 -8.456901907920837402e-01 -1.788101196289062500e-01 0.000000000000000000e+00 2.000000000000000000e+00
2.285116577148437500e+02 2.132748107910156250e+02 4.875518798828125000e+01 4.981371760368347168e-01 -8.473933339118957520e-01 -1.838040798902511597e-01 0.000000000000000000e+00 2.000000000000000000e+00
2.282171783447265625e+02 2.137757568359375000e+02 4.886384582519531250e+01 4.933319687843322754e-01 -8.497650027275085449e-01 -1.858039200305938721e-01 0.000000000000000000e+00 2.000000000000000000e+00
2.279165649414062500e+02 2.142935638427734375e+02 4.897706604003906250e+01 4.880631566047668457e-01 -8.530788421630859375e-01 -1.845287084579467773e-01 0.000000000000000000e+00 2.000000000000000000e+00
2.276097717285156250e+02 2.148298034667968750e+02 4.909305953979492188e+01 4.818501472473144531e-01 -8.574355840682983398e-01 -1.806227564811706543e-01 0.000000000000000000e+00 2.000000000000000000e+00
2.272993164062500000e+02 2.153822479248046875e+02 4.920943450927734375e+01 4.743540287017822266e-01 -8.627633452415466309e-01 -1.750072389841079712e-01 0.000000000000000000e+00 2.000000000000000000e+00
2.269893951416015625e+02 2.159459381103515625e+02 4.932377624511718750e+01 4.654073119163513184e-01 -8.688550591468811035e-01 -1.687809228897094727e-01 0.000000000000000000e+00 2.000000000000000000e+00
2.266846313476562500e+02 2.165148925781250000e+02 4.943429946899414062e+01 4.556236565113067627e-01 -8.751559853553771973e-01 -1.628157645463943481e-01 0.000000000000000000e+00 2.000000000000000000e+00
2.263883666992187500e+02 2.170839538574218750e+02 4.954016876220703125e+01 4.459046721458435059e-01 -8.810483217239379883e-01 -1.578696370124816895e-01 0.000000000000000000e+00 2.000000000000000000e+00
2.261019439697265625e+02 2.176498870849609375e+02 4.964157485961914062e+01 4.374322593212127686e-01 -8.859344720840454102e-01 -1.541854292154312134e-01 0.000000000000000000e+00 2.000000000000000000e+00
2.258245849609375000e+02 2.182116241455078125e+02 4.973933792114257812e+01 4.308404922485351562e-01 -8.895634412765502930e-01 -1.518330723047256470e-01 0.000000000000000000e+00 2.000000000000000000e+00
2.255543823242187500e+02 2.187695159912109375e+02 4.983456039428710938e+01 4.264699816703796387e-01 -8.918994665145874023e-01 -1.504622101783752441e-01 0.000000000000000000e+00 2.000000000000000000e+00
2.252889709472656250e+02 2.193245849609375000e+02 4.992819976806640625e+01 4.238269925117492676e-01 -8.932734131813049316e-01 -1.497779786586761475e-01 0.000000000000000000e+00 2.000000000000000000e+00
2.250264282226562500e+02 2.198779296875000000e+02 5.002098083496093750e+01 4.225352704524993896e-01 -8.938322067260742188e-01 -1.500933468341827393e-01 0.000000000000000000e+00 2.000000000000000000e+00
2.247652893066406250e+02 2.204303436279296875e+02 5.011374282836914062e+01 -4.220066368579864502e-01 8.938908576965332031e-01 1.512268781661987305e-01 0.000000000000000000e+00 2.000000000000000000e+00
2.245047607421875000e+02 2.209821929931640625e+02 5.020710372924804688e+01 -4.220197498798370361e-01 8.934095501899719238e-01 1.540092676877975464e-01 0.000000000000000000e+00 2.000000000000000000e+00
2.242444152832031250e+02 2.215333404541015625e+02 5.030211257934570312e+01 -4.225835204124450684e-01 8.922060132026672363e-01 1.593472510576248169e-01 0.000000000000000000e+00 2.000000000000000000e+00
2.239838256835937500e+02 2.220835266113281250e+02 5.040037536621093750e+01 -4.237313568592071533e-01 8.899621963500976562e-01 1.685793548822402954e-01 0.000000000000000000e+00 2.000000000000000000e+00
2.237229156494140625e+02 2.226315155029296875e+02 5.050417709350585938e+01 -4.252997040748596191e-01 8.864368796348571777e-01 1.826194822788238525e-01 0.000000000000000000e+00 2.000000000000000000e+00
2.234619750976562500e+02 2.231753845214843750e+02 5.061622238159179688e+01 -4.273666739463806152e-01 8.813561201095581055e-01 2.014175802469253540e-01 0.000000000000000000e+00 2.000000000000000000e+00
2.232015991210937500e+02 2.237123565673828125e+02 5.073893737792968750e+01 -4.294127821922302246e-01 8.750216960906982422e-01 2.234761267900466919e-01 0.000000000000000000e+00 2.000000000000000000e+00
2.229430847167968750e+02 2.242391357421875000e+02 5.087347412109375000e+01 -4.307127892971038818e-01 8.684395551681518555e-01 2.455589026212692261e-01 0.000000000000000000e+00 2.000000000000000000e+00
2.226882171630859375e+02 2.247530212402343750e+02 5.101877975463867188e+01 -4.302604198455810547e-01 8.632101416587829590e-01 2.640911638736724854e-01 0.000000000000000000e+00 2.000000000000000000e+00
2.224392089843750000e+02 2.252525939941406250e+02 5.117161941528320312e+01 -4.269469976425170898e-01 8.612682223320007324e-01 2.755599021911621094e-01 0.000000000000000000e+00 2.000000000000000000e+00
2.221980285644531250e+02 2.257391204833984375e+02 5.132728195190429688e+01 -4.206104576587677002e-01 8.633016943931579590e-01 2.789211273193359375e-01 0.000000000000000000e+00 2.000000000000000000e+00
2.219654998779296875e+02 2.262163848876953125e+02 5.148147964477539062e+01 -4.118802249431610107e-01 8.685166239738464355e-01 2.757421433925628662e-01 0.000000000000000000e+00 2.000000000000000000e+00
2.217411041259765625e+02 2.266895599365234375e+02 5.163170623779296875e+01 -4.026337265968322754e-01 8.746094703674316406e-01 2.700822055339813232e-01 0.000000000000000000e+00 2.000000000000000000e+00
2.215227050781250000e+02 2.271639709472656250e+02 5.177820587158203125e+01 -3.955089449882507324e-01 8.786913752555847168e-01 2.673466503620147705e-01 0.000000000000000000e+00 2.000000000000000000e+00
2.213068389892578125e+02 2.276435546875000000e+02 5.192412185668945312e+01 -3.929039537906646729e-01 8.786219954490661621e-01 2.713849246501922607e-01 0.000000000000000000e+00 2.000000000000000000e+00
2.210891571044921875e+02 2.281303405761718750e+02 5.207447814941406250e+01 -3.947454690933227539e-01 8.740677237510681152e-01 2.831635177135467529e-01 0.000000000000000000e+00 2.000000000000000000e+00
2.208658905029296875e+02 2.286247100830078125e+02 5.223463439941406250e+01 -4.004091322422027588e-01 8.655399084091186523e-01 3.008541166782379150e-01 0.000000000000000000e+00 2.000000000000000000e+00
2.206342315673828125e+02 2.291254730224609375e+02 5.240869522094726562e+01 -4.074546694755554199e-01 8.551718592643737793e-01 3.204085826873779297e-01 0.000000000000000000e+00 2.000000000000000000e+00
2.203934936523437500e+02 2.296307373046875000e+02 5.259800338745117188e+01 -4.140160381793975830e-01 8.454322218894958496e-01 3.373944759368896484e-01 0.000000000000000000e+00 2.000000000000000000e+00
2.201451568603515625e+02 2.301378479003906250e+02 5.280038070678710938e+01 -4.187154471874237061e-01 8.383661508560180664e-01 3.490264415740966797e-01 0.000000000000000000e+00 2.000000000000000000e+00
2.198923950195312500e+02 2.306439361572265625e+02 5.301107406616210938e+01 -4.211751520633697510e-01 8.352689743041992188e-01 3.534645438194274902e-01 0.000000000000000000e+00 2.000000000000000000e+00
2.196391906738281250e+02 2.311460876464843750e+02 5.322357177734375000e+01 -4.218142330646514893e-01 8.359118700027465820e-01 3.511753082275390625e-01 0.000000000000000000e+00 2.000000000000000000e+00
2.193889617919921875e+02 2.316419677734375000e+02 5.343189620971679688e+01 -4.212279021739959717e-01 8.393392562866210938e-01 3.436225950717926025e-01 0.000000000000000000e+00 2.000000000000000000e+00
2.191435394287109375e+02 2.321309967041015625e+02 5.363210296630859375e+01 -4.207420349121093750e-01 8.438273072242736816e-01 3.330641388893127441e-01 0.000000000000000000e+00 2.000000000000000000e+00
2.189024353027343750e+02 2.326145477294921875e+02 5.382296371459960938e+01 -4.218530356884002686e-01 8.477113842964172363e-01 3.215980827808380127e-01 0.000000000000000000e+00 2.000000000000000000e+00
2.186629791259765625e+02 2.330957336425781250e+02 5.400551223754882812e+01 -4.257161319255828857e-01 8.500371575355529785e-01 3.101653754711151123e-01 0.000000000000000000e+00 2.000000000000000000e+00
2.184208526611328125e+02 2.335791931152343750e+02 5.418191909790039062e+01 -4.334654808044433594e-01 8.502022624015808105e-01 2.987706065177917480e-01 0.000000000000000000e+00 2.000000000000000000e+00
2.181705780029296875e+02 2.340700836181640625e+02 5.435442352294921875e+01 -4.451287388801574707e-01 8.484068512916564941e-01 2.864720523357391357e-01 0.000000000000000000e+00 2.000000000000000000e+00
2.179065246582031250e+02 2.345733642578125000e+02 5.452436065673828125e+01 -4.601590633392333984e-01 8.449615836143493652e-01 2.725684642791748047e-01 0.000000000000000000e+00 2.000000000000000000e+00
2.176237335205078125e+02 2.350926361083984375e+02 5.469186782836914062e+01 -4.775875508785247803e-01 8.403047323226928711e-01 2.565116286277770996e-01 0.000000000000000000e+00 2.000000000000000000e+00
2.173186492919921875e+02 2.356294250488281250e+02 5.485572814941406250e+01 -4.962379336357116699e-01 8.346875905990600586e-01 2.388396710157394409e-01 0.000000000000000000e+00 2.000000000000000000e+00
2.169895935058593750e+02 2.361829071044921875e+02 5.501410293579101562e+01 -5.152871608734130859e-01 8.281464576721191406e-01 2.205730527639389038e-01 0.000000000000000000e+00 2.000000000000000000e+00
2.166368713378906250e+02 2.367497863769531250e+02 5.516508865356445312e+01 -5.338770747184753418e-01 8.208000659942626953e-01 2.031319141387939453e-01 0.000000000000000000e+00 2.000000000000000000e+00
2.162626647949218750e+02 2.373251037597656250e+02 5.530746841430664062e+01 -5.517274737358093262e-01 8.124649524688720703e-01 1.884080767631530762e-01 0.000000000000000000e+00 2.000000000000000000e+00
2.158700103759765625e+02 2.379033203125000000e+02 5.544155502319335938e+01 -5.681965351104736328e-01 8.033739924430847168e-01 1.781652271747589111e-01 0.000000000000000000e+00 2.000000000000000000e+00
2.154625701904296875e+02 2.384794006347656250e+02 5.556931304931640625e+01 -5.831247568130493164e-01 7.936775684356689453e-01 1.733242571353912354e-01 0.000000000000000000e+00 2.000000000000000000e+00
2.150436553955078125e+02 2.390495758056640625e+02 5.569382858276367188e+01 -5.960689187049865723e-01 7.839539051055908203e-01 1.735457181930541992e-01 0.000000000000000000e+00 2.000000000000000000e+00
2.146163024902343750e+02 2.396116333007812500e+02 5.581825256347656250e+01 -6.070142388343811035e-01 7.746403217315673828e-01 1.773868352174758911e-01 0.000000000000000000e+00 2.000000000000000000e+00
2.141828765869140625e+02 2.401647491455078125e+02 5.594491195678710938e+01 -6.157083511352539062e-01 7.665054798126220703e-01 1.826820522546768188e-01 0.000000000000000000e+00 2.000000000000000000e+00
2.137453918457031250e+02 2.407093811035156250e+02 5.607471466064453125e+01 -6.219887137413024902e-01 7.602084279060363770e-01 1.876517087221145630e-01 0.000000000000000000e+00 2.000000000000000000e+00
2.133055267333984375e+02 2.412469940185546875e+02 5.620742034912109375e+01 -6.254819035530090332e-01 7.563619613647460938e-01 1.915436685085296631e-01 0.000000000000000000e+00 2.000000000000000000e+00
2.128649291992187500e+02 2.417797851562500000e+02 5.634234619140625000e+01 -6.256697773933410645e-01 7.553942799568176270e-01 1.947224289178848267e-01 0.000000000000000000e+00 2.000000000000000000e+00
2.124252777099609375e+02 2.423105926513671875e+02 5.647917556762695312e+01 -6.222845911979675293e-01 7.572578191757202148e-01 1.982989013195037842e-01 0.000000000000000000e+00 2.000000000000000000e+00
2.119882659912109375e+02 2.428423919677734375e+02 5.661843490600585938e+01 -6.155318617820739746e-01 7.614338994026184082e-01 2.033199518918991089e-01 0.000000000000000000e+00 2.000000000000000000e+00
2.115554809570312500e+02 2.433777618408203125e+02 5.676139068603515625e+01 -6.063339114189147949e-01 7.668793201446533203e-01 2.103692591190338135e-01 0.000000000000000000e+00 2.000000000000000000e+00
2.111283416748046875e+02 2.439179992675781250e+02 5.690958786010742188e+01 -5.962596535682678223e-01 7.722395062446594238e-01 2.193638533353805542e-01 0.000000000000000000e+00 2.000000000000000000e+00
2.107076568603515625e+02 2.444628448486328125e+02 5.706435775756835938e+01 -5.870591998100280762e-01 7.761734724044799805e-01 2.300352305173873901e-01 0.000000000000000000e+00 2.000000000000000000e+00
2.102937622070312500e+02 2.450100708007812500e+02 5.722653961181640625e+01 -5.798632502555847168e-01 7.780053019523620605e-01 2.417980730533599854e-01 0.000000000000000000e+00 2.000000000000000000e+00
2.098866882324218750e+02 2.455562438964843750e+02 5.739628601074218750e+01 -5.753618478775024414e-01 7.775272727012634277e-01 2.537913322448730469e-01 0.000000000000000000e+00 2.000000000000000000e+00
2.094859924316406250e+02 2.460977325439453125e+02 5.757303237915039062e+01 -5.731007456779479980e-01 7.754393219947814941e-01 2.650460600852966309e-01 0.000000000000000000e+00 2.000000000000000000e+00
2.090912322998046875e+02 2.466318664550781250e+02 5.775559997558593750e+01 -5.719289779663085938e-01 7.729352116584777832e-01 2.747152149677276611e-01 0.000000000000000000e+00 2.000000000000000000e+00
2.087021789550781250e+02 2.471576538085937500e+02 5.794247436523437500e+01 -5.705625414848327637e-01 7.711869478225708008e-01 2.823636233806610107e-01 0.000000000000000000e+00 2.000000000000000000e+00
2.083187408447265625e+02 2.476759185791015625e+02 5.813223266601562500e+01 -5.678417682647705078e-01 7.709208726882934570e-01 2.885076701641082764e-01 0.000000000000000000e+00 2.000000000000000000e+00
2.079409332275390625e+02 2.481888427734375000e+02 5.832418823242187500e+01 -5.636134743690490723e-01 7.718376517295837402e-01 2.942897975444793701e-01 0.000000000000000000e+00 2.000000000000000000e+00
2.075683898925781250e+02 2.486990203857421875e+02 5.851871109008789062e+01 -5.583297014236450195e-01 7.730843424797058105e-01 3.010127246379852295e-01 0.000000000000000000e+00 2.000000000000000000e+00
2.072000885009765625e+02 2.492089843750000000e+02 5.871727371215820312e+01 -5.533064603805541992e-01 7.735033631324768066e-01 3.091026246547698975e-01 0.000000000000000000e+00 2.000000000000000000e+00
2.068340759277343750e+02 2.497206573486328125e+02 5.892174530029296875e+01 -5.493325591087341309e-01 7.727479338645935059e-01 3.179535567760467529e-01 0.000000000000000000e+00 2.000000000000000000e+00
2.064680480957031250e+02 2.502355499267578125e+02 5.913360214233398438e+01 -5.470424890518188477e-01 7.709284424781799316e-01 3.262113034725189209e-01 0.000000000000000000e+00 2.000000000000000000e+00
2.060998382568359375e+02 2.507544555664062500e+02 5.935317230224609375e+01 -5.459507703781127930e-01 7.689773440361022949e-01 3.325833082199096680e-01 0.000000000000000000e+00 2.000000000000000000e+00
2.057283325195312500e+02 2.512777252197265625e+02 5.957948684692382812e+01 -5.448901057243347168e-01 7.681216001510620117e-01 3.362793922424316406e-01 0.000000000000000000e+00 2.000000000000000000e+00
2.053538665771484375e+02 2.518056030273437500e+02 5.981058883666992188e+01 -5.421993732452392578e-01 7.696117162704467773e-01 3.372206091880798340e-01 0.000000000000000000e+00 2.000000000000000000e+00
2.049787139892578125e+02 2.523381042480468750e+02 6.004391479492187500e+01 -5.366334915161132812e-01 7.740930914878845215e-01 3.358636498451232910e-01 0.000000000000000000e+00 2.000000000000000000e+00
2.046066741943359375e+02 2.528747711181640625e+02 6.027676391601562500e+01 -5.265678167343139648e-01 7.822049260139465332e-01 3.329890370368957520e-01 0.000000000000000000e+00 2.000000000000000000e+00
2.042431182861328125e+02 2.534148254394531250e+02 6.050666809082031250e+01 -5.110586881637573242e-01 7.938975691795349121e-01 3.294627964496612549e-01 0.000000000000000000e+00 2.000000000000000000e+00
2.038941802978515625e+02 2.539568786621093750e+02 6.073161697387695312e+01 -4.895574450492858887e-01 8.086480498313903809e-01 3.262237310409545898e-01 0.000000000000000000e+00 2.000000000000000000e+00
2.035658721923828125e+02 2.544991760253906250e+02 6.095038986206054688e+01 -4.612181782722473145e-01 8.260235190391540527e-01 3.239799439907073975e-01 0.000000000000000000e+00 2.000000000000000000e+00
2.032633819580078125e+02 2.550409240722656250e+02 6.116287231445312500e+01 -4.267157316207885742e-01 8.447691202163696289e-01 3.229222595691680908e-01 0.000000000000000000e+00 2.000000000000000000e+00
2.029897766113281250e+02 2.555825805664062500e+02 6.136992645263671875e+01 -3.872322142124176025e-01 8.638405799865722656e-01 3.222275078296661377e-01 0.000000000000000000e+00 2.000000000000000000e+00
2.027456970214843750e+02 2.561270751953125000e+02 6.157303237915039062e+01 -3.452792763710021973e-01 8.821315765380859375e-01 3.203531205654144287e-01 0.000000000000000000e+00 2.000000000000000000e+00
2.025292053222656250e+02 2.566801757812500000e+02 6.177389526367187500e+01 -3.038820028305053711e-01 8.987706899642944336e-01 3.160172998905181885e-01 0.000000000000000000e+00 2.000000000000000000e+00
2.023365325927734375e+02 2.572500305175781250e+02 6.197426223754882812e+01 -2.670193016529083252e-01 9.126491546630859375e-01 3.094709515571594238e-01 0.000000000000000000e+00 2.000000000000000000e+00
2.021622619628906250e+02 2.578456726074218750e+02 6.217623901367187500e+01 -2.375740557909011841e-01 9.229070544242858887e-01 3.029869198799133301e-01 0.000000000000000000e+00 2.000000000000000000e+00
2.020002593994140625e+02 2.584750061035156250e+02 6.238284683227539062e+01 -2.176962494850158691e-01 9.289080500602722168e-01 2.995631992816925049e-01 0.000000000000000000e+00 2.000000000000000000e+00
2.018437805175781250e+02 2.591427001953125000e+02 6.259817123413085938e+01 -2.073092460632324219e-01 9.305774569511413574e-01 3.017424046993255615e-01 0.000000000000000000e+00 2.000000000000000000e+00
2.016865844726562500e+02 2.598483276367187500e+02 6.282697296142578125e+01 -2.051259130239486694e-01 9.281088113784790039e-01 3.107045888900756836e-01 0.000000000000000000e+00 2.000000000000000000e+00
2.015236358642578125e+02 2.605856018066406250e+02 6.307379150390625000e+01 -2.087073177099227905e-01 9.220535755157470703e-01 3.259729743003845215e-01 0.000000000000000000e+00 2.000000000000000000e+00
2.013520355224609375e+02 2.613437194824218750e+02 6.334180831909179688e+01 -2.153307348489761353e-01 9.131594896316528320e-01 3.460815548896789551e-01 0.000000000000000000e+00 2.000000000000000000e+00
2.011713867187500000e+02 2.621098022460937500e+02 6.363214874267578125e+01 -2.226963639259338379e-01 9.022104144096374512e-01 3.693543672561645508e-01 0.000000000000000000e+00 2.000000000000000000e+00
2.009834136962890625e+02 2.628713378906250000e+02 6.394391250610351562e+01 -2.290023416280746460e-01 8.901730179786682129e-01 3.938907384872436523e-01 0.000000000000000000e+00 2.000000000000000000e+00
2.007910919189453125e+02 2.636189270019531250e+02 6.427471160888671875e+01 -2.337286472320556641e-01 8.778483867645263672e-01 4.180348515510559082e-01 0.000000000000000000e+00 2.000000000000000000e+00
2.005972290039062500e+02 2.643470458984375000e+02 6.462144470214843750e+01 -2.366462945938110352e-01 8.660700917243957520e-01 4.403648078441619873e-01 0.000000000000000000e+00 2.000000000000000000e+00
2.004041137695312500e+02 2.650538024902343750e+02 6.498080444335937500e+01 -2.371375560760498047e-01 8.558408021926879883e-01 4.596763253211975098e-01 0.000000000000000000e+00 2.000000000000000000e+00
2.002138824462890625e+02 2.657403564453125000e+02 6.534955596923828125e+01 -2.351524233818054199e-01 8.476469516754150391e-01 4.756026566028594971e-01 0.000000000000000000e+00 2.000000000000000000e+00
2.000283050537109375e+02 2.664093017578125000e+02 6.572489166259765625e+01 -2.300533652305603027e-01 8.420118093490600586e-01 4.879462122917175293e-01 0.000000000000000000e+00 2.000000000000000000e+00
1.998493804931640625e+02 2.670641784667968750e+02 6.610439300537109375e+01 -2.230974733829498291e-01 8.384044766426086426e-01 4.972982704639434814e-01 0.000000000000000000e+00 2.000000000000000000e+00
1.996781158447265625e+02 2.677077941894531250e+02 6.648615264892578125e+01 -2.160934805870056152e-01 8.361188173294067383e-01 5.041913390159606934e-01 0.000000000000000000e+00 2.000000000000000000e+00
1.995140380859375000e+02 2.683426513671875000e+02 6.686898040771484375e+01 -2.119026035070419312e-01 8.341356515884399414e-01 5.092298388481140137e-01 0.000000000000000000e+00 2.000000000000000000e+00
1.993547058105468750e+02 2.689698486328125000e+02 6.725187683105468750e+01 -2.114246636629104614e-01 8.317703008651733398e-01 5.132814049720764160e-01 0.000000000000000000e+00 2.000000000000000000e+00
1.991972045898437500e+02 2.695894775390625000e+02 6.763424682617187500e+01 -2.125400453805923462e-01 8.293196558952331543e-01 5.167741775512695312e-01 0.000000000000000000e+00 2.000000000000000000e+00
1.990403442382812500e+02 2.702015380859375000e+02 6.801564025878906250e+01 -2.093108445405960083e-01 8.278089165687561035e-01 5.205010771751403809e-01 0.000000000000000000e+00 2.000000000000000000e+00
1.988873291015625000e+02 2.708067016601562500e+02 6.839614868164062500e+01 -1.939615905284881592e-01 8.289767503738403320e-01 5.245726704597473145e-01 0.000000000000000000e+00 2.000000000000000000e+00
1.987468414306640625e+02 2.714071350097656250e+02 6.877610015869140625e+01 -1.609117537736892700e-01 8.331421613693237305e-01 5.291329026222229004e-01 0.000000000000000000e+00 2.000000000000000000e+00
1.986311340332031250e+02 2.720062255859375000e+02 6.915658569335937500e+01 -1.098878309130668640e-01 8.391665816307067871e-01 5.326575040817260742e-01 0.000000000000000000e+00 2.000000000000000000e+00
1.985522003173828125e+02 2.726090087890625000e+02 6.953919982910156250e+01 -4.829993098974227905e-02 8.444805741310119629e-01 5.334038138389587402e-01 0.000000000000000000e+00 2.000000000000000000e+00
1.985171813964843750e+02 2.732212829589843750e+02 6.992593383789062500e+01 1.076880935579538345e-02 8.472149372100830078e-01 5.311411619186401367e-01 0.000000000000000000e+00 2.000000000000000000e+00
1.985251617431640625e+02 2.738491210937500000e+02 7.031954193115234375e+01 5.489358305931091309e-02 8.476813435554504395e-01 5.276581048965454102e-01 0.000000000000000000e+00 2.000000000000000000e+00
1.985671844482421875e+02 2.744980468750000000e+02 7.072348022460937500e+01 7.724361121654510498e-02 8.471285700798034668e-01 5.257437825202941895e-01 0.000000000000000000e+00 2.000000000000000000e+00
1.986286315917968750e+02 2.751719360351562500e+02 7.114170837402343750e+01 7.859260588884353638e-02 8.462855219841003418e-01 5.269004702568054199e-01 0.000000000000000000e+00 2.000000000000000000e+00
1.986936798095703125e+02 2.758723754882812500e+02 7.157780456542968750e+01 6.468874961137771606e-02 8.449324369430541992e-01 5.309468507766723633e-01 0.000000000000000000e+00 2.000000000000000000e+00
1.987492523193359375e+02 2.765982360839843750e+02 7.203392791748046875e+01 4.304371774196624756e-02 8.427271246910095215e-01 5.366173982620239258e-01 0.000000000000000000e+00 2.000000000000000000e+00
1.987873992919921875e+02 2.773450927734375000e+02 7.250949859619140625e+01 2.039851434528827667e-02 8.398259282112121582e-01 5.424724817276000977e-01 0.000000000000000000e+00 2.000000000000000000e+00
1.988058776855468750e+02 2.781058654785156250e+02 7.300090789794921875e+01 1.884557423181831837e-03 8.368435502052307129e-01 5.474389195442199707e-01 0.000000000000000000e+00 2.000000000000000000e+00
1.988076019287109375e+02 2.788715209960937500e+02 7.350177764892578125e+01 -9.334331378340721130e-03 8.344022631645202637e-01 5.510768294334411621e-01 0.000000000000000000e+00 2.000000000000000000e+00
1.987990875244140625e+02 2.796326293945312500e+02 7.400444793701171875e+01 -1.082014851272106171e-02 8.329645991325378418e-01 5.532204508781433105e-01 0.000000000000000000e+00 2.000000000000000000e+00
1.987893676757812500e+02 2.803808898925781250e+02 7.450141143798828125e+01 -1.131980097852647305e-03 8.323711156845092773e-01 5.542174577713012695e-01 0.000000000000000000e+00 2.000000000000000000e+00
1.987883758544921875e+02 2.811101989746093750e+02 7.498700714111328125e+01 1.954384706914424896e-02 8.322197794914245605e-01 5.541012883186340332e-01 0.000000000000000000e+00 2.000000000000000000e+00
1.988049926757812500e+02 2.818177795410156250e+02 7.545812225341796875e+01 4.896374419331550598e-02 8.319025635719299316e-01 5.527573823928833008e-01 0.000000000000000000e+00 2.000000000000000000e+00
1.988453674316406250e+02 2.825037536621093750e+02 7.591391754150390625e+01 8.226285874843597412e-02 8.310375213623046875e-01 5.500995516777038574e-01 0.000000000000000000e+00 2.000000000000000000e+00
1.989113464355468750e+02 2.831702880859375000e+02 7.635512542724609375e+01 1.132270693778991699e-01 8.302149772644042969e-01 5.458230376243591309e-01 0.000000000000000000e+00 2.000000000000000000e+00
1.990000610351562500e+02 2.838207702636718750e+02 7.678278350830078125e+01 1.366441100835800171e-01 8.305592536926269531e-01 5.399072170257568359e-01 0.000000000000000000e+00 2.000000000000000000e+00
1.991049499511718750e+02 2.844583129882812500e+02 7.719721984863281250e+01 1.496398150920867920e-01 8.337683081626892090e-01 5.314492583274841309e-01 0.000000000000000000e+00 2.000000000000000000e+00
1.992176361083984375e+02 2.850861816406250000e+02 7.759742736816406250e+01 1.523953378200531006e-01 8.404971957206726074e-01 5.199425220489501953e-01 0.000000000000000000e+00 2.000000000000000000e+00
1.993302612304687500e+02 2.857073364257812500e+02 7.798168182373046875e+01 1.473169922828674316e-01 8.502162694931030273e-01 5.054007172584533691e-01 0.000000000000000000e+00 2.000000000000000000e+00
1.994371643066406250e+02 2.863243103027343750e+02 7.834843444824218750e+01 1.382740139961242676e-01 8.615205883979797363e-01 4.885311424732208252e-01 0.000000000000000000e+00 2.000000000000000000e+00
1.995359191894531250e+02 2.869396057128906250e+02 7.869734191894531250e+01 1.287149339914321899e-01 8.726223111152648926e-01 4.711290895938873291e-01 0.000000000000000000e+00 2.000000000000000000e+00
1.996267089843750000e+02 2.875551147460937500e+02 7.902965545654296875e+01 1.221470832824707031e-01 8.820497989654541016e-01 4.550474882125854492e-01 0.000000000000000000e+00 2.000000000000000000e+00
1.997121734619140625e+02 2.881722717285156250e+02 7.934804534912109375e+01 1.208464950323104858e-01 8.890254497528076172e-01 4.416218698024749756e-01 0.000000000000000000e+00 2.000000000000000000e+00
1.997963714599609375e+02 2.887916870117187500e+02 7.965573883056640625e+01 1.266735941171646118e-01 8.936174511909484863e-01 4.305828511714935303e-01 0.000000000000000000e+00 2.000000000000000000e+00
1.998845825195312500e+02 2.894139709472656250e+02 7.995558166503906250e+01 1.410218179225921631e-01 8.959084749221801758e-01 4.212611317634582520e-01 0.000000000000000000e+00 2.000000000000000000e+00
1.999829711914062500e+02 2.900390319824218750e+02 8.024948883056640625e+01 1.640169769525527954e-01 8.961235880851745605e-01 4.123845994472503662e-01 0.000000000000000000e+00 2.000000000000000000e+00
2.000978393554687500e+02 2.906666259765625000e+02 8.053829956054687500e+01 1.950286328792572021e-01 8.940979242324829102e-01 4.031783640384674072e-01 0.000000000000000000e+00 2.000000000000000000e+00
2.002351684570312500e+02 2.912962036132812500e+02 8.082219696044921875e+01 2.310720533132553101e-01 8.897953629493713379e-01 3.935351669788360596e-01 0.000000000000000000e+00 2.000000000000000000e+00
2.003989257812500000e+02 2.919267883300781250e+02 8.110108947753906250e+01 2.684425115585327148e-01 8.834913969039916992e-01 3.839031457901000977e-01 0.000000000000000000e+00 2.000000000000000000e+00
2.005905151367187500e+02 2.925573425292968750e+02 8.137508392333984375e+01 3.028480410575866699e-01 8.761165738105773926e-01 3.751038610935211182e-01 0.000000000000000000e+00 2.000000000000000000e+00
2.008081207275390625e+02 2.931868591308593750e+02 8.164460754394531250e+01 3.312485516071319580e-01 8.689309954643249512e-01 3.677407801151275635e-01 0.000000000000000000e+00 2.000000000000000000e+00
2.010475311279296875e+02 2.938148803710937500e+02 8.191039276123046875e+01 3.525030016899108887e-01 8.628557324409484863e-01 3.622451424598693848e-01 0.000000000000000000e+00 2.000000000000000000e+00
2.013034362792968750e+02 2.944412841796875000e+02 8.217337036132812500e+01 3.665678203105926514e-01 8.584962487220764160e-01 3.586253523826599121e-01 0.000000000000000000e+00 2.000000000000000000e+00
2.015703430175781250e+02 2.950663757324218750e+02 8.243449401855468750e+01 3.751280605792999268e-01 8.557020425796508789e-01 3.564448654651641846e-01 0.000000000000000000e+00 2.000000000000000000e+00
2.018439331054687500e+02 2.956904602050781250e+02 8.269445800781250000e+01 3.796368539333343506e-01 8.541777133941650391e-01 3.553255498409271240e-01 0.000000000000000000e+00 2.000000000000000000e+00
2.021210479736328125e+02 2.963139648437500000e+02 8.295382690429687500e+01 3.816634714603424072e-01 8.534840345382690430e-01 3.548210859298706055e-01 0.000000000000000000e+00 2.000000000000000000e+00
2.023998413085937500e+02 2.969374084472656250e+02 8.321301269531250000e+01 3.817161619663238525e-01 8.535351157188415527e-01 3.546414971351623535e-01 0.000000000000000000e+00 2.000000000000000000e+00
2.026789703369140625e+02 2.975615539550781250e+02 8.347234344482421875e+01 3.802302777767181396e-01 8.541069626808166504e-01 3.548607826232910156e-01 0.000000000000000000e+00 2.000000000000000000e+00
2.029575195312500000e+02 2.981872558593750000e+02 8.373230743408203125e+01 3.764107227325439453e-01 8.556260466575622559e-01 3.552731573581695557e-01 0.000000000000000000e+00 2.000000000000000000e+00
2.032344055175781250e+02 2.988166503906250000e+02 8.399364471435546875e+01 3.696337938308715820e-01 8.582288026809692383e-01 3.561098575592041016e-01 0.000000000000000000e+00 2.000000000000000000e+00
2.035077819824218750e+02 2.994513854980468750e+02 8.425701904296875000e+01 3.588866293430328369e-01 8.622860908508300781e-01 3.572998046875000000e-01 0.000000000000000000e+00 2.000000000000000000e+00
2.037752380371093750e+02 3.000939941406250000e+02 8.452329254150390625e+01 3.437334895133972168e-01 8.677675127983093262e-01 3.589245080947875977e-01 0.000000000000000000e+00 2.000000000000000000e+00
2.040333251953125000e+02 3.007455444335937500e+02 8.479278564453125000e+01 3.249153494834899902e-01 8.742122054100036621e-01 3.608086705207824707e-01 0.000000000000000000e+00 2.000000000000000000e+00
2.042778778076171875e+02 3.014035339355468750e+02 8.506435394287109375e+01 3.040498793125152588e-01 8.808941245079040527e-01 3.627385795116424561e-01 0.000000000000000000e+00 2.000000000000000000e+00
2.045042419433593750e+02 3.020593566894531250e+02 8.533441162109375000e+01 2.832266986370086670e-01 8.871379494667053223e-01 3.643746376037597656e-01 0.000000000000000000e+00 2.000000000000000000e+00
2.047077636718750000e+02 3.026968383789062500e+02 8.559624481201171875e+01 2.643182873725891113e-01 8.923740386962890625e-01 3.657929599285125732e-01 0.000000000000000000e+00 2.000000000000000000e+00
2.048843536376953125e+02 3.032930297851562500e+02 8.584062957763671875e+01 2.483042180538177490e-01 8.965393900871276855e-01 3.668271303176879883e-01 0.000000000000000000e+00 2.000000000000000000e+00
2.050310821533203125e+02 3.038228149414062500e+02 8.605739593505859375e+01 2.356173396110534668e-01 8.996298909187316895e-01 3.676282465457916260e-01 0.000000000000000000e+00 2.000000000000000000e+00
2.051468963623046875e+02 3.042650146484375000e+02 8.623809814453125000e+01 2.258020639419555664e-01 9.019266366958618164e-01 3.681598901748657227e-01 0.000000000000000000e+00 2.000000000000000000e+00
2.052329254150390625e+02 3.046086425781250000e+02 8.637836456298828125e+01 2.258020639419555664e-01 9.019266366958618164e-01 3.681598901748657227e-01 0.000000000000000000e+00 2.000000000000000000e+00
