8.201937103271484375e+01 1.379115600585937500e+02 1.360500183105468750e+02 4.390163123607635498e-01 -8.771834373474121094e-01 -1.944579035043716431e-01 0.000000000000000000e+00 2.000000000000000000e+00
8.184581756591796875e+01 1.382583312988281250e+02 1.361268920898437500e+02 4.382244646549224854e-01 -8.765712380409240723e-01 -1.989524662494659424e-01 0.000000000000000000e+00 2.000000000000000000e+00
8.162715148925781250e+01 1.386957244873046875e+02 1.362261657714843750e+02 4.371248185634613037e-01 -8.757172226905822754e-01 -2.050398439168930054e-01 0.000000000000000000e+00 2.000000000000000000e+00
8.137263488769531250e+01 1.392056121826171875e+02 1.363455505371093750e+02 4.356113970279693604e-01 -8.745008111000061035e-01 -2.132864147424697876e-01 0.000000000000000000e+00 2.000000000000000000e+00
8.109686279296875000e+01 1.397592315673828125e+02 1.364805755615234375e+02 4.337107539176940918e-01 -8.728064298629760742e-01 -2.238393276929855347e-01 0.000000000000000000e+00 2.000000000000000000e+00
8.081542968750000000e+01 1.403255920410156250e+02 1.366258239746093750e+02 4.314980506896972656e-01 -8.705567717552185059e-01 -2.365168631076812744e-01 0.000000000000000000e+00 2.000000000000000000e+00
8.054111480712890625e+01 1.408790283203125000e+02 1.367761840820312500e+02 4.294079840183258057e-01 -8.676798343658447266e-01 -2.504806518554687500e-01 0.000000000000000000e+00 2.000000000000000000e+00
8.028091430664062500e+01 1.414048004150390625e+02 1.369279632568359375e+02 4.281937777996063232e-01 -8.644352555274963379e-01 -2.634423673152923584e-01 0.000000000000000000e+00 2.000000000000000000e+00
8.003572845458984375e+01 1.418997802734375000e+02 1.370788116455078125e+02 4.289718866348266602e-01 -8.611876368522644043e-01 -2.726516425609588623e-01 0.000000000000000000e+00 2.000000000000000000e+00
7.980165863037109375e+01 1.423696899414062500e+02 1.372275848388671875e+02 4.328631162643432617e-01 -8.582112193107604980e-01 -2.758679986000061035e-01 0.000000000000000000e+00 2.000000000000000000e+00
7.957226562500000000e+01 1.428244934082031250e+02 1.373737792968750000e+02 4.400934278964996338e-01 -8.558138012886047363e-01 -2.718467414379119873e-01 0.000000000000000000e+00 2.000000000000000000e+00
7.934082794189453125e+01 1.432745513916015625e+02 1.375167388916015625e+02 4.500192701816558838e-01 -8.537839055061340332e-01 -2.617933154106140137e-01 0.000000000000000000e+00 2.000000000000000000e+00
7.910211181640625000e+01 1.437274475097656250e+02 1.376556091308593750e+02 4.611571431159973145e-01 -8.519814014434814453e-01 -2.479148209095001221e-01 0.000000000000000000e+00 2.000000000000000000e+00
7.885279083251953125e+01 1.441880645751953125e+02 1.377896423339843750e+02 4.722112119197845459e-01 -8.503474593162536621e-01 -2.322191745042800903e-01 0.000000000000000000e+00 2.000000000000000000e+00
7.859184265136718750e+01 1.446579742431640625e+02 1.379179687500000000e+02 4.822567105293273926e-01 -8.487815856933593750e-01 -2.167908251285552979e-01 0.000000000000000000e+00 2.000000000000000000e+00
7.832002258300781250e+01 1.451363830566406250e+02 1.380401611328125000e+02 4.908335804939270020e-01 -8.473981618881225586e-01 -2.024813294410705566e-01 0.000000000000000000e+00 2.000000000000000000e+00
7.803861236572265625e+01 1.456222229003906250e+02 1.381562500000000000e+02 4.983497262001037598e-01 -8.459944128990173340e-01 -1.895814388990402222e-01 0.000000000000000000e+00 2.000000000000000000e+00
7.774873352050781250e+01 1.461143188476562500e+02 1.382665252685546875e+02 5.056070685386657715e-01 -8.444204926490783691e-01 -1.769618242979049683e-01 0.000000000000000000e+00 2.000000000000000000e+00
7.744979095458984375e+01 1.466135864257812500e+02 1.383711547851562500e+02 5.135642290115356445e-01 -8.423488736152648926e-01 -1.634016484022140503e-01 0.000000000000000000e+00 2.000000000000000000e+00
7.713931274414062500e+01 1.471228332519531250e+02 1.384699401855468750e+02 5.224462747573852539e-01 -8.397061824798583984e-01 -1.481330096721649170e-01 0.000000000000000000e+00 2.000000000000000000e+00
7.681388854980468750e+01 1.476458740234375000e+02 1.385622100830078125e+02 5.316230058670043945e-01 -8.367719650268554688e-01 -1.311090886592864990e-01 0.000000000000000000e+00 2.000000000000000000e+00
7.647074890136718750e+01 1.481859741210937500e+02 1.386468353271484375e+02 5.399231314659118652e-01 -8.340470790863037109e-01 -1.133510023355484009e-01 0.000000000000000000e+00 2.000000000000000000e+00
7.610966491699218750e+01 1.487437591552734375e+02 1.387226409912109375e+02 5.461356639862060547e-01 -8.321549296379089355e-01 -9.619800001382827759e-02 0.000000000000000000e+00 2.000000000000000000e+00
7.573422241210937500e+01 1.493158264160156250e+02 1.387887725830078125e+02 5.489975214004516602e-01 -8.319319486618041992e-01 -8.056608587503433228e-02 0.000000000000000000e+00 2.000000000000000000e+00
7.535189819335937500e+01 1.498951873779296875e+02 1.388448791503906250e+02 5.477629303932189941e-01 -8.339343070983886719e-01 -6.715201586484909058e-02 0.000000000000000000e+00 2.000000000000000000e+00
7.497190093994140625e+01 1.504737091064453125e+02 1.388914642333984375e+02 5.416737794876098633e-01 -8.386989831924438477e-01 -5.633487924933433533e-02 0.000000000000000000e+00 2.000000000000000000e+00
7.460334777832031250e+01 1.510443572998046875e+02 1.389297943115234375e+02 5.298530459403991699e-01 -8.467088341712951660e-01 -4.837282374501228333e-02 0.000000000000000000e+00 2.000000000000000000e+00
7.425269317626953125e+01 1.516047058105468750e+02 1.389618072509765625e+02 5.112788081169128418e-01 -8.582480549812316895e-01 -4.476869478821754456e-02 0.000000000000000000e+00 2.000000000000000000e+00
7.392298889160156250e+01 1.521581573486328125e+02 1.389906768798828125e+02 4.845592081546783447e-01 -8.734711408615112305e-01 -4.743969812989234924e-02 0.000000000000000000e+00 2.000000000000000000e+00
7.361486053466796875e+01 1.527135925292968750e+02 1.390208435058593750e+02 4.482758939266204834e-01 -8.919717073440551758e-01 -5.861078202724456787e-02 0.000000000000000000e+00 2.000000000000000000e+00
7.332811737060546875e+01 1.532841491699218750e+02 1.390583343505859375e+02 4.017841517925262451e-01 -9.122832417488098145e-01 -7.942770421504974365e-02 0.000000000000000000e+00 2.000000000000000000e+00
7.306352233886718750e+01 1.538849334716796875e+02 1.391106414794921875e+02 3.461990356445312500e-01 -9.318809509277343750e-01 -1.083705574274063110e-01 0.000000000000000000e+00 2.000000000000000000e+00
7.282403564453125000e+01 1.545295715332031250e+02 1.391856079101562500e+02 2.843454480171203613e-01 -9.480257034301757812e-01 -1.428108364343643188e-01 0.000000000000000000e+00 2.000000000000000000e+00
7.261495208740234375e+01 1.552266693115234375e+02 1.392906188964843750e+02 2.194489836692810059e-01 -9.589679241180419922e-01 -1.795066148042678833e-01 0.000000000000000000e+00 2.000000000000000000e+00
7.244326019287109375e+01 1.559769439697265625e+02 1.394310607910156250e+02 1.539927572011947632e-01 -9.640609622001647949e-01 -2.165008336305618286e-01 0.000000000000000000e+00 2.000000000000000000e+00
7.231635284423828125e+01 1.567714385986328125e+02 1.396094818115234375e+02 8.883129805326461792e-02 -9.633650779724121094e-01 -2.530546784400939941e-01 0.000000000000000000e+00 2.000000000000000000e+00
7.224060821533203125e+01 1.575928802490234375e+02 1.398252563476562500e+02 2.316271513700485229e-02 -9.569328427314758301e-01 -2.893837690353393555e-01 0.000000000000000000e+00 2.000000000000000000e+00
7.222060394287109375e+01 1.584193267822265625e+02 1.400751800537109375e+02 -4.393093660473823547e-02 -9.444884657859802246e-01 -3.255942463874816895e-01 0.000000000000000000e+00 2.000000000000000000e+00
7.225827789306640625e+01 1.592292938232421875e+02 1.403544006347656250e+02 -1.127226352691650391e-01 -9.256728887557983398e-01 -3.611415326595306396e-01 0.000000000000000000e+00 2.000000000000000000e+00
7.235287475585937500e+01 1.600061187744140625e+02 1.406574707031250000e+02 -1.822197735309600830e-01 -9.005199074745178223e-01 -3.947907686233520508e-01 0.000000000000000000e+00 2.000000000000000000e+00
7.250137329101562500e+01 1.607399902343750000e+02 1.409792022705078125e+02 -2.503794133663177490e-01 -8.695327639579772949e-01 -4.257029294967651367e-01 0.000000000000000000e+00 2.000000000000000000e+00
7.269927978515625000e+01 1.614272918701171875e+02 1.413156890869140625e+02 -3.144406676292419434e-01 -8.338987231254577637e-01 -4.535858333110809326e-01 0.000000000000000000e+00 2.000000000000000000e+00
7.294110107421875000e+01 1.620686035156250000e+02 1.416645202636718750e+02 -3.721391558647155762e-01 -7.950254678726196289e-01 -4.790062308311462402e-01 0.000000000000000000e+00 2.000000000000000000e+00
7.322117614746093750e+01 1.626669464111328125e+02 1.420250244140625000e+02 -4.220681488513946533e-01 -7.541041374206542969e-01 -5.031753182411193848e-01 0.000000000000000000e+00 2.000000000000000000e+00
7.353398895263671875e+01 1.632258453369140625e+02 1.423979492187500000e+02 -4.623973667621612549e-01 -7.127388119697570801e-01 -5.274391770362854004e-01 0.000000000000000000e+00 2.000000000000000000e+00
7.387363433837890625e+01 1.637493743896484375e+02 1.427853698730468750e+02 -4.929858446121215820e-01 -6.720117926597595215e-01 -5.525985956192016602e-01 0.000000000000000000e+00 2.000000000000000000e+00
7.423446655273437500e+01 1.642412414550781250e+02 1.431898345947265625e+02 -5.132527947425842285e-01 -6.328773498535156250e-01 -5.796877145767211914e-01 0.000000000000000000e+00 2.000000000000000000e+00
7.461022186279296875e+01 1.647045745849609375e+02 1.436142272949218750e+02 -5.220417976379394531e-01 -5.955995321273803711e-01 -6.105191707611083984e-01 0.000000000000000000e+00 2.000000000000000000e+00
7.499303436279296875e+01 1.651413269042968750e+02 1.440619201660156250e+02 -5.174821615219116211e-01 -5.588870048522949219e-01 -6.479641199111938477e-01 0.000000000000000000e+00 2.000000000000000000e+00
7.537225341796875000e+01 1.655508880615234375e+02 1.445367584228515625e+02 -4.967134296894073486e-01 -5.203804373741149902e-01 -6.946077942848205566e-01 0.000000000000000000e+00 2.000000000000000000e+00
7.573445129394531250e+01 1.659303436279296875e+02 1.450432586669921875e+02 -4.558706283569335938e-01 -4.774037599563598633e-01 -7.511774897575378418e-01 0.000000000000000000e+00 2.000000000000000000e+00
7.606378936767578125e+01 1.662752380371093750e+02 1.455859375000000000e+02 -3.915596902370452881e-01 -4.282610714435577393e-01 -8.144159913063049316e-01 0.000000000000000000e+00 2.000000000000000000e+00
7.634346771240234375e+01 1.665811309814453125e+02 1.461676483154296875e+02 -3.033401668071746826e-01 -3.743457198143005371e-01 -8.762705326080322266e-01 0.000000000000000000e+00 2.000000000000000000e+00
7.655802917480468750e+01 1.668459167480468750e+02 1.467874603271484375e+02 -1.960443705320358276e-01 -3.202950954437255859e-01 -9.268103837966918945e-01 0.000000000000000000e+00 2.000000000000000000e+00
7.669594573974609375e+01 1.670712432861328125e+02 1.474394683837890625e+02 -7.867687940597534180e-02 -2.730422616004943848e-01 -9.587793350219726562e-01 0.000000000000000000e+00 2.000000000000000000e+00
7.675115203857421875e+01 1.672628326416015625e+02 1.481122283935546875e+02 3.910445421934127808e-02 -2.377044409513473511e-01 -9.705500602722167969e-01 0.000000000000000000e+00 2.000000000000000000e+00
7.672381591796875000e+01 1.674290008544921875e+02 1.487906951904296875e+02 1.499066650867462158e-01 -2.154956459999084473e-01 -9.649298787117004395e-01 0.000000000000000000e+00 2.000000000000000000e+00
7.661994171142578125e+01 1.675783233642578125e+02 1.494593200683593750e+02 -2.486573755741119385e-01 2.041939795017242432e-01 9.468232393264770508e-01 0.000000000000000000e+00 2.000000000000000000e+00
7.645025634765625000e+01 1.677176666259765625e+02 1.501054382324218750e+02 -3.318627178668975830e-01 1.990902423858642578e-01 9.220793247222900391e-01 0.000000000000000000e+00 2.000000000000000000e+00
7.622843933105468750e+01 1.678507385253906250e+02 1.507217559814453125e+02 -3.977519869804382324e-01 1.955525428056716919e-01 8.964109420776367188e-01 0.000000000000000000e+00 2.000000000000000000e+00
7.596866607666015625e+01 1.679784545898437500e+02 1.513072052001953125e+02 -4.461152255535125732e-01 1.898565888404846191e-01 8.746060132980346680e-01 0.000000000000000000e+00 2.000000000000000000e+00
7.568362426757812500e+01 1.680997619628906250e+02 1.518660278320312500e+02 -4.790197908878326416e-01 1.790930479764938354e-01 8.593403100967407227e-01 0.000000000000000000e+00 2.000000000000000000e+00
7.538295745849609375e+01 1.682121734619140625e+02 1.524054107666015625e+02 -4.998320639133453369e-01 1.607365757226943970e-01 8.510767221450805664e-01 0.000000000000000000e+00 2.000000000000000000e+00
7.507221221923828125e+01 1.683121032714843750e+02 1.529345245361328125e+02 -5.120396018028259277e-01 1.337129771709442139e-01 8.484905362129211426e-01 0.000000000000000000e+00 2.000000000000000000e+00
7.475334930419921875e+01 1.683953704833984375e+02 1.534629058837890625e+02 -5.191158056259155273e-01 9.940180927515029907e-02 8.489040136337280273e-01 0.000000000000000000e+00 2.000000000000000000e+00
7.442567443847656250e+01 1.684581146240234375e+02 1.539987487792968750e+02 -5.225684046745300293e-01 6.214952096343040466e-02 8.503292202949523926e-01 0.000000000000000000e+00 2.000000000000000000e+00
7.408798980712890625e+01 1.684982757568359375e+02 1.545482330322265625e+02 -5.235677361488342285e-01 3.038403950631618500e-02 8.514420986175537109e-01 0.000000000000000000e+00 2.000000000000000000e+00
7.374012756347656250e+01 1.685184631347656250e+02 1.551139373779296875e+02 -5.224397182464599609e-01 1.266588550060987473e-02 8.525822162628173828e-01 0.000000000000000000e+00 2.000000000000000000e+00
7.338452148437500000e+01 1.685270843505859375e+02 1.556942596435546875e+02 -5.198290348052978516e-01 1.559354364871978760e-02 8.541280627250671387e-01 0.000000000000000000e+00 2.000000000000000000e+00
7.302590942382812500e+01 1.685378417968750000e+02 1.562834930419921875e+02 -5.152633786201477051e-01 4.100773110985755920e-02 8.560501933097839355e-01 0.000000000000000000e+00 2.000000000000000000e+00
7.267063903808593750e+01 1.685661163330078125e+02 1.568737335205078125e+02 -5.073159933090209961e-01 8.596143871545791626e-02 8.574619889259338379e-01 0.000000000000000000e+00 2.000000000000000000e+00
7.232537841796875000e+01 1.686246185302734375e+02 1.574572906494140625e+02 -4.952290356159210205e-01 1.416737139225006104e-01 8.571328520774841309e-01 0.000000000000000000e+00 2.000000000000000000e+00
7.199500274658203125e+01 1.687191314697265625e+02 1.580290985107421875e+02 -4.796393215656280518e-01 1.948041915893554688e-01 8.555684089660644531e-01 0.000000000000000000e+00 2.000000000000000000e+00
7.168174743652343750e+01 1.688463592529296875e+02 1.585878753662109375e+02 -4.631046950817108154e-01 2.315582931041717529e-01 8.555201888084411621e-01 0.000000000000000000e+00 2.000000000000000000e+00
7.138445281982421875e+01 1.689950103759765625e+02 1.591370849609375000e+02 -4.492011070251464844e-01 2.431713044643402100e-01 8.597011566162109375e-01 0.000000000000000000e+00 2.000000000000000000e+00
7.109877777099609375e+01 1.691496582031250000e+02 1.596838226318359375e+02 -4.403077363967895508e-01 2.285420447587966919e-01 8.682728409767150879e-01 0.000000000000000000e+00 2.000000000000000000e+00
7.081844329833984375e+01 1.692951660156250000e+02 1.602366333007812500e+02 -4.370909631252288818e-01 1.958949118852615356e-01 8.778249621391296387e-01 0.000000000000000000e+00 2.000000000000000000e+00
7.053650665283203125e+01 1.694215240478515625e+02 1.608028564453125000e+02 -4.385721683502197266e-01 1.593398302793502808e-01 8.844575881958007812e-01 0.000000000000000000e+00 2.000000000000000000e+00
7.024734497070312500e+01 1.695265808105468750e+02 1.613860015869140625e+02 -4.429117143154144287e-01 1.321452707052230835e-01 8.867732882499694824e-01 0.000000000000000000e+00 2.000000000000000000e+00
6.994851684570312500e+01 1.696157379150390625e+02 1.619842987060546875e+02 -4.479396641254425049e-01 1.216120719909667969e-01 8.857542276382446289e-01 0.000000000000000000e+00 2.000000000000000000e+00
6.964136505126953125e+01 1.696991271972656250e+02 1.625916595458984375e+02 -4.509031176567077637e-01 1.293225437402725220e-01 8.831545710563659668e-01 0.000000000000000000e+00 2.000000000000000000e+00
6.933039855957031250e+01 1.697883148193359375e+02 1.632007293701171875e+02 -4.488736987113952637e-01 1.505874544382095337e-01 8.808155059814453125e-01 0.000000000000000000e+00 2.000000000000000000e+00
6.902215576171875000e+01 1.698917236328125000e+02 1.638055877685546875e+02 -4.398040175437927246e-01 1.756343841552734375e-01 8.807524442672729492e-01 0.000000000000000000e+00 2.000000000000000000e+00
6.872309112548828125e+01 1.700111541748046875e+02 1.644044952392578125e+02 -4.244269132614135742e-01 1.937948018312454224e-01 8.844802379608154297e-01 0.000000000000000000e+00 2.000000000000000000e+00
6.843696594238281250e+01 1.701417999267578125e+02 1.650007629394531250e+02 -4.058638811111450195e-01 1.977698653936386108e-01 8.922788500785827637e-01 0.000000000000000000e+00 2.000000000000000000e+00
6.816403198242187500e+01 1.702747955322265625e+02 1.656007995605468750e+02 -3.883336782455444336e-01 1.852110177278518677e-01 9.027146697044372559e-01 0.000000000000000000e+00 2.000000000000000000e+00
6.790152740478515625e+01 1.703999938964843750e+02 1.662110137939453125e+02 -3.752820789813995361e-01 1.617460548877716064e-01 9.126892089843750000e-01 0.000000000000000000e+00 2.000000000000000000e+00
6.764467620849609375e+01 1.705106964111328125e+02 1.668356781005859375e+02 -3.679327666759490967e-01 1.368440091609954834e-01 9.197277426719665527e-01 0.000000000000000000e+00 2.000000000000000000e+00
6.738867187500000000e+01 1.706059112548828125e+02 1.674756164550781250e+02 -3.650715351104736328e-01 1.197476014494895935e-01 9.232460260391235352e-01 0.000000000000000000e+00 2.000000000000000000e+00
6.713063049316406250e+01 1.706905517578125000e+02 1.681281890869140625e+02 -3.642553687095642090e-01 1.151010245084762573e-01 9.241589903831481934e-01 0.000000000000000000e+00 2.000000000000000000e+00
6.687020874023437500e+01 1.707728424072265625e+02 1.687889099121093750e+02 -3.626221418380737305e-01 1.218885555863380432e-01 9.239309430122375488e-01 0.000000000000000000e+00 2.000000000000000000e+00
6.660932159423828125e+01 1.708605346679687500e+02 1.694536285400390625e+02 -3.581438362598419189e-01 1.347530484199523926e-01 9.238910675048828125e-01 0.000000000000000000e+00 2.000000000000000000e+00
6.635074615478515625e+01 1.709578247070312500e+02 1.701206665039062500e+02 -3.502622544765472412e-01 1.461269706487655640e-01 9.251828789710998535e-01 0.000000000000000000e+00 2.000000000000000000e+00
6.609709930419921875e+01 1.710636444091796875e+02 1.707906494140625000e+02 -3.397100269794464111e-01 1.494233459234237671e-01 9.285848140716552734e-01 0.000000000000000000e+00 2.000000000000000000e+00
6.584992980957031250e+01 1.711723632812500000e+02 1.714662780761718750e+02 -3.283742964267730713e-01 1.425124704837799072e-01 9.337347149848937988e-01 0.000000000000000000e+00 2.000000000000000000e+00
6.560933685302734375e+01 1.712767791748046875e+02 1.721504058837890625e+02 -3.176980316638946533e-01 1.264057606458663940e-01 9.397284388542175293e-01 0.000000000000000000e+00 2.000000000000000000e+00
6.537467193603515625e+01 1.713701477050781250e+02 1.728445281982421875e+02 -3.090584278106689453e-01 1.043725684285163879e-01 9.452985525131225586e-01 0.000000000000000000e+00 2.000000000000000000e+00
6.514464569091796875e+01 1.714478302001953125e+02 1.735480957031250000e+02 -3.032585680484771729e-01 7.881768047809600830e-02 9.496430754661560059e-01 0.000000000000000000e+00 2.000000000000000000e+00
6.491755676269531250e+01 1.715068511962890625e+02 1.742592163085937500e+02 -3.002530932426452637e-01 4.993565753102302551e-02 9.525515437126159668e-01 0.000000000000000000e+00 2.000000000000000000e+00
6.469176483154296875e+01 1.715444030761718750e+02 1.749755401611328125e+02 -2.991584539413452148e-01 1.545557565987110138e-02 9.540783166885375977e-01 0.000000000000000000e+00 2.000000000000000000e+00
6.446611785888671875e+01 1.715560607910156250e+02 1.756951751708984375e+02 -2.975283265113830566e-01 -2.704986557364463806e-02 9.543297290802001953e-01 0.000000000000000000e+00 2.000000000000000000e+00
6.424105072021484375e+01 1.715355987548828125e+02 1.764170837402343750e+02 -2.926235198974609375e-01 -7.780671864748001099e-02 9.530569911003112793e-01 0.000000000000000000e+00 2.000000000000000000e+00
6.401867675781250000e+01 1.714764709472656250e+02 1.771413421630859375e+02 -2.817840576171875000e-01 -1.342379897832870483e-01 9.500409960746765137e-01 0.000000000000000000e+00 2.000000000000000000e+00
6.380317687988281250e+01 1.713738098144531250e+02 1.778679046630859375e+02 -2.639016807079315186e-01 -1.920328736305236816e-01 9.452403187751770020e-01 0.000000000000000000e+00 2.000000000000000000e+00
6.359973144531250000e+01 1.712257690429687500e+02 1.785966033935546875e+02 -2.402112931013107300e-01 -2.454257011413574219e-01 9.391829967498779297e-01 0.000000000000000000e+00 2.000000000000000000e+00
6.341292953491210938e+01 1.710349121093750000e+02 1.793269653320312500e+02 -2.135294675827026367e-01 -2.918446958065032959e-01 9.323260188102722168e-01 0.000000000000000000e+00 2.000000000000000000e+00
6.324557876586914062e+01 1.708061828613281250e+02 1.800576629638671875e+02 -1.871068924665451050e-01 -3.309067785739898682e-01 9.249279499053955078e-01 0.000000000000000000e+00 2.000000000000000000e+00
6.309813690185546875e+01 1.705454254150390625e+02 1.807865142822265625e+02 -1.631142348051071167e-01 -3.648805022239685059e-01 9.166547656059265137e-01 0.000000000000000000e+00 2.000000000000000000e+00
6.296931838989257812e+01 1.702572631835937500e+02 1.815104370117187500e+02 -1.419876813888549805e-01 -3.969679176807403564e-01 9.067833423614501953e-01 0.000000000000000000e+00 2.000000000000000000e+00
6.285729217529296875e+01 1.699440612792968750e+02 1.822258758544921875e+02 -1.227888166904449463e-01 -4.299064576625823975e-01 8.944849371910095215e-01 0.000000000000000000e+00 2.000000000000000000e+00
6.276078033447265625e+01 1.696061553955078125e+02 1.829289398193359375e+02 -1.042526811361312866e-01 -4.651093184947967529e-01 8.790931105613708496e-01 0.000000000000000000e+00 2.000000000000000000e+00
6.267932128906250000e+01 1.692427368164062500e+02 1.836158294677734375e+02 -8.568176627159118652e-02 -5.026060938835144043e-01 8.602591156959533691e-01 0.000000000000000000e+00 2.000000000000000000e+00
6.261283874511718750e+01 1.688527526855468750e+02 1.842833251953125000e+02 -6.745813041925430298e-02 -5.414859652519226074e-01 8.379989266395568848e-01 0.000000000000000000e+00 2.000000000000000000e+00
6.256083297729492188e+01 1.684353027343750000e+02 1.849293670654296875e+02 -5.079784244298934937e-02 -5.809841752052307129e-01 8.123281002044677734e-01 0.000000000000000000e+00 2.000000000000000000e+00
6.252184677124023438e+01 1.679894104003906250e+02 1.855528106689453125e+02 -5.079784244298934937e-02 -5.809841752052307129e-01 8.123281002044677734e-01 0.000000000000000000e+00 2.000000000000000000e+00
