1.010259399414062500e+02 2.649984130859375000e+02 3.008747863769531250e+02 9.828678965568542480e-01 -1.703203655779361725e-02 -1.835224479436874390e-01 0.000000000000000000e+00 2.000000000000000000e+00
1.003602523803710938e+02 2.650099487304687500e+02 3.009990844726562500e+02 9.728828668594360352e-01 1.780492253601551056e-02 -2.306122630834579468e-01 0.000000000000000000e+00 2.000000000000000000e+00
9.962821197509765625e+01 2.649965515136718750e+02 3.011726074218750000e+02 9.572817087173461914e-01 5.373782292008399963e-02 -2.841195464134216309e-01 0.000000000000000000e+00 2.000000000000000000e+00
9.886711883544921875e+01 2.649538269042968750e+02 3.013984985351562500e+02 9.358455538749694824e-01 8.742946386337280273e-02 -3.413930237293243408e-01 0.000000000000000000e+00 2.000000000000000000e+00
9.810894012451171875e+01 2.648829956054687500e+02 3.016750793457031250e+02 9.097098112106323242e-01 1.159082800149917603e-01 -3.987396061420440674e-01 0.000000000000000000e+00 2.000000000000000000e+00
9.737481689453125000e+01 2.647894592285156250e+02 3.019968566894531250e+02 8.816038966178894043e-01 1.356535404920578003e-01 -4.520759880542755127e-01 0.000000000000000000e+00 2.000000000000000000e+00
9.667470550537109375e+01 2.646817321777343750e+02 3.023558654785156250e+02 -8.541008234024047852e-01 -1.449563950300216675e-01 4.994991719722747803e-01 0.000000000000000000e+00 2.000000000000000000e+00
9.601047515869140625e+01 2.645690002441406250e+02 3.027443237304687500e+02 -8.283312320709228516e-01 -1.430509537458419800e-01 5.416675806045532227e-01 0.000000000000000000e+00 2.000000000000000000e+00
9.538050079345703125e+01 2.644602050781250000e+02 3.031562805175781250e+02 -8.035205602645874023e-01 -1.298158913850784302e-01 5.809497237205505371e-01 0.000000000000000000e+00 2.000000000000000000e+00
9.478302764892578125e+01 2.643636779785156250e+02 3.035882568359375000e+02 -7.771278023719787598e-01 -1.048723161220550537e-01 6.205435395240783691e-01 0.000000000000000000e+00 2.000000000000000000e+00
9.421812438964843750e+01 2.642874450683593750e+02 3.040393371582031250e+02 -7.475638985633850098e-01 -6.671804934740066528e-02 6.608304381370544434e-01 0.000000000000000000e+00 2.000000000000000000e+00
9.368640136718750000e+01 2.642399902343750000e+02 3.045093688964843750e+02 -7.133433222770690918e-01 -1.296609546989202499e-02 7.006947994232177734e-01 0.000000000000000000e+00 2.000000000000000000e+00
9.318943023681640625e+01 2.642309570312500000e+02 3.049975280761718750e+02 -7.133433222770690918e-01 -1.296609546989202499e-02 7.006947994232177734e-01 0.000000000000000000e+00 2.000000000000000000e+00
