1.744143218994140625e+02 2.133278808593750000e+02 1.772103118896484375e+02 5.931127667427062988e-01 3.139692842960357666e-01 -7.413775324821472168e-01 0.000000000000000000e+00 2.000000000000000000e+00
1.742456665039062500e+02 2.132386016845703125e+02 1.774211273193359375e+02 5.702667832374572754e-01 3.367011547088623047e-01 -7.492851018905639648e-01 0.000000000000000000e+00 2.000000000000000000e+00
1.740368499755859375e+02 2.131153106689453125e+02 1.776954956054687500e+02 5.386238098144531250e-01 3.664126396179199219e-01 -7.587003111839294434e-01 0.000000000000000000e+00 2.000000000000000000e+00
1.737998962402343750e+02 2.129541168212890625e+02 1.780292663574218750e+02 4.961071014404296875e-01 4.037639796733856201e-01 -7.686691880226135254e-01 0.000000000000000000e+00 2.000000000000000000e+00
1.735524902343750000e+02 2.127527618408203125e+02 1.784125976562500000e+02 4.417583644390106201e-01 4.474280774593353271e-01 -7.775973677635192871e-01 0.000000000000000000e+00 2.000000000000000000e+00
1.733135223388671875e+02 2.125107269287109375e+02 1.788332366943359375e+02 3.770875334739685059e-01 4.942401647567749023e-01 -7.832826375961303711e-01 0.000000000000000000e+00 2.000000000000000000e+00
1.730984497070312500e+02 2.122288360595703125e+02 1.792799835205078125e+02 3.062590658664703369e-01 5.395245552062988281e-01 -7.842950224876403809e-01 0.000000000000000000e+00 2.000000000000000000e+00
1.729168853759765625e+02 2.119089813232421875e+02 1.797449493408203125e+02 2.359766513109207153e-01 5.791249871253967285e-01 -7.803392410278320312e-01 0.000000000000000000e+00 2.000000000000000000e+00
1.727720794677734375e+02 2.115536041259765625e+02 1.802238006591796875e+02 1.721605807542800903e-01 6.104857325553894043e-01 -7.730898261070251465e-01 0.000000000000000000e+00 2.000000000000000000e+00
1.726626739501953125e+02 2.111656494140625000e+02 1.807150878906250000e+02 1.185775250196456909e-01 6.336037516593933105e-01 -7.645166516304016113e-01 0.000000000000000000e+00 2.000000000000000000e+00
1.725846405029296875e+02 2.107486877441406250e+02 1.812182006835937500e+02 7.600565999746322632e-02 6.497048139572143555e-01 -7.563774585723876953e-01 0.000000000000000000e+00 2.000000000000000000e+00
1.725329437255859375e+02 2.103067779541015625e+02 1.817326660156250000e+02 4.386402666568756104e-02 6.600750684738159180e-01 -7.499178647994995117e-01 0.000000000000000000e+00 2.000000000000000000e+00
1.725022430419921875e+02 2.098447875976562500e+02 1.822575378417968750e+02 2.218132652342319489e-02 6.651415228843688965e-01 -7.463877797126770020e-01 0.000000000000000000e+00 2.000000000000000000e+00
1.724863586425781250e+02 2.093684692382812500e+02 1.827920379638671875e+02 1.073412876576185226e-02 6.655998229980468750e-01 -7.462316155433654785e-01 0.000000000000000000e+00 2.000000000000000000e+00
1.724785461425781250e+02 2.088840332031250000e+02 1.833351593017578125e+02 9.290535934269428253e-03 6.615401506423950195e-01 -7.498522400856018066e-01 0.000000000000000000e+00 2.000000000000000000e+00
1.724717254638671875e+02 2.083983612060546875e+02 1.838856658935546875e+02 1.754720881581306458e-02 6.535868644714355469e-01 -7.566481232643127441e-01 0.000000000000000000e+00 2.000000000000000000e+00
1.724588317871093750e+02 2.079181060791015625e+02 1.844416503906250000e+02 3.392559289932250977e-02 6.429767608642578125e-01 -7.651339769363403320e-01 0.000000000000000000e+00 2.000000000000000000e+00
1.724340667724609375e+02 2.074487457275390625e+02 1.850001831054687500e+02 5.677900463342666626e-02 6.314679980278015137e-01 -7.733203172683715820e-01 0.000000000000000000e+00 2.000000000000000000e+00
1.723931274414062500e+02 2.069934387207031250e+02 1.855577697753906250e+02 8.383382856845855713e-02 6.211314797401428223e-01 -7.792094945907592773e-01 0.000000000000000000e+00 2.000000000000000000e+00
1.723336334228515625e+02 2.065526428222656250e+02 1.861107482910156250e+02 1.121935024857521057e-01 6.140589118003845215e-01 -7.812453508377075195e-01 0.000000000000000000e+00 2.000000000000000000e+00
1.722553100585937500e+02 2.061239624023437500e+02 1.866561431884765625e+02 1.380075365304946899e-01 6.121770143508911133e-01 -7.785841822624206543e-01 0.000000000000000000e+00 2.000000000000000000e+00
1.721603240966796875e+02 2.057026214599609375e+02 1.871920166015625000e+02 1.579171419143676758e-01 6.166790127754211426e-01 -7.712128162384033203e-01 0.000000000000000000e+00 2.000000000000000000e+00
1.720527801513671875e+02 2.052826538085937500e+02 1.877172241210937500e+02 1.684885919094085693e-01 6.275789141654968262e-01 -7.601028084754943848e-01 0.000000000000000000e+00 2.000000000000000000e+00
1.719386901855468750e+02 2.048576965332031250e+02 1.882319183349609375e+02 1.681958436965942383e-01 6.440702676773071289e-01 -7.462463974952697754e-01 0.000000000000000000e+00 2.000000000000000000e+00
1.718249053955078125e+02 2.044219818115234375e+02 1.887367553710937500e+02 1.589572429656982422e-01 6.642318964004516602e-01 -7.304303646087646484e-01 0.000000000000000000e+00 2.000000000000000000e+00
1.717169647216796875e+02 2.039709320068359375e+02 1.892327575683593750e+02 1.454879343509674072e-01 6.856229901313781738e-01 -7.132701873779296875e-01 0.000000000000000000e+00 2.000000000000000000e+00
1.716174774169921875e+02 2.035020904541015625e+02 1.897205047607421875e+02 1.350937932729721069e-01 7.060119509696960449e-01 -6.951955556869506836e-01 0.000000000000000000e+00 2.000000000000000000e+00
1.715244750976562500e+02 2.030160522460937500e+02 1.901990966796875000e+02 1.344778835773468018e-01 7.240572571754455566e-01 -6.765034198760986328e-01 0.000000000000000000e+00 2.000000000000000000e+00
1.714317016601562500e+02 2.025165405273437500e+02 1.906658020019531250e+02 1.467602699995040894e-01 7.389895319938659668e-01 -6.575376987457275391e-01 0.000000000000000000e+00 2.000000000000000000e+00
1.713311309814453125e+02 2.020101318359375000e+02 1.911163940429687500e+02 1.705954372882843018e-01 7.507377266883850098e-01 -6.381927728652954102e-01 0.000000000000000000e+00 2.000000000000000000e+00
1.712162017822265625e+02 2.015043640136718750e+02 1.915463409423828125e+02 1.995911896228790283e-01 7.598622441291809082e-01 -6.186862587928771973e-01 0.000000000000000000e+00 2.000000000000000000e+00
1.710849761962890625e+02 2.010047760009765625e+02 1.919531097412109375e+02 2.243227660655975342e-01 7.669493556022644043e-01 -6.012220978736877441e-01 0.000000000000000000e+00 2.000000000000000000e+00
1.709410400390625000e+02 2.005126647949218750e+02 1.923388824462890625e+02 2.345046848058700562e-01 7.735515236854553223e-01 -5.887492299079895020e-01 0.000000000000000000e+00 2.000000000000000000e+00
1.707928771972656250e+02 2.000239257812500000e+02 1.927108612060546875e+02 2.235875576734542847e-01 7.800737619400024414e-01 -5.843743681907653809e-01 0.000000000000000000e+00 2.000000000000000000e+00
1.706513366699218750e+02 1.995301055908203125e+02 1.930807952880859375e+02 1.918701380491256714e-01 7.846471071243286133e-01 -5.895038247108459473e-01 0.000000000000000000e+00 2.000000000000000000e+00
1.705270080566406250e+02 1.990216674804687500e+02 1.934627838134765625e+02 1.468742340803146362e-01 7.843074798583984375e-01 -6.027351617813110352e-01 0.000000000000000000e+00 2.000000000000000000e+00
1.704277343750000000e+02 1.984915466308593750e+02 1.938701782226562500e+02 9.856952726840972900e-02 7.768778800964355469e-01 -6.218879818916320801e-01 0.000000000000000000e+00 2.000000000000000000e+00
1.703575439453125000e+02 1.979383392333984375e+02 1.943130187988281250e+02 5.500872433185577393e-02 7.625284194946289062e-01 -6.446118950843811035e-01 0.000000000000000000e+00 2.000000000000000000e+00
1.703163146972656250e+02 1.973668212890625000e+02 1.947961578369140625e+02 2.152127027511596680e-02 7.424447536468505859e-01 -6.695615053176879883e-01 0.000000000000000000e+00 2.000000000000000000e+00
1.702994995117187500e+02 1.967867279052734375e+02 1.953193054199218750e+02 9.504068293608725071e-04 7.188307046890258789e-01 -6.951845884323120117e-01 0.000000000000000000e+00 2.000000000000000000e+00
1.702987365722656250e+02 1.962096862792968750e+02 1.958773651123046875e+02 -6.091664545238018036e-03 6.938292980194091797e-01 -7.201136946678161621e-01 0.000000000000000000e+00 2.000000000000000000e+00
1.703036804199218750e+02 1.956465911865234375e+02 1.964617919921875000e+02 3.967688826378434896e-04 6.694624423980712891e-01 -7.428457736968994141e-01 0.000000000000000000e+00 2.000000000000000000e+00
1.703033599853515625e+02 1.951059265136718750e+02 1.970617218017578125e+02 1.915622316300868988e-02 6.469604969024658203e-01 -7.622829079627990723e-01 0.000000000000000000e+00 2.000000000000000000e+00
1.702881774902343750e+02 1.945931701660156250e+02 1.976658782958984375e+02 4.778542369604110718e-02 6.268860101699829102e-01 -7.776442170143127441e-01 0.000000000000000000e+00 2.000000000000000000e+00
1.702514343261718750e+02 1.941111450195312500e+02 1.982638244628906250e+02 8.365480601787567139e-02 6.087993383407592773e-01 -7.889012694358825684e-01 0.000000000000000000e+00 2.000000000000000000e+00
1.701894683837890625e+02 1.936601867675781250e+02 1.988481903076171875e+02 1.238561943173408508e-01 5.922616720199584961e-01 -7.961694598197937012e-01 0.000000000000000000e+00 2.000000000000000000e+00
1.701011962890625000e+02 1.932380828857421875e+02 1.994156188964843750e+02 1.657791882753372192e-01 5.769044756889343262e-01 -7.998114824295043945e-01 0.000000000000000000e+00 2.000000000000000000e+00
1.699869995117187500e+02 1.928406829833984375e+02 1.999665679931640625e+02 2.065595239400863647e-01 5.628985166549682617e-01 -8.002989888191223145e-01 0.000000000000000000e+00 2.000000000000000000e+00
1.698481140136718750e+02 1.924622039794921875e+02 2.005046691894531250e+02 2.447987496852874756e-01 5.506821870803833008e-01 -7.980117201805114746e-01 0.000000000000000000e+00 2.000000000000000000e+00
1.696857604980468750e+02 1.920969848632812500e+02 2.010339202880859375e+02 2.803788483142852783e-01 5.401517748832702637e-01 -7.934883236885070801e-01 0.000000000000000000e+00 2.000000000000000000e+00
1.695009765625000000e+02 1.917409973144531250e+02 2.015568695068359375e+02 3.134499490261077881e-01 5.313776135444641113e-01 -7.870114445686340332e-01 0.000000000000000000e+00 2.000000000000000000e+00
1.692954864501953125e+02 1.913926391601562500e+02 2.020728149414062500e+02 3.455021083354949951e-01 5.236916542053222656e-01 -7.787011861801147461e-01 0.000000000000000000e+00 2.000000000000000000e+00
1.690710754394531250e+02 1.910524902343750000e+02 2.025785980224609375e+02 3.774078786373138428e-01 5.168800354003906250e-01 -7.683738470077514648e-01 0.000000000000000000e+00 2.000000000000000000e+00
1.688298187255859375e+02 1.907220764160156250e+02 2.030697784423828125e+02 4.093984663486480713e-01 5.109189748764038086e-01 -7.558801174163818359e-01 0.000000000000000000e+00 2.000000000000000000e+00
1.685736541748046875e+02 1.904023895263671875e+02 2.035427398681640625e+02 4.408405423164367676e-01 5.066342949867248535e-01 -7.409327030181884766e-01 0.000000000000000000e+00 2.000000000000000000e+00
1.683034362792968750e+02 1.900918426513671875e+02 2.039969024658203125e+02 4.703699648380279541e-01 5.051795244216918945e-01 -7.235646247863769531e-01 0.000000000000000000e+00 2.000000000000000000e+00
1.680186920166015625e+02 1.897860260009765625e+02 2.044349212646484375e+02 4.948506057262420654e-01 5.084881186485290527e-01 -7.046720981597900391e-01 0.000000000000000000e+00 2.000000000000000000e+00
1.677185974121093750e+02 1.894776611328125000e+02 2.048622589111328125e+02 5.126995444297790527e-01 5.172070860862731934e-01 -6.852999925613403320e-01 0.000000000000000000e+00 2.000000000000000000e+00
1.674027252197265625e+02 1.891590118408203125e+02 2.052844696044921875e+02 5.223097801208496094e-01 5.319544076919555664e-01 -6.664960980415344238e-01 0.000000000000000000e+00 2.000000000000000000e+00
1.670730133056640625e+02 1.888232116699218750e+02 2.057052001953125000e+02 5.231443047523498535e-01 5.528823733329772949e-01 -6.485685110092163086e-01 0.000000000000000000e+00 2.000000000000000000e+00
1.667350616455078125e+02 1.884660491943359375e+02 2.061241760253906250e+02 5.140482187271118164e-01 5.808444023132324219e-01 -6.311689615249633789e-01 0.000000000000000000e+00 2.000000000000000000e+00
1.663988647460937500e+02 1.880861663818359375e+02 2.065369720458984375e+02 4.928638637065887451e-01 6.174204349517822266e-01 -6.130882501602172852e-01 0.000000000000000000e+00 2.000000000000000000e+00
1.660777130126953125e+02 1.876838531494140625e+02 2.069364624023437500e+02 4.554682075977325439e-01 6.638453006744384766e-01 -5.931762456893920898e-01 0.000000000000000000e+00 2.000000000000000000e+00
1.657867126464843750e+02 1.872597198486328125e+02 2.073154449462890625e+02 3.972202241420745850e-01 7.195201516151428223e-01 -5.696550011634826660e-01 0.000000000000000000e+00 2.000000000000000000e+00
1.655404510498046875e+02 1.868136444091796875e+02 2.076686096191406250e+02 3.145089447498321533e-01 7.793647050857543945e-01 -5.419176816940307617e-01 0.000000000000000000e+00 2.000000000000000000e+00
1.653511352539062500e+02 1.863445129394531250e+02 2.079948120117187500e+02 2.099010646343231201e-01 8.338539004325866699e-01 -5.105185508728027344e-01 0.000000000000000000e+00 2.000000000000000000e+00
1.652269287109375000e+02 1.858510894775390625e+02 2.082969055175781250e+02 9.343856573104858398e-02 8.730015158653259277e-01 -4.786830842494964600e-01 0.000000000000000000e+00 2.000000000000000000e+00
1.651714630126953125e+02 1.853328704833984375e+02 2.085810546875000000e+02 -1.983394101262092590e-02 8.925274014472961426e-01 -4.505568444728851318e-01 0.000000000000000000e+00 2.000000000000000000e+00
1.651835174560546875e+02 1.847904205322265625e+02 2.088548889160156250e+02 -1.178402826189994812e-01 8.953297138214111328e-01 -4.295327961444854736e-01 0.000000000000000000e+00 2.000000000000000000e+00
1.652578430175781250e+02 1.842257080078125000e+02 2.091258087158203125e+02 -1.940235048532485962e-01 8.882805109024047852e-01 -4.163082540035247803e-01 0.000000000000000000e+00 2.000000000000000000e+00
1.653854370117187500e+02 1.836415557861328125e+02 2.093995819091796875e+02 -2.481965571641921997e-01 8.777890205383300781e-01 -4.097376167774200439e-01 0.000000000000000000e+00 2.000000000000000000e+00
1.655550079345703125e+02 1.830418395996093750e+02 2.096795196533203125e+02 -2.833235263824462891e-01 8.678963780403137207e-01 -4.080240130424499512e-01 0.000000000000000000e+00 2.000000000000000000e+00
1.657544555664062500e+02 1.824308776855468750e+02 2.099667510986328125e+02 -3.037370741367340088e-01 8.602303862571716309e-01 -4.095697104930877686e-01 0.000000000000000000e+00 2.000000000000000000e+00
1.659723663330078125e+02 1.818137207031250000e+02 2.102605895996093750e+02 -3.145078122615814209e-01 8.547545075416564941e-01 -4.128916561603546143e-01 0.000000000000000000e+00 2.000000000000000000e+00
1.661999664306640625e+02 1.811951599121093750e+02 2.105593872070312500e+02 -3.196825683116912842e-01 8.506193161010742188e-01 -4.174323976039886475e-01 0.000000000000000000e+00 2.000000000000000000e+00
1.664315643310546875e+02 1.805789184570312500e+02 2.108618011474609375e+02 -3.223943412303924561e-01 8.470330238342285156e-01 -4.226073920726776123e-01 0.000000000000000000e+00 2.000000000000000000e+00
1.666642456054687500e+02 1.799675903320312500e+02 2.111668090820312500e+02 -3.247004449367523193e-01 8.433362841606140137e-01 -4.281978905200958252e-01 0.000000000000000000e+00 2.000000000000000000e+00
1.668971862792968750e+02 1.793625793457031250e+02 2.114739990234375000e+02 -3.272886276245117188e-01 8.390467166900634766e-01 -4.346065521240234375e-01 0.000000000000000000e+00 2.000000000000000000e+00
1.671302795410156250e+02 1.787650146484375000e+02 2.117835235595703125e+02 -3.301005959510803223e-01 8.335094451904296875e-01 -4.430525004863739014e-01 0.000000000000000000e+00 2.000000000000000000e+00
1.673632812500000000e+02 1.781766815185546875e+02 2.120962524414062500e+02 -3.321881890296936035e-01 8.263788819313049316e-01 -4.546965360641479492e-01 0.000000000000000000e+00 2.000000000000000000e+00
1.675949401855468750e+02 1.776003875732421875e+02 2.124133453369140625e+02 -3.333067595958709717e-01 8.163371682167053223e-01 -4.716994762420654297e-01 0.000000000000000000e+00 2.000000000000000000e+00
1.678238525390625000e+02 1.770397338867187500e+02 2.127373046875000000e+02 -3.321990072727203369e-01 8.017849326133728027e-01 -4.967742562294006348e-01 0.000000000000000000e+00 2.000000000000000000e+00
1.680483245849609375e+02 1.764979553222656250e+02 2.130729827880859375e+02 -3.277226984500885010e-01 7.802311182022094727e-01 -5.327637791633605957e-01 0.000000000000000000e+00 2.000000000000000000e+00
1.682669677734375000e+02 1.759774169921875000e+02 2.134284210205078125e+02 -3.184526562690734863e-01 7.489322423934936523e-01 -5.811096429824829102e-01 0.000000000000000000e+00 2.000000000000000000e+00
1.684789428710937500e+02 1.754788970947265625e+02 2.138152313232421875e+02 -3.031472563743591309e-01 7.059804201126098633e-01 -6.400729417800903320e-01 0.000000000000000000e+00 2.000000000000000000e+00
1.686836700439453125e+02 1.750021209716796875e+02 2.142474975585937500e+02 -2.809804081916809082e-01 6.520388126373291016e-01 -7.041984200477600098e-01 0.000000000000000000e+00 2.000000000000000000e+00
1.688799591064453125e+02 1.745466156005859375e+02 2.147394409179687500e+02 -2.527307271957397461e-01 5.905421972274780273e-01 -7.664117813110351562e-01 0.000000000000000000e+00 2.000000000000000000e+00
1.690657501220703125e+02 1.741124877929687500e+02 2.153028564453125000e+02 -2.192784696817398071e-01 5.258895158767700195e-01 -8.218012452125549316e-01 0.000000000000000000e+00 2.000000000000000000e+00
1.692371215820312500e+02 1.737014923095703125e+02 2.159451141357421875e+02 -1.816872507333755493e-01 4.615912735462188721e-01 -8.682875037193298340e-01 0.000000000000000000e+00 2.000000000000000000e+00
1.693882751464843750e+02 1.733174743652343750e+02 2.166674804687500000e+02 -1.400770694017410278e-01 3.984903395175933838e-01 -9.064126610755920410e-01 0.000000000000000000e+00 2.000000000000000000e+00
1.695116577148437500e+02 1.729664764404296875e+02 2.174658660888671875e+02 -9.408541023731231689e-02 3.365953862667083740e-01 -9.369372725486755371e-01 0.000000000000000000e+00 2.000000000000000000e+00
1.695985260009765625e+02 1.726557006835937500e+02 2.183309326171875000e+02 -4.366765916347503662e-02 2.765671610832214355e-01 -9.600019454956054688e-01 0.000000000000000000e+00 2.000000000000000000e+00
1.696402587890625000e+02 1.723913879394531250e+02 2.192483978271484375e+02 1.104380376636981964e-02 2.197012156248092651e-01 -9.755046963691711426e-01 0.000000000000000000e+00 2.000000000000000000e+00
1.696295013427734375e+02 1.721773834228515625e+02 2.201986083984375000e+02 6.980243325233459473e-02 1.688652336597442627e-01 -9.831643700599670410e-01 0.000000000000000000e+00 2.000000000000000000e+00
1.695614318847656250e+02 1.720127105712890625e+02 2.211573638916015625e+02 1.318517476320266724e-01 1.266720294952392578e-01 -9.831425547599792480e-01 0.000000000000000000e+00 2.000000000000000000e+00
1.694351959228515625e+02 1.718914337158203125e+02 2.220986328125000000e+02 1.965031921863555908e-01 9.528079628944396973e-02 -9.758626818656921387e-01 0.000000000000000000e+00 2.000000000000000000e+00
1.692540283203125000e+02 1.718035888671875000e+02 2.229983367919921875e+02 2.620657384395599365e-01 7.539211958646774292e-02 -9.621005654335021973e-01 0.000000000000000000e+00 2.000000000000000000e+00
1.690249481201171875e+02 1.717376861572265625e+02 2.238393402099609375e+02 3.261026442050933838e-01 6.655080616474151611e-02 -9.429888129234313965e-01 0.000000000000000000e+00 2.000000000000000000e+00
1.687571258544921875e+02 1.716830291748046875e+02 2.246138000488281250e+02 3.845736384391784668e-01 6.699841469526290894e-02 -9.206597805023193359e-01 0.000000000000000000e+00 2.000000000000000000e+00
1.684602966308593750e+02 1.716313171386718750e+02 2.253244018554687500e+02 4.342862367630004883e-01 7.404360920190811157e-02 -8.977265954017639160e-01 0.000000000000000000e+00 2.000000000000000000e+00
1.681427612304687500e+02 1.715771789550781250e+02 2.259807891845703125e+02 4.743278920650482178e-01 8.525117486715316772e-02 -8.762107491493225098e-01 0.000000000000000000e+00 2.000000000000000000e+00
1.678098754882812500e+02 1.715173492431640625e+02 2.265957183837890625e+02 5.060063004493713379e-01 9.976331144571304321e-02 -8.567408919334411621e-01 0.000000000000000000e+00 2.000000000000000000e+00
1.674640808105468750e+02 1.714491729736328125e+02 2.271811981201171875e+02 5.331111550331115723e-01 1.171993613243103027e-01 -8.378883004188537598e-01 0.000000000000000000e+00 2.000000000000000000e+00
1.671046142578125000e+02 1.713701477050781250e+02 2.277461700439453125e+02 5.582667589187622070e-01 1.382629573345184326e-01 -8.180596232414245605e-01 0.000000000000000000e+00 2.000000000000000000e+00
1.667289123535156250e+02 1.712770996093750000e+02 2.282967071533203125e+02 5.825802683830261230e-01 1.624056845903396606e-01 -7.963821887969970703e-01 0.000000000000000000e+00 2.000000000000000000e+00
1.663340454101562500e+02 1.711670227050781250e+02 2.288364868164062500e+02 6.050639152526855469e-01 1.878174841403961182e-01 -7.737068533897399902e-01 0.000000000000000000e+00 2.000000000000000000e+00
1.659180297851562500e+02 1.710378875732421875e+02 2.293684539794921875e+02 6.239600181579589844e-01 2.121450901031494141e-01 -7.521092295646667480e-01 0.000000000000000000e+00 2.000000000000000000e+00
1.654807281494140625e+02 1.708892059326171875e+02 2.298955688476562500e+02 6.372975707054138184e-01 2.332610487937927246e-01 -7.344665527343750000e-01 0.000000000000000000e+00 2.000000000000000000e+00
1.650242767333984375e+02 1.707221374511718750e+02 2.304216156005859375e+02 6.449654102325439453e-01 2.497575432062149048e-01 -7.222470045089721680e-01 0.000000000000000000e+00 2.000000000000000000e+00
1.645523376464843750e+02 1.705393829345703125e+02 2.309501037597656250e+02 6.471504569053649902e-01 2.617515027523040771e-01 -7.160184383392333984e-01 0.000000000000000000e+00 2.000000000000000000e+00
1.640694122314453125e+02 1.703440551757812500e+02 2.314844207763671875e+02 6.452051401138305664e-01 2.701354324817657471e-01 -7.146587967872619629e-01 0.000000000000000000e+00 2.000000000000000000e+00
1.635796661376953125e+02 1.701390075683593750e+02 2.320268859863281250e+02 6.404721736907958984e-01 2.763548195362091064e-01 -7.165356874465942383e-01 0.000000000000000000e+00 2.000000000000000000e+00
1.630868072509765625e+02 1.699263458251953125e+02 2.325782775878906250e+02 6.341670155525207520e-01 2.821377515792846680e-01 -7.198822498321533203e-01 0.000000000000000000e+00 2.000000000000000000e+00
1.625939178466796875e+02 1.697070617675781250e+02 2.331377868652343750e+02 6.271067857742309570e-01 2.886722385883331299e-01 -7.234675884246826172e-01 0.000000000000000000e+00 2.000000000000000000e+00
1.621039581298828125e+02 1.694815216064453125e+02 2.337030334472656250e+02 6.194111704826354980e-01 2.967454493045806885e-01 -7.268232107162475586e-01 0.000000000000000000e+00 2.000000000000000000e+00
1.616200866699218750e+02 1.692497100830078125e+02 2.342708129882812500e+02 6.110671758651733398e-01 3.061726391315460205e-01 -7.299693226814270020e-01 0.000000000000000000e+00 2.000000000000000000e+00
1.611458892822265625e+02 1.690121154785156250e+02 2.348372802734375000e+02 6.017072200775146484e-01 3.170150518417358398e-01 -7.331097126007080078e-01 0.000000000000000000e+00 2.000000000000000000e+00
1.606848754882812500e+02 1.687692260742187500e+02 2.353989715576171875e+02 5.910932421684265137e-01 3.287207186222076416e-01 -7.365809082984924316e-01 0.000000000000000000e+00 2.000000000000000000e+00
1.602399444580078125e+02 1.685217895507812500e+02 2.359534149169921875e+02 5.792822241783142090e-01 3.409028053283691406e-01 -7.404170632362365723e-01 0.000000000000000000e+00 2.000000000000000000e+00
1.598130035400390625e+02 1.682705383300781250e+02 2.364991149902343750e+02 5.667091608047485352e-01 3.529437482357025146e-01 -7.444940209388732910e-01 0.000000000000000000e+00 2.000000000000000000e+00
1.594046783447265625e+02 1.680162353515625000e+02 2.370355377197265625e+02 5.540278553962707520e-01 3.638970851898193359e-01 -7.487536072731018066e-01 0.000000000000000000e+00 2.000000000000000000e+00
1.590146484375000000e+02 1.677600555419921875e+02 2.375626525878906250e+02 5.422196388244628906e-01 3.724778294563293457e-01 -7.531654238700866699e-01 0.000000000000000000e+00 2.000000000000000000e+00
1.586417694091796875e+02 1.675039062500000000e+02 2.380805969238281250e+02 5.321779847145080566e-01 3.773617446422576904e-01 -7.578816413879394531e-01 0.000000000000000000e+00 2.000000000000000000e+00
1.582843627929687500e+02 1.672504730224609375e+02 2.385895843505859375e+02 5.238671302795410156e-01 3.769528865814208984e-01 -7.638518810272216797e-01 0.000000000000000000e+00 2.000000000000000000e+00
1.579403839111328125e+02 1.670029602050781250e+02 2.390911407470703125e+02 5.169225335121154785e-01 3.709980249404907227e-01 -7.714606523513793945e-01 0.000000000000000000e+00 2.000000000000000000e+00
1.576076354980468750e+02 1.667641448974609375e+02 2.395877380371093750e+02 5.097734928131103516e-01 3.601229488849639893e-01 -7.813081145286560059e-01 0.000000000000000000e+00 2.000000000000000000e+00
1.572840728759765625e+02 1.665355682373046875e+02 2.400836486816406250e+02 5.004935264587402344e-01 3.464230000972747803e-01 -7.934087514877319336e-01 0.000000000000000000e+00 2.000000000000000000e+00
1.569680786132812500e+02 1.663168487548828125e+02 2.405845794677734375e+02 4.870422184467315674e-01 3.330040872097015381e-01 -8.074020743370056152e-01 0.000000000000000000e+00 2.000000000000000000e+00
1.566589202880859375e+02 1.661054687500000000e+02 2.410970916748046875e+02 4.683128297328948975e-01 3.236996829509735107e-01 -8.221323490142822266e-01 0.000000000000000000e+00 2.000000000000000000e+00
1.563569030761718750e+02 1.658967132568359375e+02 2.416272888183593750e+02 4.442639350891113281e-01 3.209162652492523193e-01 -8.364461660385131836e-01 0.000000000000000000e+00 2.000000000000000000e+00
1.560632629394531250e+02 1.656846008300781250e+02 2.421801452636718750e+02 4.157243669033050537e-01 3.260183632373809814e-01 -8.490495681762695312e-01 0.000000000000000000e+00 2.000000000000000000e+00
1.557799835205078125e+02 1.654624481201171875e+02 2.427586975097656250e+02 3.846982419490814209e-01 3.383244872093200684e-01 -8.588036894798278809e-01 0.000000000000000000e+00 2.000000000000000000e+00
1.555093536376953125e+02 1.652244415283203125e+02 2.433628540039062500e+02 3.529092073440551758e-01 3.557948172092437744e-01 -8.653700351715087891e-01 0.000000000000000000e+00 2.000000000000000000e+00
1.552536926269531250e+02 1.649666900634765625e+02 2.439897613525390625e+02 3.220690190792083740e-01 3.759187459945678711e-01 -8.688823580741882324e-01 0.000000000000000000e+00 2.000000000000000000e+00
1.550149536132812500e+02 1.646880340576171875e+02 2.446338348388671875e+02 2.939256131649017334e-01 3.959870636463165283e-01 -8.699436783790588379e-01 0.000000000000000000e+00 2.000000000000000000e+00
1.547936096191406250e+02 1.643898315429687500e+02 2.452889556884765625e+02 2.692167758941650391e-01 4.144362509250640869e-01 -8.693474531173706055e-01 0.000000000000000000e+00 2.000000000000000000e+00
1.545892028808593750e+02 1.640751647949218750e+02 2.459490203857421875e+02 2.484227120876312256e-01 4.304897785186767578e-01 -8.677353858947753906e-01 0.000000000000000000e+00 2.000000000000000000e+00
1.544001159667968750e+02 1.637474975585937500e+02 2.466094970703125000e+02 2.314374446868896484e-01 4.446013867855072021e-01 -8.653128743171691895e-01 0.000000000000000000e+00 2.000000000000000000e+00
1.542240600585937500e+02 1.634092864990234375e+02 2.472677459716796875e+02 2.175038009881973267e-01 4.582548737525939941e-01 -8.617972731590270996e-01 0.000000000000000000e+00 2.000000000000000000e+00
1.540588836669921875e+02 1.630612792968750000e+02 2.479222106933593750e+02 2.060694545507431030e-01 4.724789261817932129e-01 -8.569125533103942871e-01 0.000000000000000000e+00 2.000000000000000000e+00
1.539026031494140625e+02 1.627029571533203125e+02 2.485720825195312500e+02 1.972061693668365479e-01 4.881924986839294434e-01 -8.501633405685424805e-01 0.000000000000000000e+00 2.000000000000000000e+00
1.537531738281250000e+02 1.623330383300781250e+02 2.492162780761718750e+02 1.917200684547424316e-01 5.049931406974792480e-01 -8.415612578392028809e-01 0.000000000000000000e+00 2.000000000000000000e+00
1.536080017089843750e+02 1.619506530761718750e+02 2.498535156250000000e+02 1.908663511276245117e-01 5.217215418815612793e-01 -8.314905762672424316e-01 0.000000000000000000e+00 2.000000000000000000e+00
1.534638061523437500e+02 1.615565032958984375e+02 2.504816894531250000e+02 1.957044601440429688e-01 5.366600751876831055e-01 -8.207897543907165527e-01 0.000000000000000000e+00 2.000000000000000000e+00
1.533166656494140625e+02 1.611530151367187500e+02 2.510988006591796875e+02 2.064110040664672852e-01 5.484436154365539551e-01 -8.103110790252685547e-01 0.000000000000000000e+00 2.000000000000000000e+00
1.531628112792968750e+02 1.607442169189453125e+02 2.517027893066406250e+02 2.220057249069213867e-01 5.563312172889709473e-01 -8.007552623748779297e-01 0.000000000000000000e+00 2.000000000000000000e+00
1.529994659423828125e+02 1.603348846435546875e+02 2.522919616699218750e+02 2.408015877008438110e-01 5.599870085716247559e-01 -7.927351593971252441e-01 0.000000000000000000e+00 2.000000000000000000e+00
1.528251800537109375e+02 1.599295806884765625e+02 2.528657226562500000e+02 2.607811093330383301e-01 5.600310564041137695e-01 -7.863576412200927734e-01 0.000000000000000000e+00 2.000000000000000000e+00
1.526398162841796875e+02 1.595315093994140625e+02 2.534246673583984375e+02 2.801735699176788330e-01 5.570702552795410156e-01 -7.817770838737487793e-01 0.000000000000000000e+00 2.000000000000000000e+00
1.524441223144531250e+02 1.591424102783203125e+02 2.539707183837890625e+02 2.982344031333923340e-01 5.520485639572143555e-01 -7.786517143249511719e-01 0.000000000000000000e+00 2.000000000000000000e+00
1.522389221191406250e+02 1.587625732421875000e+02 2.545064697265625000e+02 3.150043785572052002e-01 5.453639626502990723e-01 -7.767563462257385254e-01 0.000000000000000000e+00 2.000000000000000000e+00
1.520248413085937500e+02 1.583919372558593750e+02 2.550343627929687500e+02 3.323721587657928467e-01 5.368565320968627930e-01 -7.754443287849426270e-01 0.000000000000000000e+00 2.000000000000000000e+00
1.518011779785156250e+02 1.580306701660156250e+02 2.555561828613281250e+02 3.536190390586853027e-01 5.250000357627868652e-01 -7.741630673408508301e-01 0.000000000000000000e+00 2.000000000000000000e+00
1.515651092529296875e+02 1.576801910400390625e+02 2.560729980468750000e+02 3.815864622592926025e-01 5.081065297126770020e-01 -7.721524834632873535e-01 0.000000000000000000e+00 2.000000000000000000e+00
1.513122253417968750e+02 1.573434600830078125e+02 2.565847167968750000e+02 4.187681972980499268e-01 4.844477772712707520e-01 -7.680778503417968750e-01 0.000000000000000000e+00 2.000000000000000000e+00
1.510366058349609375e+02 1.570246124267578125e+02 2.570902404785156250e+02 4.654818177223205566e-01 4.526081085205078125e-01 -7.605738043785095215e-01 0.000000000000000000e+00 2.000000000000000000e+00
1.507320556640625000e+02 1.567284851074218750e+02 2.575878601074218750e+02 5.192156434059143066e-01 4.129182100296020508e-01 -7.482737898826599121e-01 0.000000000000000000e+00 2.000000000000000000e+00
1.503937530517578125e+02 1.564594421386718750e+02 2.580754089355468750e+02 5.755319595336914062e-01 3.677654564380645752e-01 -7.304188013076782227e-01 0.000000000000000000e+00 2.000000000000000000e+00
1.500192565917968750e+02 1.562201385498046875e+02 2.585506896972656250e+02 6.294409632682800293e-01 3.208565711975097656e-01 -7.077112197875976562e-01 0.000000000000000000e+00 2.000000000000000000e+00
1.496091613769531250e+02 1.560110931396484375e+02 2.590117797851562500e+02 6.769623160362243652e-01 2.766356170177459717e-01 -6.820519566535949707e-01 0.000000000000000000e+00 2.000000000000000000e+00
1.491667175292968750e+02 1.558302917480468750e+02 2.594575500488281250e+02 7.161384224891662598e-01 2.387128025293350220e-01 -6.558672785758972168e-01 0.000000000000000000e+00 2.000000000000000000e+00
1.486967773437500000e+02 1.556736450195312500e+02 2.598879394531250000e+02 7.465306520462036133e-01 2.092818617820739746e-01 -6.315798163414001465e-01 0.000000000000000000e+00 2.000000000000000000e+00
1.482056579589843750e+02 1.555359649658203125e+02 2.603034362792968750e+02 7.688398957252502441e-01 1.886538714170455933e-01 -6.109786033630371094e-01 0.000000000000000000e+00 2.000000000000000000e+00
1.477000885009765625e+02 1.554119110107421875e+02 2.607052001953125000e+02 7.840536832809448242e-01 1.757618784904479980e-01 -5.952879190444946289e-01 0.000000000000000000e+00 2.000000000000000000e+00
1.471867218017578125e+02 1.552968292236328125e+02 2.610949707031250000e+02 7.932273149490356445e-01 1.689384728670120239e-01 -5.850215554237365723e-01 0.000000000000000000e+00 2.000000000000000000e+00
1.466707305908203125e+02 1.551869354248046875e+02 2.614755249023437500e+02 7.968741655349731445e-01 1.660773605108261108e-01 -5.808698534965515137e-01 0.000000000000000000e+00 2.000000000000000000e+00
1.461551513671875000e+02 1.550794830322265625e+02 2.618513488769531250e+02 7.955476641654968262e-01 1.659307479858398438e-01 -5.827270746231079102e-01 0.000000000000000000e+00 2.000000000000000000e+00
1.456404876708984375e+02 1.549721374511718750e+02 2.622283325195312500e+02 7.897837162017822266e-01 1.670120954513549805e-01 -5.902106761932373047e-01 0.000000000000000000e+00 2.000000000000000000e+00
1.451249237060546875e+02 1.548631134033203125e+02 2.626136169433593750e+02 7.805814146995544434e-01 1.692346036434173584e-01 -6.017077565193176270e-01 0.000000000000000000e+00 2.000000000000000000e+00
1.446059417724609375e+02 1.547505950927734375e+02 2.630136718750000000e+02 7.691558599472045898e-01 1.728726774454116821e-01 -6.152352094650268555e-01 0.000000000000000000e+00 2.000000000000000000e+00
1.440814208984375000e+02 1.546327056884765625e+02 2.634332275390625000e+02 7.564861774444580078e-01 1.782182306051254272e-01 -6.292589902877807617e-01 0.000000000000000000e+00 2.000000000000000000e+00
1.435510253906250000e+02 1.545077514648437500e+02 2.638744201660156250e+02 7.434656620025634766e-01 1.856861561536788940e-01 -6.424791812896728516e-01 0.000000000000000000e+00 2.000000000000000000e+00
1.430160827636718750e+02 1.543741455078125000e+02 2.643367004394531250e+02 7.303994297981262207e-01 1.946569681167602539e-01 -6.546949148178100586e-01 0.000000000000000000e+00 2.000000000000000000e+00
1.424790344238281250e+02 1.542310180664062500e+02 2.648180847167968750e+02 7.168047428131103516e-01 2.041889131069183350e-01 -6.667068004608154297e-01 0.000000000000000000e+00 2.000000000000000000e+00
1.419432678222656250e+02 1.540783996582031250e+02 2.653164062500000000e+02 7.015694379806518555e-01 2.129721045494079590e-01 -6.800317764282226562e-01 0.000000000000000000e+00 2.000000000000000000e+00
1.414134216308593750e+02 1.539175567626953125e+02 2.658299865722656250e+02 6.821374893188476562e-01 2.199528962373733521e-01 -6.973586678504943848e-01 0.000000000000000000e+00 2.000000000000000000e+00
1.408957672119140625e+02 1.537506408691406250e+02 2.663591918945312500e+02 6.554234623908996582e-01 2.244065850973129272e-01 -7.211530208587646484e-01 0.000000000000000000e+00 2.000000000000000000e+00
1.403989868164062500e+02 1.535805511474609375e+02 2.669057922363281250e+02 6.168158054351806641e-01 2.250735610723495483e-01 -7.542414665222167969e-01 0.000000000000000000e+00 2.000000000000000000e+00
1.399342346191406250e+02 1.534109649658203125e+02 2.674740905761718750e+02 5.613070130348205566e-01 2.206593304872512817e-01 -7.976489663124084473e-01 0.000000000000000000e+00 2.000000000000000000e+00
1.395148010253906250e+02 1.532460784912109375e+02 2.680701293945312500e+02 4.850119352340698242e-01 2.092047035694122314e-01 -8.491153120994567871e-01 0.000000000000000000e+00 2.000000000000000000e+00
1.391548919677734375e+02 1.530908355712890625e+02 2.687002258300781250e+02 3.883568644523620605e-01 1.888763904571533203e-01 -9.019449353218078613e-01 0.000000000000000000e+00 2.000000000000000000e+00
1.388670959472656250e+02 1.529508666992187500e+02 2.693686218261718750e+02 2.771718204021453857e-01 1.602620482444763184e-01 -9.473603963851928711e-01 0.000000000000000000e+00 2.000000000000000000e+00
1.386605682373046875e+02 1.528314514160156250e+02 2.700745239257812500e+02 1.617396175861358643e-01 1.256395578384399414e-01 -9.788028001785278320e-01 0.000000000000000000e+00 2.000000000000000000e+00
1.385390167236328125e+02 1.527370300292968750e+02 2.708101196289062500e+02 5.254860967397689819e-02 8.780299872159957886e-02 -9.947508573532104492e-01 0.000000000000000000e+00 2.000000000000000000e+00
1.384992828369140625e+02 1.526706390380859375e+02 2.715622863769531250e+02 -4.223378002643585205e-02 4.712869226932525635e-02 -9.979955554008483887e-01 0.000000000000000000e+00 2.000000000000000000e+00
1.385311431884765625e+02 1.526350860595703125e+02 2.723151550292968750e+02 -1.178193986415863037e-01 2.579090418294072151e-03 -9.930316805839538574e-01 0.000000000000000000e+00 2.000000000000000000e+00
1.386189727783203125e+02 1.526331634521484375e+02 2.730554199218750000e+02 -1.708237975835800171e-01 -4.944679886102676392e-02 -9.840600490570068359e-01 0.000000000000000000e+00 2.000000000000000000e+00
1.387440643310546875e+02 1.526693725585937500e+02 2.737760314941406250e+02 -1.987855583429336548e-01 -1.120559051632881165e-01 -9.736158251762390137e-01 0.000000000000000000e+00 2.000000000000000000e+00
1.388868255615234375e+02 1.527498474121093750e+02 2.744752502441406250e+02 -2.009390443563461304e-01 -1.862309128046035767e-01 -9.617388248443603516e-01 0.000000000000000000e+00 2.000000000000000000e+00
1.390285797119140625e+02 1.528812255859375000e+02 2.751537170410156250e+02 -1.796040087938308716e-01 -2.709016203880310059e-01 -9.457032680511474609e-01 0.000000000000000000e+00 2.000000000000000000e+00
1.391531829833984375e+02 1.530691680908203125e+02 2.758098144531250000e+02 -1.380574852228164673e-01 -3.636066913604736328e-01 -9.212656021118164062e-01 0.000000000000000000e+00 2.000000000000000000e+00
1.392470855712890625e+02 1.533164825439453125e+02 2.764364318847656250e+02 -8.035646378993988037e-02 -4.616065621376037598e-01 -8.834377527236938477e-01 0.000000000000000000e+00 2.000000000000000000e+00
1.393003540039062500e+02 1.536224822998046875e+02 2.770220642089843750e+02 -1.051496062427759171e-02 -5.614703893661499023e-01 -8.274300694465637207e-01 0.000000000000000000e+00 2.000000000000000000e+00
1.393071136474609375e+02 1.539834289550781250e+02 2.775539855957031250e+02 6.578817963600158691e-02 -6.556823849678039551e-01 -7.521651983261108398e-01 0.000000000000000000e+00 2.000000000000000000e+00
1.392660369873046875e+02 1.543928222656250000e+02 2.780236206054687500e+02 1.401260197162628174e-01 -7.356054186820983887e-01 -6.627588868141174316e-01 0.000000000000000000e+00 2.000000000000000000e+00
1.391803894042968750e+02 1.548424377441406250e+02 2.784287109375000000e+02 2.039174735546112061e-01 -7.944374680519104004e-01 -5.720899105072021484e-01 0.000000000000000000e+00 2.000000000000000000e+00
1.390571441650390625e+02 1.553225860595703125e+02 2.787744750976562500e+02 2.537976801395416260e-01 -8.330278396606445312e-01 -4.915804862976074219e-01 0.000000000000000000e+00 2.000000000000000000e+00
1.389048004150390625e+02 1.558226165771484375e+02 2.790695495605468750e+02 2.918018698692321777e-01 -8.555467724800109863e-01 -4.276579320430755615e-01 0.000000000000000000e+00 2.000000000000000000e+00
1.387312622070312500e+02 1.563314208984375000e+02 2.793238830566406250e+02 3.232775032520294189e-01 -8.668648004531860352e-01 -3.795223832130432129e-01 0.000000000000000000e+00 2.000000000000000000e+00
1.385421752929687500e+02 1.568384552001953125e+02 2.795458679199218750e+02 3.538949191570281982e-01 -8.699058294296264648e-01 -3.435436785221099854e-01 0.000000000000000000e+00 2.000000000000000000e+00
1.383402862548828125e+02 1.573347167968750000e+02 2.797418518066406250e+02 3.870799243450164795e-01 -8.665828108787536621e-01 -3.149657249450683594e-01 0.000000000000000000e+00 2.000000000000000000e+00
1.381259460449218750e+02 1.578145751953125000e+02 2.799162597656250000e+02 4.236660003662109375e-01 -8.577781319618225098e-01 -2.910734415054321289e-01 0.000000000000000000e+00 2.000000000000000000e+00
1.378982086181640625e+02 1.582756652832031250e+02 2.800727233886718750e+02 4.622549414634704590e-01 -8.449621200561523438e-01 -2.689969539642333984e-01 0.000000000000000000e+00 2.000000000000000000e+00
1.376556091308593750e+02 1.587191162109375000e+02 2.802138977050781250e+02 4.994064569473266602e-01 -8.294920921325683594e-01 -2.500720322132110596e-01 0.000000000000000000e+00 2.000000000000000000e+00
1.373973236083984375e+02 1.591481170654296875e+02 2.803432312011718750e+02 5.343018770217895508e-01 -8.128237724304199219e-01 -2.320325672626495361e-01 0.000000000000000000e+00 2.000000000000000000e+00
1.371216430664062500e+02 1.595675048828125000e+02 2.804629516601562500e+02 5.679214596748352051e-01 -7.947158217430114746e-01 -2.142239362001419067e-01 0.000000000000000000e+00 2.000000000000000000e+00
1.368252105712890625e+02 1.599823150634765625e+02 2.805747680664062500e+02 6.030660271644592285e-01 -7.738959193229675293e-01 -1.933815479278564453e-01 0.000000000000000000e+00 2.000000000000000000e+00
1.365016326904296875e+02 1.603975524902343750e+02 2.806785278320312500e+02 6.414946913719177246e-01 -7.488266825675964355e-01 -1.665627658367156982e-01 0.000000000000000000e+00 2.000000000000000000e+00
1.361410369873046875e+02 1.608184814453125000e+02 2.807721557617187500e+02 6.822773218154907227e-01 -7.190507054328918457e-01 -1.321504116058349609e-01 0.000000000000000000e+00 2.000000000000000000e+00
1.357313842773437500e+02 1.612502136230468750e+02 2.808515014648437500e+02 7.214626669883728027e-01 -6.863253712654113770e-01 -9.191920608282089233e-02 0.000000000000000000e+00 2.000000000000000000e+00
1.352614288330078125e+02 1.616972808837890625e+02 2.809113769531250000e+02 7.548703551292419434e-01 -6.540209054946899414e-01 -4.926703125238418579e-02 0.000000000000000000e+00 2.000000000000000000e+00
1.347241668701171875e+02 1.621627655029296875e+02 2.809464416503906250e+02 7.804512977600097656e-01 -6.251525878906250000e-01 -8.939471095800399780e-03 0.000000000000000000e+00 2.000000000000000000e+00
1.341193695068359375e+02 1.626472167968750000e+02 2.809533691406250000e+02 7.983366250991821289e-01 -6.016380786895751953e-01 2.627288550138473511e-02 0.000000000000000000e+00 2.000000000000000000e+00
1.334544830322265625e+02 1.631482849121093750e+02 2.809314880371093750e+02 8.104167580604553223e-01 -5.831503272056579590e-01 5.621689185500144958e-02 0.000000000000000000e+00 2.000000000000000000e+00
1.327431030273437500e+02 1.636601715087890625e+02 2.808821411132812500e+02 8.187438845634460449e-01 -5.682501792907714844e-01 8.215950429439544678e-02 0.000000000000000000e+00 2.000000000000000000e+00
1.320025787353515625e+02 1.641741333007812500e+02 2.808078308105468750e+02 8.252564668655395508e-01 -5.545312166213989258e-01 1.069904044270515442e-01 0.000000000000000000e+00 2.000000000000000000e+00
1.312507324218750000e+02 1.646793365478515625e+02 2.807103576660156250e+02 8.314076662063598633e-01 -5.393121242523193359e-01 1.338049620389938354e-01 0.000000000000000000e+00 2.000000000000000000e+00
1.305036163330078125e+02 1.651639709472656250e+02 2.805901184082031250e+02 8.379445075988769531e-01 -5.201783776283264160e-01 1.651165336370468140e-01 0.000000000000000000e+00 2.000000000000000000e+00
1.297733917236328125e+02 1.656172790527343750e+02 2.804462280273437500e+02 8.446492552757263184e-01 -4.959264099597930908e-01 2.015557140111923218e-01 0.000000000000000000e+00 2.000000000000000000e+00
1.290677032470703125e+02 1.660316162109375000e+02 2.802778320312500000e+02 8.507528305053710938e-01 -4.669453501701354980e-01 2.412088811397552490e-01 0.000000000000000000e+00 2.000000000000000000e+00
1.283889465332031250e+02 1.664041595458984375e+02 2.800853881835937500e+02 8.550653457641601562e-01 -4.371099174022674561e-01 2.789230644702911377e-01 0.000000000000000000e+00 2.000000000000000000e+00
1.277353744506835938e+02 1.667382659912109375e+02 2.798721923828125000e+02 8.570948243141174316e-01 -4.123328626155853271e-01 3.088205158710479736e-01 0.000000000000000000e+00 2.000000000000000000e+00
1.271030197143554688e+02 1.670424804687500000e+02 2.796443481445312500e+02 8.568927049636840820e-01 -3.990931510925292969e-01 3.262814581394195557e-01 0.000000000000000000e+00 2.000000000000000000e+00
1.264879760742187500e+02 1.673289337158203125e+02 2.794101562500000000e+02 8.543252944946289062e-01 -4.017743170261383057e-01 3.297056257724761963e-01 0.000000000000000000e+00 2.000000000000000000e+00
1.258888931274414062e+02 1.676106719970703125e+02 2.791789550781250000e+02 8.485399484634399414e-01 -4.214129447937011719e-01 3.199860155582427979e-01 0.000000000000000000e+00 2.000000000000000000e+00
1.253076782226562500e+02 1.678993225097656250e+02 2.789597778320312500e+02 8.381139636039733887e-01 -4.563404023647308350e-01 2.988618314266204834e-01 0.000000000000000000e+00 2.000000000000000000e+00
1.247483139038085938e+02 1.682038879394531250e+02 2.787603149414062500e+02 8.215520977973937988e-01 -5.030198693275451660e-01 2.683712542057037354e-01 0.000000000000000000e+00 2.000000000000000000e+00
1.242148742675781250e+02 1.685305023193359375e+02 2.785860595703125000e+02 7.984083294868469238e-01 -5.561501979827880859e-01 2.307403534650802612e-01 0.000000000000000000e+00 2.000000000000000000e+00
1.237087478637695312e+02 1.688830566406250000e+02 2.784397888183593750e+02 7.699712514877319336e-01 -6.095371842384338379e-01 1.887028813362121582e-01 0.000000000000000000e+00 2.000000000000000000e+00
1.232274703979492188e+02 1.692640533447265625e+02 2.783218383789062500e+02 7.394755482673645020e-01 -6.572573184967041016e-01 1.455634534358978271e-01 0.000000000000000000e+00 2.000000000000000000e+00
1.227653198242187500e+02 1.696748199462890625e+02 2.782308654785156250e+02 7.109155654907226562e-01 -6.953461170196533203e-01 1.053226068615913391e-01 0.000000000000000000e+00 2.000000000000000000e+00
1.223152313232421875e+02 1.701150512695312500e+02 2.781641845703125000e+02 6.871363520622253418e-01 -7.230929732322692871e-01 7.056980580091476440e-02 0.000000000000000000e+00 2.000000000000000000e+00
1.218703994750976562e+02 1.705831604003906250e+02 2.781184997558593750e+02 6.688396334648132324e-01 -7.422093152999877930e-01 4.217463359236717224e-02 0.000000000000000000e+00 2.000000000000000000e+00
1.214256286621093750e+02 1.710767211914062500e+02 2.780904541015625000e+02 -6.552756428718566895e-01 7.551118731498718262e-01 -2.049410715699195862e-02 0.000000000000000000e+00 2.000000000000000000e+00
1.209777526855468750e+02 1.715928344726562500e+02 2.780764465332031250e+02 -6.448638439178466797e-01 7.642766237258911133e-01 -5.654220469295978546e-03 0.000000000000000000e+00 2.000000000000000000e+00
1.205252838134765625e+02 1.721290893554687500e+02 2.780724792480468750e+02 -6.364104151725769043e-01 7.713454365730285645e-01 2.845431212335824966e-03 0.000000000000000000e+00 2.000000000000000000e+00
1.200679702758789062e+02 1.726833648681640625e+02 2.780745239257812500e+02 -6.289569139480590820e-01 7.774220108985900879e-01 5.324238445609807968e-03 0.000000000000000000e+00 2.000000000000000000e+00
1.196065216064453125e+02 1.732537384033203125e+02 2.780784301757812500e+02 -6.220591664314270020e-01 7.829664945602416992e-01 2.453478984534740448e-03 0.000000000000000000e+00 2.000000000000000000e+00
1.191422729492187500e+02 1.738380737304687500e+02 2.780802612304687500e+02 -6.155014038085937500e-01 7.881237268447875977e-01 -4.361749626696109772e-03 0.000000000000000000e+00 2.000000000000000000e+00
1.186771774291992188e+02 1.744336090087890625e+02 2.780769653320312500e+02 -6.093289256095886230e-01 7.927944064140319824e-01 -1.397717837244272232e-02 0.000000000000000000e+00 2.000000000000000000e+00
1.182128677368164062e+02 1.750377197265625000e+02 2.780663146972656250e+02 -6.037132143974304199e-01 7.968059778213500977e-01 -2.511160448193550110e-02 0.000000000000000000e+00 2.000000000000000000e+00
1.177499160766601562e+02 1.756487426757812500e+02 2.780470581054687500e+02 -5.986066460609436035e-01 8.002173304557800293e-01 -3.636363521218299866e-02 0.000000000000000000e+00 2.000000000000000000e+00
1.172877349853515625e+02 1.762665863037109375e+02 2.780189819335937500e+02 -5.939071774482727051e-01 8.031564950942993164e-01 -4.705222696065902710e-02 0.000000000000000000e+00 2.000000000000000000e+00
1.168247222900390625e+02 1.768927307128906250e+02 2.779822998046875000e+02 -5.894616842269897461e-01 8.058471083641052246e-01 -5.608311295509338379e-02 0.000000000000000000e+00 2.000000000000000000e+00
1.163589859008789062e+02 1.775294342041015625e+02 2.779379882812500000e+02 -5.849016308784484863e-01 8.086469173431396484e-01 -6.308889389038085938e-02 0.000000000000000000e+00 2.000000000000000000e+00
1.158890380859375000e+02 1.781791534423828125e+02 2.778872985839843750e+02 -5.798265337944030762e-01 8.118857741355895996e-01 -6.813704967498779297e-02 0.000000000000000000e+00 2.000000000000000000e+00
1.154143142700195312e+02 1.788438720703125000e+02 2.778315124511718750e+02 -5.739803910255432129e-01 8.158065080642700195e-01 -7.075518369674682617e-02 0.000000000000000000e+00 2.000000000000000000e+00
1.149355239868164062e+02 1.795243835449218750e+02 2.777724914550781250e+02 -5.668659806251525879e-01 8.206750154495239258e-01 -7.180254161357879639e-02 0.000000000000000000e+00 2.000000000000000000e+00
1.144546279907226562e+02 1.802205963134765625e+02 2.777115783691406250e+02 -5.582764744758605957e-01 8.265719413757324219e-01 -7.145797461271286011e-02 0.000000000000000000e+00 2.000000000000000000e+00
1.139742050170898438e+02 1.809319000244140625e+02 2.776500854492187500e+02 -5.481330156326293945e-01 8.334042429924011230e-01 -7.062271982431411743e-02 0.000000000000000000e+00 2.000000000000000000e+00
1.134974060058593750e+02 1.816568450927734375e+02 2.775886535644531250e+02 -5.364809632301330566e-01 8.409828543663024902e-01 -7.025760412216186523e-02 0.000000000000000000e+00 2.000000000000000000e+00
1.130276184082031250e+02 1.823932800292968750e+02 2.775271301269531250e+02 -5.240861177444458008e-01 8.487249612808227539e-01 -7.070823758840560913e-02 0.000000000000000000e+00 2.000000000000000000e+00
1.125677642822265625e+02 1.831379852294921875e+02 2.774650878906250000e+02 -5.114547014236450195e-01 8.562501668930053711e-01 -7.245448976755142212e-02 0.000000000000000000e+00 2.000000000000000000e+00
1.121203308105468750e+02 1.838870544433593750e+02 2.774017028808593750e+02 -4.994878172874450684e-01 8.631075024604797363e-01 -7.454805821180343628e-02 0.000000000000000000e+00 2.000000000000000000e+00
1.116870498657226562e+02 1.846357574462890625e+02 2.773370361328125000e+02 -4.892642199993133545e-01 8.688437938690185547e-01 -7.570364326238632202e-02 0.000000000000000000e+00 2.000000000000000000e+00
1.112685241699218750e+02 1.853789825439453125e+02 2.772722778320312500e+02 -4.819657802581787109e-01 8.730965256690979004e-01 -7.356257736682891846e-02 0.000000000000000000e+00 2.000000000000000000e+00
1.108640365600585938e+02 1.861117248535156250e+02 2.772105407714843750e+02 -4.782519638538360596e-01 8.757365345954895020e-01 -6.603506207466125488e-02 0.000000000000000000e+00 2.000000000000000000e+00
1.104717254638671875e+02 1.868300933837890625e+02 2.771563720703125000e+02 -4.772153198719024658e-01 8.772729635238647461e-01 -5.155274271965026855e-02 0.000000000000000000e+00 2.000000000000000000e+00
1.100895080566406250e+02 1.875327301025390625e+02 2.771150817871093750e+02 -4.766394495964050293e-01 8.785787224769592285e-01 -3.023811429738998413e-02 0.000000000000000000e+00 2.000000000000000000e+00
1.097157363891601562e+02 1.882216949462890625e+02 2.770913696289062500e+02 -4.729306697845458984e-01 8.810863494873046875e-01 -4.849256947636604309e-03 0.000000000000000000e+00 2.000000000000000000e+00
1.093496551513671875e+02 1.889037170410156250e+02 2.770876159667968750e+02 -4.631602764129638672e-01 8.860654830932617188e-01 1.924985833466053009e-02 0.000000000000000000e+00 2.000000000000000000e+00
1.089913330078125000e+02 1.895892181396484375e+02 2.771025085449218750e+02 -4.476191699504852295e-01 8.934683203697204590e-01 3.676183894276618958e-02 0.000000000000000000e+00 2.000000000000000000e+00
1.086401824951171875e+02 1.902901306152343750e+02 2.771313476562500000e+02 -4.295568168163299561e-01 9.019348621368408203e-01 4.465830326080322266e-02 0.000000000000000000e+00 2.000000000000000000e+00
1.082940979003906250e+02 1.910167999267578125e+02 2.771673278808593750e+02 -4.136426448822021484e-01 9.094169735908508301e-01 4.313469305634498596e-02 0.000000000000000000e+00 2.000000000000000000e+00
1.079493560791015625e+02 1.917747344970703125e+02 2.772032775878906250e+02 -4.033479392528533936e-01 9.143320918083190918e-01 3.615612536668777466e-02 0.000000000000000000e+00 2.000000000000000000e+00
1.076017608642578125e+02 1.925626831054687500e+02 2.772344360351562500e+02 -3.994776904582977295e-01 9.163175225257873535e-01 2.792284637689590454e-02 0.000000000000000000e+00 2.000000000000000000e+00
1.072481155395507812e+02 1.933738708496093750e+02 2.772591552734375000e+02 -4.009745419025421143e-01 9.158079028129577637e-01 2.270051278173923492e-02 0.000000000000000000e+00 2.000000000000000000e+00
1.068874893188476562e+02 1.941975250244140625e+02 2.772795715332031250e+02 -4.059142470359802246e-01 9.136137366294860840e-01 2.331450022757053375e-02 0.000000000000000000e+00 2.000000000000000000e+00
1.065214080810546875e+02 1.950214843750000000e+02 2.773005981445312500e+02 -4.125955402851104736e-01 9.103610515594482422e-01 3.174206614494323730e-02 0.000000000000000000e+00 2.000000000000000000e+00
1.061532897949218750e+02 1.958337097167968750e+02 2.773289184570312500e+02 -4.199915230274200439e-01 9.062348008155822754e-01 4.843158274888992310e-02 0.000000000000000000e+00 2.000000000000000000e+00
1.057875518798828125e+02 1.966228790283203125e+02 2.773710937500000000e+02 -4.269996881484985352e-01 9.012801051139831543e-01 7.324878871440887451e-02 0.000000000000000000e+00 2.000000000000000000e+00
1.054292602539062500e+02 1.973791351318359375e+02 2.774325561523437500e+02 -4.327514469623565674e-01 8.953155279159545898e-01 1.055290848016738892e-01 0.000000000000000000e+00 2.000000000000000000e+00
1.050837326049804688e+02 1.980939941406250000e+02 2.775168151855468750e+02 -4.348403811454772949e-01 8.890331387519836426e-01 1.432968974113464355e-01 0.000000000000000000e+00 2.000000000000000000e+00
1.047566452026367188e+02 1.987627258300781250e+02 2.776246032714843750e+02 -4.307802617549896240e-01 8.833839893341064453e-01 1.845566481351852417e-01 0.000000000000000000e+00 2.000000000000000000e+00
1.044533386230468750e+02 1.993847045898437500e+02 2.777545471191406250e+02 -4.183486700057983398e-01 8.796719908714294434e-01 2.261894643306732178e-01 0.000000000000000000e+00 2.000000000000000000e+00
1.041774978637695312e+02 1.999647216796875000e+02 2.779036865234375000e+02 -3.975704014301300049e-01 8.785440921783447266e-01 2.647606432437896729e-01 0.000000000000000000e+00 2.000000000000000000e+00
1.039302673339843750e+02 2.005110473632812500e+02 2.780683288574218750e+02 -3.707092702388763428e-01 8.799117207527160645e-01 2.972036898136138916e-01 0.000000000000000000e+00 2.000000000000000000e+00
1.037097930908203125e+02 2.010343627929687500e+02 2.782450866699218750e+02 -3.421156108379364014e-01 8.831396102905273438e-01 3.209694027900695801e-01 0.000000000000000000e+00 2.000000000000000000e+00
1.035114364624023438e+02 2.015464019775390625e+02 2.784311828613281250e+02 -3.171412348747253418e-01 8.873142600059509277e-01 3.348056674003601074e-01 0.000000000000000000e+00 2.000000000000000000e+00
1.033281631469726562e+02 2.020591735839843750e+02 2.786246643066406250e+02 -2.999628186225891113e-01 8.921945095062255859e-01 3.376557230949401855e-01 0.000000000000000000e+00 2.000000000000000000e+00
1.031514816284179688e+02 2.025846862792968750e+02 2.788235473632812500e+02 -2.919642031192779541e-01 8.977077007293701172e-01 3.299663662910461426e-01 0.000000000000000000e+00 2.000000000000000000e+00
1.029725875854492188e+02 2.031347351074218750e+02 2.790257263183593750e+02 -2.924307584762573242e-01 9.038555026054382324e-01 3.122971355915069580e-01 0.000000000000000000e+00 2.000000000000000000e+00
1.027833557128906250e+02 2.037196197509765625e+02 2.792278137207031250e+02 -2.981691956520080566e-01 9.108072519302368164e-01 2.855261862277984619e-01 0.000000000000000000e+00 2.000000000000000000e+00
1.025780563354492188e+02 2.043467407226562500e+02 2.794244079589843750e+02 -3.044228851795196533e-01 9.191245436668395996e-01 2.500735819339752197e-01 0.000000000000000000e+00 2.000000000000000000e+00
1.023551559448242188e+02 2.050197296142578125e+02 2.796075134277343750e+02 -3.059418201446533203e-01 9.296622872352600098e-01 2.052501142024993896e-01 0.000000000000000000e+00 2.000000000000000000e+00
1.021185226440429688e+02 2.057387847900390625e+02 2.797662658691406250e+02 -2.981262803077697754e-01 9.426606893539428711e-01 1.500385701656341553e-01 0.000000000000000000e+00 2.000000000000000000e+00
1.018771820068359375e+02 2.065018920898437500e+02 2.798877258300781250e+02 -2.783750295639038086e-01 9.567026495933532715e-01 8.501441776752471924e-02 0.000000000000000000e+00 2.000000000000000000e+00
1.016431503295898438e+02 2.073061981201171875e+02 2.799591979980468750e+02 -2.467990368604660034e-01 9.689705967903137207e-01 1.364722568541765213e-02 0.000000000000000000e+00 2.000000000000000000e+00
1.014284667968750000e+02 2.081490783691406250e+02 2.799710693359375000e+02 -2.074016034603118896e-01 9.765303730964660645e-01 -5.807753652334213257e-02 0.000000000000000000e+00 2.000000000000000000e+00
1.012418899536132812e+02 2.090275573730468750e+02 2.799188232421875000e+02 -1.673476994037628174e-01 9.781774878501892090e-01 -1.231403276324272156e-01 0.000000000000000000e+00 2.000000000000000000e+00
1.010863647460937500e+02 2.099366302490234375e+02 2.798043823242187500e+02 -1.337877810001373291e-01 9.751468300819396973e-01 -1.766052991151809692e-01 0.000000000000000000e+00 2.000000000000000000e+00
1.009585647583007812e+02 2.108681335449218750e+02 2.796356811523437500e+02 -1.118512302637100220e-01 9.695920348167419434e-01 -2.176708877086639404e-01 0.000000000000000000e+00 2.000000000000000000e+00
1.008499069213867188e+02 2.118100433349609375e+02 2.794242248535156250e+02 -1.030925586819648743e-01 9.633722305297851562e-01 -2.475600093603134155e-01 0.000000000000000000e+00 2.000000000000000000e+00
1.007494964599609375e+02 2.127483520507812500e+02 2.791831054687500000e+02 -1.062613502144813538e-01 9.575018882751464844e-01 -2.681392431259155273e-01 0.000000000000000000e+00 2.000000000000000000e+00
1.006472549438476562e+02 2.136696319580078125e+02 2.789251098632812500e+02 -1.177098006010055542e-01 9.531674385070800781e-01 -2.785969078540802002e-01 0.000000000000000000e+00 2.000000000000000000e+00
1.005367279052734375e+02 2.145646362304687500e+02 2.786635131835937500e+02 -1.320359855890274048e-01 9.518428444862365723e-01 -2.766979038715362549e-01 0.000000000000000000e+00 2.000000000000000000e+00
1.004165725708007812e+02 2.154308319091796875e+02 2.784117126464843750e+02 -1.431302577257156372e-01 9.550624489784240723e-01 -2.595562636852264404e-01 0.000000000000000000e+00 2.000000000000000000e+00
1.002905426025390625e+02 2.162717895507812500e+02 2.781831665039062500e+02 -1.462720483541488647e-01 9.634185433387756348e-01 -2.245645225048065186e-01 0.000000000000000000e+00 2.000000000000000000e+00
1.001654510498046875e+02 2.170957031250000000e+02 2.779911193847656250e+02 -1.400696486234664917e-01 9.751497507095336914e-01 -1.716494262218475342e-01 0.000000000000000000e+00 2.000000000000000000e+00
1.000483322143554688e+02 2.179110717773437500e+02 2.778475952148437500e+02 -1.268831789493560791e-01 9.862717986106872559e-01 -1.056819111108779907e-01 0.000000000000000000e+00 2.000000000000000000e+00
9.994390869140625000e+01 2.187227630615234375e+02 2.777606201171875000e+02 -1.112970933318138123e-01 9.932381510734558105e-01 -3.302974253892898560e-02 0.000000000000000000e+00 2.000000000000000000e+00
9.985341644287109375e+01 2.195303344726562500e+02 2.777337646484375000e+02 -9.788484871387481689e-02 9.943951368331909180e-01 3.996076807379722595e-02 0.000000000000000000e+00 2.000000000000000000e+00
9.977492523193359375e+01 2.203277130126953125e+02 2.777658081054687500e+02 -8.878289163112640381e-02 9.900361299514770508e-01 1.092981547117233276e-01 0.000000000000000000e+00 2.000000000000000000e+00
9.970519256591796875e+01 2.211053161621093750e+02 2.778516540527343750e+02 -8.367299288511276245e-02 9.814572334289550781e-01 1.724547147750854492e-01 0.000000000000000000e+00 2.000000000000000000e+00
9.964146423339843750e+01 2.218528289794921875e+02 2.779830017089843750e+02 -8.008243143558502197e-02 9.700610637664794922e-01 2.292776852846145630e-01 0.000000000000000000e+00 2.000000000000000000e+00
9.958287048339843750e+01 2.225625915527343750e+02 2.781507568359375000e+02 -7.506494224071502686e-02 9.571762084960937500e-01 2.796048820018768311e-01 0.000000000000000000e+00 2.000000000000000000e+00
9.953041076660156250e+01 2.232315216064453125e+02 2.783461608886718750e+02 -6.615021824836730957e-02 9.435037970542907715e-01 3.246917128562927246e-01 0.000000000000000000e+00 2.000000000000000000e+00
9.948626708984375000e+01 2.238611450195312500e+02 2.785628356933593750e+02 -5.203197151422500610e-02 9.294699430465698242e-01 3.652099967002868652e-01 0.000000000000000000e+00 2.000000000000000000e+00
9.945285797119140625e+01 2.244579467773437500e+02 2.787973327636718750e+02 -3.333757445216178894e-02 9.153541922569274902e-01 4.012671411037445068e-01 0.000000000000000000e+00 2.000000000000000000e+00
9.943194580078125000e+01 2.250321350097656250e+02 2.790490417480468750e+02 -1.256556343287229538e-02 9.014998674392700195e-01 4.325969517230987549e-01 0.000000000000000000e+00 2.000000000000000000e+00
9.942408752441406250e+01 2.255959167480468750e+02 2.793195800781250000e+02 6.744904909282922745e-03 8.890095949172973633e-01 4.578388631343841553e-01 0.000000000000000000e+00 2.000000000000000000e+00
9.942838287353515625e+01 2.261620635986328125e+02 2.796111450195312500e+02 2.133013494312763214e-02 8.788801431655883789e-01 4.765655994415283203e-01 0.000000000000000000e+00 2.000000000000000000e+00
9.944246673583984375e+01 2.267423706054687500e+02 2.799258117675781250e+02 2.911992743611335754e-02 8.724079132080078125e-01 4.879103004932403564e-01 0.000000000000000000e+00 2.000000000000000000e+00
9.946263122558593750e+01 2.273464813232421875e+02 2.802636718750000000e+02 3.032938577234745026e-02 8.695678114891052246e-01 4.928812682628631592e-01 0.000000000000000000e+00 2.000000000000000000e+00
9.948476409912109375e+01 2.279810485839843750e+02 2.806233520507812500e+02 2.617250196635723114e-02 8.697614073753356934e-01 4.927780330181121826e-01 0.000000000000000000e+00 2.000000000000000000e+00
9.950486755371093750e+01 2.286491241455078125e+02 2.810018615722656250e+02 1.890645921230316162e-02 8.719135522842407227e-01 4.892945885658264160e-01 0.000000000000000000e+00 2.000000000000000000e+00
9.952009582519531250e+01 2.293514099121093750e+02 2.813959655761718750e+02 1.081061363220214844e-02 8.749874234199523926e-01 4.840247929096221924e-01 0.000000000000000000e+00 2.000000000000000000e+00
9.952917480468750000e+01 2.300862426757812500e+02 2.818024597167968750e+02 3.654088824987411499e-03 8.780503869056701660e-01 4.785541892051696777e-01 0.000000000000000000e+00 2.000000000000000000e+00
9.953235626220703125e+01 2.308507232666015625e+02 2.822191162109375000e+02 -1.649685320444405079e-03 8.804387450218200684e-01 4.741569757461547852e-01 0.000000000000000000e+00 2.000000000000000000e+00
9.953087615966796875e+01 2.316406555175781250e+02 2.826445312500000000e+02 -4.867368843406438828e-03 8.815752267837524414e-01 4.720185101032257080e-01 0.000000000000000000e+00 2.000000000000000000e+00
9.952640533447265625e+01 2.324504089355468750e+02 2.830780944824218750e+02 -6.358327344059944153e-03 8.811268806457519531e-01 4.728372395038604736e-01 0.000000000000000000e+00 2.000000000000000000e+00
9.952046966552734375e+01 2.332729644775390625e+02 2.835195007324218750e+02 -6.608498282730579376e-03 8.784842491149902344e-01 4.777254760265350342e-01 0.000000000000000000e+00 2.000000000000000000e+00
9.951425170898437500e+01 2.340995330810546875e+02 2.839689941406250000e+02 -6.117044948041439056e-03 8.729850649833679199e-01 4.877085685729980469e-01 0.000000000000000000e+00 2.000000000000000000e+00
9.950849914550781250e+01 2.349205017089843750e+02 2.844276428222656250e+02 -5.130226258188486099e-03 8.635799288749694824e-01 5.041859149932861328e-01 0.000000000000000000e+00 2.000000000000000000e+00
9.950371551513671875e+01 2.357257385253906250e+02 2.848977661132812500e+02 -3.589045023545622826e-03 8.489753007888793945e-01 5.284203886985778809e-01 0.000000000000000000e+00 2.000000000000000000e+00
9.950041961669921875e+01 2.365053710937500000e+02 2.853830261230468750e+02 -1.365050091408193111e-03 8.278307914733886719e-01 5.609762072563171387e-01 0.000000000000000000e+00 2.000000000000000000e+00
9.949919128417968750e+01 2.372502899169921875e+02 2.858878173828125000e+02 1.693609636276960373e-03 7.991058230400085449e-01 6.011880040168762207e-01 0.000000000000000000e+00 2.000000000000000000e+00
9.950067901611328125e+01 2.379522552490234375e+02 2.864159240722656250e+02 5.647217854857444763e-03 7.626594305038452148e-01 6.467756628990173340e-01 0.000000000000000000e+00 2.000000000000000000e+00
9.950551605224609375e+01 2.386054992675781250e+02 2.869699096679687500e+02 9.902971796691417694e-03 7.205642461776733398e-01 6.933174133300781250e-01 0.000000000000000000e+00 2.000000000000000000e+00
9.951380157470703125e+01 2.392083740234375000e+02 2.875499877929687500e+02 1.307200267910957336e-02 6.782576441764831543e-01 7.347078919410705566e-01 0.000000000000000000e+00 2.000000000000000000e+00
9.952453613281250000e+01 2.397653503417968750e+02 2.881533203125000000e+02 1.287406496703624725e-02 6.437596082687377930e-01 7.651194930076599121e-01 0.000000000000000000e+00 2.000000000000000000e+00
9.953499603271484375e+01 2.402883911132812500e+02 2.887749633789062500e+02 6.830369122326374054e-03 6.253457069396972656e-01 7.803179621696472168e-01 0.000000000000000000e+00 2.000000000000000000e+00
9.954053497314453125e+01 2.407955017089843750e+02 2.894077453613281250e+02 -7.058309856802225113e-03 6.274323463439941406e-01 7.786390781402587891e-01 0.000000000000000000e+00 2.000000000000000000e+00
9.953477478027343750e+01 2.413075408935546875e+02 2.900431823730468750e+02 -2.915628440678119659e-02 6.477308273315429688e-01 7.613111734390258789e-01 0.000000000000000000e+00 2.000000000000000000e+00
9.951066589355468750e+01 2.418431396484375000e+02 2.906726989746093750e+02 -5.801301077008247375e-02 6.792076826095581055e-01 7.316498756408691406e-01 0.000000000000000000e+00 2.000000000000000000e+00
9.946188354492187500e+01 2.424142761230468750e+02 2.912879333496093750e+02 -9.069778025150299072e-02 7.128819227218627930e-01 6.953943371772766113e-01 0.000000000000000000e+00 2.000000000000000000e+00
9.938440704345703125e+01 2.430232391357421875e+02 2.918819580078125000e+02 -1.241859644651412964e-01 7.425136566162109375e-01 6.582183837890625000e-01 0.000000000000000000e+00 2.000000000000000000e+00
9.927735900878906250e+01 2.436632843017578125e+02 2.924493408203125000e+02 -1.559662222862243652e-01 7.651169896125793457e-01 6.247163414955139160e-01 0.000000000000000000e+00 2.000000000000000000e+00
9.914319610595703125e+01 2.443214416503906250e+02 2.929867248535156250e+02 -1.844741404056549072e-01 7.806345224380493164e-01 5.971423387527465820e-01 0.000000000000000000e+00 2.000000000000000000e+00
9.898696899414062500e+01 2.449825439453125000e+02 2.934924316406250000e+02 -2.090541720390319824e-01 7.902340292930603027e-01 5.760439038276672363e-01 0.000000000000000000e+00 2.000000000000000000e+00
9.881492614746093750e+01 2.456328735351562500e+02 2.939664916992187500e+02 -2.296367287635803223e-01 7.957181930541992188e-01 5.604457855224609375e-01 0.000000000000000000e+00 2.000000000000000000e+00
9.863306427001953125e+01 2.462630462646484375e+02 2.944103393554687500e+02 -2.464379519224166870e-01 7.984082698822021484e-01 5.493747591972351074e-01 0.000000000000000000e+00 2.000000000000000000e+00
9.844617462158203125e+01 2.468685302734375000e+02 2.948269653320312500e+02 -2.598164975643157959e-01 7.995274662971496582e-01 5.415266752243041992e-01 0.000000000000000000e+00 2.000000000000000000e+00
9.825730895996093750e+01 2.474497222900390625e+02 2.952206115722656250e+02 -2.701712548732757568e-01 7.997807860374450684e-01 5.360580086708068848e-01 0.000000000000000000e+00 2.000000000000000000e+00
9.806775665283203125e+01 2.480108489990234375e+02 2.955967102050781250e+02 -2.780314981937408447e-01 7.994980216026306152e-01 5.324486494064331055e-01 0.000000000000000000e+00 2.000000000000000000e+00
9.787750244140625000e+01 2.485579376220703125e+02 2.959610595703125000e+02 -2.839060425758361816e-01 7.990961074829101562e-01 5.299459099769592285e-01 0.000000000000000000e+00 2.000000000000000000e+00
9.768564605712890625e+01 2.490979461669921875e+02 2.963191833496093750e+02 -2.886921167373657227e-01 7.985302805900573730e-01 5.282105207443237305e-01 0.000000000000000000e+00 2.000000000000000000e+00
9.749071502685546875e+01 2.496371307373046875e+02 2.966758422851562500e+02 -2.927820682525634766e-01 7.979730963706970215e-01 5.267993807792663574e-01 0.000000000000000000e+00 2.000000000000000000e+00
9.729130554199218750e+01 2.501806182861328125e+02 2.970346374511718750e+02 -2.966163456439971924e-01 7.972861528396606445e-01 5.256933569908142090e-01 0.000000000000000000e+00 2.000000000000000000e+00
9.708638000488281250e+01 2.507314453125000000e+02 2.973978271484375000e+02 -3.002108335494995117e-01 7.965655326843261719e-01 5.247445106506347656e-01 0.000000000000000000e+00 2.000000000000000000e+00
9.687548828125000000e+01 2.512910156250000000e+02 2.977664489746093750e+02 -3.034169971942901611e-01 7.959375977516174316e-01 5.238525271415710449e-01 0.000000000000000000e+00 2.000000000000000000e+00
9.665901184082031250e+01 2.518588867187500000e+02 2.981401977539062500e+02 -3.060866892337799072e-01 7.952021360397338867e-01 5.234161615371704102e-01 0.000000000000000000e+00 2.000000000000000000e+00
9.643795013427734375e+01 2.524331970214843750e+02 2.985182189941406250e+02 -3.082893788814544678e-01 7.944674491882324219e-01 5.232391357421875000e-01 0.000000000000000000e+00 2.000000000000000000e+00
9.621372985839843750e+01 2.530110168457031250e+02 2.988987731933593750e+02 -3.102165758609771729e-01 7.936362624168395996e-01 5.233614444732666016e-01 0.000000000000000000e+00 2.000000000000000000e+00
9.598790740966796875e+01 2.535887451171875000e+02 2.992797546386718750e+02 -3.120058774948120117e-01 7.926208972930908203e-01 5.238362550735473633e-01 0.000000000000000000e+00 2.000000000000000000e+00
9.576187896728515625e+01 2.541629486083984375e+02 2.996592407226562500e+02 -3.138375878334045410e-01 7.912472486495971680e-01 5.248177051544189453e-01 0.000000000000000000e+00 2.000000000000000000e+00
9.553677368164062500e+01 2.547304840087890625e+02 3.000356750488281250e+02 -3.158173561096191406e-01 7.897645235061645508e-01 5.258624553680419922e-01 0.000000000000000000e+00 2.000000000000000000e+00
9.531339263916015625e+01 2.552890930175781250e+02 3.004076232910156250e+02 -3.178067803382873535e-01 7.880213856697082520e-01 5.272771120071411133e-01 0.000000000000000000e+00 2.000000000000000000e+00
9.509222412109375000e+01 2.558374938964843750e+02 3.007745666503906250e+02 -3.198533952236175537e-01 7.862327694892883301e-01 5.287076234817504883e-01 0.000000000000000000e+00 2.000000000000000000e+00
9.487351989746093750e+01 2.563750915527343750e+02 3.011360778808593750e+02 -3.216912150382995605e-01 7.844852209091186523e-01 5.301865339279174805e-01 0.000000000000000000e+00 2.000000000000000000e+00
9.465752410888671875e+01 2.569018249511718750e+02 3.014920654296875000e+02 -3.235753178596496582e-01 7.826924920082092285e-01 5.316874384880065918e-01 0.000000000000000000e+00 2.000000000000000000e+00
9.444457244873046875e+01 2.574169311523437500e+02 3.018419799804687500e+02 -3.252627253532409668e-01 7.806780338287353516e-01 5.336160063743591309e-01 0.000000000000000000e+00 2.000000000000000000e+00
9.423545074462890625e+01 2.579188537597656250e+02 3.021850585937500000e+02 -3.271870315074920654e-01 7.782697081565856934e-01 5.359523892402648926e-01 0.000000000000000000e+00 2.000000000000000000e+00
9.403115081787109375e+01 2.584048156738281250e+02 3.025197143554687500e+02 -3.295025825500488281e-01 7.753538489341735840e-01 5.387527942657470703e-01 0.000000000000000000e+00 2.000000000000000000e+00
9.383280181884765625e+01 2.588715515136718750e+02 3.028440246582031250e+02 -3.321774601936340332e-01 7.715532779693603516e-01 5.425529479980468750e-01 0.000000000000000000e+00 2.000000000000000000e+00
9.364121246337890625e+01 2.593165588378906250e+02 3.031569519042968750e+02 -3.353391587734222412e-01 7.670279145240783691e-01 5.470061898231506348e-01 0.000000000000000000e+00 2.000000000000000000e+00
9.345655822753906250e+01 2.597389221191406250e+02 3.034581604003906250e+02 -3.387478291988372803e-01 7.618927955627441406e-01 5.520592331886291504e-01 0.000000000000000000e+00 2.000000000000000000e+00
9.327821350097656250e+01 2.601400451660156250e+02 3.037488098144531250e+02 -3.424279987812042236e-01 7.559128999710083008e-01 5.579773187637329102e-01 0.000000000000000000e+00 2.000000000000000000e+00
9.310467529296875000e+01 2.605231323242187500e+02 3.040315856933593750e+02 -3.463836014270782471e-01 7.484273910522460938e-01 5.655747652053833008e-01 0.000000000000000000e+00 2.000000000000000000e+00
9.293384552001953125e+01 2.608922424316406250e+02 3.043105163574218750e+02 -3.506098091602325439e-01 7.386941313743591309e-01 5.756767392158508301e-01 0.000000000000000000e+00 2.000000000000000000e+00
9.276338958740234375e+01 2.612513732910156250e+02 3.045903930664062500e+02 -3.551419079303741455e-01 7.254979014396667480e-01 5.895141959190368652e-01 0.000000000000000000e+00 2.000000000000000000e+00
9.259099578857421875e+01 2.616035461425781250e+02 3.048765563964843750e+02 -3.595137000083923340e-01 7.076349854469299316e-01 6.082784533500671387e-01 0.000000000000000000e+00 2.000000000000000000e+00
9.241475677490234375e+01 2.619504394531250000e+02 3.051747436523437500e+02 -3.628944456577301025e-01 6.848735809326171875e-01 6.318668723106384277e-01 0.000000000000000000e+00 2.000000000000000000e+00
9.223340606689453125e+01 2.622926940917968750e+02 3.054905090332031250e+02 -3.638976514339447021e-01 6.575554013252258301e-01 6.596964597702026367e-01 0.000000000000000000e+00 2.000000000000000000e+00
9.204668426513671875e+01 2.626300964355468750e+02 3.058290100097656250e+02 -3.617617487907409668e-01 6.270613670349121094e-01 6.898712515830993652e-01 0.000000000000000000e+00 2.000000000000000000e+00
9.185509490966796875e+01 2.629621887207031250e+02 3.061943664550781250e+02 -3.559787273406982422e-01 5.970268845558166504e-01 7.189145088195800781e-01 0.000000000000000000e+00 2.000000000000000000e+00
9.165990447998046875e+01 2.632895507812500000e+02 3.065885620117187500e+02 -3.475540578365325928e-01 5.716857314109802246e-01 7.432237863540649414e-01 0.000000000000000000e+00 2.000000000000000000e+00
9.146272277832031250e+01 2.636138916015625000e+02 3.070102233886718750e+02 -3.380866050720214844e-01 5.567563772201538086e-01 7.587620615959167480e-01 0.000000000000000000e+00 2.000000000000000000e+00
9.126521301269531250e+01 2.639391479492187500e+02 3.074534912109375000e+02 -3.289265632629394531e-01 5.567964911460876465e-01 7.627482414245605469e-01 0.000000000000000000e+00 2.000000000000000000e+00
9.106908416748046875e+01 2.642711486816406250e+02 3.079082946777343750e+02 -3.209668397903442383e-01 5.750127434730529785e-01 7.525559663772583008e-01 0.000000000000000000e+00 2.000000000000000000e+00
9.087587738037109375e+01 2.646172790527343750e+02 3.083612976074218750e+02 -3.137235343456268311e-01 6.112363934516906738e-01 7.266137599945068359e-01 0.000000000000000000e+00 2.000000000000000000e+00
9.068717956542968750e+01 2.649849243164062500e+02 3.087983398437500000e+02 -3.058876991271972656e-01 6.626375317573547363e-01 6.836258172988891602e-01 0.000000000000000000e+00 2.000000000000000000e+00
9.050437927246093750e+01 2.653809204101562500e+02 3.092068786621093750e+02 -2.963289022445678711e-01 7.221460342407226562e-01 6.250554919242858887e-01 0.000000000000000000e+00 2.000000000000000000e+00
9.032824707031250000e+01 2.658101501464843750e+02 3.095783996582031250e+02 -2.847876846790313721e-01 7.822787165641784668e-01 5.540179610252380371e-01 0.000000000000000000e+00 2.000000000000000000e+00
9.015869903564453125e+01 2.662758789062500000e+02 3.099082336425781250e+02 -2.730171084403991699e-01 8.358722925186157227e-01 4.762132763862609863e-01 0.000000000000000000e+00 2.000000000000000000e+00
8.999449920654296875e+01 2.667785949707031250e+02 3.101946411132812500e+02 -2.632978856563568115e-01 8.795797228813171387e-01 3.962497711181640625e-01 0.000000000000000000e+00 2.000000000000000000e+00
8.983338928222656250e+01 2.673168029785156250e+02 3.104371032714843750e+02 -2.571262121200561523e-01 9.133146405220031738e-01 3.158204555511474609e-01 0.000000000000000000e+00 2.000000000000000000e+00
8.967276000976562500e+01 2.678873596191406250e+02 3.106343994140625000e+02 -2.544331550598144531e-01 9.384678602218627930e-01 2.335419356822967529e-01 0.000000000000000000e+00 2.000000000000000000e+00
8.951024627685546875e+01 2.684867858886718750e+02 3.107835693359375000e+02 -2.535857260227203369e-01 9.558796882629394531e-01 1.482842564582824707e-01 0.000000000000000000e+00 2.000000000000000000e+00
8.934465026855468750e+01 2.691109924316406250e+02 3.108804016113281250e+02 -2.521031498908996582e-01 9.658911228179931641e-01 5.914644524455070496e-02 0.000000000000000000e+00 2.000000000000000000e+00
8.917620086669921875e+01 2.697563781738281250e+02 3.109199218750000000e+02 -2.479992210865020752e-01 9.682357311248779297e-01 -3.187478706240653992e-02 0.000000000000000000e+00 2.000000000000000000e+00
8.900643157958984375e+01 2.704191894531250000e+02 3.108981018066406250e+02 -2.404281347990036011e-01 9.631485342979431152e-01 -1.205785050988197327e-01 0.000000000000000000e+00 2.000000000000000000e+00
8.883781433105468750e+01 2.710946655273437500e+02 3.108135375976562500e+02 -2.296757996082305908e-01 9.519774913787841797e-01 -2.024542540311813354e-01 0.000000000000000000e+00 2.000000000000000000e+00
8.867308807373046875e+01 2.717774353027343750e+02 3.106683349609375000e+02 -2.172176986932754517e-01 9.370421767234802246e-01 -2.734381556510925293e-01 0.000000000000000000e+00 2.000000000000000000e+00
8.851458740234375000e+01 2.724611816406250000e+02 3.104688110351562500e+02 -2.038409560918807983e-01 9.211288690567016602e-01 -3.316179811954498291e-01 0.000000000000000000e+00 2.000000000000000000e+00
8.836431121826171875e+01 2.731402587890625000e+02 3.102243347167968750e+02 -1.892179995775222778e-01 9.067603349685668945e-01 -3.768054544925689697e-01 0.000000000000000000e+00 2.000000000000000000e+00
8.822442626953125000e+01 2.738106079101562500e+02 3.099457702636718750e+02 -1.718682646751403809e-01 8.956687450408935547e-01 -4.101691544055938721e-01 0.000000000000000000e+00 2.000000000000000000e+00
8.809798431396484375e+01 2.744695434570312500e+02 3.096440124511718750e+02 -1.493705213069915771e-01 8.882227540016174316e-01 -4.344522356986999512e-01 0.000000000000000000e+00 2.000000000000000000e+00
8.798944091796875000e+01 2.751149902343750000e+02 3.093283081054687500e+02 -1.193317696452140808e-01 8.837915658950805664e-01 -4.524074196815490723e-01 0.000000000000000000e+00 2.000000000000000000e+00
8.790438842773437500e+01 2.757449035644531250e+02 3.090058593750000000e+02 -8.060109615325927734e-02 8.808226585388183594e-01 -4.665350019931793213e-01 0.000000000000000000e+00 2.000000000000000000e+00
8.784841156005859375e+01 2.763566284179687500e+02 3.086818542480468750e+02 -3.424157947301864624e-02 8.771730065345764160e-01 -4.789519608020782471e-01 0.000000000000000000e+00 2.000000000000000000e+00
8.782533264160156250e+01 2.769478454589843750e+02 3.083590393066406250e+02 1.574063114821910858e-02 8.710671663284301758e-01 -4.909116625785827637e-01 0.000000000000000000e+00 2.000000000000000000e+00
8.783562469482421875e+01 2.775173950195312500e+02 3.080380554199218750e+02 6.354407221078872681e-02 8.618142604827880859e-01 -5.032278895378112793e-01 0.000000000000000000e+00 2.000000000000000000e+00
8.787611389160156250e+01 2.780665283203125000e+02 3.077174072265625000e+02 1.029401272535324097e-01 8.499433398246765137e-01 -5.167199969291687012e-01 0.000000000000000000e+00 2.000000000000000000e+00
8.794067382812500000e+01 2.785995788574218750e+02 3.073933410644531250e+02 1.303540319204330444e-01 8.370345234870910645e-01 -5.313953757286071777e-01 0.000000000000000000e+00 2.000000000000000000e+00
8.802199554443359375e+01 2.791217651367187500e+02 3.070618286132812500e+02 1.459334641695022583e-01 8.249514102935791016e-01 -5.460390448570251465e-01 0.000000000000000000e+00 2.000000000000000000e+00
8.811344146728515625e+01 2.796387023925781250e+02 3.067196655273437500e+02 1.527822017669677734e-01 8.148705363273620605e-01 -5.591455101966857910e-01 0.000000000000000000e+00 2.000000000000000000e+00
8.821022033691406250e+01 2.801548767089843750e+02 3.063654785156250000e+02 1.547342836856842041e-01 8.073402643203735352e-01 -5.694373846054077148e-01 0.000000000000000000e+00 2.000000000000000000e+00
8.830962371826171875e+01 2.806735229492187500e+02 3.059996643066406250e+02 1.548892855644226074e-01 8.028176426887512207e-01 -5.757543444633483887e-01 0.000000000000000000e+00 2.000000000000000000e+00
8.841062927246093750e+01 2.811970520019531250e+02 3.056242065429687500e+02 1.548382937908172607e-01 8.009496927261352539e-01 -5.783638954162597656e-01 0.000000000000000000e+00 2.000000000000000000e+00
8.851322937011718750e+01 2.817277832031250000e+02 3.052409667968750000e+02 1.550629585981369019e-01 8.013284206390380859e-01 -5.777787566184997559e-01 0.000000000000000000e+00 2.000000000000000000e+00
8.861773681640625000e+01 2.822678527832031250e+02 3.048515625000000000e+02 1.558459848165512085e-01 8.024149537086486816e-01 -5.760574340820312500e-01 0.000000000000000000e+00 2.000000000000000000e+00
8.872466278076171875e+01 2.828183898925781250e+02 3.044563293457031250e+02 1.579713821411132812e-01 8.032087683677673340e-01 -5.743698477745056152e-01 0.000000000000000000e+00 2.000000000000000000e+00
8.883496856689453125e+01 2.833792419433593750e+02 3.040552673339843750e+02 1.626114994287490845e-01 8.019858002662658691e-01 -5.747837424278259277e-01 0.000000000000000000e+00 2.000000000000000000e+00
8.895027160644531250e+01 2.839479064941406250e+02 3.036477050781250000e+02 1.717345267534255981e-01 7.966712713241577148e-01 -5.795016884803771973e-01 0.000000000000000000e+00 2.000000000000000000e+00
8.907349395751953125e+01 2.845195312500000000e+02 3.032319030761718750e+02 1.884566843509674072e-01 7.855334877967834473e-01 -5.894245505332946777e-01 0.000000000000000000e+00 2.000000000000000000e+00
8.920971679687500000e+01 2.850873413085937500e+02 3.028058471679687500e+02 2.150159925222396851e-01 7.660642266273498535e-01 -6.057339906692504883e-01 0.000000000000000000e+00 2.000000000000000000e+00
8.936552429199218750e+01 2.856424560546875000e+02 3.023669128417968750e+02 2.534854114055633545e-01 7.366256713867187500e-01 -6.269989609718322754e-01 0.000000000000000000e+00 2.000000000000000000e+00
8.954885101318359375e+01 2.861752014160156250e+02 3.019134521484375000e+02 3.046166300773620605e-01 6.975430250167846680e-01 -6.485695242881774902e-01 0.000000000000000000e+00 2.000000000000000000e+00
8.976733398437500000e+01 2.866755065917968750e+02 3.014482727050781250e+02 3.680477142333984375e-01 6.526894569396972656e-01 -6.622215509414672852e-01 0.000000000000000000e+00 2.000000000000000000e+00
9.002656555175781250e+01 2.871352233886718750e+02 3.009818420410156250e+02 4.432530403137207031e-01 6.083931326866149902e-01 -6.583194732666015625e-01 0.000000000000000000e+00 2.000000000000000000e+00
9.032839202880859375e+01 2.875494995117187500e+02 3.005335693359375000e+02 5.303114652633666992e-01 5.731431245803833008e-01 -6.247212886810302734e-01 0.000000000000000000e+00 2.000000000000000000e+00
9.066977691650390625e+01 2.879184570312500000e+02 3.001314086914062500e+02 6.285645365715026855e-01 5.519829988479614258e-01 -5.479246377944946289e-01 0.000000000000000000e+00 2.000000000000000000e+00
9.104318237304687500e+01 2.882463684082031250e+02 2.998059082031250000e+02 7.302764058113098145e-01 5.449668169021606445e-01 -4.119558334350585938e-01 0.000000000000000000e+00 2.000000000000000000e+00
9.143810272216796875e+01 2.885410766601562500e+02 2.995831298828125000e+02 8.124278783798217773e-01 5.431182384490966797e-01 -2.120933979749679565e-01 0.000000000000000000e+00 2.000000000000000000e+00
9.184315490722656250e+01 2.888118591308593750e+02 2.994773864746093750e+02 8.458265066146850586e-01 5.329896211624145508e-01 2.235117740929126740e-02 0.000000000000000000e+00 2.000000000000000000e+00
9.224851226806640625e+01 2.890672912597656250e+02 2.994880981445312500e+02 8.262320160865783691e-01 5.122837424278259277e-01 2.343203872442245483e-01 0.000000000000000000e+00 2.000000000000000000e+00
9.264773559570312500e+01 2.893148193359375000e+02 2.996013183593750000e+02 7.807355523109436035e-01 4.899509847164154053e-01 3.878143429756164551e-01 0.000000000000000000e+00 2.000000000000000000e+00
9.303847503662109375e+01 2.895600280761718750e+02 2.997954101562500000e+02 7.354618310928344727e-01 4.738459885120391846e-01 4.843199849128723145e-01 0.000000000000000000e+00 2.000000000000000000e+00
9.342205047607421875e+01 2.898071594238281250e+02 3.000480041503906250e+02 7.011609673500061035e-01 4.653586149215698242e-01 5.401986241340637207e-01 0.000000000000000000e+00 2.000000000000000000e+00
9.380231475830078125e+01 2.900595397949218750e+02 3.003409729003906250e+02 6.774612069129943848e-01 4.629009068012237549e-01 5.716370940208435059e-01 0.000000000000000000e+00 2.000000000000000000e+00
9.418391418457031250e+01 2.903202819824218750e+02 3.006629638671875000e+02 6.618987917900085449e-01 4.635037481784820557e-01 5.891131162643432617e-01 0.000000000000000000e+00 2.000000000000000000e+00
9.457147216796875000e+01 2.905916748046875000e+02 3.010079040527343750e+02 6.511800885200500488e-01 4.655453860759735107e-01 5.993596315383911133e-01 0.000000000000000000e+00 2.000000000000000000e+00
9.496828460693359375e+01 2.908753662109375000e+02 3.013731384277343750e+02 6.431920528411865234e-01 4.680211842060089111e-01 6.060200333595275879e-01 0.000000000000000000e+00 2.000000000000000000e+00
9.537593841552734375e+01 2.911719970703125000e+02 3.017572326660156250e+02 6.371704936027526855e-01 4.706210494041442871e-01 6.103519201278686523e-01 0.000000000000000000e+00 2.000000000000000000e+00
9.579411315917968750e+01 2.914808654785156250e+02 3.021578063964843750e+02 6.328414678573608398e-01 4.724740386009216309e-01 6.134166717529296875e-01 0.000000000000000000e+00 2.000000000000000000e+00
9.622163391113281250e+01 2.918000488281250000e+02 3.025722045898437500e+02 6.296951174736022949e-01 4.735786616802215576e-01 6.157981753349304199e-01 0.000000000000000000e+00 2.000000000000000000e+00
9.665618133544921875e+01 2.921268615722656250e+02 3.029971618652343750e+02 6.276692152023315430e-01 4.744496643543243408e-01 6.171944141387939453e-01 0.000000000000000000e+00 2.000000000000000000e+00
9.709552001953125000e+01 2.924589538574218750e+02 3.034291687011718750e+02 6.264471411705017090e-01 4.749361872673034668e-01 6.180611252784729004e-01 0.000000000000000000e+00 2.000000000000000000e+00
9.753778076171875000e+01 2.927942504882812500e+02 3.038655090332031250e+02 6.257572770118713379e-01 4.751672148704528809e-01 6.185822486877441406e-01 0.000000000000000000e+00 2.000000000000000000e+00
9.798159027099609375e+01 2.931312561035156250e+02 3.043042297363281250e+02 6.254817247390747070e-01 4.753085076808929443e-01 6.187524199485778809e-01 0.000000000000000000e+00 2.000000000000000000e+00
9.842551422119140625e+01 2.934685974121093750e+02 3.047433776855468750e+02 6.253260374069213867e-01 4.753896594047546387e-01 6.188473701477050781e-01 0.000000000000000000e+00 2.000000000000000000e+00
9.886808776855468750e+01 2.938050537109375000e+02 3.051813659667968750e+02 6.252537369728088379e-01 4.753815829753875732e-01 6.189266443252563477e-01 0.000000000000000000e+00 2.000000000000000000e+00
9.930688476562500000e+01 2.941386718750000000e+02 3.056157226562500000e+02 6.252894997596740723e-01 4.753985106945037842e-01 6.188774704933166504e-01 0.000000000000000000e+00 2.000000000000000000e+00
9.973766326904296875e+01 2.944661865234375000e+02 3.060420837402343750e+02 6.252821683883666992e-01 4.754006564617156982e-01 6.188832521438598633e-01 0.000000000000000000e+00 2.000000000000000000e+00
1.001536636352539062e+02 2.947824707031250000e+02 3.064538269042968750e+02 6.252482533454895020e-01 4.753889143466949463e-01 6.189264655113220215e-01 0.000000000000000000e+00 2.000000000000000000e+00
1.005452880859375000e+02 2.950802307128906250e+02 3.068414916992187500e+02 6.252807974815368652e-01 4.753850996494293213e-01 6.188965439796447754e-01 0.000000000000000000e+00 2.000000000000000000e+00
1.009009704589843750e+02 2.953506469726562500e+02 3.071935424804687500e+02 6.252737045288085938e-01 4.753937125205993652e-01 6.188971400260925293e-01 0.000000000000000000e+00 2.000000000000000000e+00
1.012091979980468750e+02 2.955849914550781250e+02 3.074986267089843750e+02 6.252911686897277832e-01 4.753960967063903809e-01 6.188776493072509766e-01 0.000000000000000000e+00 2.000000000000000000e+00
1.014613571166992188e+02 2.957767028808593750e+02 3.077481994628906250e+02 5.947462320327758789e-01 6.814039945602416992e-01 4.265742003917694092e-01 0.000000000000000000e+00 2.000000000000000000e+00
1.121587600708007812e+02 3.080327758789062500e+02 3.154207763671875000e+02 1.007026806473731995e-01 5.852231979370117188e-01 8.045948147773742676e-01 0.000000000000000000e+00 2.000000000000000000e+00
1.122425765991210938e+02 3.085198669433593750e+02 3.160904541015625000e+02 9.829310327768325806e-02 6.123766899108886719e-01 7.844318151473999023e-01 0.000000000000000000e+00 2.000000000000000000e+00
1.123225479125976562e+02 3.090180969238281250e+02 3.167286682128906250e+02 8.876024931669235229e-02 6.377373337745666504e-01 7.651225924491882324e-01 0.000000000000000000e+00 2.000000000000000000e+00
1.123926773071289062e+02 3.095219726562500000e+02 3.173331909179687500e+02 7.284228503704071045e-02 6.610745191574096680e-01 7.467760443687438965e-01 0.000000000000000000e+00 2.000000000000000000e+00
1.124482116699218750e+02 3.100259704589843750e+02 3.179025268554687500e+02 5.199972540140151978e-02 6.819595098495483398e-01 7.295390367507934570e-01 0.000000000000000000e+00 2.000000000000000000e+00
1.124862670898437500e+02 3.105250549316406250e+02 3.184364318847656250e+02 2.713400125503540039e-02 6.999918818473815918e-01 7.136351466178894043e-01 0.000000000000000000e+00 2.000000000000000000e+00
1.125052642822265625e+02 3.110151367187500000e+02 3.189360656738281250e+02 -1.344195683486759663e-03 7.142463922500610352e-01 6.998931169509887695e-01 0.000000000000000000e+00 2.000000000000000000e+00
1.125043640136718750e+02 3.114934997558593750e+02 3.194048156738281250e+02 -3.330947458744049072e-02 7.233933210372924805e-01 6.896321177482604980e-01 0.000000000000000000e+00 2.000000000000000000e+00
1.124829864501953125e+02 3.119577636718750000e+02 3.198474121093750000e+02 -6.918506324291229248e-02 7.258445620536804199e-01 6.843705177307128906e-01 0.000000000000000000e+00 2.000000000000000000e+00
1.124402236938476562e+02 3.124064025878906250e+02 3.202704162597656250e+02 -1.086017116904258728e-01 7.202719449996948242e-01 6.851379871368408203e-01 0.000000000000000000e+00 2.000000000000000000e+00
1.123752288818359375e+02 3.128374633789062500e+02 3.206804504394531250e+02 -1.498833745718002319e-01 7.065386772155761719e-01 6.916199326515197754e-01 0.000000000000000000e+00 2.000000000000000000e+00
1.122881546020507812e+02 3.132479248046875000e+02 3.210822448730468750e+02 -1.899208575487136841e-01 6.863358020782470703e-01 7.020493149757385254e-01 0.000000000000000000e+00 2.000000000000000000e+00
1.121815567016601562e+02 3.136331481933593750e+02 3.214762878417968750e+02 -2.256782352924346924e-01 6.624051332473754883e-01 7.143450379371643066e-01 0.000000000000000000e+00 2.000000000000000000e+00
1.120611572265625000e+02 3.139865417480468750e+02 3.218573913574218750e+02 -2.551804482936859131e-01 6.382923126220703125e-01 7.262684702873229980e-01 0.000000000000000000e+00 2.000000000000000000e+00
1.119356384277343750e+02 3.143005065917968750e+02 3.222146301269531250e+02 -2.779573798179626465e-01 6.166035532951354980e-01 7.365729808807373047e-01 0.000000000000000000e+00 2.000000000000000000e+00
1.118151550292968750e+02 3.145677795410156250e+02 3.225339050292968750e+02 -2.947699129581451416e-01 5.984767675399780273e-01 7.449405193328857422e-01 0.000000000000000000e+00 2.000000000000000000e+00
1.117089614868164062e+02 3.147833862304687500e+02 3.228022766113281250e+02 -2.947699129581451416e-01 5.984767675399780273e-01 7.449405193328857422e-01 0.000000000000000000e+00 2.000000000000000000e+00
