2.593563537597656250e+02 1.646036376953125000e+02 4.309846878051757812e+01 -4.984135627746582031e-01 8.623818159103393555e-01 8.877808600664138794e-02 0.000000000000000000e+00 2.000000000000000000e+00
2.597728576660156250e+02 1.638829803466796875e+02 4.302428054809570312e+01 -4.896051585674285889e-01 8.674001693725585938e-01 8.890277147293090820e-02 0.000000000000000000e+00 2.000000000000000000e+00
2.601756286621093750e+02 1.631694183349609375e+02 4.295114517211914062e+01 -4.791144132614135742e-01 8.733435273170471191e-01 8.786630630493164062e-02 0.000000000000000000e+00 2.000000000000000000e+00
2.605625000000000000e+02 1.624642181396484375e+02 4.288019561767578125e+01 -4.662763774394989014e-01 8.804639577865600586e-01 8.584538102149963379e-02 0.000000000000000000e+00 2.000000000000000000e+00
2.609319763183593750e+02 1.617665405273437500e+02 4.281217193603515625e+01 -4.499817788600921631e-01 8.891388177871704102e-01 8.335860073566436768e-02 0.000000000000000000e+00 2.000000000000000000e+00
2.612827453613281250e+02 1.610734405517578125e+02 4.274719238281250000e+01 -4.277280867099761963e-01 9.002682566642761230e-01 8.102969825267791748e-02 0.000000000000000000e+00 2.000000000000000000e+00
2.616117553710937500e+02 1.603809509277343750e+02 4.268486404418945312e+01 -3.965214192867279053e-01 9.145619869232177734e-01 7.966924458742141724e-02 0.000000000000000000e+00 2.000000000000000000e+00
2.619134826660156250e+02 1.596850280761718750e+02 4.262424087524414062e+01 -3.526702523231506348e-01 9.323527216911315918e-01 7.963685691356658936e-02 0.000000000000000000e+00 2.000000000000000000e+00
2.621787414550781250e+02 1.589837646484375000e+02 4.256434249877929688e+01 -2.924863696098327637e-01 9.528509378433227539e-01 8.078873157501220703e-02 0.000000000000000000e+00 2.000000000000000000e+00
2.623949890136718750e+02 1.582792816162109375e+02 4.250461196899414062e+01 -2.109518498182296753e-01 9.740115404129028320e-01 8.246790617704391479e-02 0.000000000000000000e+00 2.000000000000000000e+00
2.625470275878906250e+02 1.575772857666015625e+02 4.244517517089843750e+01 -1.042480468750000000e-01 9.910563826560974121e-01 8.330438286066055298e-02 0.000000000000000000e+00 2.000000000000000000e+00
2.626197509765625000e+02 1.568859252929687500e+02 4.238706207275390625e+01 2.773112989962100983e-02 9.962849617004394531e-01 8.153088390827178955e-02 0.000000000000000000e+00 2.000000000000000000e+00
2.626010437011718750e+02 1.562138366699218750e+02 4.233206176757812500e+01 1.766483932733535767e-01 9.814005494117736816e-01 7.515558600425720215e-02 0.000000000000000000e+00 2.000000000000000000e+00
2.624848327636718750e+02 1.555682067871093750e+02 4.228261947631835938e+01 3.245185911655426025e-01 9.437688589096069336e-01 6.315092742443084717e-02 0.000000000000000000e+00 2.000000000000000000e+00
2.622733764648437500e+02 1.549532470703125000e+02 4.224147033691406250e+01 4.510796964168548584e-01 8.913116455078125000e-01 4.572384059429168701e-02 0.000000000000000000e+00 2.000000000000000000e+00
2.619783325195312500e+02 1.543702545166015625e+02 4.221156311035156250e+01 5.447767972946166992e-01 8.382463455200195312e-01 2.369022369384765625e-02 0.000000000000000000e+00 2.000000000000000000e+00
2.616191101074218750e+02 1.538175201416015625e+02 4.219594192504882812e+01 6.041185855865478516e-01 7.968904376029968262e-01 -2.529480727389454842e-03 0.000000000000000000e+00 2.000000000000000000e+00
2.612200622558593750e+02 1.532911376953125000e+02 4.219761276245117188e+01 6.336426138877868652e-01 7.729105949401855469e-01 -3.326063975691795349e-02 0.000000000000000000e+00 2.000000000000000000e+00
2.608053894042968750e+02 1.527853240966796875e+02 4.221937942504882812e+01 6.388316154479980469e-01 7.662557363510131836e-01 -6.889267265796661377e-02 0.000000000000000000e+00 2.000000000000000000e+00
2.603952026367187500e+02 1.522933197021484375e+02 4.226361465454101562e+01 6.242029070854187012e-01 7.736390829086303711e-01 -1.088731735944747925e-01 0.000000000000000000e+00 2.000000000000000000e+00
2.600035400390625000e+02 1.518078918457031250e+02 4.233192825317382812e+01 5.941906571388244629e-01 7.900028824806213379e-01 -1.511051952838897705e-01 0.000000000000000000e+00 2.000000000000000000e+00
2.596383972167968750e+02 1.513224182128906250e+02 4.242478561401367188e+01 5.540646314620971680e-01 8.100326061248779297e-01 -1.919885724782943726e-01 0.000000000000000000e+00 2.000000000000000000e+00
2.593024597167968750e+02 1.508312835693359375e+02 4.254119110107421875e+01 5.083791017532348633e-01 8.303844928741455078e-01 -2.280619293451309204e-01 0.000000000000000000e+00 2.000000000000000000e+00
2.589948730468750000e+02 1.503288726806640625e+02 4.267917633056640625e+01 4.614250957965850830e-01 8.493850231170654297e-01 -2.561873793601989746e-01 0.000000000000000000e+00 2.000000000000000000e+00
2.587123413085937500e+02 1.498087921142578125e+02 4.283604049682617188e+01 4.173800349235534668e-01 8.663290739059448242e-01 -2.743496596813201904e-01 0.000000000000000000e+00 2.000000000000000000e+00
2.584496765136718750e+02 1.492635955810546875e+02 4.300869369506835938e+01 3.810144960880279541e-01 8.806800842285156250e-01 -2.814792990684509277e-01 0.000000000000000000e+00 2.000000000000000000e+00
2.581998291015625000e+02 1.486860961914062500e+02 4.319327163696289062e+01 3.535546064376831055e-01 8.931462764739990234e-01 -2.780088782310485840e-01 0.000000000000000000e+00 2.000000000000000000e+00
2.579562988281250000e+02 1.480708923339843750e+02 4.338476562500000000e+01 3.358248770236968994e-01 9.040108919143676758e-01 -2.645485699176788330e-01 0.000000000000000000e+00 2.000000000000000000e+00
2.577133178710937500e+02 1.474168090820312500e+02 4.357617568969726562e+01 -3.251567780971527100e-01 -9.143642187118530273e-01 2.412700206041336060e-01 0.000000000000000000e+00 2.000000000000000000e+00
2.574683532714843750e+02 1.467279510498046875e+02 4.375794219970703125e+01 -3.171364665031433105e-01 -9.255565404891967773e-01 2.068081945180892944e-01 0.000000000000000000e+00 2.000000000000000000e+00
2.572229614257812500e+02 1.460117797851562500e+02 4.391796493530273438e+01 -3.059125244617462158e-01 -9.386766552925109863e-01 1.590715944766998291e-01 0.000000000000000000e+00 2.000000000000000000e+00
2.569830932617187500e+02 1.452757568359375000e+02 4.404269409179687500e+01 -2.841019332408905029e-01 -9.539256691932678223e-01 9.649822115898132324e-02 0.000000000000000000e+00 2.000000000000000000e+00
2.567592163085937500e+02 1.445240478515625000e+02 4.411873626708984375e+01 -2.457975149154663086e-01 -9.691026806831359863e-01 2.057774737477302551e-02 0.000000000000000000e+00 2.000000000000000000e+00
2.565643310546875000e+02 1.437556762695312500e+02 4.413505172729492188e+01 -1.894826442003250122e-01 -9.799084067344665527e-01 -6.225560978055000305e-02 0.000000000000000000e+00 2.000000000000000000e+00
2.564115600585937500e+02 1.429656219482421875e+02 4.408485794067382812e+01 -1.217025294899940491e-01 -9.825311303138732910e-01 -1.407874524593353271e-01 0.000000000000000000e+00 2.000000000000000000e+00
2.563104858398437500e+02 1.421496276855468750e+02 4.396793365478515625e+01 -5.334253236651420593e-02 -9.771800637245178223e-01 -2.056057602167129517e-01 0.000000000000000000e+00 2.000000000000000000e+00
2.562644653320312500e+02 1.413065795898437500e+02 4.379055023193359375e+01 5.130322184413671494e-03 -9.675616621971130371e-01 -2.525828778743743896e-01 0.000000000000000000e+00 2.000000000000000000e+00
2.562690429687500000e+02 1.404432525634765625e+02 4.356517791748046875e+01 4.797468334436416626e-02 -9.578911662101745605e-01 -2.830953299999237061e-01 0.000000000000000000e+00 2.000000000000000000e+00
2.563124389648437500e+02 1.395767822265625000e+02 4.330910110473632812e+01 7.348829507827758789e-02 -9.507418870925903320e-01 -3.011467456817626953e-01 0.000000000000000000e+00 2.000000000000000000e+00
2.563774414062500000e+02 1.387358245849609375e+02 4.304272842407226562e+01 8.105500042438507080e-02 -9.470676183700561523e-01 -3.106333315372467041e-01 0.000000000000000000e+00 2.000000000000000000e+00
2.564439392089843750e+02 1.379588470458984375e+02 4.278788375854492188e+01 6.834565848112106323e-02 -9.468748569488525391e-01 -3.142560422420501709e-01 0.000000000000000000e+00 2.000000000000000000e+00
2.564921875000000000e+02 1.372904052734375000e+02 4.256603622436523438e+01 2.394863776862621307e-02 -9.494485259056091309e-01 -3.130078613758087158e-01 0.000000000000000000e+00 2.000000000000000000e+00
2.565052185058593750e+02 1.367737884521484375e+02 4.239572143554687500e+01 -9.667573124170303345e-02 -9.485380053520202637e-01 -3.015450239181518555e-01 0.000000000000000000e+00 2.000000000000000000e+00
2.564713745117187500e+02 1.364417266845703125e+02 4.229015731811523438e+01 -5.271776914596557617e-01 -8.216772079467773438e-01 -2.166338413953781128e-01 0.000000000000000000e+00 2.000000000000000000e+00
2.563860168457031250e+02 1.363086853027343750e+02 4.225508117675781250e+01 -8.926119804382324219e-01 3.932394087314605713e-01 2.204692810773849487e-01 0.000000000000000000e+00 2.000000000000000000e+00
2.562515258789062500e+02 1.363679351806640625e+02 4.228829956054687500e+01 -5.835502147674560547e-01 7.521077990531921387e-01 3.062727749347686768e-01 0.000000000000000000e+00 2.000000000000000000e+00
2.560755615234375000e+02 1.365947265625000000e+02 4.238065338134765625e+01 -4.731439650058746338e-01 8.218372464179992676e-01 3.173616528511047363e-01 0.000000000000000000e+00 2.000000000000000000e+00
2.558694458007812500e+02 1.369527435302734375e+02 4.251890563964843750e+01 -4.232134819030761719e-01 8.476032018661499023e-01 3.200924992561340332e-01 0.000000000000000000e+00 2.000000000000000000e+00
2.556443481445312500e+02 1.374035644531250000e+02 4.268915557861328125e+01 -3.961342871189117432e-01 8.602746725082397461e-01 3.209441602230072021e-01 0.000000000000000000e+00 2.000000000000000000e+00
2.554102325439453125e+02 1.379119873046875000e+02 4.287883377075195312e+01 -3.803841173648834229e-01 8.672807216644287109e-01 3.211419582366943359e-01 0.000000000000000000e+00 2.000000000000000000e+00
2.551750946044921875e+02 1.384481048583984375e+02 4.307735061645507812e+01 -3.708561062812805176e-01 8.713994622230529785e-01 3.211365044116973877e-01 0.000000000000000000e+00 2.000000000000000000e+00
2.549460144042968750e+02 1.389863739013671875e+02 4.327571868896484375e+01 -3.651830255985260010e-01 8.738206624984741211e-01 3.210589885711669922e-01 0.000000000000000000e+00 2.000000000000000000e+00
2.547298126220703125e+02 1.395037078857421875e+02 4.346579742431640625e+01 -3.619767427444458008e-01 8.751778006553649902e-01 3.209932148456573486e-01 0.000000000000000000e+00 2.000000000000000000e+00
2.545333862304687500e+02 1.399786224365234375e+02 4.363998413085937500e+01 -3.603601753711700439e-01 8.758628368377685547e-01 3.209437727928161621e-01 0.000000000000000000e+00 2.000000000000000000e+00
2.543634033203125000e+02 1.403917694091796875e+02 4.379137420654296875e+01 -3.593985438346862793e-01 8.762707710266113281e-01 3.209084570407867432e-01 0.000000000000000000e+00 2.000000000000000000e+00
2.542244873046875000e+02 1.407304687500000000e+02 4.391541290283203125e+01 -3.593985438346862793e-01 8.762707710266113281e-01 3.209084570407867432e-01 0.000000000000000000e+00 2.000000000000000000e+00
