1.407244110107421875e+02 1.520508422851562500e+02 2.775558166503906250e+02 4.547200798988342285e-01 -2.815878763794898987e-02 8.901891708374023438e-01 0.000000000000000000e+00 2.000000000000000000e+00
1.405600585937500000e+02 1.520610198974609375e+02 2.772340698242187500e+02 4.549500346183776855e-01 -3.522109985351562500e-02 8.898201584815979004e-01 0.000000000000000000e+00 2.000000000000000000e+00
1.403464050292968750e+02 1.520775604248046875e+02 2.768161926269531250e+02 4.550217986106872559e-01 -4.410186409950256348e-02 8.893876075744628906e-01 0.000000000000000000e+00 2.000000000000000000e+00
1.400875854492187500e+02 1.521026458740234375e+02 2.763103027343750000e+02 4.548637866973876953e-01 -5.490669235587120056e-02 8.888668417930603027e-01 0.000000000000000000e+00 2.000000000000000000e+00
1.397928009033203125e+02 1.521382293701171875e+02 2.757342529296875000e+02 4.545534253120422363e-01 -6.717495620250701904e-02 8.881828188896179199e-01 0.000000000000000000e+00 2.000000000000000000e+00
1.394745788574218750e+02 1.521852569580078125e+02 2.751124572753906250e+02 4.538429677486419678e-01 -8.008250594139099121e-02 8.874758481979370117e-01 0.000000000000000000e+00 2.000000000000000000e+00
1.391456298828125000e+02 1.522433013916015625e+02 2.744692077636718750e+02 4.528245329856872559e-01 -9.235694259405136108e-02 8.868033289909362793e-01 0.000000000000000000e+00 2.000000000000000000e+00
1.388171234130859375e+02 1.523103027343750000e+02 2.738258666992187500e+02 4.516602456569671631e-01 -1.023823395371437073e-01 8.862961530685424805e-01 0.000000000000000000e+00 2.000000000000000000e+00
1.384965057373046875e+02 1.523829803466796875e+02 2.731967163085937500e+02 4.506690502166748047e-01 -1.083552762866020203e-01 8.860905766487121582e-01 0.000000000000000000e+00 2.000000000000000000e+00
1.381871185302734375e+02 1.524573669433593750e+02 2.725884094238281250e+02 4.500244259834289551e-01 -1.084191501140594482e-01 8.864103555679321289e-01 0.000000000000000000e+00 2.000000000000000000e+00
1.378880462646484375e+02 1.525294189453125000e+02 2.719993286132812500e+02 4.495352506637573242e-01 -1.013628020882606506e-01 8.874928951263427734e-01 0.000000000000000000e+00 2.000000000000000000e+00
1.375953674316406250e+02 1.525954132080078125e+02 2.714215087890625000e+02 4.485126733779907227e-01 -8.723167330026626587e-02 8.895094394683837891e-01 0.000000000000000000e+00 2.000000000000000000e+00
1.373039855957031250e+02 1.526520843505859375e+02 2.708436279296875000e+02 4.464631974697113037e-01 -6.712865084409713745e-02 8.922804594039916992e-01 0.000000000000000000e+00 2.000000000000000000e+00
1.370086669921875000e+02 1.526964874267578125e+02 2.702534179687500000e+02 4.429231882095336914e-01 -4.366691038012504578e-02 8.954955339431762695e-01 0.000000000000000000e+00 2.000000000000000000e+00
1.367060852050781250e+02 1.527263183593750000e+02 2.696416625976562500e+02 4.387287795543670654e-01 -1.974085904657840729e-02 8.984026312828063965e-01 0.000000000000000000e+00 2.000000000000000000e+00
1.363947753906250000e+02 1.527403259277343750e+02 2.690041809082031250e+02 4.350610375404357910e-01 1.638296525925397873e-03 9.003994464874267578e-01 0.000000000000000000e+00 2.000000000000000000e+00
1.360746612548828125e+02 1.527391204833984375e+02 2.683416748046875000e+02 4.329116642475128174e-01 1.815793104469776154e-02 9.012534022331237793e-01 0.000000000000000000e+00 2.000000000000000000e+00
1.357465209960937500e+02 1.527253570556640625e+02 2.676585388183593750e+02 4.330100715160369873e-01 2.784845978021621704e-02 9.009587168693542480e-01 0.000000000000000000e+00 2.000000000000000000e+00
1.354110412597656250e+02 1.527037811279296875e+02 2.669605102539062500e+02 4.350094497203826904e-01 3.004144690930843353e-02 8.999245762825012207e-01 0.000000000000000000e+00 2.000000000000000000e+00
1.350687866210937500e+02 1.526801452636718750e+02 2.662524719238281250e+02 4.380088150501251221e-01 2.575279772281646729e-02 8.986017107963562012e-01 0.000000000000000000e+00 2.000000000000000000e+00
1.347207641601562500e+02 1.526596832275390625e+02 2.655384826660156250e+02 4.406675100326538086e-01 1.693847961723804474e-02 8.975105285644531250e-01 0.000000000000000000e+00 2.000000000000000000e+00
1.343682556152343750e+02 1.526461334228515625e+02 2.648205261230468750e+02 4.421605467796325684e-01 6.693081930279731750e-03 8.969109058380126953e-01 0.000000000000000000e+00 2.000000000000000000e+00
1.340124206542968750e+02 1.526407470703125000e+02 2.640987243652343750e+02 4.417497813701629639e-01 -1.770540256984531879e-03 8.971365094184875488e-01 0.000000000000000000e+00 2.000000000000000000e+00
1.336545562744140625e+02 1.526421813964843750e+02 2.633719482421875000e+02 4.397500157356262207e-01 -5.838631652295589447e-03 8.981012701988220215e-01 0.000000000000000000e+00 2.000000000000000000e+00
1.332959899902343750e+02 1.526469421386718750e+02 2.626396484375000000e+02 4.369032084941864014e-01 -3.654689528048038483e-03 8.995011448860168457e-01 0.000000000000000000e+00 2.000000000000000000e+00
1.329384613037109375e+02 1.526499328613281250e+02 2.619035644531250000e+02 4.344119727611541748e-01 5.667462944984436035e-03 9.006964564323425293e-01 0.000000000000000000e+00 2.000000000000000000e+00
1.325840759277343750e+02 1.526453094482421875e+02 2.611687927246093750e+02 4.336246848106384277e-01 2.273843996226787567e-02 9.008066058158874512e-01 0.000000000000000000e+00 2.000000000000000000e+00
1.322354736328125000e+02 1.526270294189453125e+02 2.604446105957031250e+02 4.358807802200317383e-01 4.740467295050621033e-02 8.987550735473632812e-01 0.000000000000000000e+00 2.000000000000000000e+00
1.318949584960937500e+02 1.525899963378906250e+02 2.597424926757812500e+02 4.423205852508544922e-01 7.903169840574264526e-02 8.933681249618530273e-01 0.000000000000000000e+00 2.000000000000000000e+00
1.315639495849609375e+02 1.525308532714843750e+02 2.590739440917968750e+02 4.540263712406158447e-01 1.160342246294021606e-01 8.834003210067749023e-01 0.000000000000000000e+00 2.000000000000000000e+00
1.312418975830078125e+02 1.524485473632812500e+02 2.584473266601562500e+02 4.712418913841247559e-01 1.555307954549789429e-01 8.681827783584594727e-01 0.000000000000000000e+00 2.000000000000000000e+00
1.309264068603515625e+02 1.523444213867187500e+02 2.578660888671875000e+02 4.942452013492584229e-01 1.937805414199829102e-01 8.474495410919189453e-01 0.000000000000000000e+00 2.000000000000000000e+00
1.306133880615234375e+02 1.522216949462890625e+02 2.573293762207031250e+02 5.225635766983032227e-01 2.267433106899261475e-01 8.218971490859985352e-01 0.000000000000000000e+00 2.000000000000000000e+00
1.302979125976562500e+02 1.520848083496093750e+02 2.568331909179687500e+02 5.557900667190551758e-01 2.518107891082763672e-01 7.922680377960205078e-01 0.000000000000000000e+00 2.000000000000000000e+00
1.299748992919921875e+02 1.519384613037109375e+02 2.563727416992187500e+02 5.929832458496093750e-01 2.677570581436157227e-01 7.593924999237060547e-01 0.000000000000000000e+00 2.000000000000000000e+00
1.296400146484375000e+02 1.517872467041015625e+02 2.559438781738281250e+02 6.323592662811279297e-01 2.753386199474334717e-01 7.240927815437316895e-01 0.000000000000000000e+00 2.000000000000000000e+00
1.292905883789062500e+02 1.516351013183593750e+02 2.555437622070312500e+02 6.717773079872131348e-01 2.767944037914276123e-01 6.870954632759094238e-01 0.000000000000000000e+00 2.000000000000000000e+00
1.289258880615234375e+02 1.514848327636718750e+02 2.551707458496093750e+02 7.086002826690673828e-01 2.737007737159729004e-01 6.503642201423645020e-01 0.000000000000000000e+00 2.000000000000000000e+00
1.285473175048828125e+02 1.513386077880859375e+02 2.548232879638671875e+02 7.403901219367980957e-01 2.688190042972564697e-01 6.160834431648254395e-01 0.000000000000000000e+00 2.000000000000000000e+00
1.281576080322265625e+02 1.511971130371093750e+02 2.544990081787109375e+02 7.658485770225524902e-01 2.638535499572753906e-01 5.863934755325317383e-01 0.000000000000000000e+00 2.000000000000000000e+00
1.277601547241210938e+02 1.510601806640625000e+02 2.541946868896484375e+02 7.845380902290344238e-01 2.596422135829925537e-01 5.631039142608642578e-01 0.000000000000000000e+00 2.000000000000000000e+00
1.273580169677734375e+02 1.509270935058593750e+02 2.539060516357421875e+02 7.969757914543151855e-01 2.567069828510284424e-01 5.467458963394165039e-01 0.000000000000000000e+00 2.000000000000000000e+00
1.269534072875976562e+02 1.507967681884765625e+02 2.536284790039062500e+02 8.045698404312133789e-01 2.549012303352355957e-01 5.363698005676269531e-01 0.000000000000000000e+00 2.000000000000000000e+00
1.265476837158203125e+02 1.506682281494140625e+02 2.533580017089843750e+02 8.086699843406677246e-01 2.538391947746276855e-01 5.306773185729980469e-01 0.000000000000000000e+00 2.000000000000000000e+00
1.261415405273437500e+02 1.505407409667968750e+02 2.530914764404296875e+02 8.106861114501953125e-01 2.534469366073608398e-01 5.277810096740722656e-01 0.000000000000000000e+00 2.000000000000000000e+00
1.257352676391601562e+02 1.504137268066406250e+02 2.528269805908203125e+02 8.115458488464355469e-01 2.532490193843841553e-01 5.265530943870544434e-01 0.000000000000000000e+00 2.000000000000000000e+00
1.253289794921875000e+02 1.502869415283203125e+02 2.525633697509765625e+02 8.119087815284729004e-01 2.531896233558654785e-01 5.260219573974609375e-01 0.000000000000000000e+00 2.000000000000000000e+00
1.249228057861328125e+02 1.501602783203125000e+02 2.523002166748046875e+02 8.119180798530578613e-01 2.532087564468383789e-01 5.259983539581298828e-01 0.000000000000000000e+00 2.000000000000000000e+00
1.245166091918945312e+02 1.500335998535156250e+02 2.520370635986328125e+02 8.119426369667053223e-01 2.532049417495727539e-01 5.259622931480407715e-01 0.000000000000000000e+00 2.000000000000000000e+00
1.241104431152343750e+02 1.499069366455078125e+02 2.517739562988281250e+02 8.119175434112548828e-01 2.531476020812988281e-01 5.260285139083862305e-01 0.000000000000000000e+00 2.000000000000000000e+00
1.237042465209960938e+02 1.497802886962890625e+02 2.515107879638671875e+02 8.119412064552307129e-01 2.531692385673522949e-01 5.259819626808166504e-01 0.000000000000000000e+00 2.000000000000000000e+00
1.232980728149414062e+02 1.496536407470703125e+02 2.512476654052734375e+02 8.119270205497741699e-01 2.531905770301818848e-01 5.259934067726135254e-01 0.000000000000000000e+00 2.000000000000000000e+00
1.228918914794921875e+02 1.495269775390625000e+02 2.509845275878906250e+02 8.119478821754455566e-01 2.532018125057220459e-01 5.259557962417602539e-01 0.000000000000000000e+00 2.000000000000000000e+00
1.224857177734375000e+02 1.494003143310546875e+02 2.507214202880859375e+02 8.119060993194580078e-01 2.531792819499969482e-01 5.260309576988220215e-01 0.000000000000000000e+00 2.000000000000000000e+00
1.220795288085937500e+02 1.492736511230468750e+02 2.504582519531250000e+02 8.119437098503112793e-01 2.531557381153106689e-01 5.259844660758972168e-01 0.000000000000000000e+00 2.000000000000000000e+00
1.216733322143554688e+02 1.491470031738281250e+02 2.501951141357421875e+02 8.119171261787414551e-01 2.532579898834228516e-01 5.259762406349182129e-01 0.000000000000000000e+00 2.000000000000000000e+00
1.212671661376953125e+02 1.490203094482421875e+02 2.499319915771484375e+02 8.119509816169738770e-01 2.531017661094665527e-01 5.259990692138671875e-01 0.000000000000000000e+00 2.000000000000000000e+00
1.208609771728515625e+02 1.488936920166015625e+02 2.496688537597656250e+02 8.119259476661682129e-01 2.532159686088562012e-01 5.259827971458435059e-01 0.000000000000000000e+00 2.000000000000000000e+00
1.204547882080078125e+02 1.487670135498046875e+02 2.494057159423828125e+02 8.119504451751708984e-01 2.531883716583251953e-01 5.259583592414855957e-01 0.000000000000000000e+00 2.000000000000000000e+00
1.200485916137695312e+02 1.486403503417968750e+02 2.491425933837890625e+02 8.118775486946105957e-01 2.531846463680267334e-01 5.260726213455200195e-01 0.000000000000000000e+00 2.000000000000000000e+00
1.196424255371093750e+02 1.485136871337890625e+02 2.488794097900390625e+02 8.122937083244323730e-01 2.530902028083801270e-01 5.254753828048706055e-01 0.000000000000000000e+00 2.000000000000000000e+00
1.192358016967773438e+02 1.483869934082031250e+02 2.486163635253906250e+02 8.130610585212707520e-01 2.529083788394927979e-01 5.243749618530273438e-01 0.000000000000000000e+00 2.000000000000000000e+00
1.188280105590820312e+02 1.482601470947265625e+02 2.483533630371093750e+02 -8.149002194404602051e-01 -2.525815069675445557e-01 -5.216705799102783203e-01 0.000000000000000000e+00 2.000000000000000000e+00
1.184174880981445312e+02 1.481329040527343750e+02 2.480905609130859375e+02 -8.185258507728576660e-01 -2.518333196640014648e-01 -5.163288712501525879e-01 0.000000000000000000e+00 2.000000000000000000e+00
1.180012359619140625e+02 1.480048370361328125e+02 2.478279876708984375e+02 -8.249738812446594238e-01 -2.502842247486114502e-01 -5.067304968833923340e-01 0.000000000000000000e+00 2.000000000000000000e+00
1.175742797851562500e+02 1.478753051757812500e+02 2.475657348632812500e+02 -8.348839282989501953e-01 -2.475543767213821411e-01 -4.916152060031890869e-01 0.000000000000000000e+00 2.000000000000000000e+00
1.171294021606445312e+02 1.477433929443359375e+02 2.473037719726562500e+02 -8.481010794639587402e-01 -2.431061267852783203e-01 -4.707695543766021729e-01 0.000000000000000000e+00 2.000000000000000000e+00
1.166576080322265625e+02 1.476081542968750000e+02 2.470418853759765625e+02 -8.632381558418273926e-01 -2.364407479763031006e-01 -4.459996819496154785e-01 0.000000000000000000e+00 2.000000000000000000e+00
1.161494827270507812e+02 1.474689788818359375e+02 2.467793579101562500e+02 -8.786405920982360840e-01 -2.268266379833221436e-01 -4.201671481132507324e-01 0.000000000000000000e+00 2.000000000000000000e+00
1.155973663330078125e+02 1.473264465332031250e+02 2.465153350830078125e+02 -8.926292061805725098e-01 -2.142128497362136841e-01 -3.966433703899383545e-01 0.000000000000000000e+00 2.000000000000000000e+00
1.149973907470703125e+02 1.471824645996093750e+02 2.462487335205078125e+02 -9.044511914253234863e-01 -1.986697763204574585e-01 -3.774896264076232910e-01 0.000000000000000000e+00 2.000000000000000000e+00
1.143507995605468750e+02 1.470404357910156250e+02 2.459788665771484375e+02 -9.137849807739257812e-01 -1.808613091707229614e-01 -3.637116551399230957e-01 0.000000000000000000e+00 2.000000000000000000e+00
1.136638183593750000e+02 1.469044647216796875e+02 2.457054290771484375e+02 -9.206364750862121582e-01 -1.626391112804412842e-01 -3.549326062202453613e-01 0.000000000000000000e+00 2.000000000000000000e+00
1.129461364746093750e+02 1.467776794433593750e+02 2.454287414550781250e+02 -9.250530600547790527e-01 -1.462871879339218140e-01 -3.505379557609558105e-01 0.000000000000000000e+00 2.000000000000000000e+00
1.122087631225585938e+02 1.466610717773437500e+02 2.451493225097656250e+02 -9.270622134208679199e-01 -1.345547586679458618e-01 -3.499295115470886230e-01 0.000000000000000000e+00 2.000000000000000000e+00
1.114619140625000000e+02 1.465526733398437500e+02 2.448674163818359375e+02 -9.268716573715209961e-01 -1.295111030340194702e-01 -3.523291349411010742e-01 0.000000000000000000e+00 2.000000000000000000e+00
1.107134399414062500e+02 1.464480895996093750e+02 2.445829010009765625e+02 -9.247846603393554688e-01 -1.314885765314102173e-01 -3.570490479469299316e-01 0.000000000000000000e+00 2.000000000000000000e+00
1.099682235717773438e+02 1.463421325683593750e+02 2.442951812744140625e+02 -9.214491248130798340e-01 -1.382168978452682495e-01 -3.630806207656860352e-01 0.000000000000000000e+00 2.000000000000000000e+00
1.092282714843750000e+02 1.462311401367187500e+02 2.440036163330078125e+02 -9.177610874176025391e-01 -1.455644667148590088e-01 -3.694936931133270264e-01 0.000000000000000000e+00 2.000000000000000000e+00
1.084932708740234375e+02 1.461145629882812500e+02 2.437077026367187500e+02 -9.146959781646728516e-01 -1.486756652593612671e-01 -3.758015632629394531e-01 0.000000000000000000e+00 2.000000000000000000e+00
1.077618789672851562e+02 1.459956817626953125e+02 2.434072113037109375e+02 -9.131245017051696777e-01 -1.432299762964248657e-01 -3.816920220851898193e-01 0.000000000000000000e+00 2.000000000000000000e+00
1.070320968627929688e+02 1.458812103271484375e+02 2.431021575927734375e+02 -9.129213094711303711e-01 -1.274358779191970825e-01 -3.877304196357727051e-01 0.000000000000000000e+00 2.000000000000000000e+00
1.063025588989257812e+02 1.457793731689453125e+02 2.427923126220703125e+02 -9.130841493606567383e-01 -1.022111997008323669e-01 -3.947532773017883301e-01 0.000000000000000000e+00 2.000000000000000000e+00
1.055728836059570312e+02 1.456976928710937500e+02 2.424768524169921875e+02 -9.120644927024841309e-01 -7.110542058944702148e-02 -4.038344919681549072e-01 0.000000000000000000e+00 2.000000000000000000e+00
1.048440093994140625e+02 1.456408691406250000e+02 2.421541290283203125e+02 -9.084764122962951660e-01 -3.903587162494659424e-02 -4.161090254783630371e-01 0.000000000000000000e+00 2.000000000000000000e+00
1.041177978515625000e+02 1.456096649169921875e+02 2.418215026855468750e+02 -9.015411734580993652e-01 -1.129442453384399414e-02 -4.325459301471710205e-01 0.000000000000000000e+00 2.000000000000000000e+00
1.033967514038085938e+02 1.456006317138671875e+02 2.414755554199218750e+02 -8.911849856376647949e-01 8.216146379709243774e-03 -4.535655975341796875e-01 0.000000000000000000e+00 2.000000000000000000e+00
1.026834106445312500e+02 1.456072082519531250e+02 2.411125030517578125e+02 -8.776564598083496094e-01 1.791252195835113525e-02 -4.789553284645080566e-01 0.000000000000000000e+00 2.000000000000000000e+00
1.019798889160156250e+02 1.456215667724609375e+02 2.407285766601562500e+02 -8.613305091857910156e-01 1.858938857913017273e-02 -5.077048540115356445e-01 0.000000000000000000e+00 2.000000000000000000e+00
1.012877273559570312e+02 1.456365051269531250e+02 2.403205871582031250e+02 -8.428758382797241211e-01 1.301417406648397446e-02 -5.379506945610046387e-01 0.000000000000000000e+00 2.000000000000000000e+00
1.006078109741210938e+02 1.456470031738281250e+02 2.398866424560546875e+02 -8.228532671928405762e-01 5.119365174323320389e-03 -5.682307481765747070e-01 0.000000000000000000e+00 2.000000000000000000e+00
9.994070434570312500e+01 1.456511535644531250e+02 2.394259643554687500e+02 -8.020219802856445312e-01 -1.422705245204269886e-03 -5.972928404808044434e-01 0.000000000000000000e+00 2.000000000000000000e+00
9.928696441650390625e+01 1.456499938964843750e+02 2.389391021728515625e+02 -7.808842062950134277e-01 -4.042461048811674118e-03 -6.246626973152160645e-01 0.000000000000000000e+00 2.000000000000000000e+00
9.864734649658203125e+01 1.456466827392578125e+02 2.384274444580078125e+02 -7.596434354782104492e-01 -1.689912285655736923e-03 -6.503376960754394531e-01 0.000000000000000000e+00 2.000000000000000000e+00
9.802317047119140625e+01 1.456452941894531250e+02 2.378930816650390625e+02 -7.381921410560607910e-01 4.880946595221757889e-03 -6.745728254318237305e-01 0.000000000000000000e+00 2.000000000000000000e+00
9.741623687744140625e+01 1.456493072509765625e+02 2.373384552001953125e+02 -7.163642644882202148e-01 1.307739876210689545e-02 -6.976038813591003418e-01 0.000000000000000000e+00 2.000000000000000000e+00
9.682862854003906250e+01 1.456600341796875000e+02 2.367662353515625000e+02 -6.940050125122070312e-01 2.024886384606361389e-02 -7.196853756904602051e-01 0.000000000000000000e+00 2.000000000000000000e+00
9.626224517822265625e+01 1.456765594482421875e+02 2.361788940429687500e+02 -6.714301705360412598e-01 2.374794147908687592e-02 -7.406871914863586426e-01 0.000000000000000000e+00 2.000000000000000000e+00
9.571823120117187500e+01 1.456958007812500000e+02 2.355787658691406250e+02 -6.490662097930908203e-01 2.226606383919715881e-02 -7.604060173034667969e-01 0.000000000000000000e+00 2.000000000000000000e+00
9.519647979736328125e+01 1.457136993408203125e+02 2.349675140380859375e+02 -6.278275251388549805e-01 1.596333645284175873e-02 -7.781887650489807129e-01 0.000000000000000000e+00 2.000000000000000000e+00
9.469538116455078125e+01 1.457264404296875000e+02 2.343464050292968750e+02 -6.086333990097045898e-01 6.455610506236553192e-03 -7.934252619743347168e-01 0.000000000000000000e+00 2.000000000000000000e+00
9.421201324462890625e+01 1.457315673828125000e+02 2.337162780761718750e+02 -5.924277305603027344e-01 -4.102311562746763229e-03 -8.056131005287170410e-01 0.000000000000000000e+00 2.000000000000000000e+00
9.374265289306640625e+01 1.457283172607421875e+02 2.330780181884765625e+02 -5.798582434654235840e-01 -1.379307638853788376e-02 -8.146005868911743164e-01 0.000000000000000000e+00 2.000000000000000000e+00
9.328335571289062500e+01 1.457173919677734375e+02 2.324327850341796875e+02 -5.708218812942504883e-01 -2.151067927479743958e-02 -8.207921385765075684e-01 0.000000000000000000e+00 2.000000000000000000e+00
9.283065795898437500e+01 1.457003326416015625e+02 2.317818450927734375e+02 -5.649243593215942383e-01 -2.698805555701255798e-02 -8.247011899948120117e-01 0.000000000000000000e+00 2.000000000000000000e+00
9.238189697265625000e+01 1.456788940429687500e+02 2.311267242431640625e+02 -5.614663958549499512e-01 -3.038167394697666168e-02 -8.269416093826293945e-01 0.000000000000000000e+00 2.000000000000000000e+00
9.193522644042968750e+01 1.456547241210937500e+02 2.304688568115234375e+02 -5.595848560333251953e-01 -3.237916901707649231e-02 -8.281403779983520508e-01 0.000000000000000000e+00 2.000000000000000000e+00
9.148956298828125000e+01 1.456289367675781250e+02 2.298093109130859375e+02 -5.586788058280944824e-01 -3.335224092006683350e-02 -8.287132382392883301e-01 0.000000000000000000e+00 2.000000000000000000e+00
9.104431152343750000e+01 1.456023559570312500e+02 2.291488494873046875e+02 -5.586978793144226074e-01 -3.396258503198623657e-02 -8.286755681037902832e-01 0.000000000000000000e+00 2.000000000000000000e+00
9.059901428222656250e+01 1.455752868652343750e+02 2.284883728027343750e+02 -5.595835447311401367e-01 -3.451665490865707397e-02 -8.280549049377441406e-01 0.000000000000000000e+00 2.000000000000000000e+00
9.015324401855468750e+01 1.455477905273437500e+02 2.278287353515625000e+02 -5.621776580810546875e-01 -3.533392027020454407e-02 -8.262613415718078613e-01 0.000000000000000000e+00 2.000000000000000000e+00
8.970605468750000000e+01 1.455196838378906250e+02 2.271714782714843750e+02 -5.679107308387756348e-01 -3.676974400877952576e-02 -8.222684264183044434e-01 0.000000000000000000e+00 2.000000000000000000e+00
8.925568389892578125e+01 1.454905242919921875e+02 2.265193939208984375e+02 -5.787000060081481934e-01 -3.923062235116958618e-02 -8.145963549613952637e-01 0.000000000000000000e+00 2.000000000000000000e+00
8.879920959472656250e+01 1.454595794677734375e+02 2.258768463134765625e+02 -5.973312258720397949e-01 -4.271597415208816528e-02 -8.008562922477722168e-01 0.000000000000000000e+00 2.000000000000000000e+00
8.833191680908203125e+01 1.454261627197265625e+02 2.252503356933593750e+02 -6.254488229751586914e-01 -4.726179316639900208e-02 -7.788324952125549316e-01 0.000000000000000000e+00 2.000000000000000000e+00
8.784849548339843750e+01 1.453896331787109375e+02 2.246483612060546875e+02 -6.636564731597900391e-01 -5.156830698251724243e-02 -7.462579011917114258e-01 0.000000000000000000e+00 2.000000000000000000e+00
8.734303283691406250e+01 1.453503570556640625e+02 2.240799865722656250e+02 -7.094932794570922852e-01 -5.455681681632995605e-02 -7.025972604751586914e-01 0.000000000000000000e+00 2.000000000000000000e+00
8.681162261962890625e+01 1.453094940185546875e+02 2.235537414550781250e+02 -7.575643062591552734e-01 -5.486057698726654053e-02 -6.504511237144470215e-01 0.000000000000000000e+00 2.000000000000000000e+00
8.625535583496093750e+01 1.452692108154296875e+02 2.230761260986328125e+02 -8.018827438354492188e-01 -5.185093730688095093e-02 -5.952273607254028320e-01 0.000000000000000000e+00 2.000000000000000000e+00
8.568310546875000000e+01 1.452322082519531250e+02 2.226513519287109375e+02 -8.382946848869323730e-01 -4.603870958089828491e-02 -5.432702302932739258e-01 0.000000000000000000e+00 2.000000000000000000e+00
8.511270141601562500e+01 1.452008819580078125e+02 2.222816925048828125e+02 -8.655347824096679688e-01 -3.871067613363265991e-02 -4.993507266044616699e-01 0.000000000000000000e+00 2.000000000000000000e+00
8.456921386718750000e+01 1.451765747070312500e+02 2.219681396484375000e+02 -8.846738934516906738e-01 -3.109977021813392639e-02 -4.651719629764556885e-01 0.000000000000000000e+00 2.000000000000000000e+00
8.408003234863281250e+01 1.451593780517578125e+02 2.217109222412109375e+02 -8.976383209228515625e-01 -2.411039546132087708e-02 -4.400728940963745117e-01 0.000000000000000000e+00 2.000000000000000000e+00
8.366816711425781250e+01 1.451483154296875000e+02 2.215090026855468750e+02 -8.976383209228515625e-01 -2.411039546132087708e-02 -4.400728940963745117e-01 0.000000000000000000e+00 2.000000000000000000e+00
