1.423550262451171875e+02 2.146503448486328125e+02 2.115968627929687500e+02 -4.904600977897644043e-01 3.097398877143859863e-01 8.145612478256225586e-01 0.000000000000000000e+00 2.000000000000000000e+00
1.425165710449218750e+02 2.145483245849609375e+02 2.113285675048828125e+02 -5.080132484436035156e-01 3.635850548744201660e-01 7.808510661125183105e-01 0.000000000000000000e+00 2.000000000000000000e+00
1.427246551513671875e+02 2.143993988037109375e+02 2.110087280273437500e+02 -5.264984369277954102e-01 4.285124838352203369e-01 7.342863678932189941e-01 0.000000000000000000e+00 2.000000000000000000e+00
1.429755401611328125e+02 2.141952056884765625e+02 2.106588287353515625e+02 -5.433411598205566406e-01 5.031741261482238770e-01 6.720089912414550781e-01 0.000000000000000000e+00 2.000000000000000000e+00
1.432618255615234375e+02 2.139300842285156250e+02 2.103047485351562500e+02 -5.554496645927429199e-01 5.824497938156127930e-01 5.934878587722778320e-01 0.000000000000000000e+00 2.000000000000000000e+00
1.435751037597656250e+02 2.136015777587890625e+02 2.099700164794921875e+02 -5.598083138465881348e-01 6.576067805290222168e-01 5.041506886482238770e-01 0.000000000000000000e+00 2.000000000000000000e+00
1.439081420898437500e+02 2.132103576660156250e+02 2.096700897216796875e+02 -5.562841892242431641e-01 7.202776074409484863e-01 4.144249856472015381e-01 0.000000000000000000e+00 2.000000000000000000e+00
1.442559661865234375e+02 2.127599945068359375e+02 2.094109649658203125e+02 -5.476803183555603027e-01 7.663620114326477051e-01 3.357612192630767822e-01 0.000000000000000000e+00 2.000000000000000000e+00
1.446155700683593750e+02 2.122568054199218750e+02 2.091905059814453125e+02 -5.378176569938659668e-01 7.969380617141723633e-01 2.750307321548461914e-01 0.000000000000000000e+00 2.000000000000000000e+00
1.449848785400390625e+02 2.117095642089843750e+02 2.090016479492187500e+02 -5.290344953536987305e-01 8.159608244895935059e-01 2.330888211727142334e-01 0.000000000000000000e+00 2.000000000000000000e+00
1.453616790771484375e+02 2.111284027099609375e+02 2.088356323242187500e+02 -5.222975611686706543e-01 8.272759914398193359e-01 2.069287598133087158e-01 0.000000000000000000e+00 2.000000000000000000e+00
1.457428894042968750e+02 2.105245971679687500e+02 2.086846008300781250e+02 -5.169124603271484375e-01 8.343228101730346680e-01 1.915905922651290894e-01 0.000000000000000000e+00 2.000000000000000000e+00
1.461247253417968750e+02 2.099082946777343750e+02 2.085430755615234375e+02 -5.122776031494140625e-01 8.389623165130615234e-01 1.836132258176803589e-01 0.000000000000000000e+00 2.000000000000000000e+00
1.465037841796875000e+02 2.092875061035156250e+02 2.084072113037109375e+02 -5.074177384376525879e-01 8.427792191505432129e-01 1.795838624238967896e-01 0.000000000000000000e+00 2.000000000000000000e+00
1.468771514892578125e+02 2.086673736572265625e+02 2.082750701904296875e+02 -5.019630789756774902e-01 8.468714952468872070e-01 1.756179332733154297e-01 0.000000000000000000e+00 2.000000000000000000e+00
1.472427215576171875e+02 2.080506134033203125e+02 2.081471710205078125e+02 -4.957368969917297363e-01 8.516777753829956055e-01 1.699705719947814941e-01 0.000000000000000000e+00 2.000000000000000000e+00
1.475991973876953125e+02 2.074381866455078125e+02 2.080249481201171875e+02 -4.891850948333740234e-01 8.571342825889587402e-01 1.613034009933471680e-01 0.000000000000000000e+00 2.000000000000000000e+00
1.479458923339843750e+02 2.068307189941406250e+02 2.079106292724609375e+02 -4.833974540233612061e-01 8.625622987747192383e-01 1.493759453296661377e-01 0.000000000000000000e+00 2.000000000000000000e+00
1.482828063964843750e+02 2.062295379638671875e+02 2.078065185546875000e+02 -4.794076085090637207e-01 8.673211336135864258e-01 1.338747441768646240e-01 0.000000000000000000e+00 2.000000000000000000e+00
1.486109313964843750e+02 2.056359100341796875e+02 2.077148895263671875e+02 -4.786993563175201416e-01 8.703438639640808105e-01 1.155355870723724365e-01 0.000000000000000000e+00 2.000000000000000000e+00
1.489325408935546875e+02 2.050511779785156250e+02 2.076372680664062500e+02 -4.824096262454986572e-01 8.707209825515747070e-01 9.553031623363494873e-02 0.000000000000000000e+00 2.000000000000000000e+00
1.492512359619140625e+02 2.044759521484375000e+02 2.075741577148437500e+02 -4.912840127944946289e-01 8.677785396575927734e-01 7.483629137277603149e-02 0.000000000000000000e+00 2.000000000000000000e+00
1.495720825195312500e+02 2.039092254638671875e+02 2.075252838134765625e+02 -5.045565962791442871e-01 8.616393208503723145e-01 5.477534234523773193e-02 0.000000000000000000e+00 2.000000000000000000e+00
1.499005584716796875e+02 2.033482818603515625e+02 2.074896240234375000e+02 -5.207691788673400879e-01 8.529237508773803711e-01 3.633923456072807312e-02 0.000000000000000000e+00 2.000000000000000000e+00
1.502416839599609375e+02 2.027895812988281250e+02 2.074658203125000000e+02 -5.373234748840332031e-01 8.431361317634582520e-01 2.012438885867595673e-02 0.000000000000000000e+00 2.000000000000000000e+00
1.505989837646484375e+02 2.022289276123046875e+02 2.074524383544921875e+02 -5.524716377258300781e-01 8.335075378417968750e-01 6.340170279145240784e-03 0.000000000000000000e+00 2.000000000000000000e+00
1.509739379882812500e+02 2.016632385253906250e+02 2.074481353759765625e+02 -5.649026036262512207e-01 8.251408934593200684e-01 -5.239549092948436737e-03 0.000000000000000000e+00 2.000000000000000000e+00
1.513654785156250000e+02 2.010913238525390625e+02 2.074517669677734375e+02 -5.751317739486694336e-01 8.179180026054382324e-01 -1.528373546898365021e-02 0.000000000000000000e+00 2.000000000000000000e+00
1.517708587646484375e+02 2.005148162841796875e+02 2.074625396728515625e+02 -5.843950510025024414e-01 8.110939264297485352e-01 -2.468127198517322540e-02 0.000000000000000000e+00 2.000000000000000000e+00
1.521867065429687500e+02 1.999376525878906250e+02 2.074801025390625000e+02 -5.940535664558410645e-01 8.036780357360839844e-01 -3.467005863785743713e-02 0.000000000000000000e+00 2.000000000000000000e+00
1.526105194091796875e+02 1.993642883300781250e+02 2.075048370361328125e+02 -6.048444509506225586e-01 7.950057387351989746e-01 -4.614254832267761230e-02 0.000000000000000000e+00 2.000000000000000000e+00
1.530413513183593750e+02 1.987980041503906250e+02 2.075377044677734375e+02 -6.166433691978454590e-01 7.849689126014709473e-01 -5.978857725858688354e-02 0.000000000000000000e+00 2.000000000000000000e+00
1.534802703857421875e+02 1.982392730712890625e+02 2.075802612304687500e+02 -6.286703944206237793e-01 7.740023136138916016e-01 -7.545834779739379883e-02 0.000000000000000000e+00 2.000000000000000000e+00
1.539302978515625000e+02 1.976852111816406250e+02 2.076342773437500000e+02 -6.406100392341613770e-01 7.622831463813781738e-01 -9.243039786815643311e-02 0.000000000000000000e+00 2.000000000000000000e+00
1.543959350585937500e+02 1.971311340332031250e+02 2.077014617919921875e+02 -6.528315544128417969e-01 7.496110200881958008e-01 -1.090611293911933899e-01 0.000000000000000000e+00 2.000000000000000000e+00
1.548825836181640625e+02 1.965723419189453125e+02 2.077827606201171875e+02 -6.663690209388732910e-01 7.353563308715820312e-01 -1.233019307255744934e-01 0.000000000000000000e+00 2.000000000000000000e+00
1.553960876464843750e+02 1.960056762695312500e+02 2.078777770996093750e+02 -6.823439598083496094e-01 7.188984155654907227e-01 -1.326339989900588989e-01 0.000000000000000000e+00 2.000000000000000000e+00
1.559418182373046875e+02 1.954307098388671875e+02 2.079838562011718750e+02 -7.005476355552673340e-01 7.007499337196350098e-01 -1.348423659801483154e-01 0.000000000000000000e+00 2.000000000000000000e+00
1.565230560302734375e+02 1.948493041992187500e+02 2.080957336425781250e+02 -7.197708487510681152e-01 6.822450160980224609e-01 -1.283424198627471924e-01 0.000000000000000000e+00 2.000000000000000000e+00
1.571403045654296875e+02 1.942642364501953125e+02 2.082057952880859375e+02 -7.384812831878662109e-01 6.647302508354187012e-01 -1.130445227026939392e-01 0.000000000000000000e+00 2.000000000000000000e+00
1.577904205322265625e+02 1.936790466308593750e+02 2.083053131103515625e+02 -7.559012770652770996e-01 6.484213471412658691e-01 -9.034988284111022949e-02 0.000000000000000000e+00 2.000000000000000000e+00
1.584677886962890625e+02 1.930979919433593750e+02 2.083862762451171875e+02 -7.721172571182250977e-01 6.324169039726257324e-01 -6.231980770826339722e-02 0.000000000000000000e+00 2.000000000000000000e+00
1.591655731201171875e+02 1.925264587402343750e+02 2.084425964355468750e+02 -7.882558107376098633e-01 6.145457029342651367e-01 -3.140864893794059753e-02 0.000000000000000000e+00 2.000000000000000000e+00
1.598778533935546875e+02 1.919711456298828125e+02 2.084709777832031250e+02 -8.052688241004943848e-01 5.929092764854431152e-01 8.333827136084437370e-04 0.000000000000000000e+00 2.000000000000000000e+00
1.606003112792968750e+02 1.914392089843750000e+02 2.084702301025390625e+02 -8.238181471824645996e-01 5.658684372901916504e-01 3.341593965888023376e-02 0.000000000000000000e+00 2.000000000000000000e+00
1.613308563232421875e+02 1.909374084472656250e+02 2.084405975341796875e+02 -8.428943157196044922e-01 5.340102910995483398e-01 6.604749709367752075e-02 0.000000000000000000e+00 2.000000000000000000e+00
1.620686950683593750e+02 1.904699554443359375e+02 2.083827819824218750e+02 -8.605220317840576172e-01 4.998798072338104248e-01 9.809242188930511475e-02 0.000000000000000000e+00 2.000000000000000000e+00
1.628132171630859375e+02 1.900374603271484375e+02 2.082979125976562500e+02 -8.750234842300415039e-01 4.668049216270446777e-01 1.281676441431045532e-01 0.000000000000000000e+00 2.000000000000000000e+00
1.635636901855468750e+02 1.896371002197265625e+02 2.081879882812500000e+02 -8.854886293411254883e-01 4.382061362266540527e-01 1.545483171939849854e-01 0.000000000000000000e+00 2.000000000000000000e+00
1.643184356689453125e+02 1.892635955810546875e+02 2.080562591552734375e+02 -8.922662138938903809e-01 4.158988296985626221e-01 1.757529526948928833e-01 0.000000000000000000e+00 2.000000000000000000e+00
1.650747375488281250e+02 1.889110717773437500e+02 2.079072875976562500e+02 -8.964514732360839844e-01 3.998029530048370361e-01 1.911344230175018311e-01 0.000000000000000000e+00 2.000000000000000000e+00
1.658291168212890625e+02 1.885746307373046875e+02 2.077464447021484375e+02 -8.991240262985229492e-01 3.888302147388458252e-01 2.009653300046920776e-01 0.000000000000000000e+00 2.000000000000000000e+00
1.665768585205078125e+02 1.882512664794921875e+02 2.075793151855468750e+02 -9.012724757194519043e-01 3.810295760631561279e-01 2.062143534421920776e-01 0.000000000000000000e+00 2.000000000000000000e+00
1.673131103515625000e+02 1.879400024414062500e+02 2.074108581542968750e+02 -9.036945700645446777e-01 3.745019733905792236e-01 2.075677663087844849e-01 0.000000000000000000e+00 2.000000000000000000e+00
1.680339050292968750e+02 1.876412963867187500e+02 2.072453002929687500e+02 -9.068621993064880371e-01 3.678240180015563965e-01 2.056853622198104858e-01 0.000000000000000000e+00 2.000000000000000000e+00
1.687368011474609375e+02 1.873562011718750000e+02 2.070858764648437500e+02 -9.111151099205017090e-01 3.601936697959899902e-01 2.003239989280700684e-01 0.000000000000000000e+00 2.000000000000000000e+00
1.694220581054687500e+02 1.870852966308593750e+02 2.069352111816406250e+02 -9.165202975273132324e-01 3.511543273925781250e-01 1.915235370397567749e-01 0.000000000000000000e+00 2.000000000000000000e+00
1.700920867919921875e+02 1.868285827636718750e+02 2.067951965332031250e+02 -9.229066371917724609e-01 3.407701253890991211e-01 1.792176216840744019e-01 0.000000000000000000e+00 2.000000000000000000e+00
1.707505645751953125e+02 1.865854492187500000e+02 2.066673278808593750e+02 -9.296650886535644531e-01 3.296905755996704102e-01 1.643983870744705200e-01 0.000000000000000000e+00 2.000000000000000000e+00
1.714012603759765625e+02 1.863546905517578125e+02 2.065522613525390625e+02 -9.362527728080749512e-01 3.190585672855377197e-01 1.470793485641479492e-01 0.000000000000000000e+00 2.000000000000000000e+00
1.720478668212890625e+02 1.861343383789062500e+02 2.064506835937500000e+02 -9.419580698013305664e-01 3.101110160350799561e-01 1.286320537328720093e-01 0.000000000000000000e+00 2.000000000000000000e+00
1.726932678222656250e+02 1.859218597412109375e+02 2.063625488281250000e+02 -9.463711380958557129e-01 3.042544722557067871e-01 1.086782589554786682e-01 0.000000000000000000e+00 2.000000000000000000e+00
1.733403625488281250e+02 1.857138214111328125e+02 2.062882385253906250e+02 -9.493546485900878906e-01 3.018696606159210205e-01 8.718064427375793457e-02 0.000000000000000000e+00 2.000000000000000000e+00
1.739930419921875000e+02 1.855062866210937500e+02 2.062283020019531250e+02 -9.511023163795471191e-01 3.024187088012695312e-01 6.282803416252136230e-02 0.000000000000000000e+00 2.000000000000000000e+00
1.746566772460937500e+02 1.852952728271484375e+02 2.061844635009765625e+02 -9.519503116607666016e-01 3.042284548282623291e-01 3.515083715319633484e-02 0.000000000000000000e+00 2.000000000000000000e+00
1.753381042480468750e+02 1.850774993896484375e+02 2.061593017578125000e+02 -9.521870613098144531e-01 3.054817020893096924e-01 4.542249720543622971e-03 0.000000000000000000e+00 2.000000000000000000e+00
1.760450134277343750e+02 1.848507080078125000e+02 2.061559295654296875e+02 -9.520307779312133789e-01 3.047300577163696289e-01 -2.787428908050060272e-02 0.000000000000000000e+00 2.000000000000000000e+00
1.767840118408203125e+02 1.846141662597656250e+02 2.061775665283203125e+02 -9.514889717102050781e-01 3.018369376659393311e-01 -5.969289317727088928e-02 0.000000000000000000e+00 2.000000000000000000e+00
1.775589141845703125e+02 1.843683471679687500e+02 2.062261810302734375e+02 -9.504778385162353516e-01 2.977752089500427246e-01 -8.900490403175354004e-02 0.000000000000000000e+00 2.000000000000000000e+00
1.783689270019531250e+02 1.841145782470703125e+02 2.063020324707031250e+02 -9.490461945533752441e-01 2.936837971210479736e-01 -1.142851263284683228e-01 0.000000000000000000e+00 2.000000000000000000e+00
1.792082672119140625e+02 1.838548431396484375e+02 2.064031066894531250e+02 -9.472851753234863281e-01 2.905644476413726807e-01 -1.349925994873046875e-01 0.000000000000000000e+00 2.000000000000000000e+00
1.800679779052734375e+02 1.835911407470703125e+02 2.065256195068359375e+02 -9.453315138816833496e-01 2.890006005764007568e-01 -1.510858386754989624e-01 0.000000000000000000e+00 2.000000000000000000e+00
1.809375457763671875e+02 1.833253021240234375e+02 2.066645965576171875e+02 -9.431726932525634766e-01 2.896840274333953857e-01 -1.628139019012451172e-01 0.000000000000000000e+00 2.000000000000000000e+00
1.818076019287109375e+02 1.830580749511718750e+02 2.068147888183593750e+02 -9.406942725181579590e-01 2.933590710163116455e-01 -1.703959852457046509e-01 0.000000000000000000e+00 2.000000000000000000e+00
1.826709594726562500e+02 1.827888336181640625e+02 2.069711761474609375e+02 -9.374225139617919922e-01 3.014565408229827881e-01 -1.742499023675918579e-01 0.000000000000000000e+00 2.000000000000000000e+00
1.835226287841796875e+02 1.825149536132812500e+02 2.071294860839843750e+02 -9.324440360069274902e-01 3.159587085247039795e-01 -1.752660572528839111e-01 0.000000000000000000e+00 2.000000000000000000e+00
1.843588562011718750e+02 1.822315979003906250e+02 2.072866668701171875e+02 -9.243904948234558105e-01 3.390841484069824219e-01 -1.747116148471832275e-01 0.000000000000000000e+00 2.000000000000000000e+00
1.851760406494140625e+02 1.819318389892578125e+02 2.074411163330078125e+02 -9.117199182510375977e-01 3.721413016319274902e-01 -1.740045249462127686e-01 0.000000000000000000e+00 2.000000000000000000e+00
1.859704284667968750e+02 1.816075897216796875e+02 2.075927276611328125e+02 -8.928741812705993652e-01 4.152114391326904297e-01 -1.742847412824630737e-01 0.000000000000000000e+00 2.000000000000000000e+00
1.867376861572265625e+02 1.812507934570312500e+02 2.077424926757812500e+02 -8.666911125183105469e-01 4.669037461280822754e-01 -1.756347268819808960e-01 0.000000000000000000e+00 2.000000000000000000e+00
1.874736328125000000e+02 1.808543243408203125e+02 2.078916320800781250e+02 -8.330801129341125488e-01 5.237841010093688965e-01 -1.778420358896255493e-01 0.000000000000000000e+00 2.000000000000000000e+00
1.881743316650390625e+02 1.804137725830078125e+02 2.080412139892578125e+02 -7.920587658882141113e-01 5.832007527351379395e-01 -1.803325265645980835e-01 0.000000000000000000e+00 2.000000000000000000e+00
1.888352813720703125e+02 1.799271087646484375e+02 2.081916961669921875e+02 -7.431367039680480957e-01 6.437432765960693359e-01 -1.825992017984390259e-01 0.000000000000000000e+00 2.000000000000000000e+00
1.894503173828125000e+02 1.793943328857421875e+02 2.083428192138671875e+02 -6.835540533065795898e-01 7.062317132949829102e-01 -1.843656152486801147e-01 0.000000000000000000e+00 2.000000000000000000e+00
1.900100555419921875e+02 1.788160247802734375e+02 2.084937896728515625e+02 -6.080116033554077148e-01 7.721614837646484375e-01 -1.846309006214141846e-01 0.000000000000000000e+00 2.000000000000000000e+00
1.905015411376953125e+02 1.781918487548828125e+02 2.086430358886718750e+02 -5.107173323631286621e-01 8.403085470199584961e-01 -1.817946732044219971e-01 0.000000000000000000e+00 2.000000000000000000e+00
1.909095458984375000e+02 1.775205383300781250e+02 2.087882690429687500e+02 -3.899445533752441406e-01 9.044046998023986816e-01 -1.731916218996047974e-01 0.000000000000000000e+00 2.000000000000000000e+00
1.912201538085937500e+02 1.768001403808593750e+02 2.089262237548828125e+02 -2.535393536090850830e-01 9.544064402580261230e-01 -1.575630903244018555e-01 0.000000000000000000e+00 2.000000000000000000e+00
1.914245605468750000e+02 1.760306854248046875e+02 2.090532531738281250e+02 -1.187115833163261414e-01 9.836076498031616211e-01 -1.357334703207015991e-01 0.000000000000000000e+00 2.000000000000000000e+00
1.915229949951171875e+02 1.752150878906250000e+02 2.091658020019531250e+02 -2.022688742727041245e-03 9.938144087791442871e-01 -1.110349670052528381e-01 0.000000000000000000e+00 2.000000000000000000e+00
1.915247344970703125e+02 1.743604125976562500e+02 2.092612915039062500e+02 8.883053809404373169e-02 9.922899603843688965e-01 -8.642785996198654175e-02 0.000000000000000000e+00 2.000000000000000000e+00
1.914457550048828125e+02 1.734781646728515625e+02 2.093381347656250000e+02 1.563515067100524902e-01 9.857388138771057129e-01 -6.223472207784652710e-02 0.000000000000000000e+00 2.000000000000000000e+00
1.913038024902343750e+02 1.725832061767578125e+02 2.093946380615234375e+02 2.079089134931564331e-01 9.774632453918457031e-01 -3.659920021891593933e-02 0.000000000000000000e+00 2.000000000000000000e+00
1.911143188476562500e+02 1.716923675537109375e+02 2.094279937744140625e+02 2.519622147083282471e-01 9.677122235298156738e-01 -6.930064875632524490e-03 0.000000000000000000e+00 2.000000000000000000e+00
1.908879699707031250e+02 1.708230285644531250e+02 2.094342193603515625e+02 2.958799898624420166e-01 9.547842741012573242e-01 2.901883050799369812e-02 0.000000000000000000e+00 2.000000000000000000e+00
1.906301727294921875e+02 1.699911346435546875e+02 2.094089355468750000e+02 3.439228534698486328e-01 9.362892508506774902e-01 7.127119600772857666e-02 0.000000000000000000e+00 2.000000000000000000e+00
1.903431549072265625e+02 1.692097625732421875e+02 2.093494567871093750e+02 3.972215950489044189e-01 9.102906584739685059e-01 1.165585592389106750e-01 0.000000000000000000e+00 2.000000000000000000e+00
1.900277709960937500e+02 1.684870147705078125e+02 2.092569122314453125e+02 4.533788561820983887e-01 8.768748641014099121e-01 1.598067432641983032e-01 0.000000000000000000e+00 2.000000000000000000e+00
1.896856079101562500e+02 1.678252410888671875e+02 2.091363067626953125e+02 5.081593394279479980e-01 8.387649059295654297e-01 1.955697983503341675e-01 0.000000000000000000e+00 2.000000000000000000e+00
1.893197784423828125e+02 1.672214050292968750e+02 2.089955139160156250e+02 5.579106211662292480e-01 7.996182441711425781e-01 2.221406847238540649e-01 0.000000000000000000e+00 2.000000000000000000e+00
1.889338684082031250e+02 1.666683044433593750e+02 2.088418579101562500e+02 6.002115607261657715e-01 7.624641060829162598e-01 2.416498214006423950e-01 0.000000000000000000e+00 2.000000000000000000e+00
1.885312957763671875e+02 1.661569061279296875e+02 2.086797790527343750e+02 6.350784897804260254e-01 7.278938889503479004e-01 2.585456073284149170e-01 0.000000000000000000e+00 2.000000000000000000e+00
1.881139831542968750e+02 1.656786041259765625e+02 2.085098876953125000e+02 6.642850041389465332e-01 6.947408318519592285e-01 2.757909297943115234e-01 0.000000000000000000e+00 2.000000000000000000e+00
1.876816558837890625e+02 1.652264556884765625e+02 2.083303985595703125e+02 6.899643540382385254e-01 6.612969040870666504e-01 2.943394780158996582e-01 0.000000000000000000e+00 2.000000000000000000e+00
1.872325134277343750e+02 1.647959747314453125e+02 2.081387939453125000e+02 7.132915854454040527e-01 6.274787783622741699e-01 3.122265338897705078e-01 0.000000000000000000e+00 2.000000000000000000e+00
1.867648773193359375e+02 1.643845977783203125e+02 2.079340972900390625e+02 7.342474460601806641e-01 5.945915579795837402e-01 3.276302218437194824e-01 0.000000000000000000e+00 2.000000000000000000e+00
1.862786407470703125e+02 1.639908447265625000e+02 2.077171325683593750e+02 7.517968416213989258e-01 5.650649666786193848e-01 3.398574292659759521e-01 0.000000000000000000e+00 2.000000000000000000e+00
1.857768554687500000e+02 1.636136932373046875e+02 2.074902954101562500e+02 7.651260495185852051e-01 5.403196811676025391e-01 3.501953780651092529e-01 0.000000000000000000e+00 2.000000000000000000e+00
1.852648468017578125e+02 1.632521209716796875e+02 2.072559509277343750e+02 7.739834189414978027e-01 5.208927392959594727e-01 3.600284457206726074e-01 0.000000000000000000e+00 2.000000000000000000e+00
1.847486572265625000e+02 1.629047241210937500e+02 2.070158386230468750e+02 7.787325382232666016e-01 5.062521696090698242e-01 3.705189228057861328e-01 0.000000000000000000e+00 2.000000000000000000e+00
1.842329406738281250e+02 1.625694580078125000e+02 2.067704620361328125e+02 7.809164524078369141e-01 4.948836565017700195e-01 3.811295628547668457e-01 0.000000000000000000e+00 2.000000000000000000e+00
1.837194519042968750e+02 1.622440490722656250e+02 2.065198516845703125e+02 7.821056246757507324e-01 4.852434396743774414e-01 3.909597396850585938e-01 0.000000000000000000e+00 2.000000000000000000e+00
1.832066955566406250e+02 1.619259185791015625e+02 2.062635345458984375e+02 7.836482524871826172e-01 4.764729738235473633e-01 3.985835313796997070e-01 0.000000000000000000e+00 2.000000000000000000e+00
1.826910247802734375e+02 1.616123809814453125e+02 2.060012512207031250e+02 7.864972949028015137e-01 4.676550924777984619e-01 4.033866226673126221e-01 0.000000000000000000e+00 2.000000000000000000e+00
1.821678009033203125e+02 1.613012695312500000e+02 2.057328948974609375e+02 7.906580567359924316e-01 4.585257470607757568e-01 4.057264924049377441e-01 0.000000000000000000e+00 2.000000000000000000e+00
1.816328887939453125e+02 1.609910583496093750e+02 2.054584045410156250e+02 7.957613468170166016e-01 4.488434493541717529e-01 4.065751731395721436e-01 0.000000000000000000e+00 2.000000000000000000e+00
1.810833435058593750e+02 1.606810913085937500e+02 2.051776275634765625e+02 8.014985322952270508e-01 4.380948841571807861e-01 4.070293903350830078e-01 0.000000000000000000e+00 2.000000000000000000e+00
1.805176239013671875e+02 1.603718719482421875e+02 2.048903350830078125e+02 8.069592118263244629e-01 4.267469048500061035e-01 4.082939028739929199e-01 0.000000000000000000e+00 2.000000000000000000e+00
1.799357604980468750e+02 1.600641632080078125e+02 2.045959320068359375e+02 8.118734359741210938e-01 4.148616194725036621e-01 4.107935130596160889e-01 0.000000000000000000e+00 2.000000000000000000e+00
1.793388977050781250e+02 1.597591705322265625e+02 2.042939300537109375e+02 8.158679604530334473e-01 4.028405547142028809e-01 4.148239195346832275e-01 0.000000000000000000e+00 2.000000000000000000e+00
1.787290802001953125e+02 1.594580688476562500e+02 2.039838714599609375e+02 8.190255165100097656e-01 3.907845020294189453e-01 4.201008975505828857e-01 0.000000000000000000e+00 2.000000000000000000e+00
1.781088256835937500e+02 1.591621246337890625e+02 2.036657257080078125e+02 8.216518163681030273e-01 3.787586688995361328e-01 4.259462952613830566e-01 0.000000000000000000e+00 2.000000000000000000e+00
1.774807281494140625e+02 1.588725891113281250e+02 2.033401184082031250e+02 8.239511847496032715e-01 3.671686649322509766e-01 4.316152036190032959e-01 0.000000000000000000e+00 2.000000000000000000e+00
1.768472900390625000e+02 1.585903167724609375e+02 2.030083007812500000e+02 8.262338042259216309e-01 3.563858270645141602e-01 4.362647533416748047e-01 0.000000000000000000e+00 2.000000000000000000e+00
1.762106018066406250e+02 1.583156890869140625e+02 2.026721191406250000e+02 8.285465240478515625e-01 3.470284342765808105e-01 4.394107758998870850e-01 0.000000000000000000e+00 2.000000000000000000e+00
1.755728759765625000e+02 1.580485839843750000e+02 2.023339080810546875e+02 8.308536410331726074e-01 3.394659161567687988e-01 4.409593939781188965e-01 0.000000000000000000e+00 2.000000000000000000e+00
1.749358215332031250e+02 1.577882995605468750e+02 2.019958038330078125e+02 8.331282734870910645e-01 3.338238000869750977e-01 4.409748911857604980e-01 0.000000000000000000e+00 2.000000000000000000e+00
1.743007354736328125e+02 1.575338287353515625e+02 2.016596527099609375e+02 8.352698683738708496e-01 3.297006487846374512e-01 4.400246441364288330e-01 0.000000000000000000e+00 2.000000000000000000e+00
1.736691589355468750e+02 1.572845306396484375e+02 2.013269348144531250e+02 8.369766473770141602e-01 3.269864320755004883e-01 4.388050734996795654e-01 0.000000000000000000e+00 2.000000000000000000e+00
1.730433807373046875e+02 1.570400543212890625e+02 2.009988555908203125e+02 8.380634784698486328e-01 3.253878057003021240e-01 4.379182457923889160e-01 0.000000000000000000e+00 2.000000000000000000e+00
1.724272308349609375e+02 1.568008270263671875e+02 2.006768951416015625e+02 8.381825685501098633e-01 3.248753249645233154e-01 4.380707144737243652e-01 0.000000000000000000e+00 2.000000000000000000e+00
1.718264770507812500e+02 1.565679779052734375e+02 2.003629150390625000e+02 8.368403911590576172e-01 3.251839876174926758e-01 4.404016137123107910e-01 0.000000000000000000e+00 2.000000000000000000e+00
1.712481842041015625e+02 1.563432617187500000e+02 2.000585784912109375e+02 8.336812257766723633e-01 3.252876102924346924e-01 4.462774395942687988e-01 0.000000000000000000e+00 2.000000000000000000e+00
1.706989288330078125e+02 1.561289520263671875e+02 1.997645568847656250e+02 8.285004496574401855e-01 3.241084814071655273e-01 4.566626548767089844e-01 0.000000000000000000e+00 2.000000000000000000e+00
1.701829681396484375e+02 1.559271087646484375e+02 1.994801635742187500e+02 8.216019868850708008e-01 3.197225332260131836e-01 4.719614684581756592e-01 0.000000000000000000e+00 2.000000000000000000e+00
1.697002410888671875e+02 1.557392578125000000e+02 1.992028656005859375e+02 8.141540288925170898e-01 3.111855685710906982e-01 4.902212321758270264e-01 0.000000000000000000e+00 2.000000000000000000e+00
1.692460937500000000e+02 1.555656738281250000e+02 1.989294128417968750e+02 8.083453178405761719e-01 2.990778386592864990e-01 5.070800781250000000e-01 0.000000000000000000e+00 2.000000000000000000e+00
1.688119049072265625e+02 1.554050292968750000e+02 1.986570434570312500e+02 8.070942759513854980e-01 2.843034863471984863e-01 5.174653530120849609e-01 0.000000000000000000e+00 2.000000000000000000e+00
1.683863983154296875e+02 1.552551422119140625e+02 1.983842315673828125e+02 8.119996190071105957e-01 2.696253955364227295e-01 5.176472663879394531e-01 0.000000000000000000e+00 2.000000000000000000e+00
1.679579772949218750e+02 1.551128845214843750e+02 1.981111145019531250e+02 8.224987387657165527e-01 2.572565674781799316e-01 5.072620511054992676e-01 0.000000000000000000e+00 2.000000000000000000e+00
1.675166168212890625e+02 1.549748382568359375e+02 1.978389129638671875e+02 8.357699513435363770e-01 2.485506683588027954e-01 4.896030426025390625e-01 0.000000000000000000e+00 2.000000000000000000e+00
1.670557098388671875e+02 1.548377685546875000e+02 1.975689086914062500e+02 8.485325574874877930e-01 2.440895885229110718e-01 4.694814682006835938e-01 0.000000000000000000e+00 2.000000000000000000e+00
1.665730590820312500e+02 1.546989288330078125e+02 1.973018646240234375e+02 8.580413460731506348e-01 2.432721853256225586e-01 4.523093700408935547e-01 0.000000000000000000e+00 2.000000000000000000e+00
1.660713043212890625e+02 1.545566711425781250e+02 1.970373687744140625e+02 8.635402917861938477e-01 2.446437478065490723e-01 4.409621953964233398e-01 0.000000000000000000e+00 2.000000000000000000e+00
1.655559692382812500e+02 1.544106750488281250e+02 1.967742156982421875e+02 8.653103113174438477e-01 2.459121793508529663e-01 4.367667734622955322e-01 0.000000000000000000e+00 2.000000000000000000e+00
1.650341339111328125e+02 1.542623748779296875e+02 1.965108184814453125e+02 8.645153045654296875e-01 2.450196892023086548e-01 4.388378262519836426e-01 0.000000000000000000e+00 2.000000000000000000e+00
1.645119018554687500e+02 1.541143646240234375e+02 1.962457275390625000e+02 8.622809052467346191e-01 2.404295802116394043e-01 4.457188546657562256e-01 0.000000000000000000e+00 2.000000000000000000e+00
1.639929504394531250e+02 1.539696655273437500e+02 1.959774780273437500e+02 8.597628474235534668e-01 2.326123118400573730e-01 4.546420574188232422e-01 0.000000000000000000e+00 2.000000000000000000e+00
1.634784851074218750e+02 1.538304748535156250e+02 1.957054290771484375e+02 8.572661280632019043e-01 2.238751500844955444e-01 4.636535644531250000e-01 0.000000000000000000e+00 2.000000000000000000e+00
1.629676971435546875e+02 1.536970825195312500e+02 1.954291687011718750e+02 8.546298146247863770e-01 2.170968353748321533e-01 4.716745018959045410e-01 0.000000000000000000e+00 2.000000000000000000e+00
1.624586791992187500e+02 1.535677795410156250e+02 1.951482391357421875e+02 8.516947031021118164e-01 2.144092619419097900e-01 4.781681299209594727e-01 0.000000000000000000e+00 2.000000000000000000e+00
1.619491119384765625e+02 1.534394989013671875e+02 1.948621520996093750e+02 8.481396436691284180e-01 2.163716852664947510e-01 4.835726618766784668e-01 0.000000000000000000e+00 2.000000000000000000e+00
1.614365844726562500e+02 1.533087463378906250e+02 1.945699310302734375e+02 8.440394401550292969e-01 2.215435653924942017e-01 4.883808195590972900e-01 0.000000000000000000e+00 2.000000000000000000e+00
1.609187927246093750e+02 1.531728363037109375e+02 1.942703247070312500e+02 8.399171233177185059e-01 2.269287556409835815e-01 4.929932653903961182e-01 0.000000000000000000e+00 2.000000000000000000e+00
1.603938446044921875e+02 1.530310058593750000e+02 1.939622039794921875e+02 8.362296223640441895e-01 2.299834787845611572e-01 4.978229701519012451e-01 0.000000000000000000e+00 2.000000000000000000e+00
1.598606109619140625e+02 1.528843536376953125e+02 1.936447601318359375e+02 8.331371545791625977e-01 2.289542704820632935e-01 5.034505724906921387e-01 0.000000000000000000e+00 2.000000000000000000e+00
1.593190765380859375e+02 1.527355346679687500e+02 1.933175201416015625e+02 8.301897644996643066e-01 2.244648635387420654e-01 5.102943778038024902e-01 0.000000000000000000e+00 2.000000000000000000e+00
1.587705841064453125e+02 1.525872344970703125e+02 1.929803771972656250e+02 8.269625306129455566e-01 2.166977971792221069e-01 5.188208222389221191e-01 0.000000000000000000e+00 2.000000000000000000e+00
1.582171020507812500e+02 1.524421997070312500e+02 1.926331329345703125e+02 8.229631185531616211e-01 2.063220590353012085e-01 5.293040871620178223e-01 0.000000000000000000e+00 2.000000000000000000e+00
1.576608123779296875e+02 1.523027343750000000e+02 1.922753448486328125e+02 8.185020685195922852e-01 1.931697130203247070e-01 5.410543680191040039e-01 0.000000000000000000e+00 2.000000000000000000e+00
1.571031646728515625e+02 1.521711273193359375e+02 1.919067230224609375e+02 8.141138553619384766e-01 1.771785020828247070e-01 5.530157089233398438e-01 0.000000000000000000e+00 2.000000000000000000e+00
1.565445098876953125e+02 1.520495452880859375e+02 1.915272369384765625e+02 8.108394742012023926e-01 1.589106768369674683e-01 5.632821917533874512e-01 0.000000000000000000e+00 2.000000000000000000e+00
1.559838562011718750e+02 1.519396667480468750e+02 1.911377563476562500e+02 8.087360262870788574e-01 1.418493539094924927e-01 5.708106756210327148e-01 0.000000000000000000e+00 2.000000000000000000e+00
1.554198608398437500e+02 1.518407440185546875e+02 1.907396850585937500e+02 8.075848817825317383e-01 1.308015733957290649e-01 5.750631690025329590e-01 0.000000000000000000e+00 2.000000000000000000e+00
1.548512115478515625e+02 1.517486419677734375e+02 1.903347625732421875e+02 8.064967393875122070e-01 1.305648386478424072e-01 5.766417384147644043e-01 0.000000000000000000e+00 2.000000000000000000e+00
1.542771148681640625e+02 1.516557006835937500e+02 1.899242858886718750e+02 8.039724826812744141e-01 1.433911770582199097e-01 5.771198868751525879e-01 0.000000000000000000e+00 2.000000000000000000e+00
1.536974029541015625e+02 1.515523071289062500e+02 1.895081481933593750e+02 7.991081476211547852e-01 1.668584346771240234e-01 5.775676369667053223e-01 0.000000000000000000e+00 2.000000000000000000e+00
1.531120605468750000e+02 1.514300842285156250e+02 1.890850830078125000e+02 7.916936874389648438e-01 1.943051069974899292e-01 5.791948437690734863e-01 0.000000000000000000e+00 2.000000000000000000e+00
1.525211181640625000e+02 1.512850494384765625e+02 1.886527557373046875e+02 7.835446596145629883e-01 2.171861976385116577e-01 5.821407437324523926e-01 0.000000000000000000e+00 2.000000000000000000e+00
1.519241638183593750e+02 1.511195831298828125e+02 1.882092437744140625e+02 7.772415280342102051e-01 2.291357070207595825e-01 5.859970450401306152e-01 0.000000000000000000e+00 2.000000000000000000e+00
1.513207092285156250e+02 1.509416809082031250e+02 1.877542724609375000e+02 7.747963666915893555e-01 2.268387228250503540e-01 5.901141762733459473e-01 0.000000000000000000e+00 2.000000000000000000e+00
1.507110290527343750e+02 1.507631835937500000e+02 1.872899169921875000e+02 7.770334482192993164e-01 2.109327763319015503e-01 5.930652022361755371e-01 0.000000000000000000e+00 2.000000000000000000e+00
1.500963134765625000e+02 1.505963134765625000e+02 1.868207397460937500e+02 7.827501296997070312e-01 1.844715029001235962e-01 5.943673253059387207e-01 0.000000000000000000e+00 2.000000000000000000e+00
1.494794769287109375e+02 1.504509429931640625e+02 1.863523559570312500e+02 7.896953225135803223e-01 1.524313837289810181e-01 5.942609310150146484e-01 0.000000000000000000e+00 2.000000000000000000e+00
1.488647003173828125e+02 1.503322753906250000e+02 1.858897247314453125e+02 7.956863641738891602e-01 1.188238263130187988e-01 5.939394235610961914e-01 0.000000000000000000e+00 2.000000000000000000e+00
1.482566375732421875e+02 1.502414703369140625e+02 1.854358367919921875e+02 7.987497448921203613e-01 8.753254264593124390e-02 5.952621102333068848e-01 0.000000000000000000e+00 2.000000000000000000e+00
1.476593017578125000e+02 1.501760101318359375e+02 1.849906768798828125e+02 7.977775335311889648e-01 6.078404188156127930e-02 5.998803377151489258e-01 0.000000000000000000e+00 2.000000000000000000e+00
1.470751190185546875e+02 1.501315002441406250e+02 1.845514068603515625e+02 7.926864624023437500e-01 3.970215469598770142e-02 6.083353757858276367e-01 0.000000000000000000e+00 2.000000000000000000e+00
1.465045013427734375e+02 1.501029205322265625e+02 1.841134948730468750e+02 7.840328216552734375e-01 2.519393898546695709e-02 6.202079057693481445e-01 0.000000000000000000e+00 2.000000000000000000e+00
1.459460754394531250e+02 1.500849761962890625e+02 1.836717529296875000e+02 7.728331089019775391e-01 1.810588501393795013e-02 6.343510746955871582e-01 0.000000000000000000e+00 2.000000000000000000e+00
1.453976745605468750e+02 1.500721282958984375e+02 1.832216186523437500e+02 7.601469159126281738e-01 1.898168772459030151e-02 6.494740247726440430e-01 0.000000000000000000e+00 2.000000000000000000e+00
1.448568878173828125e+02 1.500586242675781250e+02 1.827595672607421875e+02 7.473834753036499023e-01 2.769980952143669128e-02 6.638152599334716797e-01 0.000000000000000000e+00 2.000000000000000000e+00
1.443216705322265625e+02 1.500387878417968750e+02 1.822841949462890625e+02 7.352358102798461914e-01 4.260553047060966492e-02 6.764710545539855957e-01 0.000000000000000000e+00 2.000000000000000000e+00
1.437905578613281250e+02 1.500080108642578125e+02 1.817955322265625000e+02 7.245123982429504395e-01 6.059588864445686340e-02 6.865928769111633301e-01 0.000000000000000000e+00 2.000000000000000000e+00
1.432625732421875000e+02 1.499638519287109375e+02 1.812951812744140625e+02 7.158604860305786133e-01 7.848974317312240601e-02 6.938177347183227539e-01 0.000000000000000000e+00 2.000000000000000000e+00
1.427368011474609375e+02 1.499062042236328125e+02 1.807855987548828125e+02 7.093921899795532227e-01 9.375681728124618530e-02 6.985502839088439941e-01 0.000000000000000000e+00 2.000000000000000000e+00
1.422126464843750000e+02 1.498369293212890625e+02 1.802694549560546875e+02 7.050660848617553711e-01 1.050133481621742249e-01 7.013229727745056152e-01 0.000000000000000000e+00 2.000000000000000000e+00
1.416895446777343750e+02 1.497590179443359375e+02 1.797491302490234375e+02 7.023930549621582031e-01 1.123607307672500610e-01 7.028648853302001953e-01 0.000000000000000000e+00 2.000000000000000000e+00
1.411671142578125000e+02 1.496754455566406250e+02 1.792263488769531250e+02 7.009727954864501953e-01 1.165795177221298218e-01 7.035952806472778320e-01 0.000000000000000000e+00 2.000000000000000000e+00
1.406450653076171875e+02 1.495886230468750000e+02 1.787023468017578125e+02 7.001438140869140625e-01 1.187656223773956299e-01 7.040548920631408691e-01 0.000000000000000000e+00 2.000000000000000000e+00
1.401233367919921875e+02 1.495001220703125000e+02 1.781777038574218750e+02 6.998067498207092285e-01 1.198323071002960205e-01 7.042093276977539062e-01 0.000000000000000000e+00 2.000000000000000000e+00
1.396018676757812500e+02 1.494108276367187500e+02 1.776529541015625000e+02 6.994619369506835938e-01 1.208420470356941223e-01 7.043792009353637695e-01 0.000000000000000000e+00 2.000000000000000000e+00
1.390809478759765625e+02 1.493208312988281250e+02 1.771283721923828125e+02 6.990040540695190430e-01 1.221697926521301270e-01 7.046048045158386230e-01 0.000000000000000000e+00 2.000000000000000000e+00
1.385610504150390625e+02 1.492299652099609375e+02 1.766043090820312500e+02 6.983392238616943359e-01 1.251873970031738281e-01 7.047343254089355469e-01 0.000000000000000000e+00 2.000000000000000000e+00
1.380428466796875000e+02 1.491370697021484375e+02 1.760813598632812500e+02 6.971278190612792969e-01 1.309539079666137695e-01 7.048856019973754883e-01 0.000000000000000000e+00 2.000000000000000000e+00
1.375272827148437500e+02 1.490402221679687500e+02 1.755600585937500000e+02 6.952697634696960449e-01 1.408904790878295898e-01 7.048047780990600586e-01 0.000000000000000000e+00 2.000000000000000000e+00
1.370154724121093750e+02 1.489365081787109375e+02 1.750412292480468750e+02 6.926161050796508789e-01 1.559792309999465942e-01 7.042395472526550293e-01 0.000000000000000000e+00 2.000000000000000000e+00
1.365081176757812500e+02 1.488222503662109375e+02 1.745253601074218750e+02 6.886274218559265137e-01 1.759844124317169189e-01 7.034357190132141113e-01 0.000000000000000000e+00 2.000000000000000000e+00
1.360057373046875000e+02 1.486938629150390625e+02 1.740121765136718750e+02 6.829488277435302734e-01 1.984985023736953735e-01 7.029788494110107422e-01 0.000000000000000000e+00 2.000000000000000000e+00
1.355083618164062500e+02 1.485493011474609375e+02 1.735002136230468750e+02 6.760161519050598145e-01 2.187818884849548340e-01 7.036594748497009277e-01 0.000000000000000000e+00 2.000000000000000000e+00
1.350154266357421875e+02 1.483897705078125000e+02 1.729871215820312500e+02 6.685937643051147461e-01 2.310472577810287476e-01 7.068235278129577637e-01 0.000000000000000000e+00 2.000000000000000000e+00
1.345262756347656250e+02 1.482207336425781250e+02 1.724700012207031250e+02 6.622955203056335449e-01 2.314127236604690552e-01 7.126098871231079102e-01 0.000000000000000000e+00 2.000000000000000000e+00
1.340400085449218750e+02 1.480508270263671875e+02 1.719467926025390625e+02 6.578600406646728516e-01 2.200477719306945801e-01 7.202771306037902832e-01 0.000000000000000000e+00 2.000000000000000000e+00
1.335564117431640625e+02 1.478890686035156250e+02 1.714173126220703125e+02 6.556357145309448242e-01 2.015226781368255615e-01 7.276883721351623535e-01 0.000000000000000000e+00 2.000000000000000000e+00
1.330758666992187500e+02 1.477413635253906250e+02 1.708839569091796875e+02 6.547065973281860352e-01 1.834026128053665161e-01 7.332957386970520020e-01 0.000000000000000000e+00 2.000000000000000000e+00
1.325996856689453125e+02 1.476079711914062500e+02 1.703506164550781250e+02 6.543113589286804199e-01 1.730857789516448975e-01 7.361507415771484375e-01 0.000000000000000000e+00 2.000000000000000000e+00
1.321295166015625000e+02 1.474835968017578125e+02 1.698216400146484375e+02 6.531558632850646973e-01 1.740902215242385864e-01 7.369396090507507324e-01 0.000000000000000000e+00 2.000000000000000000e+00
1.316665496826171875e+02 1.473601989746093750e+02 1.692992858886718750e+02 6.505392789840698242e-01 1.847885400056838989e-01 7.366490364074707031e-01 0.000000000000000000e+00 2.000000000000000000e+00
1.312108612060546875e+02 1.472307586669921875e+02 1.687832794189453125e+02 6.468898057937622070e-01 1.989974975585937500e-01 7.361613512039184570e-01 0.000000000000000000e+00 2.000000000000000000e+00
1.307606201171875000e+02 1.470922546386718750e+02 1.682709045410156250e+02 6.435493230819702148e-01 2.094390094280242920e-01 7.361925840377807617e-01 0.000000000000000000e+00 2.000000000000000000e+00
1.303125762939453125e+02 1.469464416503906250e+02 1.677583618164062500e+02 6.425151824951171875e-01 2.119415253400802612e-01 7.363796830177307129e-01 0.000000000000000000e+00 2.000000000000000000e+00
1.298627166748046875e+02 1.467980499267578125e+02 1.672427825927734375e+02 6.446991562843322754e-01 2.070341110229492188e-01 7.358667850494384766e-01 0.000000000000000000e+00 2.000000000000000000e+00
1.294074707031250000e+02 1.466518554687500000e+02 1.667231597900390625e+02 6.494794487953186035e-01 1.981891095638275146e-01 7.340964078903198242e-01 0.000000000000000000e+00 2.000000000000000000e+00
1.289447326660156250e+02 1.465106506347656250e+02 1.662001342773437500e+02 6.556282639503479004e-01 1.893772780895233154e-01 7.309499382972717285e-01 0.000000000000000000e+00 2.000000000000000000e+00
1.284738922119140625e+02 1.463746490478515625e+02 1.656752014160156250e+02 6.609343290328979492e-01 1.826744824647903442e-01 7.278707027435302734e-01 0.000000000000000000e+00 2.000000000000000000e+00
1.279959030151367188e+02 1.462425384521484375e+02 1.651488037109375000e+02 6.637063026428222656e-01 1.778879165649414062e-01 7.265327572822570801e-01 0.000000000000000000e+00 2.000000000000000000e+00
1.275125579833984375e+02 1.461129913330078125e+02 1.646197052001953125e+02 6.629626750946044922e-01 1.724289059638977051e-01 7.285251617431640625e-01 0.000000000000000000e+00 2.000000000000000000e+00
1.270259094238281250e+02 1.459864196777343750e+02 1.640849304199218750e+02 6.585071086883544922e-01 1.635897904634475708e-01 7.345793247222900391e-01 0.000000000000000000e+00 2.000000000000000000e+00
1.265377883911132812e+02 1.458651580810546875e+02 1.635404205322265625e+02 6.506506800651550293e-01 1.487735956907272339e-01 7.446610927581787109e-01 0.000000000000000000e+00 2.000000000000000000e+00
1.260495681762695312e+02 1.457535247802734375e+02 1.629816589355468750e+02 6.395640373229980469e-01 1.289211660623550415e-01 7.578503489494323730e-01 0.000000000000000000e+00 2.000000000000000000e+00
1.255627593994140625e+02 1.456553955078125000e+02 1.624048156738281250e+02 6.254501938819885254e-01 1.073988378047943115e-01 7.728372812271118164e-01 0.000000000000000000e+00 2.000000000000000000e+00
1.250793533325195312e+02 1.455723876953125000e+02 1.618074951171875000e+02 6.087380647659301758e-01 8.857765793800354004e-02 7.884111404418945312e-01 0.000000000000000000e+00 2.000000000000000000e+00
1.246015930175781250e+02 1.455028686523437500e+02 1.611887207031250000e+02 5.910576581954956055e-01 7.656992226839065552e-02 8.029868006706237793e-01 0.000000000000000000e+00 2.000000000000000000e+00
1.241313934326171875e+02 1.454419555664062500e+02 1.605499267578125000e+02 5.748035311698913574e-01 7.295207679271697998e-02 8.150330781936645508e-01 0.000000000000000000e+00 2.000000000000000000e+00
1.236691207885742188e+02 1.453832855224609375e+02 1.598944549560546875e+02 5.630994439125061035e-01 7.582392543554306030e-02 8.229032158851623535e-01 0.000000000000000000e+00 2.000000000000000000e+00
1.232125625610351562e+02 1.453218078613281250e+02 1.592272491455078125e+02 5.586661100387573242e-01 8.091594278812408447e-02 8.254361152648925781e-01 0.000000000000000000e+00 2.000000000000000000e+00
1.227569198608398438e+02 1.452558135986328125e+02 1.585540313720703125e+02 5.626945495605468750e-01 8.355596661567687988e-02 8.224312663078308105e-01 0.000000000000000000e+00 2.000000000000000000e+00
1.222958450317382812e+02 1.451873474121093750e+02 1.578801269531250000e+02 5.739297866821289062e-01 8.086181432008743286e-02 8.149024844169616699e-01 0.000000000000000000e+00 2.000000000000000000e+00
1.218234329223632812e+02 1.451207885742187500e+02 1.572093658447265625e+02 5.891128182411193848e-01 7.285977900028228760e-02 8.047592639923095703e-01 0.000000000000000000e+00 2.000000000000000000e+00
1.213360977172851562e+02 1.450605163574218750e+02 1.565436401367187500e+02 6.047133803367614746e-01 6.177061051130294800e-02 7.940441370010375977e-01 0.000000000000000000e+00 2.000000000000000000e+00
1.208332901000976562e+02 1.450091552734375000e+02 1.558834075927734375e+02 6.179333329200744629e-01 5.051136389374732971e-02 7.846062183380126953e-01 0.000000000000000000e+00 2.000000000000000000e+00
1.203169631958007812e+02 1.449669494628906250e+02 1.552278137207031250e+02 6.274750828742980957e-01 4.116290435194969177e-02 7.775478363037109375e-01 0.000000000000000000e+00 2.000000000000000000e+00
1.197905883789062500e+02 1.449324188232421875e+02 1.545755462646484375e+02 6.335982680320739746e-01 3.466528281569480896e-02 7.728852033615112305e-01 0.000000000000000000e+00 2.000000000000000000e+00
1.192576217651367188e+02 1.449032592773437500e+02 1.539254150390625000e+02 6.370186805725097656e-01 3.082231618463993073e-02 7.702319622039794922e-01 0.000000000000000000e+00 2.000000000000000000e+00
1.187208786010742188e+02 1.448772888183593750e+02 1.532764282226562500e+02 6.386128067970275879e-01 2.882551960647106171e-02 7.689881324768066406e-01 0.000000000000000000e+00 2.000000000000000000e+00
1.181823654174804688e+02 1.448529815673828125e+02 1.526279754638671875e+02 6.391496062278747559e-01 2.793108299374580383e-02 7.685750722885131836e-01 0.000000000000000000e+00 2.000000000000000000e+00
1.176432495117187500e+02 1.448294219970703125e+02 1.519796905517578125e+02 6.384634375572204590e-01 2.793469838798046112e-02 7.691450119018554688e-01 0.000000000000000000e+00 2.000000000000000000e+00
1.171047821044921875e+02 1.448058624267578125e+02 1.513310089111328125e+02 6.365830898284912109e-01 2.887716516852378845e-02 7.706672549247741699e-01 0.000000000000000000e+00 2.000000000000000000e+00
1.165682678222656250e+02 1.447815246582031250e+02 1.506814880371093750e+02 6.328701376914978027e-01 3.037095442414283752e-02 7.736620306968688965e-01 0.000000000000000000e+00 2.000000000000000000e+00
1.160353622436523438e+02 1.447559509277343750e+02 1.500300292968750000e+02 6.266450285911560059e-01 3.265884518623352051e-02 7.786203026771545410e-01 0.000000000000000000e+00 2.000000000000000000e+00
1.155086517333984375e+02 1.447285003662109375e+02 1.493755798339843750e+02 6.171343326568603516e-01 3.543955832719802856e-02 7.860592603683471680e-01 0.000000000000000000e+00 2.000000000000000000e+00
1.149913101196289062e+02 1.446987915039062500e+02 1.487166290283203125e+02 6.041578650474548340e-01 3.830411657691001892e-02 7.959434390068054199e-01 0.000000000000000000e+00 2.000000000000000000e+00
1.144868621826171875e+02 1.446668090820312500e+02 1.480520477294921875e+02 5.884419679641723633e-01 4.060122743248939514e-02 8.075194358825683594e-01 0.000000000000000000e+00 2.000000000000000000e+00
1.139985656738281250e+02 1.446331176757812500e+02 1.473819580078125000e+02 5.717334151268005371e-01 4.184752330183982849e-02 8.193715810775756836e-01 0.000000000000000000e+00 2.000000000000000000e+00
1.135290908813476562e+02 1.445987548828125000e+02 1.467091369628906250e+02 5.561690926551818848e-01 4.236758127808570862e-02 8.299884796142578125e-01 0.000000000000000000e+00 2.000000000000000000e+00
1.130804061889648438e+02 1.445645751953125000e+02 1.460395507812500000e+02 5.435127615928649902e-01 4.299915209412574768e-02 8.382988572120666504e-01 0.000000000000000000e+00 2.000000000000000000e+00
1.126535797119140625e+02 1.445308074951171875e+02 1.453812255859375000e+02 5.343623757362365723e-01 4.501443728804588318e-02 8.440560698509216309e-01 0.000000000000000000e+00 2.000000000000000000e+00
1.122494659423828125e+02 1.444967651367187500e+02 1.447429046630859375e+02 -5.279805064201354980e-01 -4.936708137392997742e-02 -8.478204607963562012e-01 0.000000000000000000e+00 2.000000000000000000e+00
1.118682479858398438e+02 1.444611206054687500e+02 1.441307525634765625e+02 -5.225154757499694824e-01 -5.545912683010101318e-02 -8.508241772651672363e-01 0.000000000000000000e+00 2.000000000000000000e+00
1.115086975097656250e+02 1.444229583740234375e+02 1.435452880859375000e+02 -5.160463452339172363e-01 -6.088641285896301270e-02 -8.543939590454101562e-01 0.000000000000000000e+00 2.000000000000000000e+00
1.111674041748046875e+02 1.443826904296875000e+02 1.429802246093750000e+02 -5.072976350784301758e-01 -6.135516986250877380e-02 -8.595840334892272949e-01 0.000000000000000000e+00 2.000000000000000000e+00
1.108383712768554688e+02 1.443428955078125000e+02 1.424226989746093750e+02 -4.966167211532592773e-01 -5.349383875727653503e-02 -8.663198947906494141e-01 0.000000000000000000e+00 2.000000000000000000e+00
1.105139770507812500e+02 1.443079528808593750e+02 1.418568115234375000e+02 -4.853534102439880371e-01 -3.684969246387481689e-02 -8.735412359237670898e-01 0.000000000000000000e+00 2.000000000000000000e+00
1.101863861083984375e+02 1.442830810546875000e+02 1.412672119140625000e+02 -4.745997488498687744e-01 -1.493364293128252029e-02 -8.800750374794006348e-01 0.000000000000000000e+00 2.000000000000000000e+00
1.098493576049804688e+02 1.442724761962890625e+02 1.406422424316406250e+02 -4.647787213325500488e-01 7.380497641861438751e-03 -8.853961229324340820e-01 0.000000000000000000e+00 2.000000000000000000e+00
1.094995880126953125e+02 1.442780303955078125e+02 1.399759368896484375e+02 -4.559866189956665039e-01 2.590593695640563965e-02 -8.896095156669616699e-01 0.000000000000000000e+00 2.000000000000000000e+00
1.091361999511718750e+02 1.442986755371093750e+02 1.392669830322265625e+02 -4.478848874568939209e-01 3.811708837747573853e-02 -8.932783007621765137e-01 0.000000000000000000e+00 2.000000000000000000e+00
1.087603988647460938e+02 1.443306579589843750e+02 1.385174713134765625e+02 -4.406009018421173096e-01 4.394257441163063049e-02 -8.966270089149475098e-01 0.000000000000000000e+00 2.000000000000000000e+00
1.083742370605468750e+02 1.443691711425781250e+02 1.377316284179687500e+02 -4.339782297611236572e-01 4.516945406794548035e-02 -8.997903466224670410e-01 0.000000000000000000e+00 2.000000000000000000e+00
1.079804611206054688e+02 1.444101562500000000e+02 1.369151916503906250e+02 -4.278627634048461914e-01 4.483670368790626526e-02 -9.027309417724609375e-01 0.000000000000000000e+00 2.000000000000000000e+00
1.075830917358398438e+02 1.444517974853515625e+02 1.360767974853515625e+02 -4.218326807022094727e-01 4.648791626095771790e-02 -9.054811000823974609e-01 0.000000000000000000e+00 2.000000000000000000e+00
1.071875152587890625e+02 1.444953918457031250e+02 1.352276763916015625e+02 -4.155109524726867676e-01 5.278952419757843018e-02 -9.080550074577331543e-01 0.000000000000000000e+00 2.000000000000000000e+00
1.067999420166015625e+02 1.445446319580078125e+02 1.343806762695312500e+02 -4.085263609886169434e-01 6.532553583383560181e-02 -9.104058742523193359e-01 0.000000000000000000e+00 2.000000000000000000e+00
1.064260711669921875e+02 1.446044158935546875e+02 1.335475006103515625e+02 -4.008075892925262451e-01 8.398608118295669556e-02 -9.123045802116394043e-01 0.000000000000000000e+00 2.000000000000000000e+00
1.060694732666015625e+02 1.446791381835937500e+02 1.327358245849609375e+02 -3.921457231044769287e-01 1.064399331808090210e-01 -9.137244224548339844e-01 0.000000000000000000e+00 2.000000000000000000e+00
1.057311630249023438e+02 1.447709655761718750e+02 1.319475402832031250e+02 -3.830782473087310791e-01 1.287793815135955811e-01 -9.146949648857116699e-01 0.000000000000000000e+00 2.000000000000000000e+00
1.054093017578125000e+02 1.448791656494140625e+02 1.311790161132812500e+02 -3.737518787384033203e-01 1.466741859912872314e-01 -9.158581495285034180e-01 0.000000000000000000e+00 2.000000000000000000e+00
1.051010055541992188e+02 1.450001525878906250e+02 1.304235534667968750e+02 -3.642232120037078857e-01 1.577222496271133423e-01 -9.178589582443237305e-01 0.000000000000000000e+00 2.000000000000000000e+00
1.048037490844726562e+02 1.451288757324218750e+02 1.296744537353515625e+02 -3.543173372745513916e-01 1.620198339223861694e-01 -9.209825396537780762e-01 0.000000000000000000e+00 2.000000000000000000e+00
1.045161743164062500e+02 1.452603759765625000e+02 1.289269561767578125e+02 -3.439998626708984375e-01 1.624886989593505859e-01 -9.248034954071044922e-01 0.000000000000000000e+00 2.000000000000000000e+00
1.042381668090820312e+02 1.453916931152343750e+02 1.281795654296875000e+02 -3.333534002304077148e-01 1.624873578548431396e-01 -9.286944270133972168e-01 0.000000000000000000e+00 2.000000000000000000e+00
1.039701385498046875e+02 1.455223388671875000e+02 1.274328613281250000e+02 -3.225164413452148438e-01 1.649648696184158325e-01 -9.320782423019409180e-01 0.000000000000000000e+00 2.000000000000000000e+00
1.037125701904296875e+02 1.456540832519531250e+02 1.266884841918945312e+02 -3.117845058441162109e-01 1.714617311954498291e-01 -9.345541000366210938e-01 0.000000000000000000e+00 2.000000000000000000e+00
1.034655990600585938e+02 1.457899017333984375e+02 1.259482040405273438e+02 -3.013346791267395020e-01 1.818459182977676392e-01 -9.360178709030151367e-01 0.000000000000000000e+00 2.000000000000000000e+00
1.032289047241210938e+02 1.459327392578125000e+02 1.252129745483398438e+02 -2.910391092300415039e-01 1.949790716171264648e-01 -9.366319179534912109e-01 0.000000000000000000e+00 2.000000000000000000e+00
1.030021209716796875e+02 1.460846710205078125e+02 1.244831314086914062e+02 -2.811206579208374023e-01 2.095119357109069824e-01 -9.365232586860656738e-01 0.000000000000000000e+00 2.000000000000000000e+00
1.027845840454101562e+02 1.462467956542968750e+02 1.237584304809570312e+02 -2.714170515537261963e-01 2.240896522998809814e-01 -9.360110163688659668e-01 0.000000000000000000e+00 2.000000000000000000e+00
1.025754852294921875e+02 1.464194335937500000e+02 1.230373306274414062e+02 -2.622846961021423340e-01 2.377720177173614502e-01 -9.352385997772216797e-01 0.000000000000000000e+00 2.000000000000000000e+00
1.023736038208007812e+02 1.466024475097656250e+02 1.223174743652343750e+02 -2.546828687191009521e-01 2.497910261154174805e-01 -9.342061281204223633e-01 0.000000000000000000e+00 2.000000000000000000e+00
1.021769866943359375e+02 1.467952880859375000e+02 1.215962600708007812e+02 -2.493504583835601807e-01 2.598421871662139893e-01 -9.329020977020263672e-01 0.000000000000000000e+00 2.000000000000000000e+00
1.019829711914062500e+02 1.469974670410156250e+02 1.208703842163085938e+02 -2.470366358757019043e-01 2.677594721317291260e-01 -9.312774538993835449e-01 0.000000000000000000e+00 2.000000000000000000e+00
1.017884292602539062e+02 1.472083282470703125e+02 1.201370010375976562e+02 -2.484022825956344604e-01 2.742458879947662354e-01 -9.290239810943603516e-01 0.000000000000000000e+00 2.000000000000000000e+00
1.015899200439453125e+02 1.474274902343750000e+02 1.193945770263671875e+02 -2.532478868961334229e-01 2.798991203308105469e-01 -9.260247945785522461e-01 0.000000000000000000e+00 2.000000000000000000e+00
1.013843917846679688e+02 1.476546478271484375e+02 1.186430435180664062e+02 -2.604291737079620361e-01 2.847465276718139648e-01 -9.225487112998962402e-01 0.000000000000000000e+00 2.000000000000000000e+00
1.011699905395507812e+02 1.478890686035156250e+02 1.178835449218750000e+02 -2.678318619728088379e-01 2.885526120662689209e-01 -9.192407131195068359e-01 0.000000000000000000e+00 2.000000000000000000e+00
1.009468231201171875e+02 1.481295013427734375e+02 1.171175994873046875e+02 -2.731402218341827393e-01 2.908742427825927734e-01 -9.169442057609558105e-01 0.000000000000000000e+00 2.000000000000000000e+00
1.007170944213867188e+02 1.483741455078125000e+02 1.163463897705078125e+02 -2.751644551753997803e-01 2.914798259735107422e-01 -9.161463379859924316e-01 0.000000000000000000e+00 2.000000000000000000e+00
1.004839401245117188e+02 1.486211242675781250e+02 1.155701141357421875e+02 -2.737942337989807129e-01 2.909203469753265381e-01 -9.167344570159912109e-01 0.000000000000000000e+00 2.000000000000000000e+00
1.002503662109375000e+02 1.488693084716796875e+02 1.147880477905273438e+02 -2.702344655990600586e-01 2.909739613533020020e-01 -9.177731275558471680e-01 0.000000000000000000e+00 2.000000000000000000e+00
1.000180435180664062e+02 1.491194610595703125e+02 1.139990310668945312e+02 -2.662285268306732178e-01 2.937833964824676514e-01 -9.180488586425781250e-01 0.000000000000000000e+00 2.000000000000000000e+00
9.978724670410156250e+01 1.493741455078125000e+02 1.132031631469726562e+02 -2.640806436538696289e-01 3.006607294082641602e-01 -9.164412021636962891e-01 0.000000000000000000e+00 2.000000000000000000e+00
9.955663299560546875e+01 1.496367034912109375e+02 1.124028625488281250e+02 -2.648260295391082764e-01 3.112404644489288330e-01 -9.126864671707153320e-01 0.000000000000000000e+00 2.000000000000000000e+00
9.932456970214843750e+01 1.499094390869140625e+02 1.116030883789062500e+02 -2.684765160083770752e-01 3.228850364685058594e-01 -9.075602293014526367e-01 0.000000000000000000e+00 2.000000000000000000e+00
9.909021759033203125e+01 1.501912841796875000e+02 1.108108825683593750e+02 -2.745735049247741699e-01 3.324838876724243164e-01 -9.022549390792846680e-01 0.000000000000000000e+00 2.000000000000000000e+00
9.885385894775390625e+01 1.504774932861328125e+02 1.100342025756835938e+02 -2.816587388515472412e-01 3.365544676780700684e-01 -8.985540866851806641e-01 0.000000000000000000e+00 2.000000000000000000e+00
9.861742401123046875e+01 1.507600097656250000e+02 1.092799224853515625e+02 -2.879665195941925049e-01 3.338414430618286133e-01 -8.975662589073181152e-01 0.000000000000000000e+00 2.000000000000000000e+00
9.838419342041015625e+01 1.510303955078125000e+02 1.085529632568359375e+02 -2.911379337310791016e-01 3.254924118518829346e-01 -8.996073603630065918e-01 0.000000000000000000e+00 2.000000000000000000e+00
9.815828704833984375e+01 1.512829589843750000e+02 1.078549194335937500e+02 -2.896139621734619141e-01 3.157089948654174805e-01 -9.035770297050476074e-01 0.000000000000000000e+00 2.000000000000000000e+00
9.794321441650390625e+01 1.515174102783203125e+02 1.071839065551757812e+02 -2.835399210453033447e-01 3.112869262695312500e-01 -9.070312380790710449e-01 0.000000000000000000e+00 2.000000000000000000e+00
9.774043273925781250e+01 1.517400360107421875e+02 1.065352172851562500e+02 -2.753358483314514160e-01 3.167269229888916016e-01 -9.076752066612243652e-01 0.000000000000000000e+00 2.000000000000000000e+00
9.754818725585937500e+01 1.519611816406250000e+02 1.059014587402343750e+02 -2.667828798294067383e-01 3.337587714195251465e-01 -9.041194915771484375e-01 0.000000000000000000e+00 2.000000000000000000e+00
9.736293029785156250e+01 1.521929473876953125e+02 1.052736282348632812e+02 -2.585709691047668457e-01 3.583936989307403564e-01 -8.970479369163513184e-01 0.000000000000000000e+00 2.000000000000000000e+00
9.718117523193359375e+01 1.524448699951171875e+02 1.046430740356445312e+02 -2.497045695781707764e-01 3.831825554370880127e-01 -8.892799019813537598e-01 0.000000000000000000e+00 2.000000000000000000e+00
9.700172424316406250e+01 1.527202453613281250e+02 1.040039901733398438e+02 -2.391680330038070679e-01 4.000107049942016602e-01 -8.847542405128479004e-01 0.000000000000000000e+00 2.000000000000000000e+00
9.682630157470703125e+01 1.530136413574218750e+02 1.033550491333007812e+02 -2.276587784290313721e-01 4.026783704757690430e-01 -8.865785598754882812e-01 0.000000000000000000e+00 2.000000000000000000e+00
9.665821838378906250e+01 1.533109436035156250e+02 1.027004776000976562e+02 -2.180211246013641357e-01 3.862334489822387695e-01 -8.962647914886474609e-01 0.000000000000000000e+00 2.000000000000000000e+00
9.649972534179687500e+01 1.535917205810546875e+02 1.020489273071289062e+02 -2.147979736328125000e-01 3.465864658355712891e-01 -9.130934476852416992e-01 0.000000000000000000e+00 2.000000000000000000e+00
9.634968566894531250e+01 1.538338165283203125e+02 1.014111175537109375e+02 -2.225680053234100342e-01 2.804073989391326904e-01 -9.337211251258850098e-01 0.000000000000000000e+00 2.000000000000000000e+00
9.620324707031250000e+01 1.540183105468750000e+02 1.007967758178710938e+02 -2.436254322528839111e-01 1.881810128688812256e-01 -9.514381289482116699e-01 0.000000000000000000e+00 2.000000000000000000e+00
9.605342864990234375e+01 1.541340332031250000e+02 1.002116851806640625e+02 -2.752008736133575439e-01 7.772114127874374390e-02 -9.582400321960449219e-01 0.000000000000000000e+00 2.000000000000000000e+00
9.589414978027343750e+01 1.541790161132812500e+02 9.965708160400390625e+01 -3.113795220851898193e-01 -3.684019669890403748e-02 -9.495712518692016602e-01 0.000000000000000000e+00 2.000000000000000000e+00
9.572158813476562500e+01 1.541585998535156250e+02 9.913084411621093750e+01 -3.465364277362823486e-01 -1.437346637248992920e-01 -9.269588589668273926e-01 0.000000000000000000e+00 2.000000000000000000e+00
9.553404235839843750e+01 1.540808105468750000e+02 9.862917327880859375e+01 -3.776927292346954346e-01 -2.399018555879592896e-01 -8.943126797676086426e-01 0.000000000000000000e+00 2.000000000000000000e+00
9.533116912841796875e+01 1.539519500732421875e+02 9.814880371093750000e+01 -4.047080278396606445e-01 -3.289507031440734863e-01 -8.532308936119079590e-01 0.000000000000000000e+00 2.000000000000000000e+00
9.511270904541015625e+01 1.537743835449218750e+02 9.768823242187500000e+01 -4.276684224605560303e-01 -4.143420457839965820e-01 -8.033806085586547852e-01 0.000000000000000000e+00 2.000000000000000000e+00
9.487815093994140625e+01 1.535471343994140625e+02 9.724761199951171875e+01 -4.455854892730712891e-01 -4.951250851154327393e-01 -7.458583712577819824e-01 0.000000000000000000e+00 2.000000000000000000e+00
9.462726593017578125e+01 1.532683563232421875e+02 9.682765960693359375e+01 -4.576651155948638916e-01 -5.663533806800842285e-01 -6.854097247123718262e-01 0.000000000000000000e+00 2.000000000000000000e+00
9.436087799072265625e+01 1.529387054443359375e+02 9.642871093750000000e+01 -4.645804166793823242e-01 -6.233155131340026855e-01 -6.290013790130615234e-01 0.000000000000000000e+00 2.000000000000000000e+00
9.408097839355468750e+01 1.525631713867187500e+02 9.604975128173828125e+01 -4.680100679397583008e-01 -6.641620397567749023e-01 -5.829710960388183594e-01 0.000000000000000000e+00 2.000000000000000000e+00
9.379063415527343750e+01 1.521511383056640625e+02 9.568808746337890625e+01 -4.703580737113952637e-01 -6.905087828636169434e-01 -5.495097041130065918e-01 0.000000000000000000e+00 2.000000000000000000e+00
9.349263000488281250e+01 1.517136535644531250e+02 9.533993530273437500e+01 -4.731012582778930664e-01 -7.046694755554199219e-01 -5.287874937057495117e-01 0.000000000000000000e+00 2.000000000000000000e+00
9.318908691406250000e+01 1.512615356445312500e+02 9.500066375732421875e+01 -4.767743349075317383e-01 -7.095630764961242676e-01 -5.188509821891784668e-01 0.000000000000000000e+00 2.000000000000000000e+00
9.288175964355468750e+01 1.508041534423828125e+02 9.466621398925781250e+01 -4.809154570102691650e-01 -7.081132531166076660e-01 -5.170066356658935547e-01 0.000000000000000000e+00 2.000000000000000000e+00
9.257240295410156250e+01 1.503486480712890625e+02 9.433364105224609375e+01 -4.846042990684509277e-01 -7.026917934417724609e-01 -5.209442377090454102e-01 0.000000000000000000e+00 2.000000000000000000e+00
9.226321411132812500e+01 1.499003143310546875e+02 9.400126647949218750e+01 -4.867711961269378662e-01 -6.953597664833068848e-01 -5.287045836448669434e-01 0.000000000000000000e+00 2.000000000000000000e+00
9.195669555664062500e+01 1.494624481201171875e+02 9.366834259033203125e+01 -4.865712821483612061e-01 -6.873438954353332520e-01 -5.392650365829467773e-01 0.000000000000000000e+00 2.000000000000000000e+00
9.165496063232421875e+01 1.490362091064453125e+02 9.333393096923828125e+01 -4.837009310722351074e-01 -6.793632507324218750e-01 -5.518143177032470703e-01 0.000000000000000000e+00 2.000000000000000000e+00
9.135897827148437500e+01 1.486204986572265625e+02 9.299626922607421875e+01 -4.785546958446502686e-01 -6.718041300773620605e-01 -5.653889179229736328e-01 0.000000000000000000e+00 2.000000000000000000e+00
9.106809997558593750e+01 1.482121582031250000e+02 9.265261077880859375e+01 -4.723080098628997803e-01 -6.644914150238037109e-01 -5.791169404983520508e-01 0.000000000000000000e+00 2.000000000000000000e+00
9.078028869628906250e+01 1.478072357177734375e+02 9.229971313476562500e+01 -4.663948714733123779e-01 -6.569586992263793945e-01 -5.923521518707275391e-01 0.000000000000000000e+00 2.000000000000000000e+00
9.049284362792968750e+01 1.474023437500000000e+02 9.193463897705078125e+01 -4.622177183628082275e-01 -6.488876938819885254e-01 -6.044001579284667969e-01 0.000000000000000000e+00 2.000000000000000000e+00
9.020327758789062500e+01 1.469958343505859375e+02 9.155599975585937500e+01 -4.610700011253356934e-01 -6.399558782577514648e-01 -6.147121191024780273e-01 0.000000000000000000e+00 2.000000000000000000e+00
8.990953063964843750e+01 1.465881195068359375e+02 9.116436767578125000e+01 -4.638349711894989014e-01 -6.300632953643798828e-01 -6.227979660034179688e-01 0.000000000000000000e+00 2.000000000000000000e+00
8.960997772216796875e+01 1.461812133789062500e+02 9.076215362548828125e+01 -4.710533022880554199e-01 -6.195614337921142578e-01 -6.278952360153198242e-01 0.000000000000000000e+00 2.000000000000000000e+00
8.930336761474609375e+01 1.457779388427734375e+02 9.035345458984375000e+01 -4.828754365444183350e-01 -6.086927056312561035e-01 -6.295431256294250488e-01 0.000000000000000000e+00 2.000000000000000000e+00
8.898886108398437500e+01 1.453814849853515625e+02 8.994342041015625000e+01 -4.989558160305023193e-01 -5.978083014488220215e-01 -6.274299025535583496e-01 0.000000000000000000e+00 2.000000000000000000e+00
8.866603851318359375e+01 1.449947052001953125e+02 8.953747558593750000e+01 -5.180801749229431152e-01 -5.873598456382751465e-01 -6.217727065086364746e-01 0.000000000000000000e+00 2.000000000000000000e+00
8.833524322509765625e+01 1.446196746826171875e+02 8.914047241210937500e+01 -5.386034250259399414e-01 -5.776076316833496094e-01 -6.134131550788879395e-01 0.000000000000000000e+00 2.000000000000000000e+00
8.799737548828125000e+01 1.442573394775390625e+02 8.875567626953125000e+01 -5.582612752914428711e-01 -5.689396262168884277e-01 -6.038642525672912598e-01 0.000000000000000000e+00 2.000000000000000000e+00
8.765395355224609375e+01 1.439073486328125000e+02 8.838420104980468750e+01 -5.751986503601074219e-01 -5.614381432533264160e-01 -5.949232578277587891e-01 0.000000000000000000e+00 2.000000000000000000e+00
8.730665588378906250e+01 1.435683593750000000e+02 8.802499389648437500e+01 -5.878100991249084473e-01 -5.550798773765563965e-01 -5.885283350944519043e-01 0.000000000000000000e+00 2.000000000000000000e+00
8.695698547363281250e+01 1.432381591796875000e+02 8.767489624023437500e+01 -5.953338146209716797e-01 -5.494493246078491211e-01 -5.862450003623962402e-01 0.000000000000000000e+00 2.000000000000000000e+00
8.660617065429687500e+01 1.429143829345703125e+02 8.732943725585937500e+01 -5.977959632873535156e-01 -5.438122153282165527e-01 -5.889891982078552246e-01 0.000000000000000000e+00 2.000000000000000000e+00
8.625505065917968750e+01 1.425949707031250000e+02 8.698348999023437500e+01 -5.955684185028076172e-01 -5.375361442565917969e-01 -5.969532132148742676e-01 0.000000000000000000e+00 2.000000000000000000e+00
8.590396118164062500e+01 1.422780914306640625e+02 8.663158416748046875e+01 -5.898261070251464844e-01 -5.301551818847656250e-01 -6.091310977935791016e-01 0.000000000000000000e+00 2.000000000000000000e+00
8.555290985107421875e+01 1.419625549316406250e+02 8.626904296875000000e+01 -5.816082358360290527e-01 -5.229082703590393066e-01 -6.231363415718078613e-01 0.000000000000000000e+00 2.000000000000000000e+00
8.520147705078125000e+01 1.416465911865234375e+02 8.589251708984375000e+01 -5.721698403358459473e-01 -5.178740024566650391e-01 -6.359466910362243652e-01 0.000000000000000000e+00 2.000000000000000000e+00
8.484925079345703125e+01 1.413277893066406250e+02 8.550102996826171875e+01 -5.626437664031982422e-01 -5.175879597663879395e-01 -6.446197032928466797e-01 0.000000000000000000e+00 2.000000000000000000e+00
8.449626159667968750e+01 1.410030670166015625e+02 8.509661102294921875e+01 -5.538024902343750000e-01 -5.235733389854431152e-01 -6.474363207817077637e-01 0.000000000000000000e+00 2.000000000000000000e+00
8.414347839355468750e+01 1.406695404052734375e+02 8.468418121337890625e+01 -5.460841059684753418e-01 -5.351624488830566406e-01 -6.445101499557495117e-01 0.000000000000000000e+00 2.000000000000000000e+00
8.379328918457031250e+01 1.403263549804687500e+02 8.427087402343750000e+01 -5.394265651702880859e-01 -5.500143766403198242e-01 -6.375759243965148926e-01 0.000000000000000000e+00 2.000000000000000000e+00
8.344928741455078125e+01 1.399756011962890625e+02 8.386428070068359375e+01 -5.335033535957336426e-01 -5.644192099571228027e-01 -6.299247741699218750e-01 0.000000000000000000e+00 2.000000000000000000e+00
8.311579895019531250e+01 1.396227874755859375e+02 8.347052001953125000e+01 -5.279408097267150879e-01 -5.750722885131835938e-01 -6.249561905860900879e-01 0.000000000000000000e+00 2.000000000000000000e+00
8.279677581787109375e+01 1.392752838134765625e+02 8.309287261962890625e+01 -5.215780735015869141e-01 -5.799444317817687988e-01 -6.257961392402648926e-01 0.000000000000000000e+00 2.000000000000000000e+00
8.249501800537109375e+01 1.389397583007812500e+02 8.273081970214843750e+01 -5.130784511566162109e-01 -5.790764093399047852e-01 -6.335778832435607910e-01 0.000000000000000000e+00 2.000000000000000000e+00
8.221138763427734375e+01 1.386196441650390625e+02 8.238057708740234375e+01 -5.013042092323303223e-01 -5.746161341667175293e-01 -6.469237208366394043e-01 0.000000000000000000e+00 2.000000000000000000e+00
8.194480133056640625e+01 1.383140716552734375e+02 8.203655242919921875e+01 -4.867857992649078369e-01 -5.696035623550415039e-01 -6.622623205184936523e-01 0.000000000000000000e+00 2.000000000000000000e+00
8.169232940673828125e+01 1.380186462402343750e+02 8.169306945800781250e+01 -4.719395935535430908e-01 -5.670757889747619629e-01 -6.750541329383850098e-01 0.000000000000000000e+00 2.000000000000000000e+00
8.144980621337890625e+01 1.377272338867187500e+02 8.134616851806640625e+01 -4.597537815570831299e-01 -5.689584016799926758e-01 -6.818451285362243652e-01 0.000000000000000000e+00 2.000000000000000000e+00
8.121260070800781250e+01 1.374336853027343750e+02 8.099437713623046875e+01 -4.524795413017272949e-01 -5.755376219749450684e-01 -6.811892390251159668e-01 0.000000000000000000e+00 2.000000000000000000e+00
8.097639465332031250e+01 1.371332397460937500e+02 8.063877868652343750e+01 -4.500680267810821533e-01 -5.862906575202941895e-01 -6.735740303993225098e-01 0.000000000000000000e+00 2.000000000000000000e+00
8.073818969726562500e+01 1.368229370117187500e+02 8.028227996826171875e+01 -4.503237307071685791e-01 -6.005835533142089844e-01 -6.606875061988830566e-01 0.000000000000000000e+00 2.000000000000000000e+00
8.049696350097656250e+01 1.365012207031250000e+02 7.992836761474609375e+01 -4.500129222869873047e-01 -6.178143620491027832e-01 -6.448207497596740723e-01 0.000000000000000000e+00 2.000000000000000000e+00
8.025389099121093750e+01 1.361675109863281250e+02 7.958007049560546875e+01 -4.464102089405059814e-01 -6.369530558586120605e-01 -6.284973025321960449e-01 0.000000000000000000e+00 2.000000000000000000e+00
8.001181793212890625e+01 1.358221130371093750e+02 7.923925781250000000e+01 -4.378632307052612305e-01 -6.569144725799560547e-01 -6.137908101081848145e-01 0.000000000000000000e+00 2.000000000000000000e+00
7.977438354492187500e+01 1.354658966064453125e+02 7.890642547607421875e+01 -4.239120185375213623e-01 -6.767772436141967773e-01 -6.018896698951721191e-01 0.000000000000000000e+00 2.000000000000000000e+00
7.954479980468750000e+01 1.350993652343750000e+02 7.858045196533203125e+01 -4.048049747943878174e-01 -6.964123845100402832e-01 -5.925729870796203613e-01 0.000000000000000000e+00 2.000000000000000000e+00
7.932500457763671875e+01 1.347212371826171875e+02 7.825870513916015625e+01 -3.811213076114654541e-01 -7.164103388786315918e-01 -5.843822956085205078e-01 0.000000000000000000e+00 2.000000000000000000e+00
7.911551666259765625e+01 1.343274536132812500e+02 7.793749237060546875e+01 -3.537878692150115967e-01 -7.376646995544433594e-01 -5.750521421432495117e-01 0.000000000000000000e+00 2.000000000000000000e+00
7.891564941406250000e+01 1.339107208251953125e+02 7.761262512207031250e+01 -3.244512081146240234e-01 -7.602491974830627441e-01 -5.628077387809753418e-01 0.000000000000000000e+00 2.000000000000000000e+00
7.872410583496093750e+01 1.334618988037109375e+02 7.728036499023437500e+01 -2.949311137199401855e-01 -7.838646769523620605e-01 -5.464171767234802246e-01 0.000000000000000000e+00 2.000000000000000000e+00
7.853961944580078125e+01 1.329715728759765625e+02 7.693856811523437500e+01 -2.664814889430999756e-01 -8.078584671020507812e-01 -5.256921648979187012e-01 0.000000000000000000e+00 2.000000000000000000e+00
7.836177825927734375e+01 1.324324340820312500e+02 7.658773803710937500e+01 -2.396617829799652100e-01 -8.313295245170593262e-01 -5.014513134956359863e-01 0.000000000000000000e+00 2.000000000000000000e+00
7.819130706787109375e+01 1.318411102294921875e+02 7.623105621337890625e+01 -2.132460474967956543e-01 -8.538762927055358887e-01 -4.747857153415679932e-01 0.000000000000000000e+00 2.000000000000000000e+00
7.803081512451171875e+01 1.311984710693359375e+02 7.587372589111328125e+01 -1.849496662616729736e-01 -8.754626512527465820e-01 -4.464960396289825439e-01 0.000000000000000000e+00 2.000000000000000000e+00
7.788511657714843750e+01 1.305088043212890625e+02 7.552198791503906250e+01 -1.520425975322723389e-01 -8.958352208137512207e-01 -4.175671339035034180e-01 0.000000000000000000e+00 2.000000000000000000e+00
7.776120758056640625e+01 1.297787322998046875e+02 7.518168640136718750e+01 -1.123214736580848694e-01 -9.145720005035400391e-01 -3.885125219821929932e-01 0.000000000000000000e+00 2.000000000000000000e+00
7.766748046875000000e+01 1.290155639648437500e+02 7.485749053955078125e+01 -6.509443372488021851e-02 -9.308179616928100586e-01 -3.596395254135131836e-01 0.000000000000000000e+00 2.000000000000000000e+00
7.761230468750000000e+01 1.282265777587890625e+02 7.455265045166015625e+01 -1.207309402525424957e-02 -9.434552788734436035e-01 -3.312799930572509766e-01 0.000000000000000000e+00 2.000000000000000000e+00
7.760195922851562500e+01 1.274181289672851562e+02 7.426877593994140625e+01 4.322790354490280151e-02 -9.516232609748840332e-01 -3.042114078998565674e-01 0.000000000000000000e+00 2.000000000000000000e+00
7.763930511474609375e+01 1.265959930419921875e+02 7.400595855712890625e+01 9.620235860347747803e-02 -9.553311467170715332e-01 -2.794411778450012207e-01 0.000000000000000000e+00 2.000000000000000000e+00
7.772298431396484375e+01 1.257650222778320312e+02 7.376289367675781250e+01 1.431354582309722900e-01 -9.553510546684265137e-01 -2.584889829158782959e-01 0.000000000000000000e+00 2.000000000000000000e+00
7.784806060791015625e+01 1.249302062988281250e+02 7.353701782226562500e+01 1.825056225061416626e-01 -9.526990056037902832e-01 -2.430150806903839111e-01 0.000000000000000000e+00 2.000000000000000000e+00
7.800764465332031250e+01 1.240971603393554688e+02 7.332452392578125000e+01 2.161435931921005249e-01 -9.479551315307617188e-01 -2.338014096021652222e-01 0.000000000000000000e+00 2.000000000000000000e+00
7.819544982910156250e+01 1.232734909057617188e+02 7.312137603759765625e+01 2.480094283819198608e-01 -9.408210515975952148e-01 -2.309699207544326782e-01 0.000000000000000000e+00 2.000000000000000000e+00
7.840754699707031250e+01 1.224689025878906250e+02 7.292385101318359375e+01 2.830862402915954590e-01 -9.301929473876953125e-01 -2.336733341217041016e-01 0.000000000000000000e+00 2.000000000000000000e+00
7.864318084716796875e+01 1.216946334838867188e+02 7.272934722900390625e+01 3.258231580257415771e-01 -9.143301844596862793e-01 -2.404984980821609497e-01 0.000000000000000000e+00 2.000000000000000000e+00
7.890436553955078125e+01 1.209616928100585938e+02 7.253656005859375000e+01 3.781816959381103516e-01 -8.915292620658874512e-01 -2.493072450160980225e-01 0.000000000000000000e+00 2.000000000000000000e+00
7.919420623779296875e+01 1.202784194946289062e+02 7.234548950195312500e+01 4.383327662944793701e-01 -8.610804677009582520e-01 -2.576913535594940186e-01 0.000000000000000000e+00 2.000000000000000000e+00
7.951499938964843750e+01 1.196482391357421875e+02 7.215689849853515625e+01 5.007363557815551758e-01 -8.244695067405700684e-01 -2.636534869670867920e-01 0.000000000000000000e+00 2.000000000000000000e+00
7.986682891845703125e+01 1.190689468383789062e+02 7.197164916992187500e+01 5.575982332229614258e-01 -7.860320806503295898e-01 -2.669039666652679443e-01 0.000000000000000000e+00 2.000000000000000000e+00
8.024645996093750000e+01 1.185337905883789062e+02 7.178993225097656250e+01 6.035714745521545410e-01 -7.506455183029174805e-01 -2.687616348266601562e-01 0.000000000000000000e+00 2.000000000000000000e+00
8.064860534667968750e+01 1.180336532592773438e+02 7.161086273193359375e+01 6.368960738182067871e-01 -7.212501168251037598e-01 -2.723263800144195557e-01 0.000000000000000000e+00 2.000000000000000000e+00
8.106681060791015625e+01 1.175600585937500000e+02 7.143204498291015625e+01 6.589441299438476562e-01 -6.979587078094482422e-01 -2.804392874240875244e-01 0.000000000000000000e+00 2.000000000000000000e+00
8.149436187744140625e+01 1.171071929931640625e+02 7.125008392333984375e+01 6.728716492652893066e-01 -6.782553791999816895e-01 -2.953193187713623047e-01 0.000000000000000000e+00 2.000000000000000000e+00
8.192536163330078125e+01 1.166727447509765625e+02 7.106092071533203125e+01 6.814280152320861816e-01 -6.592796444892883301e-01 -3.178148567676544189e-01 0.000000000000000000e+00 2.000000000000000000e+00
8.235468292236328125e+01 1.162573776245117188e+02 7.086068725585937500e+01 6.863682270050048828e-01 -6.388440132141113281e-01 -3.475297689437866211e-01 0.000000000000000000e+00 2.000000000000000000e+00
8.277824401855468750e+01 1.158631439208984375e+02 7.064622497558593750e+01 6.881782412528991699e-01 -6.163071393966674805e-01 -3.828526735305786133e-01 0.000000000000000000e+00 2.000000000000000000e+00
8.319318389892578125e+01 1.154915390014648438e+02 7.041538238525390625e+01 6.866225004196166992e-01 -5.925024151802062988e-01 -4.212962388992309570e-01 0.000000000000000000e+00 2.000000000000000000e+00
8.359820556640625000e+01 1.151420364379882812e+02 7.016687011718750000e+01 6.814215183258056641e-01 -5.689983963966369629e-01 -4.603319168090820312e-01 0.000000000000000000e+00 2.000000000000000000e+00
8.399400329589843750e+01 1.148115386962890625e+02 6.989949035644531250e+01 6.726703643798828125e-01 -5.478415489196777344e-01 -4.973774254322052002e-01 0.000000000000000000e+00 2.000000000000000000e+00
8.438330078125000000e+01 1.144944839477539062e+02 6.961164093017578125e+01 6.607134938240051270e-01 -5.310359001159667969e-01 -5.305266380310058594e-01 0.000000000000000000e+00 2.000000000000000000e+00
8.476937866210937500e+01 1.141841812133789062e+02 6.930163574218750000e+01 6.462690234184265137e-01 -5.191552639007568359e-01 -5.592978000640869141e-01 0.000000000000000000e+00 2.000000000000000000e+00
8.515505981445312500e+01 1.138743591308593750e+02 6.896785736083984375e+01 6.297239661216735840e-01 -5.119499564170837402e-01 -5.842559933662414551e-01 0.000000000000000000e+00 2.000000000000000000e+00
8.554137420654296875e+01 1.135602951049804688e+02 6.860943603515625000e+01 6.110163927078247070e-01 -5.087150931358337402e-01 -6.065212488174438477e-01 0.000000000000000000e+00 2.000000000000000000e+00
8.592715454101562500e+01 1.132391052246093750e+02 6.822649383544921875e+01 5.894783139228820801e-01 -5.087876915931701660e-01 -6.274157166481018066e-01 0.000000000000000000e+00 2.000000000000000000e+00
8.630911254882812500e+01 1.129094314575195312e+02 6.781995391845703125e+01 5.646912455558776855e-01 -5.116451978683471680e-01 -6.475670337677001953e-01 0.000000000000000000e+00 2.000000000000000000e+00
8.668303680419921875e+01 1.125706329345703125e+02 6.739115142822265625e+01 5.365723967552185059e-01 -5.168834328651428223e-01 -6.670244932174682617e-01 0.000000000000000000e+00 2.000000000000000000e+00
8.704460906982421875e+01 1.122223281860351562e+02 6.694167327880859375e+01 5.059603452682495117e-01 -5.236127972602844238e-01 -6.854441761970520020e-01 0.000000000000000000e+00 2.000000000000000000e+00
8.739033508300781250e+01 1.118645401000976562e+02 6.647330474853515625e+01 4.745249748229980469e-01 -5.310778617858886719e-01 -7.019845843315124512e-01 0.000000000000000000e+00 2.000000000000000000e+00
8.771810150146484375e+01 1.114977111816406250e+02 6.598842620849609375e+01 4.441617727279663086e-01 -5.384274125099182129e-01 -7.161118388175964355e-01 0.000000000000000000e+00 2.000000000000000000e+00
8.802707672119140625e+01 1.111231613159179688e+02 6.549027252197265625e+01 4.165783822536468506e-01 -5.454896688461303711e-01 -7.272575497627258301e-01 0.000000000000000000e+00 2.000000000000000000e+00
8.831780242919921875e+01 1.107424697875976562e+02 6.498272705078125000e+01 3.928883373737335205e-01 -5.523916482925415039e-01 -7.351886034011840820e-01 0.000000000000000000e+00 2.000000000000000000e+00
8.859202575683593750e+01 1.103569183349609375e+02 6.446958923339843750e+01 3.733542263507843018e-01 -5.599820613861083984e-01 -7.396125793457031250e-01 0.000000000000000000e+00 2.000000000000000000e+00
8.885214996337890625e+01 1.099667663574218750e+02 6.395428466796875000e+01 3.576455712318420410e-01 -5.694857835769653320e-01 -7.401186823844909668e-01 0.000000000000000000e+00 2.000000000000000000e+00
8.910086059570312500e+01 1.095707397460937500e+02 6.343959808349609375e+01 3.451516330242156982e-01 -5.820356607437133789e-01 -7.362776994705200195e-01 0.000000000000000000e+00 2.000000000000000000e+00
8.934065246582031250e+01 1.091663742065429688e+02 6.292807388305664062e+01 3.346978127956390381e-01 -5.989023447036743164e-01 -7.275254726409912109e-01 0.000000000000000000e+00 2.000000000000000000e+00
8.957331848144531250e+01 1.087500457763671875e+02 6.242233276367187500e+01 3.255841135978698730e-01 -6.202577352523803711e-01 -7.136352658271789551e-01 0.000000000000000000e+00 2.000000000000000000e+00
8.980017852783203125e+01 1.083178634643554688e+02 6.192508697509765625e+01 3.170833885669708252e-01 -6.453811526298522949e-01 -6.949397921562194824e-01 0.000000000000000000e+00 2.000000000000000000e+00
9.002172088623046875e+01 1.078669433593750000e+02 6.143954086303710938e+01 3.086870312690734863e-01 -6.736919283866882324e-01 -6.714546680450439453e-01 0.000000000000000000e+00 2.000000000000000000e+00
9.023804473876953125e+01 1.073948287963867188e+02 6.096899414062500000e+01 3.002462685108184814e-01 -7.045093774795532227e-01 -6.430542469024658203e-01 0.000000000000000000e+00 2.000000000000000000e+00
9.044937133789062500e+01 1.068989639282226562e+02 6.051638412475585938e+01 2.916088700294494629e-01 -7.372038364410400391e-01 -6.095036864280700684e-01 0.000000000000000000e+00 2.000000000000000000e+00
9.065576171875000000e+01 1.063771972656250000e+02 6.008499908447265625e+01 2.830714583396911621e-01 -7.711054086685180664e-01 -5.703217983245849609e-01 0.000000000000000000e+00 2.000000000000000000e+00
9.085757446289062500e+01 1.058274459838867188e+02 5.967839431762695312e+01 2.755294740200042725e-01 -8.051851391792297363e-01 -5.251290202140808105e-01 0.000000000000000000e+00 2.000000000000000000e+00
9.105587005615234375e+01 1.052479629516601562e+02 5.930046463012695312e+01 2.704204618930816650e-01 -8.378245830535888672e-01 -4.742600917816162109e-01 0.000000000000000000e+00 2.000000000000000000e+00
9.125276184082031250e+01 1.046379470825195312e+02 5.895515823364257812e+01 2.695698738098144531e-01 -8.672550916671752930e-01 -4.185698926448822021e-01 0.000000000000000000e+00 2.000000000000000000e+00
9.145169830322265625e+01 1.039979324340820312e+02 5.864626312255859375e+01 2.746893763542175293e-01 -8.918343186378479004e-01 -3.594124019145965576e-01 0.000000000000000000e+00 2.000000000000000000e+00
9.165753936767578125e+01 1.033296279907226562e+02 5.837693405151367188e+01 2.866154015064239502e-01 -9.104818701744079590e-01 -2.981180548667907715e-01 0.000000000000000000e+00 2.000000000000000000e+00
9.187596893310546875e+01 1.026357498168945312e+02 5.814973831176757812e+01 3.050807416439056396e-01 -9.226966500282287598e-01 -2.357044368982315063e-01 0.000000000000000000e+00 2.000000000000000000e+00
9.211264801025390625e+01 1.019199295043945312e+02 5.796688079833984375e+01 3.286412954330444336e-01 -9.284834861755371094e-01 -1.729546040296554565e-01 0.000000000000000000e+00 2.000000000000000000e+00
9.237197875976562500e+01 1.011872634887695312e+02 5.783040237426757812e+01 3.555342853069305420e-01 -9.281075596809387207e-01 -1.105073764920234680e-01 0.000000000000000000e+00 2.000000000000000000e+00
9.265647888183593750e+01 1.004445877075195312e+02 5.774197387695312500e+01 3.840198218822479248e-01 -9.220348596572875977e-01 -4.878893867135047913e-02 0.000000000000000000e+00 2.000000000000000000e+00
9.296661376953125000e+01 9.969995117187500000e+01 5.770257186889648438e+01 4.127818942070007324e-01 -9.107618927955627441e-01 1.112486515194177628e-02 0.000000000000000000e+00 2.000000000000000000e+00
9.330136108398437500e+01 9.896136474609375000e+01 5.771159362792968750e+01 4.409389197826385498e-01 -8.950120210647583008e-01 6.727844476699829102e-02 0.000000000000000000e+00 2.000000000000000000e+00
9.365917968750000000e+01 9.823506927490234375e+01 5.776618957519531250e+01 4.680049121379852295e-01 -8.759312629699707031e-01 1.171141043305397034e-01 0.000000000000000000e+00 2.000000000000000000e+00
9.403877258300781250e+01 9.752461242675781250e+01 5.786117935180664062e+01 4.944113790988922119e-01 -8.547058701515197754e-01 1.582255661487579346e-01 0.000000000000000000e+00 2.000000000000000000e+00
9.443978118896484375e+01 9.683137512207031250e+01 5.798951339721679688e+01 5.205733776092529297e-01 -8.324776887893676758e-01 1.896952986717224121e-01 0.000000000000000000e+00 2.000000000000000000e+00
9.486251068115234375e+01 9.615536499023437500e+01 5.814355468750000000e+01 5.474665164947509766e-01 -8.095910549163818359e-01 2.117606997489929199e-01 0.000000000000000000e+00 2.000000000000000000e+00
9.530794525146484375e+01 9.549665832519531250e+01 5.831584930419921875e+01 5.756669044494628906e-01 -7.857396602630615234e-01 2.263201624155044556e-01 0.000000000000000000e+00 2.000000000000000000e+00
9.577667999267578125e+01 9.485687255859375000e+01 5.850012969970703125e+01 6.050210595130920410e-01 -7.605575919151306152e-01 2.355876117944717407e-01 0.000000000000000000e+00 2.000000000000000000e+00
9.626805114746093750e+01 9.423918151855468750e+01 5.869146347045898438e+01 6.347479224205017090e-01 -7.341073155403137207e-01 2.412081807851791382e-01 0.000000000000000000e+00 2.000000000000000000e+00
9.677991485595703125e+01 9.364719390869140625e+01 5.888597488403320312e+01 6.638553142547607422e-01 -7.067063450813293457e-01 2.446678280830383301e-01 0.000000000000000000e+00 2.000000000000000000e+00
9.730825042724609375e+01 9.308475494384765625e+01 5.908069610595703125e+01 6.910505890846252441e-01 -6.793280839920043945e-01 2.469057440757751465e-01 0.000000000000000000e+00 2.000000000000000000e+00
9.784751129150390625e+01 9.255464172363281250e+01 5.927336883544921875e+01 7.151508331298828125e-01 -6.534677743911743164e-01 2.480708956718444824e-01 0.000000000000000000e+00 2.000000000000000000e+00
9.839168548583984375e+01 9.205740356445312500e+01 5.946213150024414062e+01 7.353178858757019043e-01 -6.311948895454406738e-01 2.467803210020065308e-01 0.000000000000000000e+00 2.000000000000000000e+00
9.893559265136718750e+01 9.159051513671875000e+01 5.964467239379882812e+01 7.512384653091430664e-01 -6.149514913558959961e-01 2.397405952215194702e-01 0.000000000000000000e+00 2.000000000000000000e+00
9.947595214843750000e+01 9.114818572998046875e+01 5.981711578369140625e+01 7.636376023292541504e-01 -6.060700416564941406e-01 2.225684076547622681e-01 0.000000000000000000e+00 2.000000000000000000e+00
1.000125732421875000e+02 9.072229003906250000e+01 5.997351837158203125e+01 7.740722894668579102e-01 -6.031663417816162109e-01 1.923601776361465454e-01 0.000000000000000000e+00 2.000000000000000000e+00
1.005481109619140625e+02 9.030499267578125000e+01 6.010660171508789062e+01 7.847519516944885254e-01 -6.013417243957519531e-01 1.501747369766235352e-01 0.000000000000000000e+00 2.000000000000000000e+00
1.010883636474609375e+02 8.989100646972656250e+01 6.020998764038085938e+01 7.976499795913696289e-01 -5.943002104759216309e-01 1.027707010507583618e-01 0.000000000000000000e+00 2.000000000000000000e+00
1.016409301757812500e+02 8.947930908203125000e+01 6.028118133544921875e+01 8.142030835151672363e-01 -5.774483680725097656e-01 6.022231653332710266e-02 0.000000000000000000e+00 2.000000000000000000e+00
1.022133560180664062e+02 8.907333374023437500e+01 6.032352066040039062e+01 8.343238234519958496e-01 -5.503857731819152832e-01 3.129287436604499817e-02 0.000000000000000000e+00 2.000000000000000000e+00
1.028105773925781250e+02 8.867935943603515625e+01 6.034592056274414062e+01 8.563278317451477051e-01 -5.160405635833740234e-01 2.011938020586967468e-02 0.000000000000000000e+00 2.000000000000000000e+00
1.034330749511718750e+02 8.830422973632812500e+01 6.036054611206054688e+01 8.774966597557067871e-01 -4.789238870143890381e-01 2.512987703084945679e-02 0.000000000000000000e+00 2.000000000000000000e+00
1.040767135620117188e+02 8.795294189453125000e+01 6.037897872924804688e+01 8.953913450241088867e-01 -4.433878064155578613e-01 4.100798815488815308e-02 0.000000000000000000e+00 2.000000000000000000e+00
1.047332229614257812e+02 8.762784576416015625e+01 6.040904617309570312e+01 9.089304804801940918e-01 -4.124876856803894043e-01 6.082148477435112000e-02 0.000000000000000000e+00 2.000000000000000000e+00
1.053936004638671875e+02 8.732815551757812500e+01 6.045323562622070312e+01 9.184932708740234375e-01 -3.876592814922332764e-01 7.804159820079803467e-02 0.000000000000000000e+00 2.000000000000000000e+00
1.060520935058593750e+02 8.705023193359375000e+01 6.050918579101562500e+01 9.254145026206970215e-01 -3.687815666198730469e-01 8.722478151321411133e-02 0.000000000000000000e+00 2.000000000000000000e+00
1.067090377807617188e+02 8.678843688964843750e+01 6.057110595703125000e+01 9.310652613639831543e-01 -3.548426926136016846e-01 8.487676829099655151e-02 0.000000000000000000e+00 2.000000000000000000e+00
1.073714141845703125e+02 8.653599548339843750e+01 6.063148880004882812e+01 9.362094402313232422e-01 -3.442661166191101074e-01 7.065900415182113647e-02 0.000000000000000000e+00 2.000000000000000000e+00
1.080505676269531250e+02 8.628625488281250000e+01 6.068274688720703125e+01 9.409592151641845703e-01 -3.351741135120391846e-01 4.747615009546279907e-02 0.000000000000000000e+00 2.000000000000000000e+00
1.087580871582031250e+02 8.603423309326171875e+01 6.071844482421875000e+01 9.451977014541625977e-01 -3.258851170539855957e-01 2.000487595796585083e-02 0.000000000000000000e+00 2.000000000000000000e+00
1.095019302368164062e+02 8.577777099609375000e+01 6.073418807983398438e+01 9.488403201103210449e-01 -3.156658411026000977e-01 -7.551792543381452560e-03 0.000000000000000000e+00 2.000000000000000000e+00
1.102836608886718750e+02 8.551770019531250000e+01 6.072796630859375000e+01 9.520814418792724609e-01 -3.041309416294097900e-01 -3.233112394809722900e-02 0.000000000000000000e+00 2.000000000000000000e+00
1.110986480712890625e+02 8.525736236572265625e+01 6.070029067993164062e+01 9.550176858901977539e-01 -2.917736172676086426e-01 -5.300400778651237488e-02 0.000000000000000000e+00 2.000000000000000000e+00
1.119385604858398438e+02 8.500075531005859375e+01 6.065367507934570312e+01 9.577646255493164062e-01 -2.790639400482177734e-01 -6.935586780309677124e-02 0.000000000000000000e+00 2.000000000000000000e+00
1.127938003540039062e+02 8.475156402587890625e+01 6.059174346923828125e+01 9.603403806686401367e-01 -2.665470838546752930e-01 -8.184796571731567383e-02 0.000000000000000000e+00 2.000000000000000000e+00
1.136568374633789062e+02 8.451202392578125000e+01 6.051818847656250000e+01 9.627931118011474609e-01 -2.543193399906158447e-01 -9.138420969247817993e-02 0.000000000000000000e+00 2.000000000000000000e+00
1.145223770141601562e+02 8.428339385986328125e+01 6.043603515625000000e+01 9.651570320129394531e-01 -2.422428727149963379e-01 -9.894571453332901001e-02 0.000000000000000000e+00 2.000000000000000000e+00
1.153872146606445312e+02 8.406632995605468750e+01 6.034737396240234375e+01 9.673941731452941895e-01 -2.303584665060043335e-01 -1.052785739302635193e-01 0.000000000000000000e+00 2.000000000000000000e+00
1.162486038208007812e+02 8.386121368408203125e+01 6.025363159179687500e+01 9.694205522537231445e-01 -2.190452218055725098e-01 -1.106479614973068237e-01 0.000000000000000000e+00 2.000000000000000000e+00
1.171029968261718750e+02 8.366815948486328125e+01 6.015611267089843750e+01 9.711703658103942871e-01 -2.089063823223114014e-01 -1.148317158222198486e-01 0.000000000000000000e+00 2.000000000000000000e+00
1.179461364746093750e+02 8.348679351806640625e+01 6.005641937255859375e+01 9.726538062095642090e-01 -2.005816847085952759e-01 -1.170964837074279785e-01 0.000000000000000000e+00 2.000000000000000000e+00
1.187729644775390625e+02 8.331628417968750000e+01 5.995687866210937500e+01 9.740150570869445801e-01 -1.942180097103118896e-01 -1.165078133344650269e-01 0.000000000000000000e+00 2.000000000000000000e+00
1.195808639526367188e+02 8.315518951416015625e+01 5.986024093627929688e+01 9.755780696868896484e-01 -1.887435317039489746e-01 -1.123538389801979065e-01 0.000000000000000000e+00 2.000000000000000000e+00
1.203716506958007812e+02 8.300219726562500000e+01 5.976916885375976562e+01 9.776985645294189453e-01 -1.822445988655090332e-01 -1.043668240308761597e-01 0.000000000000000000e+00 2.000000000000000000e+00
1.211530838012695312e+02 8.285653686523437500e+01 5.968575286865234375e+01 9.803557991981506348e-01 -1.736587882041931152e-01 -9.351517260074615479e-02 0.000000000000000000e+00 2.000000000000000000e+00
1.219378662109375000e+02 8.271752166748046875e+01 5.961089324951171875e+01 9.831982851028442383e-01 -1.634801924228668213e-01 -8.121220022439956665e-02 0.000000000000000000e+00 2.000000000000000000e+00
1.227407073974609375e+02 8.258403015136718750e+01 5.954457855224609375e+01 9.856927394866943359e-01 -1.534118652343750000e-01 -6.981888413429260254e-02 0.000000000000000000e+00 2.000000000000000000e+00
1.235733108520507812e+02 8.245444488525390625e+01 5.948560333251953125e+01 9.874569177627563477e-01 -1.452884227037429810e-01 -6.180626526474952698e-02 0.000000000000000000e+00 2.000000000000000000e+00
1.244397811889648438e+02 8.232695770263671875e+01 5.943136978149414062e+01 9.884371757507324219e-01 -1.396327465772628784e-01 -5.911588668823242188e-02 0.000000000000000000e+00 2.000000000000000000e+00
1.253351669311523438e+02 8.220046997070312500e+01 5.937781906127929688e+01 9.887213110923767090e-01 -1.355103999376296997e-01 -6.377350538969039917e-02 0.000000000000000000e+00 2.000000000000000000e+00
1.262454757690429688e+02 8.207570648193359375e+01 5.931910324096679688e+01 9.883430600166320801e-01 -1.313896626234054565e-01 -7.690777629613876343e-02 0.000000000000000000e+00 2.000000000000000000e+00
1.271529846191406250e+02 8.195506286621093750e+01 5.924848556518554688e+01 9.871865510940551758e-01 -1.256018579006195068e-01 -9.842202812433242798e-02 0.000000000000000000e+00 2.000000000000000000e+00
1.280416564941406250e+02 8.184199523925781250e+01 5.915988540649414062e+01 9.850231409072875977e-01 -1.181919500231742859e-01 -1.255390793085098267e-01 0.000000000000000000e+00 2.000000000000000000e+00
1.289018859863281250e+02 8.173877716064453125e+01 5.905025100708007812e+01 9.820660948753356934e-01 -1.107521280646324158e-01 -1.525780558586120605e-01 0.000000000000000000e+00 2.000000000000000000e+00
1.297304840087890625e+02 8.164533233642578125e+01 5.892151641845703125e+01 9.793023467063903809e-01 -1.061216145753860474e-01 -1.723518222570419312e-01 0.000000000000000000e+00 2.000000000000000000e+00
1.305298614501953125e+02 8.155870819091796875e+01 5.878083038330078125e+01 9.779809713363647461e-01 -1.068496853113174438e-01 -1.792662739753723145e-01 0.000000000000000000e+00 2.000000000000000000e+00
1.313032379150390625e+02 8.147421264648437500e+01 5.863906860351562500e+01 9.784892201423645020e-01 -1.137610748410224915e-01 -1.720966249704360962e-01 0.000000000000000000e+00 2.000000000000000000e+00
1.320497589111328125e+02 8.138742065429687500e+01 5.850777053833007812e+01 9.800979495048522949e-01 -1.254380792379379272e-01 -1.538612544536590576e-01 0.000000000000000000e+00 2.000000000000000000e+00
1.327615203857421875e+02 8.129632568359375000e+01 5.839603424072265625e+01 9.816532731056213379e-01 -1.396071165800094604e-01 -1.298720985651016235e-01 0.000000000000000000e+00 2.000000000000000000e+00
1.334231414794921875e+02 8.120223236083984375e+01 5.830850219726562500e+01 9.825106263160705566e-01 -1.537670046091079712e-01 -1.050170138478279114e-01 0.000000000000000000e+00 2.000000000000000000e+00
1.340159759521484375e+02 8.110945129394531250e+01 5.824513626098632812e+01 9.825789332389831543e-01 -1.664090305566787720e-01 -8.274543285369873047e-02 0.000000000000000000e+00 2.000000000000000000e+00
1.345221862792968750e+02 8.102371978759765625e+01 5.820250701904296875e+01 9.821001291275024414e-01 -1.769337952136993408e-01 -6.460507959127426147e-02 0.000000000000000000e+00 2.000000000000000000e+00
1.349300842285156250e+02 8.095023345947265625e+01 5.817567443847656250e+01 9.821001291275024414e-01 -1.769337952136993408e-01 -6.460507959127426147e-02 0.000000000000000000e+00 2.000000000000000000e+00
