1.564196929931640625e+02 2.195784454345703125e+02 1.932299652099609375e+02 7.847585678100585938e-01 2.262456119060516357e-01 -5.770329236984252930e-01 0.000000000000000000e+00 2.000000000000000000e+00
1.561895141601562500e+02 2.195120849609375000e+02 1.933992156982421875e+02 7.699689865112304688e-01 2.342063486576080322e-01 -5.935446023941040039e-01 0.000000000000000000e+00 2.000000000000000000e+00
1.559070892333984375e+02 2.194261779785156250e+02 1.936169281005859375e+02 7.523874044418334961e-01 2.432262301445007324e-01 -6.121717095375061035e-01 0.000000000000000000e+00 2.000000000000000000e+00
1.555855560302734375e+02 2.193222351074218750e+02 1.938785400390625000e+02 7.324878573417663574e-01 2.529082596302032471e-01 -6.320593357086181641e-01 0.000000000000000000e+00 2.000000000000000000e+00
1.552417755126953125e+02 2.192035369873046875e+02 1.941751861572265625e+02 7.111042141914367676e-01 2.627374231815338135e-01 -6.521501541137695312e-01 0.000000000000000000e+00 2.000000000000000000e+00
1.548915252685546875e+02 2.190741271972656250e+02 1.944963989257812500e+02 6.901350021362304688e-01 2.718353867530822754e-01 -6.706855893135070801e-01 0.000000000000000000e+00 2.000000000000000000e+00
1.545455474853515625e+02 2.189378509521484375e+02 1.948326263427734375e+02 6.716095209121704102e-01 2.794416546821594238e-01 -6.861872076988220215e-01 0.000000000000000000e+00 2.000000000000000000e+00
1.542088165283203125e+02 2.187977447509765625e+02 1.951766662597656250e+02 6.570878624916076660e-01 2.852027714252471924e-01 -6.977785825729370117e-01 0.000000000000000000e+00 2.000000000000000000e+00
1.538815917968750000e+02 2.186557159423828125e+02 1.955241546630859375e+02 6.472793221473693848e-01 2.889662086963653564e-01 -7.053566575050354004e-01 0.000000000000000000e+00 2.000000000000000000e+00
1.535617065429687500e+02 2.185129089355468750e+02 1.958727416992187500e+02 6.414717435836791992e-01 2.912223935127258301e-01 -7.097206711769104004e-01 0.000000000000000000e+00 2.000000000000000000e+00
1.532464752197265625e+02 2.183697967529296875e+02 1.962215118408203125e+02 6.385708451271057129e-01 2.924109995365142822e-01 -7.118448615074157715e-01 0.000000000000000000e+00 2.000000000000000000e+00
1.529335784912109375e+02 2.182265167236328125e+02 1.965703125000000000e+02 6.372622847557067871e-01 2.934973835945129395e-01 -7.125700116157531738e-01 0.000000000000000000e+00 2.000000000000000000e+00
1.526217498779296875e+02 2.180829010009765625e+02 1.969189910888671875e+02 6.370871663093566895e-01 2.943443059921264648e-01 -7.123773097991943359e-01 0.000000000000000000e+00 2.000000000000000000e+00
1.523094177246093750e+02 2.179385986328125000e+02 1.972682342529296875e+02 6.378468871116638184e-01 2.955332398414611816e-01 -7.112042307853698730e-01 0.000000000000000000e+00 2.000000000000000000e+00
1.519948425292968750e+02 2.177928466796875000e+02 1.976189880371093750e+02 6.387357711791992188e-01 2.971689403057098389e-01 -7.097234129905700684e-01 0.000000000000000000e+00 2.000000000000000000e+00
1.516763153076171875e+02 2.176446533203125000e+02 1.979729156494140625e+02 6.395643949508666992e-01 2.987596988677978516e-01 -7.083079218864440918e-01 0.000000000000000000e+00 2.000000000000000000e+00
1.513513641357421875e+02 2.174928588867187500e+02 1.983327941894531250e+02 6.393302679061889648e-01 2.996258139610290527e-01 -7.081533074378967285e-01 0.000000000000000000e+00 2.000000000000000000e+00
1.510174102783203125e+02 2.173363494873046875e+02 1.987026977539062500e+02 6.371525526046752930e-01 2.980679273605346680e-01 -7.107686996459960938e-01 0.000000000000000000e+00 2.000000000000000000e+00
1.506720581054687500e+02 2.171747894287109375e+02 1.990879516601562500e+02 6.320424675941467285e-01 2.924331426620483398e-01 -7.176386117935180664e-01 0.000000000000000000e+00 2.000000000000000000e+00
1.503141021728515625e+02 2.170091705322265625e+02 1.994943847656250000e+02 6.234562397003173828e-01 2.816744446754455566e-01 -7.293571829795837402e-01 0.000000000000000000e+00 2.000000000000000000e+00
1.499439086914062500e+02 2.168419189453125000e+02 1.999274597167968750e+02 6.121757626533508301e-01 2.666168212890625000e-01 -7.444167137145996094e-01 0.000000000000000000e+00 2.000000000000000000e+00
1.495632476806640625e+02 2.166761322021484375e+02 2.003903503417968750e+02 -5.999863743782043457e-01 -2.500806450843811035e-01 7.599183917045593262e-01 0.000000000000000000e+00 2.000000000000000000e+00
1.491743927001953125e+02 2.165140533447265625e+02 2.008828582763671875e+02 -5.895950794219970703e-01 -2.355694472789764404e-01 7.725831270217895508e-01 0.000000000000000000e+00 2.000000000000000000e+00
1.487791595458984375e+02 2.163561401367187500e+02 2.014007568359375000e+02 -5.832739472389221191e-01 -2.261574715375900269e-01 7.801566720008850098e-01 0.000000000000000000e+00 2.000000000000000000e+00
1.483784637451171875e+02 2.162007751464843750e+02 2.019367065429687500e+02 -5.820206999778747559e-01 -2.225868701934814453e-01 7.821170091629028320e-01 0.000000000000000000e+00 2.000000000000000000e+00
1.479725341796875000e+02 2.160455322265625000e+02 2.024821929931640625e+02 -5.843141078948974609e-01 -2.228462100028991699e-01 7.803310155868530273e-01 0.000000000000000000e+00 2.000000000000000000e+00
1.475621185302734375e+02 2.158890075683593750e+02 2.030302886962890625e+02 -5.867289900779724121e-01 -2.230321168899536133e-01 7.784637212753295898e-01 0.000000000000000000e+00 2.000000000000000000e+00
1.471496276855468750e+02 2.157322082519531250e+02 2.035775756835937500e+02 -5.854594111442565918e-01 -2.192317843437194824e-01 7.804964780807495117e-01 0.000000000000000000e+00 2.000000000000000000e+00
1.467390441894531250e+02 2.155784606933593750e+02 2.041249389648437500e+02 -5.772879719734191895e-01 -2.100818604230880737e-01 7.890527844429016113e-01 0.000000000000000000e+00 2.000000000000000000e+00
1.463360137939453125e+02 2.154317932128906250e+02 2.046758117675781250e+02 -5.616492629051208496e-01 -1.965443193912506104e-01 8.036918044090270996e-01 0.000000000000000000e+00 2.000000000000000000e+00
1.459455413818359375e+02 2.152951507568359375e+02 2.052345581054687500e+02 -5.421060323715209961e-01 -1.815968304872512817e-01 8.204532861709594727e-01 0.000000000000000000e+00 2.000000000000000000e+00
1.455696105957031250e+02 2.151692199707031250e+02 2.058035125732421875e+02 -5.255983471870422363e-01 -1.685124337673187256e-01 8.338764309883117676e-01 0.000000000000000000e+00 2.000000000000000000e+00
1.452058105468750000e+02 2.150525817871093750e+02 2.063806915283203125e+02 -5.197200179100036621e-01 -1.597416400909423828e-01 8.392697572708129883e-01 0.000000000000000000e+00 2.000000000000000000e+00
1.448480224609375000e+02 2.149426116943359375e+02 2.069584655761718750e+02 -5.308668613433837891e-01 -1.563065648078918457e-01 8.329157233238220215e-01 0.000000000000000000e+00 2.000000000000000000e+00
1.444876403808593750e+02 2.148365020751953125e+02 2.075238952636718750e+02 -5.609972476959228516e-01 -1.584889441728591919e-01 8.125042915344238281e-01 0.000000000000000000e+00 2.000000000000000000e+00
1.441172332763671875e+02 2.147318572998046875e+02 2.080603637695312500e+02 -6.070188283920288086e-01 -1.661003977060317993e-01 7.771350145339965820e-01 0.000000000000000000e+00 2.000000000000000000e+00
1.437343597412109375e+02 2.146270904541015625e+02 2.085505371093750000e+02 -6.619717478752136230e-01 -1.786441355943679810e-01 7.279282808303833008e-01 0.000000000000000000e+00 2.000000000000000000e+00
1.433439941406250000e+02 2.145217437744140625e+02 2.089797973632812500e+02 -7.173376679420471191e-01 -1.950460672378540039e-01 6.688674092292785645e-01 0.000000000000000000e+00 2.000000000000000000e+00
1.429587402343750000e+02 2.144169921875000000e+02 2.093390197753906250e+02 -7.662597894668579102e-01 -2.135182172060012817e-01 6.060163378715515137e-01 0.000000000000000000e+00 2.000000000000000000e+00
1.425961761474609375e+02 2.143159637451171875e+02 2.096257629394531250e+02 -8.049228787422180176e-01 -2.323559522628784180e-01 5.459944605827331543e-01 0.000000000000000000e+00 2.000000000000000000e+00
1.422744750976562500e+02 2.142230987548828125e+02 2.098439788818359375e+02 -8.330059051513671875e-01 -2.498445957899093628e-01 4.936384260654449463e-01 0.000000000000000000e+00 2.000000000000000000e+00
1.420076904296875000e+02 2.141430816650390625e+02 2.100020751953125000e+02 -8.330059051513671875e-01 -2.498445957899093628e-01 4.936384260654449463e-01 0.000000000000000000e+00 2.000000000000000000e+00
