3.733669128417968750e+02 3.944209289550781250e+02 1.835550689697265625e+02 -1.954419761896133423e-01 2.319469302892684937e-01 9.528919458389282227e-01 0.000000000000000000e+00 1.000000000000000000e+00
3.734200134277343750e+02 3.943579101562500000e+02 1.832961730957031250e+02 -1.733931601047515869e-01 2.070676088333129883e-01 9.628384709358215332e-01 0.000000000000000000e+00 1.000000000000000000e+00
3.734811401367187500e+02 3.942849121093750000e+02 1.829567413330078125e+02 -1.440854966640472412e-01 1.737018823623657227e-01 9.742006659507751465e-01 0.000000000000000000e+00 1.000000000000000000e+00
3.735427551269531250e+02 3.942106323242187500e+02 1.825401458740234375e+02 -1.075791493058204651e-01 1.290949881076812744e-01 9.857794642448425293e-01 0.000000000000000000e+00 1.000000000000000000e+00
3.735955505371093750e+02 3.941472778320312500e+02 1.820563659667968750e+02 -6.383289396762847900e-02 7.264522463083267212e-02 9.953130483627319336e-01 0.000000000000000000e+00 1.000000000000000000e+00
3.736300354003906250e+02 3.941080322265625000e+02 1.815186614990234375e+02 -1.617766171693801880e-02 5.638468079268932343e-03 9.998532533645629883e-01 0.000000000000000000e+00 1.000000000000000000e+00
3.736394042968750000e+02 3.941047668457031250e+02 1.809396209716796875e+02 3.134142234921455383e-02 -6.796454638242721558e-02 9.971953630447387695e-01 0.000000000000000000e+00 1.000000000000000000e+00
3.736202087402343750e+02 3.941463928222656250e+02 1.803288726806640625e+02 7.477010786533355713e-02 -1.420158743858337402e-01 9.870364069938659668e-01 0.000000000000000000e+00 1.000000000000000000e+00
3.735719909667968750e+02 3.942379760742187500e+02 1.796923522949218750e+02 1.116862297058105469e-01 -2.109128981828689575e-01 9.711034297943115234e-01 0.000000000000000000e+00 1.000000000000000000e+00
3.734962158203125000e+02 3.943810729980468750e+02 1.790334930419921875e+02 1.424089968204498291e-01 -2.702514827251434326e-01 9.521994590759277344e-01 0.000000000000000000e+00 1.000000000000000000e+00
3.733947753906250000e+02 3.945735778808593750e+02 1.783552246093750000e+02 1.680586636066436768e-01 -3.188847601413726807e-01 9.327748417854309082e-01 0.000000000000000000e+00 1.000000000000000000e+00
3.732697753906250000e+02 3.948107604980468750e+02 1.776614379882812500e+02 1.907127350568771362e-01 -3.569069504737854004e-01 9.144649505615234375e-01 0.000000000000000000e+00 1.000000000000000000e+00
3.731230773925781250e+02 3.950852966308593750e+02 1.769580230712890625e+02 2.108250558376312256e-01 -3.866612911224365234e-01 8.978005647659301758e-01 0.000000000000000000e+00 1.000000000000000000e+00
3.729572143554687500e+02 3.953894958496093750e+02 1.762516937255859375e+02 2.285865247249603271e-01 -4.096516072750091553e-01 8.831385970115661621e-01 0.000000000000000000e+00 1.000000000000000000e+00
3.727754821777343750e+02 3.957151794433593750e+02 1.755495758056640625e+02 2.442772239446640015e-01 -4.280514121055603027e-01 8.701152801513671875e-01 0.000000000000000000e+00 1.000000000000000000e+00
3.725812988281250000e+02 3.960554504394531250e+02 1.748578948974609375e+02 2.576232254505157471e-01 -4.434822201728820801e-01 8.584601283073425293e-01 0.000000000000000000e+00 1.000000000000000000e+00
3.723782958984375000e+02 3.964049072265625000e+02 1.741814422607421875e+02 2.693198323249816895e-01 -4.568502902984619141e-01 8.477939963340759277e-01 0.000000000000000000e+00 1.000000000000000000e+00
3.721689758300781250e+02 3.967599792480468750e+02 1.735225219726562500e+02 2.798377871513366699e-01 -4.686704277992248535e-01 8.378775715827941895e-01 0.000000000000000000e+00 1.000000000000000000e+00
3.719549255371093750e+02 3.971184692382812500e+02 1.728816223144531250e+02 2.896639406681060791e-01 -4.787056446075439453e-01 8.288158774375915527e-01 0.000000000000000000e+00 1.000000000000000000e+00
3.717368774414062500e+02 3.974788208007812500e+02 1.722577209472656250e+02 2.991718947887420654e-01 -4.855311512947082520e-01 8.214351534843444824e-01 0.000000000000000000e+00 1.000000000000000000e+00
3.715152893066406250e+02 3.978384399414062500e+02 1.716493072509765625e+02 3.081235885620117188e-01 -4.887506365776062012e-01 8.162001371383666992e-01 0.000000000000000000e+00 1.000000000000000000e+00
3.712912292480468750e+02 3.981938476562500000e+02 1.710557861328125000e+02 3.163025677204132080e-01 -4.870690107345581055e-01 8.140740394592285156e-01 0.000000000000000000e+00 1.000000000000000000e+00
3.710666503906250000e+02 3.985396728515625000e+02 1.704777832031250000e+02 3.228740990161895752e-01 -4.797836542129516602e-01 8.158186078071594238e-01 0.000000000000000000e+00 1.000000000000000000e+00
3.708446655273437500e+02 3.988695373535156250e+02 1.699168853759765625e+02 3.260413706302642822e-01 -4.654368758201599121e-01 8.228399157524108887e-01 0.000000000000000000e+00 1.000000000000000000e+00
3.706292419433593750e+02 3.991770629882812500e+02 1.693732147216796875e+02 3.234555423259735107e-01 -4.433235228061676025e-01 8.359670042991638184e-01 0.000000000000000000e+00 1.000000000000000000e+00
3.704244384765625000e+02 3.994577636718750000e+02 1.688439025878906250e+02 3.122597038745880127e-01 -4.119829535484313965e-01 8.560162782669067383e-01 0.000000000000000000e+00 1.000000000000000000e+00
3.702337036132812500e+02 3.997094116210937500e+02 1.683210296630859375e+02 2.893284559249877930e-01 -3.710409402847290039e-01 8.823931813240051270e-01 0.000000000000000000e+00 1.000000000000000000e+00
3.700602722167968750e+02 3.999318237304687500e+02 1.677920989990234375e+02 2.552723288536071777e-01 -3.198111653327941895e-01 9.124455451965332031e-01 0.000000000000000000e+00 1.000000000000000000e+00
3.699062500000000000e+02 4.001247863769531250e+02 1.672415618896484375e+02 2.122643738985061646e-01 -2.601950466632843018e-01 9.419353604316711426e-01 0.000000000000000000e+00 1.000000000000000000e+00
3.697738037109375000e+02 4.002871398925781250e+02 1.666538238525390625e+02 1.656145304441452026e-01 -1.943204402923583984e-01 9.668564796447753906e-01 0.000000000000000000e+00 1.000000000000000000e+00
3.696646423339843750e+02 4.004152221679687500e+02 1.660165405273437500e+02 1.201886162161827087e-01 -1.255101412534713745e-01 9.847851991653442383e-01 0.000000000000000000e+00 1.000000000000000000e+00
3.695798645019531250e+02 4.005037536621093750e+02 1.653218994140625000e+02 7.888161391019821167e-02 -5.685596913099288940e-02 9.952613115310668945e-01 0.000000000000000000e+00 1.000000000000000000e+00
3.695200805664062500e+02 4.005468444824218750e+02 1.645675964355468750e+02 4.394976049661636353e-02 8.172321133315563202e-03 9.990003108978271484e-01 0.000000000000000000e+00 1.000000000000000000e+00
3.694844665527343750e+02 4.005402221679687500e+02 1.637580718994140625e+02 1.614475436508655548e-02 6.643228232860565186e-02 9.976603388786315918e-01 0.000000000000000000e+00 1.000000000000000000e+00
3.694706420898437500e+02 4.004833374023437500e+02 1.629037933349609375e+02 -4.114307928830385208e-03 1.169834882020950317e-01 9.931253194808959961e-01 0.000000000000000000e+00 1.000000000000000000e+00
3.694743041992187500e+02 4.003792114257812500e+02 1.620198211669921875e+02 -1.589082367718219757e-02 1.594457626342773438e-01 9.870787858963012695e-01 0.000000000000000000e+00 1.000000000000000000e+00
3.694887390136718750e+02 4.002343750000000000e+02 1.611231842041015625e+02 -1.811612769961357117e-02 1.935847103595733643e-01 9.809163212776184082e-01 0.000000000000000000e+00 1.000000000000000000e+00
3.695052490234375000e+02 4.000579528808593750e+02 1.602292327880859375e+02 -8.995706215500831604e-03 2.192449867725372314e-01 9.756283164024353027e-01 0.000000000000000000e+00 1.000000000000000000e+00
3.695133666992187500e+02 3.998601074218750000e+02 1.593488311767578125e+02 1.353710331022739410e-02 2.365720719099044800e-01 9.715196490287780762e-01 0.000000000000000000e+00 1.000000000000000000e+00
3.695013732910156250e+02 3.996505126953125000e+02 1.584880981445312500e+02 4.883830994367599487e-02 2.458112835884094238e-01 9.680866003036499023e-01 0.000000000000000000e+00 1.000000000000000000e+00
3.694590454101562500e+02 3.994374694824218750e+02 1.576490631103515625e+02 9.390715509653091431e-02 2.487007528543472290e-01 9.640173316001892090e-01 0.000000000000000000e+00 1.000000000000000000e+00
3.693795471191406250e+02 3.992269287109375000e+02 1.568329620361328125e+02 1.430255770683288574e-01 2.475783824920654297e-01 9.582529067993164062e-01 0.000000000000000000e+00 1.000000000000000000e+00
3.692614440917968750e+02 3.990224914550781250e+02 1.560416870117187500e+02 1.893438994884490967e-01 2.449729293584823608e-01 9.508612751960754395e-01 0.000000000000000000e+00 1.000000000000000000e+00
3.691093750000000000e+02 3.988257446289062500e+02 1.552780151367187500e+02 2.271553277969360352e-01 2.429751455783843994e-01 9.430607557296752930e-01 0.000000000000000000e+00 1.000000000000000000e+00
3.689323425292968750e+02 3.986363830566406250e+02 1.545430450439453125e+02 2.530645728111267090e-01 2.416845411062240601e-01 9.367747902870178223e-01 0.000000000000000000e+00 1.000000000000000000e+00
3.687409667968750000e+02 3.984536132812500000e+02 1.538346252441406250e+02 2.670215070247650146e-01 2.404559105634689331e-01 9.332097768783569336e-01 0.000000000000000000e+00 1.000000000000000000e+00
3.685440368652343750e+02 3.982762756347656250e+02 1.531463775634765625e+02 2.734385132789611816e-01 2.376265972852706909e-01 9.320756196975708008e-01 0.000000000000000000e+00 1.000000000000000000e+00
3.683452758789062500e+02 3.981035461425781250e+02 1.524688568115234375e+02 2.776362299919128418e-01 2.328968495130538940e-01 9.320285320281982422e-01 0.000000000000000000e+00 1.000000000000000000e+00
3.681435852050781250e+02 3.979343566894531250e+02 1.517917785644531250e+02 2.840744853019714355e-01 2.267455756664276123e-01 9.316051006317138672e-01 0.000000000000000000e+00 1.000000000000000000e+00
3.679344482421875000e+02 3.977674255371093750e+02 1.511059265136718750e+02 2.955126762390136719e-01 2.193859666585922241e-01 9.298075437545776367e-01 0.000000000000000000e+00 1.000000000000000000e+00
3.677118530273437500e+02 3.976021728515625000e+02 1.504055480957031250e+02 3.108778595924377441e-01 2.114978879690170288e-01 9.266194701194763184e-01 0.000000000000000000e+00 1.000000000000000000e+00
3.674712829589843750e+02 3.974385070800781250e+02 1.496884918212890625e+02 3.284550309181213379e-01 2.018809914588928223e-01 9.226925373077392578e-01 0.000000000000000000e+00 1.000000000000000000e+00
3.672102661132812500e+02 3.972780761718750000e+02 1.489552459716796875e+02 3.466944992542266846e-01 1.894782483577728271e-01 9.186408519744873047e-01 0.000000000000000000e+00 1.000000000000000000e+00
3.669285583496093750e+02 3.971241149902343750e+02 1.482088012695312500e+02 3.652112185955047607e-01 1.726990789175033569e-01 9.147654175758361816e-01 0.000000000000000000e+00 1.000000000000000000e+00
3.666270446777343750e+02 3.969815368652343750e+02 1.474535827636718750e+02 3.839030563831329346e-01 1.513710469007492065e-01 9.108816385269165039e-01 0.000000000000000000e+00 1.000000000000000000e+00
3.663071594238281250e+02 3.968554077148437500e+02 1.466945953369140625e+02 4.037967324256896973e-01 1.263643652200698853e-01 9.060795903205871582e-01 0.000000000000000000e+00 1.000000000000000000e+00
3.659694519042968750e+02 3.967497253417968750e+02 1.459368133544921875e+02 4.241603314876556396e-01 1.004398241639137268e-01 8.999999165534973145e-01 0.000000000000000000e+00 1.000000000000000000e+00
3.656146545410156250e+02 3.966657104492187500e+02 1.451839904785156250e+02 4.450885951519012451e-01 7.659833878278732300e-02 8.922044634819030762e-01 0.000000000000000000e+00 1.000000000000000000e+00
3.652427978515625000e+02 3.966017150878906250e+02 1.444385833740234375e+02 4.647510349750518799e-01 5.900787934660911560e-02 8.834729790687561035e-01 0.000000000000000000e+00 1.000000000000000000e+00
3.648548583984375000e+02 3.965524597167968750e+02 1.437011260986328125e+02 4.819592237472534180e-01 5.094412714242935181e-02 8.747113943099975586e-01 0.000000000000000000e+00 1.000000000000000000e+00
3.644523925781250000e+02 3.965099182128906250e+02 1.429706878662109375e+02 4.954868257045745850e-01 5.381364375352859497e-02 8.669469356536865234e-01 0.000000000000000000e+00 1.000000000000000000e+00
3.640379333496093750e+02 3.964649047851562500e+02 1.422455139160156250e+02 5.045797228813171387e-01 6.766088306903839111e-02 8.607097268104553223e-01 0.000000000000000000e+00 1.000000000000000000e+00
3.636150817871093750e+02 3.964082031250000000e+02 1.415242156982421875e+02 5.096483826637268066e-01 8.995722234249114990e-02 8.556671142578125000e-01 0.000000000000000000e+00 1.000000000000000000e+00
3.631876831054687500e+02 3.963327636718750000e+02 1.408066406250000000e+02 5.117577314376831055e-01 1.173682659864425659e-01 8.510749936103820801e-01 0.000000000000000000e+00 1.000000000000000000e+00
3.627596130371093750e+02 3.962345886230468750e+02 1.400947418212890625e+02 5.123848319053649902e-01 1.459861248731613159e-01 8.462563753128051758e-01 0.000000000000000000e+00 1.000000000000000000e+00
3.623341674804687500e+02 3.961133728027343750e+02 1.393920745849609375e+02 5.124495029449462891e-01 1.723690330982208252e-01 8.412398695945739746e-01 0.000000000000000000e+00 1.000000000000000000e+00
3.619144592285156250e+02 3.959721984863281250e+02 1.387030792236328125e+02 5.130859017372131348e-01 1.947393417358398438e-01 8.359542489051818848e-01 0.000000000000000000e+00 1.000000000000000000e+00
3.615023803710937500e+02 3.958157958984375000e+02 1.380316925048828125e+02 5.142413973808288574e-01 2.120651453733444214e-01 8.310139179229736328e-01 0.000000000000000000e+00 1.000000000000000000e+00
3.610997314453125000e+02 3.956497497558593750e+02 1.373810119628906250e+02 5.157157182693481445e-01 2.247734516859054565e-01 8.267492651939392090e-01 0.000000000000000000e+00 1.000000000000000000e+00
3.607072753906250000e+02 3.954786987304687500e+02 1.367518615722656250e+02 5.167254805564880371e-01 2.333705425262451172e-01 8.237311840057373047e-01 0.000000000000000000e+00 1.000000000000000000e+00
3.603252258300781250e+02 3.953061523437500000e+02 1.361428222656250000e+02 5.165989398956298828e-01 2.391049861907958984e-01 8.221643567085266113e-01 0.000000000000000000e+00 1.000000000000000000e+00
3.599531555175781250e+02 3.951339416503906250e+02 1.355506744384765625e+02 5.148634910583496094e-01 2.425179034471511841e-01 8.222534060478210449e-01 0.000000000000000000e+00 1.000000000000000000e+00
3.595902099609375000e+02 3.949629821777343750e+02 1.349710388183593750e+02 5.113999843597412109e-01 2.448275685310363770e-01 8.237290382385253906e-01 0.000000000000000000e+00 1.000000000000000000e+00
3.592356567382812500e+02 3.947932434082031250e+02 1.343999481201171875e+02 5.063517093658447266e-01 2.460799664258956909e-01 8.264698982238769531e-01 0.000000000000000000e+00 1.000000000000000000e+00
3.588894042968750000e+02 3.946249694824218750e+02 1.338347930908203125e+02 5.006846785545349121e-01 2.460662871599197388e-01 8.299193978309631348e-01 0.000000000000000000e+00 1.000000000000000000e+00
3.585517272949218750e+02 3.944590148925781250e+02 1.332750701904296875e+02 4.951070249080657959e-01 2.441963851451873779e-01 8.338088393211364746e-01 0.000000000000000000e+00 1.000000000000000000e+00
3.582231750488281250e+02 3.942969665527343750e+02 1.327217559814453125e+02 4.908694028854370117e-01 2.387265264987945557e-01 8.378883600234985352e-01 0.000000000000000000e+00 1.000000000000000000e+00
3.579038391113281250e+02 3.941416625976562500e+02 1.321766662597656250e+02 4.887447357177734375e-01 2.282823026180267334e-01 8.420308232307434082e-01 0.000000000000000000e+00 1.000000000000000000e+00
3.575928344726562500e+02 3.939963989257812500e+02 1.316408538818359375e+02 4.889042675495147705e-01 2.116708308458328247e-01 8.462671041488647461e-01 0.000000000000000000e+00 1.000000000000000000e+00
3.572881164550781250e+02 3.938644714355468750e+02 1.311134033203125000e+02 4.909700155258178711e-01 1.881008446216583252e-01 8.506271839141845703e-01 0.000000000000000000e+00 1.000000000000000000e+00
3.569865417480468750e+02 3.937489318847656250e+02 1.305909118652343750e+02 4.937959611415863037e-01 1.567701250314712524e-01 8.553296327590942383e-01 0.000000000000000000e+00 1.000000000000000000e+00
3.566843261718750000e+02 3.936529846191406250e+02 1.300674285888671875e+02 4.959527254104614258e-01 1.182766556739807129e-01 8.602566719055175781e-01 0.000000000000000000e+00 1.000000000000000000e+00
3.563775939941406250e+02 3.935798339843750000e+02 1.295353851318359375e+02 4.970677495002746582e-01 7.327792048454284668e-02 8.646121025085449219e-01 0.000000000000000000e+00 1.000000000000000000e+00
3.560623168945312500e+02 3.935333557128906250e+02 1.289869842529296875e+02 4.961549341678619385e-01 2.321816049516201019e-02 8.679235577583312988e-01 0.000000000000000000e+00 1.000000000000000000e+00
3.557355957031250000e+02 3.935180664062500000e+02 1.284154510498046875e+02 4.937448799610137939e-01 -2.920282445847988129e-02 8.691163659095764160e-01 0.000000000000000000e+00 1.000000000000000000e+00
3.553955688476562500e+02 3.935381774902343750e+02 1.278169174194335938e+02 4.904341697692871094e-01 -8.096391707658767700e-02 8.677091002464294434e-01 0.000000000000000000e+00 1.000000000000000000e+00
3.550415649414062500e+02 3.935966186523437500e+02 1.271905899047851562e+02 4.874005615711212158e-01 -1.283058375120162964e-01 8.637003898620605469e-01 0.000000000000000000e+00 1.000000000000000000e+00
3.546734924316406250e+02 3.936935119628906250e+02 1.265383453369140625e+02 4.863128662109375000e-01 -1.678280532360076904e-01 8.575158715248107910e-01 0.000000000000000000e+00 1.000000000000000000e+00
3.542914733886718750e+02 3.938253479003906250e+02 1.258647308349609375e+02 4.886919260025024414e-01 -1.981213986873626709e-01 8.496635556221008301e-01 0.000000000000000000e+00 1.000000000000000000e+00
3.538955993652343750e+02 3.939858398437500000e+02 1.251764450073242188e+02 4.972758889198303223e-01 -2.184440791606903076e-01 8.396421074867248535e-01 0.000000000000000000e+00 1.000000000000000000e+00
3.534844665527343750e+02 3.941664428710937500e+02 1.244822540283203125e+02 5.134805440902709961e-01 -2.301165908575057983e-01 8.266704082489013672e-01 0.000000000000000000e+00 1.000000000000000000e+00
3.530562744140625000e+02 3.943583374023437500e+02 1.237928924560546875e+02 5.390732288360595703e-01 -2.352186143398284912e-01 8.087474107742309570e-01 0.000000000000000000e+00 1.000000000000000000e+00
3.526078186035156250e+02 3.945540161132812500e+02 1.231200942993164062e+02 5.733930468559265137e-01 -2.363083362579345703e-01 7.844609022140502930e-01 0.000000000000000000e+00 1.000000000000000000e+00
3.521365661621093750e+02 3.947482299804687500e+02 1.224753723144531250e+02 6.154261231422424316e-01 -2.354121953248977661e-01 7.522178888320922852e-01 0.000000000000000000e+00 1.000000000000000000e+00
3.516393737792968750e+02 3.949384155273437500e+02 1.218676681518554688e+02 6.615074872970581055e-01 -2.336905747652053833e-01 7.125984430313110352e-01 0.000000000000000000e+00 1.000000000000000000e+00
3.511148376464843750e+02 3.951237182617187500e+02 1.213026199340820312e+02 7.074735164642333984e-01 -2.317929714918136597e-01 6.676475405693054199e-01 0.000000000000000000e+00 1.000000000000000000e+00
3.505632324218750000e+02 3.953044433593750000e+02 1.207820663452148438e+02 7.498089075088500977e-01 -2.293897718191146851e-01 6.206181645393371582e-01 0.000000000000000000e+00 1.000000000000000000e+00
3.499874572753906250e+02 3.954805908203125000e+02 1.203054962158203125e+02 7.867293357849121094e-01 -2.263774722814559937e-01 5.742910504341125488e-01 0.000000000000000000e+00 1.000000000000000000e+00
3.493927917480468750e+02 3.956517028808593750e+02 1.198714065551757812e+02 8.179379105567932129e-01 -2.224527746438980103e-01 5.305585265159606934e-01 0.000000000000000000e+00 1.000000000000000000e+00
3.487864074707031250e+02 3.958166198730468750e+02 1.194780731201171875e+02 8.444214463233947754e-01 -2.175874412059783936e-01 4.894979894161224365e-01 0.000000000000000000e+00 1.000000000000000000e+00
3.481751708984375000e+02 3.959741210937500000e+02 1.191237487792968750e+02 8.667169213294982910e-01 -2.124586254358291626e-01 4.512906074523925781e-01 0.000000000000000000e+00 1.000000000000000000e+00
3.475641479492187500e+02 3.961239013671875000e+02 1.188055953979492188e+02 8.848997354507446289e-01 -2.070720493793487549e-01 4.172213077545166016e-01 0.000000000000000000e+00 1.000000000000000000e+00
3.469564208984375000e+02 3.962661132812500000e+02 1.185190582275390625e+02 8.985751271247863770e-01 -2.023870944976806641e-01 3.893613517284393311e-01 0.000000000000000000e+00 1.000000000000000000e+00
3.463523864746093750e+02 3.964021606445312500e+02 1.182573242187500000e+02 9.066417813301086426e-01 -1.988694220781326294e-01 3.720909059047698975e-01 0.000000000000000000e+00 1.000000000000000000e+00
3.457520446777343750e+02 3.965338439941406250e+02 1.180109405517578125e+02 9.081736803054809570e-01 -1.949516981840133667e-01 3.704245388507843018e-01 0.000000000000000000e+00 1.000000000000000000e+00
3.451576538085937500e+02 3.966614379882812500e+02 1.177685012817382812e+02 9.014514684677124023e-01 -1.885153949260711670e-01 3.896756768226623535e-01 0.000000000000000000e+00 1.000000000000000000e+00
3.445756835937500000e+02 3.967831420898437500e+02 1.175169296264648438e+02 8.831953406333923340e-01 -1.753719002008438110e-01 4.349837303161621094e-01 0.000000000000000000e+00 1.000000000000000000e+00
3.440184020996093750e+02 3.968937988281250000e+02 1.172424621582031250e+02 8.473731279373168945e-01 -1.500520110130310059e-01 5.093554854393005371e-01 0.000000000000000000e+00 1.000000000000000000e+00
3.435020751953125000e+02 3.969852294921875000e+02 1.169320983886718750e+02 7.846279740333557129e-01 -1.078641340136528015e-01 6.105115413665771484e-01 0.000000000000000000e+00 1.000000000000000000e+00
3.430438842773437500e+02 3.970482177734375000e+02 1.165755844116210938e+02 6.860011219978332520e-01 -4.694034159183502197e-02 7.260847091674804688e-01 0.000000000000000000e+00 1.000000000000000000e+00
3.426576538085937500e+02 3.970746459960937500e+02 1.161667861938476562e+02 5.542220473289489746e-01 2.721086144447326660e-02 8.319239616394042969e-01 0.000000000000000000e+00 1.000000000000000000e+00
3.423499755859375000e+02 3.970595397949218750e+02 1.157049407958984375e+02 4.112880229949951172e-01 9.941085427999496460e-02 9.060682058334350586e-01 0.000000000000000000e+00 1.000000000000000000e+00
3.421181640625000000e+02 3.970035095214843750e+02 1.151942596435546875e+02 2.841739356517791748e-01 1.584484875202178955e-01 9.455894231796264648e-01 0.000000000000000000e+00 1.000000000000000000e+00
3.419519958496093750e+02 3.969108581542968750e+02 1.146413345336914062e+02 1.884594261646270752e-01 1.995247453451156616e-01 9.615991711616516113e-01 0.000000000000000000e+00 1.000000000000000000e+00
3.418366088867187500e+02 3.967886962890625000e+02 1.140525817871093750e+02 1.254795193672180176e-01 2.245222777128219604e-01 9.663563370704650879e-01 0.000000000000000000e+00 1.000000000000000000e+00
3.417560729980468750e+02 3.966445922851562500e+02 1.134323501586914062e+02 8.831261098384857178e-02 2.380304336547851562e-01 9.672343730926513672e-01 0.000000000000000000e+00 1.000000000000000000e+00
3.416967773437500000e+02 3.964847717285156250e+02 1.127829208374023438e+02 6.813904643058776855e-02 2.440267801284790039e-01 9.673716425895690918e-01 0.000000000000000000e+00 1.000000000000000000e+00
3.416491088867187500e+02 3.963140563964843750e+02 1.121061706542968750e+02 5.828027427196502686e-02 2.465314567089080811e-01 9.673808217048645020e-01 0.000000000000000000e+00 1.000000000000000000e+00
3.416069335937500000e+02 3.961356506347656250e+02 1.114061126708984375e+02 5.286319926381111145e-02 2.479457259178161621e-01 9.673305749893188477e-01 0.000000000000000000e+00 1.000000000000000000e+00
3.415678100585937500e+02 3.959521484375000000e+02 1.106902008056640625e+02 4.776735603809356689e-02 2.502878606319427490e-01 9.669924378395080566e-01 0.000000000000000000e+00 1.000000000000000000e+00
3.415321655273437500e+02 3.957653808593750000e+02 1.099686203002929688e+02 4.066854342818260193e-02 2.543430328369140625e-01 9.662586450576782227e-01 0.000000000000000000e+00 1.000000000000000000e+00
3.415020141601562500e+02 3.955768127441406250e+02 1.092522430419921875e+02 2.819048427045345306e-02 2.609609365463256836e-01 9.649376273155212402e-01 0.000000000000000000e+00 1.000000000000000000e+00
3.414814758300781250e+02 3.953866882324218750e+02 1.085492324829101562e+02 9.076145477592945099e-03 2.694159448146820068e-01 9.629811644554138184e-01 0.000000000000000000e+00 1.000000000000000000e+00
3.414750061035156250e+02 3.951946411132812500e+02 1.078627929687500000e+02 -1.665166579186916351e-02 2.784577012062072754e-01 9.603041410446166992e-01 0.000000000000000000e+00 1.000000000000000000e+00
3.414866638183593750e+02 3.949996948242187500e+02 1.071904907226562500e+02 -4.682514443993568420e-02 2.855587899684906006e-01 9.572165608406066895e-01 0.000000000000000000e+00 1.000000000000000000e+00
3.415192260742187500e+02 3.948011169433593750e+02 1.065248413085937500e+02 -7.864185422658920288e-02 2.893254458904266357e-01 9.539949297904968262e-01 0.000000000000000000e+00 1.000000000000000000e+00
3.415743713378906250e+02 3.945982360839843750e+02 1.058558807373046875e+02 -1.081363260746002197e-01 2.889593243598937988e-01 9.512144923210144043e-01 0.000000000000000000e+00 1.000000000000000000e+00
3.416519165039062500e+02 3.943910217285156250e+02 1.051737594604492188e+02 -1.323565095663070679e-01 2.855831980705261230e-01 9.491701722145080566e-01 0.000000000000000000e+00 1.000000000000000000e+00
3.417498474121093750e+02 3.941797180175781250e+02 1.044714660644531250e+02 -1.497950702905654907e-01 2.808707654476165771e-01 9.479836821556091309e-01 0.000000000000000000e+00 1.000000000000000000e+00
3.418643798828125000e+02 3.939649658203125000e+02 1.037466430664062500e+02 -1.591497212648391724e-01 2.767466902732849121e-01 9.476721286773681641e-01 0.000000000000000000e+00 1.000000000000000000e+00
3.419895629882812500e+02 3.937472839355468750e+02 1.030012283325195312e+02 -1.603958159685134888e-01 2.742042541503906250e-01 9.482010602951049805e-01 0.000000000000000000e+00 1.000000000000000000e+00
3.421183776855468750e+02 3.935270690917968750e+02 1.022397232055664062e+02 -1.535171568393707275e-01 2.738160490989685059e-01 9.494510293006896973e-01 0.000000000000000000e+00 1.000000000000000000e+00
3.422431945800781250e+02 3.933044433593750000e+02 1.014677734375000000e+02 -1.397283226251602173e-01 2.754654586315155029e-01 9.511018991470336914e-01 0.000000000000000000e+00 1.000000000000000000e+00
3.423575134277343750e+02 3.930790710449218750e+02 1.006896286010742188e+02 -1.212428808212280273e-01 2.785500288009643555e-01 9.527381658554077148e-01 0.000000000000000000e+00 1.000000000000000000e+00
3.424570312500000000e+02 3.928504333496093750e+02 9.990760803222656250e+01 -1.007525920867919922e-01 2.817512750625610352e-01 9.541830420494079590e-01 0.000000000000000000e+00 1.000000000000000000e+00
3.425399475097656250e+02 3.926185607910156250e+02 9.912234497070312500e+01 -8.077404648065567017e-02 2.846499681472778320e-01 9.552224278450012207e-01 0.000000000000000000e+00 1.000000000000000000e+00
3.426066284179687500e+02 3.923835754394531250e+02 9.833378601074218750e+01 -6.193010881543159485e-02 2.864405512809753418e-01 9.560943841934204102e-01 0.000000000000000000e+00 1.000000000000000000e+00
3.426579284667968750e+02 3.921463012695312500e+02 9.754180145263671875e+01 -4.334994032979011536e-02 2.873954176902770996e-01 9.568305015563964844e-01 0.000000000000000000e+00 1.000000000000000000e+00
3.426939392089843750e+02 3.919075622558593750e+02 9.674696350097656250e+01 -2.313591726124286652e-02 2.873627841472625732e-01 9.575423598289489746e-01 0.000000000000000000e+00 1.000000000000000000e+00
3.427131652832031250e+02 3.916687622070312500e+02 9.595124053955078125e+01 8.845163974910974503e-04 2.883155047893524170e-01 9.575350880622863770e-01 0.000000000000000000e+00 1.000000000000000000e+00
3.427124328613281250e+02 3.914300231933593750e+02 9.515835571289062500e+01 3.087550960481166840e-02 2.913247644901275635e-01 9.561258554458618164e-01 0.000000000000000000e+00 1.000000000000000000e+00
3.426871337890625000e+02 3.911913146972656250e+02 9.437491607666015625e+01 6.877583265304565430e-02 2.983199357986450195e-01 9.519848823547363281e-01 0.000000000000000000e+00 1.000000000000000000e+00
3.426318969726562500e+02 3.909517211914062500e+02 9.361033630371093750e+01 1.169330105185508728e-01 3.101232647895812988e-01 9.434777498245239258e-01 0.000000000000000000e+00 1.000000000000000000e+00
3.425408325195312500e+02 3.907102050781250000e+02 9.287557983398437500e+01 1.772070378065109253e-01 3.259401917457580566e-01 9.286338090896606445e-01 0.000000000000000000e+00 1.000000000000000000e+00
3.424082641601562500e+02 3.904663696289062500e+02 9.218087005615234375e+01 2.507482171058654785e-01 3.433984220027923584e-01 9.050982594490051270e-01 0.000000000000000000e+00 1.000000000000000000e+00
3.422287902832031250e+02 3.902205810546875000e+02 9.153304290771484375e+01 3.347439467906951904e-01 3.585686683654785156e-01 8.714212775230407715e-01 0.000000000000000000e+00 1.000000000000000000e+00
3.419985351562500000e+02 3.899739379882812500e+02 9.093363189697265625e+01 4.213807880878448486e-01 3.665766716003417969e-01 8.294937014579772949e-01 0.000000000000000000e+00 1.000000000000000000e+00
3.417164916992187500e+02 3.897285766601562500e+02 9.037842559814453125e+01 5.005068778991699219e-01 3.660615980625152588e-01 7.845329046249389648e-01 0.000000000000000000e+00 1.000000000000000000e+00
3.413849792480468750e+02 3.894861145019531250e+02 8.985878753662109375e+01 5.639331936836242676e-01 3.590791821479797363e-01 7.436676621437072754e-01 0.000000000000000000e+00 1.000000000000000000e+00
3.410097045898437500e+02 3.892471618652343750e+02 8.936390686035156250e+01 6.089516878128051758e-01 3.491033613681793213e-01 7.122532129287719727e-01 0.000000000000000000e+00 1.000000000000000000e+00
3.405989074707031250e+02 3.890116577148437500e+02 8.888342285156250000e+01 6.374151706695556641e-01 3.392901718616485596e-01 6.917977333068847656e-01 0.000000000000000000e+00 1.000000000000000000e+00
3.401618041992187500e+02 3.887789916992187500e+02 8.840902709960937500e+01 6.535466313362121582e-01 3.314869105815887451e-01 6.804360747337341309e-01 0.000000000000000000e+00 1.000000000000000000e+00
3.397069396972656250e+02 3.885482788085937500e+02 8.793544769287109375e+01 6.615753769874572754e-01 3.260175287723541260e-01 6.753003597259521484e-01 0.000000000000000000e+00 1.000000000000000000e+00
3.392413635253906250e+02 3.883188476562500000e+02 8.746021270751953125e+01 6.649560332298278809e-01 3.231964707374572754e-01 6.733331084251403809e-01 0.000000000000000000e+00 1.000000000000000000e+00
3.387702026367187500e+02 3.880898437500000000e+02 8.698311614990234375e+01 6.663814783096313477e-01 3.223041296005249023e-01 6.723508834838867188e-01 0.000000000000000000e+00 1.000000000000000000e+00
3.382966613769531250e+02 3.878608093261718750e+02 8.650533294677734375e+01 6.677318811416625977e-01 3.236304223537445068e-01 6.703711748123168945e-01 0.000000000000000000e+00 1.000000000000000000e+00
3.378218383789062500e+02 3.876306762695312500e+02 8.602863311767578125e+01 6.700876355171203613e-01 3.266929686069488525e-01 6.665240526199340820e-01 0.000000000000000000e+00 1.000000000000000000e+00
3.373455505371093750e+02 3.873984680175781250e+02 8.555487823486328125e+01 6.742538213729858398e-01 3.312455415725708008e-01 6.600440740585327148e-01 0.000000000000000000e+00 1.000000000000000000e+00
3.368662414550781250e+02 3.871629943847656250e+02 8.508567047119140625e+01 6.804087758064270020e-01 3.364545702934265137e-01 6.510316729545593262e-01 0.000000000000000000e+00 1.000000000000000000e+00
3.363817138671875000e+02 3.869234008789062500e+02 8.462206268310546875e+01 6.877572536468505859e-01 3.421066105365753174e-01 6.402756571769714355e-01 0.000000000000000000e+00 1.000000000000000000e+00
3.358901672363281250e+02 3.866788940429687500e+02 8.416445159912109375e+01 6.957663893699645996e-01 3.477982878684997559e-01 6.284468770027160645e-01 0.000000000000000000e+00 1.000000000000000000e+00
3.353901672363281250e+02 3.864289550781250000e+02 8.371282958984375000e+01 7.034543752670288086e-01 3.536881506443023682e-01 6.164872646331787109e-01 0.000000000000000000e+00 1.000000000000000000e+00
3.348811035156250000e+02 3.861730041503906250e+02 8.326670074462890625e+01 7.103095650672912598e-01 3.591325879096984863e-01 6.053793430328369141e-01 0.000000000000000000e+00 1.000000000000000000e+00
3.343634033203125000e+02 3.859112548828125000e+02 8.282547760009765625e+01 7.157551050186157227e-01 3.644729256629943848e-01 5.956962704658508301e-01 0.000000000000000000e+00 1.000000000000000000e+00
3.338384704589843750e+02 3.856439514160156250e+02 8.238859558105468750e+01 7.199804782867431641e-01 3.693121075630187988e-01 5.875683426856994629e-01 0.000000000000000000e+00 1.000000000000000000e+00
3.333081359863281250e+02 3.853719177246093750e+02 8.195579528808593750e+01 7.228453159332275391e-01 3.743276596069335938e-01 5.808386206626892090e-01 0.000000000000000000e+00 1.000000000000000000e+00
3.327748107910156250e+02 3.850957336425781250e+02 8.152724456787109375e+01 7.247334122657775879e-01 3.788840770721435547e-01 5.755071043968200684e-01 0.000000000000000000e+00 1.000000000000000000e+00
3.322412109375000000e+02 3.848167724609375000e+02 8.110351562500000000e+01 7.256926298141479492e-01 3.836804032325744629e-01 5.711038112640380859e-01 0.000000000000000000e+00 1.000000000000000000e+00
3.317097167968750000e+02 3.845357666015625000e+02 8.068524169921875000e+01 7.259460687637329102e-01 3.883280158042907715e-01 5.676298737525939941e-01 0.000000000000000000e+00 1.000000000000000000e+00
3.311824035644531250e+02 3.842536926269531250e+02 8.027292633056640625e+01 7.252298593521118164e-01 3.935895264148712158e-01 5.649150609970092773e-01 0.000000000000000000e+00 1.000000000000000000e+00
3.306607971191406250e+02 3.839706115722656250e+02 7.986662292480468750e+01 7.233247160911560059e-01 3.994409441947937012e-01 5.632481575012207031e-01 0.000000000000000000e+00 1.000000000000000000e+00
3.301460266113281250e+02 3.836863403320312500e+02 7.946577453613281250e+01 7.201229333877563477e-01 4.059733152389526367e-01 5.626799464225769043e-01 0.000000000000000000e+00 1.000000000000000000e+00
3.296386413574218750e+02 3.834002990722656250e+02 7.906932067871093750e+01 7.149880528450012207e-01 4.137609601020812988e-01 5.635547637939453125e-01 0.000000000000000000e+00 1.000000000000000000e+00
3.291395568847656250e+02 3.831114807128906250e+02 7.867594146728515625e+01 7.078598141670227051e-01 4.225278198719024658e-01 5.660430192947387695e-01 0.000000000000000000e+00 1.000000000000000000e+00
3.286498718261718750e+02 3.828191833496093750e+02 7.828436279296875000e+01 6.989982724189758301e-01 4.320577979087829590e-01 5.698485970497131348e-01 0.000000000000000000e+00 1.000000000000000000e+00
3.281709594726562500e+02 3.825231628417968750e+02 7.789393615722656250e+01 6.887021064758300781e-01 4.418615996837615967e-01 5.748459100723266602e-01 0.000000000000000000e+00 1.000000000000000000e+00
3.277045288085937500e+02 3.822239074707031250e+02 7.750461578369140625e+01 6.775411367416381836e-01 4.519377350807189941e-01 5.802502036094665527e-01 0.000000000000000000e+00 1.000000000000000000e+00
3.272519531250000000e+02 3.819220275878906250e+02 7.711702728271484375e+01 6.661754846572875977e-01 4.616234600543975830e-01 5.857593417167663574e-01 0.000000000000000000e+00 1.000000000000000000e+00
3.268141479492187500e+02 3.816186523437500000e+02 7.673207092285156250e+01 6.550128459930419922e-01 4.706871509552001953e-01 5.911105871200561523e-01 0.000000000000000000e+00 1.000000000000000000e+00
3.263909912109375000e+02 3.813145751953125000e+02 7.635019683837890625e+01 6.438062787055969238e-01 4.796047508716583252e-01 5.962319970130920410e-01 0.000000000000000000e+00 1.000000000000000000e+00
3.259814147949218750e+02 3.810094604492187500e+02 7.597088623046875000e+01 6.322565674781799316e-01 4.878585636615753174e-01 6.018684506416320801e-01 0.000000000000000000e+00 1.000000000000000000e+00
3.255836181640625000e+02 3.807025146484375000e+02 7.559220886230468750e+01 6.196122169494628906e-01 4.957385063171386719e-01 6.085425019264221191e-01 0.000000000000000000e+00 1.000000000000000000e+00
3.251954345703125000e+02 3.803919372558593750e+02 7.521096038818359375e+01 6.054010391235351562e-01 5.030701756477355957e-01 6.167737841606140137e-01 0.000000000000000000e+00 1.000000000000000000e+00
3.248144836425781250e+02 3.800753784179687500e+02 7.482285308837890625e+01 5.889468193054199219e-01 5.105897188186645508e-01 6.264500617980957031e-01 0.000000000000000000e+00 1.000000000000000000e+00
3.244389953613281250e+02 3.797498474121093750e+02 7.442345428466796875e+01 5.706831216812133789e-01 5.187048316001892090e-01 6.366050839424133301e-01 0.000000000000000000e+00 1.000000000000000000e+00
3.240674133300781250e+02 3.794121093750000000e+02 7.400894927978515625e+01 5.509963631629943848e-01 5.281789302825927734e-01 6.460882425308227539e-01 0.000000000000000000e+00 1.000000000000000000e+00
3.236989440917968750e+02 3.790588989257812500e+02 7.357688903808593750e+01 5.313454866409301758e-01 5.394538640975952148e-01 6.531933546066284180e-01 0.000000000000000000e+00 1.000000000000000000e+00
3.233329772949218750e+02 3.786873474121093750e+02 7.312699890136718750e+01 5.144631862640380859e-01 5.519115924835205078e-01 6.562935113906860352e-01 0.000000000000000000e+00 1.000000000000000000e+00
3.229682312011718750e+02 3.782960510253906250e+02 7.266169738769531250e+01 5.032313466072082520e-01 5.645498037338256836e-01 6.542490124702453613e-01 0.000000000000000000e+00 1.000000000000000000e+00
3.226025695800781250e+02 3.778858337402343750e+02 7.218630218505859375e+01 5.033622980117797852e-01 5.739734172821044922e-01 6.458955407142639160e-01 0.000000000000000000e+00 1.000000000000000000e+00
3.222305603027343750e+02 3.774616394042968750e+02 7.170895385742187500e+01 5.196607708930969238e-01 5.766491889953613281e-01 6.304192543029785156e-01 0.000000000000000000e+00 1.000000000000000000e+00
3.218437500000000000e+02 3.770324096679687500e+02 7.123970031738281250e+01 5.562511682510375977e-01 5.678817033767700195e-01 6.067082881927490234e-01 0.000000000000000000e+00 1.000000000000000000e+00
3.214306945800781250e+02 3.766107177734375000e+02 7.078917694091796875e+01 6.130805015563964844e-01 5.435563325881958008e-01 5.733050704002380371e-01 0.000000000000000000e+00 1.000000000000000000e+00
3.209791259765625000e+02 3.762103576660156250e+02 7.036690521240234375e+01 6.855160593986511230e-01 4.999841749668121338e-01 5.292292237281799316e-01 0.000000000000000000e+00 1.000000000000000000e+00
3.204780273437500000e+02 3.758448791503906250e+02 6.998004913330078125e+01 7.629925608634948730e-01 4.385422766208648682e-01 4.748926460742950439e-01 0.000000000000000000e+00 1.000000000000000000e+00
3.199202575683593750e+02 3.755242919921875000e+02 6.963288879394531250e+01 8.335251212120056152e-01 3.655153214931488037e-01 4.142878353595733643e-01 0.000000000000000000e+00 1.000000000000000000e+00
3.193035278320312500e+02 3.752538452148437500e+02 6.932635498046875000e+01 8.887928128242492676e-01 2.910881042480468750e-01 3.539985716342926025e-01 0.000000000000000000e+00 1.000000000000000000e+00
3.186310424804687500e+02 3.750335998535156250e+02 6.905850982666015625e+01 9.267981052398681641e-01 2.258455008268356323e-01 3.000650405883789062e-01 0.000000000000000000e+00 1.000000000000000000e+00
3.179099426269531250e+02 3.748578796386718750e+02 6.882504272460937500e+01 9.501694440841674805e-01 1.769665330648422241e-01 2.566339075565338135e-01 0.000000000000000000e+00 1.000000000000000000e+00
3.171501464843750000e+02 3.747163696289062500e+02 6.861982727050781250e+01 9.631949663162231445e-01 1.472801417112350464e-01 2.248642146587371826e-01 0.000000000000000000e+00 1.000000000000000000e+00
3.163619995117187500e+02 3.745958557128906250e+02 6.843582916259765625e+01 9.693821668624877930e-01 1.362105458974838257e-01 2.043158113956451416e-01 0.000000000000000000e+00 1.000000000000000000e+00
3.155549316406250000e+02 3.744824523925781250e+02 6.826572418212890625e+01 9.711673259735107422e-01 1.396941542625427246e-01 1.931826770305633545e-01 0.000000000000000000e+00 1.000000000000000000e+00
3.147355651855468750e+02 3.743645935058593750e+02 6.810273742675781250e+01 9.701539278030395508e-01 1.514123380184173584e-01 1.894083768129348755e-01 0.000000000000000000e+00 1.000000000000000000e+00
3.139070739746093750e+02 3.742352905273437500e+02 6.794098663330078125e+01 9.678697586059570312e-01 1.636978536844253540e-01 1.908691674470901489e-01 0.000000000000000000e+00 1.000000000000000000e+00
3.130694885253906250e+02 3.740936279296875000e+02 6.777581024169921875e+01 9.655508995056152344e-01 1.718038618564605713e-01 1.954351365566253662e-01 0.000000000000000000e+00 1.000000000000000000e+00
3.122203369140625000e+02 3.739425354003906250e+02 6.760393524169921875e+01 9.640680551528930664e-01 1.735070347785949707e-01 2.011669576168060303e-01 0.000000000000000000e+00 1.000000000000000000e+00
3.113569030761718750e+02 3.737871398925781250e+02 6.742376708984375000e+01 9.635525941848754883e-01 1.706482619047164917e-01 2.060230970382690430e-01 0.000000000000000000e+00 1.000000000000000000e+00
3.104772338867187500e+02 3.736313476562500000e+02 6.723567962646484375e+01 9.636272192001342773e-01 1.672060787677764893e-01 2.084820866584777832e-01 0.000000000000000000e+00 1.000000000000000000e+00
3.095818481445312500e+02 3.734759826660156250e+02 6.704196166992187500e+01 9.638839960098266602e-01 1.664215773344039917e-01 2.079216539859771729e-01 0.000000000000000000e+00 1.000000000000000000e+00
3.086742248535156250e+02 3.733192749023437500e+02 6.684617614746093750e+01 9.639282226562500000e-01 1.699478924274444580e-01 2.048415839672088623e-01 0.000000000000000000e+00 1.000000000000000000e+00
3.077599487304687500e+02 3.731580810546875000e+02 6.665188598632812500e+01 9.634382724761962891e-01 1.777294427156448364e-01 2.004964947700500488e-01 0.000000000000000000e+00 1.000000000000000000e+00
3.068459472656250000e+02 3.729894714355468750e+02 6.646167755126953125e+01 9.621877074241638184e-01 1.883485019207000732e-01 1.967728286981582642e-01 0.000000000000000000e+00 1.000000000000000000e+00
3.059396972656250000e+02 3.728120727539062500e+02 6.627634429931640625e+01 -9.600210785865783691e-01 -2.001522332429885864e-01 -1.957003921270370483e-01 0.000000000000000000e+00 1.000000000000000000e+00
3.050479736328125000e+02 3.726261596679687500e+02 6.609456634521484375e+01 -9.568903446197509766e-01 -2.118488550186157227e-01 -1.986984014511108398e-01 0.000000000000000000e+00 1.000000000000000000e+00
3.041769409179687500e+02 3.724333190917968750e+02 6.591369628906250000e+01 -9.528315067291259766e-01 -2.226331830024719238e-01 -2.062681466341018677e-01 0.000000000000000000e+00 1.000000000000000000e+00
3.033307189941406250e+02 3.722355957031250000e+02 6.573050689697265625e+01 -9.478593468666076660e-01 -2.321237772703170776e-01 -2.183603048324584961e-01 0.000000000000000000e+00 1.000000000000000000e+00
3.025121154785156250e+02 3.720351257324218750e+02 6.554192352294921875e+01 -9.420022368431091309e-01 -2.404329925775527954e-01 -2.341445982456207275e-01 0.000000000000000000e+00 1.000000000000000000e+00
3.017223815917968750e+02 3.718335571289062500e+02 6.534562683105468750e+01 -9.354603886604309082e-01 -2.475622594356536865e-01 -2.522436976432800293e-01 0.000000000000000000e+00 1.000000000000000000e+00
3.009616394042968750e+02 3.716322326660156250e+02 6.514049530029296875e+01 -9.285631179809570312e-01 -2.537442743778228760e-01 -2.708954215049743652e-01 0.000000000000000000e+00 1.000000000000000000e+00
3.002297058105468750e+02 3.714322204589843750e+02 6.492696380615234375e+01 -9.216718673706054688e-01 -2.595340311527252197e-01 -2.883800268173217773e-01 0.000000000000000000e+00 1.000000000000000000e+00
2.995266723632812500e+02 3.712342529296875000e+02 6.470699310302734375e+01 -9.151598811149597168e-01 -2.655444145202636719e-01 -3.032630980014801025e-01 0.000000000000000000e+00 1.000000000000000000e+00
2.988532409667968750e+02 3.710388488769531250e+02 6.448383331298828125e+01 -9.092734456062316895e-01 -2.724888026714324951e-01 -3.145975768566131592e-01 0.000000000000000000e+00 1.000000000000000000e+00
2.982097473144531250e+02 3.708460083007812500e+02 6.426119232177734375e+01 -9.040143489837646484e-01 -2.808461487293243408e-01 -3.223097622394561768e-01 0.000000000000000000e+00 1.000000000000000000e+00
2.975962829589843750e+02 3.706554260253906250e+02 6.404247283935546875e+01 -8.991200923919677734e-01 -2.911221981048583984e-01 -3.268498778343200684e-01 0.000000000000000000e+00 1.000000000000000000e+00
2.970113525390625000e+02 3.704660339355468750e+02 6.382983779907226562e+01 -8.942701220512390137e-01 -3.034235239028930664e-01 -3.289608657360076904e-01 0.000000000000000000e+00 1.000000000000000000e+00
2.964519042968750000e+02 3.702762145996093750e+02 6.362404251098632812e+01 -8.893672227859497070e-01 -3.171378970146179199e-01 -3.293166160583496094e-01 0.000000000000000000e+00 1.000000000000000000e+00
2.959134216308593750e+02 3.700841979980468750e+02 6.342465209960937500e+01 -8.847182989120483398e-01 -3.315889537334442139e-01 -3.276006579399108887e-01 0.000000000000000000e+00 1.000000000000000000e+00
2.953896179199218750e+02 3.698878784179687500e+02 6.323069381713867188e+01 -8.810843229293823242e-01 -3.453221619129180908e-01 -3.231766223907470703e-01 0.000000000000000000e+00 1.000000000000000000e+00
2.948731384277343750e+02 3.696854553222656250e+02 6.304125213623046875e+01 -8.793441057205200195e-01 -3.567811548709869385e-01 -3.153746128082275391e-01 0.000000000000000000e+00 1.000000000000000000e+00
2.943559570312500000e+02 3.694756164550781250e+02 6.285576629638671875e+01 -8.800876140594482422e-01 -3.645581007003784180e-01 -3.042091429233551025e-01 0.000000000000000000e+00 1.000000000000000000e+00
2.938300781250000000e+02 3.692577819824218750e+02 6.267399215698242188e+01 -8.834225535392761230e-01 -3.672627508640289307e-01 -2.910028398036956787e-01 0.000000000000000000e+00 1.000000000000000000e+00
2.932886962890625000e+02 3.690327148437500000e+02 6.249565887451171875e+01 -8.884302973747253418e-01 -3.655510544776916504e-01 -2.776042222976684570e-01 0.000000000000000000e+00 1.000000000000000000e+00
2.927282714843750000e+02 3.688021240234375000e+02 6.232054519653320312e+01 -8.951262235641479492e-01 -3.581350147724151611e-01 -2.654962837696075439e-01 0.000000000000000000e+00 1.000000000000000000e+00
2.921465148925781250e+02 3.685693664550781250e+02 6.214799499511718750e+01 -9.035656452178955078e-01 -3.441219925880432129e-01 -2.552435994148254395e-01 0.000000000000000000e+00 1.000000000000000000e+00
2.915425720214843750e+02 3.683393554687500000e+02 6.197739028930664062e+01 -9.143056273460388184e-01 -3.212305009365081787e-01 -2.466901242733001709e-01 0.000000000000000000e+00 1.000000000000000000e+00
2.909154357910156250e+02 3.681190185546875000e+02 6.180818176269531250e+01 -9.271467328071594238e-01 -2.881654798984527588e-01 -2.394984215497970581e-01 0.000000000000000000e+00 1.000000000000000000e+00
2.902646484375000000e+02 3.679167480468750000e+02 6.164007186889648438e+01 -9.414237737655639648e-01 -2.437268495559692383e-01 -2.330632656812667847e-01 0.000000000000000000e+00 1.000000000000000000e+00
2.895910949707031250e+02 3.677423706054687500e+02 6.147332382202148438e+01 -9.553287625312805176e-01 -1.886143535375595093e-01 -2.275334447622299194e-01 0.000000000000000000e+00 1.000000000000000000e+00
2.888989257812500000e+02 3.676057128906250000e+02 6.130846786499023438e+01 -9.667374491691589355e-01 -1.246779412031173706e-01 -2.233252525329589844e-01 0.000000000000000000e+00 1.000000000000000000e+00
2.881970825195312500e+02 3.675151977539062500e+02 6.114633560180664062e+01 -9.736676812171936035e-01 -5.447983369231224060e-02 -2.213668227195739746e-01 0.000000000000000000e+00 1.000000000000000000e+00
2.874978637695312500e+02 3.674760742187500000e+02 6.098736572265625000e+01 -9.745417237281799316e-01 2.000844478607177734e-02 -2.233116328716278076e-01 0.000000000000000000e+00 1.000000000000000000e+00
2.868141174316406250e+02 3.674901123046875000e+02 6.083068847656250000e+01 -9.680804014205932617e-01 9.655242413282394409e-02 -2.312964200973510742e-01 0.000000000000000000e+00 1.000000000000000000e+00
2.861553344726562500e+02 3.675558166503906250e+02 6.067329025268554688e+01 -9.534307122230529785e-01 1.720111668109893799e-01 -2.477540671825408936e-01 0.000000000000000000e+00 1.000000000000000000e+00
2.855255737304687500e+02 3.676694335937500000e+02 6.050964355468750000e+01 -9.305999875068664551e-01 2.422445416450500488e-01 -2.744110226631164551e-01 0.000000000000000000e+00 1.000000000000000000e+00
2.849232177734375000e+02 3.678262329101562500e+02 6.033202362060546875e+01 -9.012017250061035156e-01 3.019011616706848145e-01 -3.109520375728607178e-01 0.000000000000000000e+00 1.000000000000000000e+00
2.843428344726562500e+02 3.680206604003906250e+02 6.013176727294921875e+01 -8.675576448440551758e-01 3.482799828052520752e-01 -3.550277352333068848e-01 0.000000000000000000e+00 1.000000000000000000e+00
2.837783203125000000e+02 3.682472839355468750e+02 5.990075302124023438e+01 -8.323756456375122070e-01 3.803768455982208252e-01 -4.030686020851135254e-01 0.000000000000000000e+00 1.000000000000000000e+00
2.832250366210937500e+02 3.685001220703125000e+02 5.963283157348632812e+01 -7.970484495162963867e-01 4.003135561943054199e-01 -4.521756172180175781e-01 0.000000000000000000e+00 1.000000000000000000e+00
2.826812744140625000e+02 3.687732238769531250e+02 5.932434844970703125e+01 -7.621862292289733887e-01 4.102000296115875244e-01 -5.008074641227722168e-01 0.000000000000000000e+00 1.000000000000000000e+00
2.821478576660156250e+02 3.690603027343750000e+02 5.897385787963867188e+01 -7.270659804344177246e-01 4.127547740936279297e-01 -5.486424565315246582e-01 0.000000000000000000e+00 1.000000000000000000e+00
2.816276550292968750e+02 3.693556213378906250e+02 5.858131408691406250e+01 -6.910025477409362793e-01 4.094380438327789307e-01 -5.957145690917968750e-01 0.000000000000000000e+00 1.000000000000000000e+00
2.811236877441406250e+02 3.696542358398437500e+02 5.814684295654296875e+01 -6.518844366073608398e-01 4.018093347549438477e-01 -6.431143283843994141e-01 0.000000000000000000e+00 1.000000000000000000e+00
2.806408081054687500e+02 3.699518737792968750e+02 5.767045974731445312e+01 -6.084787845611572266e-01 3.900525867938995361e-01 -6.910951137542724609e-01 0.000000000000000000e+00 1.000000000000000000e+00
2.801841125488281250e+02 3.702446289062500000e+02 5.715175628662109375e+01 -5.593629479408264160e-01 3.743691742420196533e-01 -7.395680546760559082e-01 0.000000000000000000e+00 1.000000000000000000e+00
2.797594604492187500e+02 3.705288391113281250e+02 5.659029769897460938e+01 -5.038886666297912598e-01 3.547032773494720459e-01 -7.875797152519226074e-01 0.000000000000000000e+00 1.000000000000000000e+00
2.793729248046875000e+02 3.708009338378906250e+02 5.598614120483398438e+01 -4.417205750942230225e-01 3.310541510581970215e-01 -8.338381648063659668e-01 0.000000000000000000e+00 1.000000000000000000e+00
2.790306396484375000e+02 3.710574645996093750e+02 5.534000778198242188e+01 -3.734140098094940186e-01 3.032600581645965576e-01 -8.766956925392150879e-01 0.000000000000000000e+00 1.000000000000000000e+00
2.787382507324218750e+02 3.712949218750000000e+02 5.465354156494140625e+01 -3.001650571823120117e-01 2.717814743518829346e-01 -9.143499732017517090e-01 0.000000000000000000e+00 1.000000000000000000e+00
2.785003967285156250e+02 3.715102844238281250e+02 5.392900085449218750e+01 -2.238007932901382446e-01 2.372068166732788086e-01 -9.453285932540893555e-01 0.000000000000000000e+00 1.000000000000000000e+00
2.783205566406250000e+02 3.717008972167968750e+02 5.316936111450195312e+01 -1.473226100206375122e-01 2.008503228425979614e-01 -9.684808850288391113e-01 0.000000000000000000e+00 1.000000000000000000e+00
2.782001953125000000e+02 3.718649902343750000e+02 5.237812042236328125e+01 -7.431060075759887695e-02 1.647964119911193848e-01 -9.835242629051208496e-01 0.000000000000000000e+00 1.000000000000000000e+00
2.781383666992187500e+02 3.720021057128906250e+02 5.155979919433593750e+01 -8.497838862240314484e-03 1.313204169273376465e-01 -9.913035631179809570e-01 0.000000000000000000e+00 1.000000000000000000e+00
2.781311645507812500e+02 3.721134033203125000e+02 5.071964263916015625e+01 4.777242615818977356e-02 1.022783592343330383e-01 -9.936079978942871094e-01 0.000000000000000000e+00 1.000000000000000000e+00
2.781723022460937500e+02 3.722014770507812500e+02 4.986402893066406250e+01 9.491558372974395752e-02 7.853510975837707520e-02 -9.923826456069946289e-01 0.000000000000000000e+00 1.000000000000000000e+00
2.782548828125000000e+02 3.722698059082031250e+02 4.900061416625976562e+01 1.361140757799148560e-01 5.963959544897079468e-02 -9.888963699340820312e-01 0.000000000000000000e+00 1.000000000000000000e+00
2.783735656738281250e+02 3.723218078613281250e+02 4.813835906982421875e+01 1.764334291219711304e-01 4.365872219204902649e-02 -9.833438992500305176e-01 0.000000000000000000e+00 1.000000000000000000e+00
2.785262451171875000e+02 3.723595886230468750e+02 4.728740692138671875e+01 2.217356115579605103e-01 2.895479463040828705e-02 -9.746769070625305176e-01 0.000000000000000000e+00 1.000000000000000000e+00
2.787148437500000000e+02 3.723842163085937500e+02 4.645838928222656250e+01 2.765619754791259766e-01 1.382809877395629883e-02 -9.608965516090393066e-01 0.000000000000000000e+00 1.000000000000000000e+00
2.789443359375000000e+02 3.723956909179687500e+02 4.566103363037109375e+01 3.420792818069458008e-01 -1.927739591337740421e-03 -9.396691322326660156e-01 0.000000000000000000e+00 1.000000000000000000e+00
2.792205200195312500e+02 3.723941345214843750e+02 4.490237426757812500e+01 4.148216545581817627e-01 -1.710524968802928925e-02 -9.097419381141662598e-01 0.000000000000000000e+00 1.000000000000000000e+00
2.795476379394531250e+02 3.723806457519531250e+02 4.418497467041015625e+01 4.874374866485595703e-01 -2.969162352383136749e-02 -8.726529479026794434e-01 0.000000000000000000e+00 1.000000000000000000e+00
2.799263916015625000e+02 3.723575744628906250e+02 4.350689697265625000e+01 5.515148043632507324e-01 -3.759342059493064880e-02 -8.333175182342529297e-01 0.000000000000000000e+00 1.000000000000000000e+00
2.803530578613281250e+02 3.723284912109375000e+02 4.286222076416015625e+01 6.023212671279907227e-01 -4.051629453897476196e-02 -7.972248792648315430e-01 0.000000000000000000e+00 1.000000000000000000e+00
2.808208007812500000e+02 3.722970275878906250e+02 4.224312210083007812e+01 6.382890939712524414e-01 -3.957079723477363586e-02 -7.687789797782897949e-01 0.000000000000000000e+00 1.000000000000000000e+00
2.813194580078125000e+02 3.722661132812500000e+02 4.164252090454101562e+01 6.616585254669189453e-01 -3.606638684868812561e-02 -7.489374279975891113e-01 0.000000000000000000e+00 1.000000000000000000e+00
2.818378906250000000e+02 3.722378540039062500e+02 4.105570220947265625e+01 6.753193736076354980e-01 -3.207424655556678772e-02 -7.368276119232177734e-01 0.000000000000000000e+00 1.000000000000000000e+00
2.823647766113281250e+02 3.722128295898437500e+02 4.048082733154296875e+01 6.824567317962646484e-01 -2.817318215966224670e-02 -7.303828001022338867e-01 0.000000000000000000e+00 1.000000000000000000e+00
2.828903808593750000e+02 3.721911315917968750e+02 3.991831207275390625e+01 6.854947209358215332e-01 -2.470287680625915527e-02 -7.276584506034851074e-01 0.000000000000000000e+00 1.000000000000000000e+00
2.834078063964843750e+02 3.721724853515625000e+02 3.936906051635742188e+01 6.863201856613159180e-01 -2.086784318089485168e-02 -7.270000576972961426e-01 0.000000000000000000e+00 1.000000000000000000e+00
2.839136657714843750e+02 3.721571044921875000e+02 3.883321762084960938e+01 6.860907077789306641e-01 -1.583839952945709229e-02 -7.273436188697814941e-01 0.000000000000000000e+00 1.000000000000000000e+00
2.844080810546875000e+02 3.721456909179687500e+02 3.830907440185546875e+01 6.865683197975158691e-01 -9.255263023078441620e-03 -7.270063161849975586e-01 0.000000000000000000e+00 1.000000000000000000e+00
2.848948059082031250e+02 3.721391296386718750e+02 3.779368209838867188e+01 6.883503198623657227e-01 -4.345371562521904707e-04 -7.253782749176025391e-01 0.000000000000000000e+00 1.000000000000000000e+00
2.853782348632812500e+02 3.721388244628906250e+02 3.728424835205078125e+01 6.924116015434265137e-01 1.029219292104244232e-02 -7.214292883872985840e-01 0.000000000000000000e+00 1.000000000000000000e+00
2.858627624511718750e+02 3.721460266113281250e+02 3.677941513061523438e+01 6.995300650596618652e-01 2.283449284732341766e-02 -7.142382264137268066e-01 0.000000000000000000e+00 1.000000000000000000e+00
2.863517150878906250e+02 3.721619873046875000e+02 3.628018188476562500e+01 7.102903127670288086e-01 3.750102221965789795e-02 -7.029092311859130859e-01 0.000000000000000000e+00 1.000000000000000000e+00
2.868476562500000000e+02 3.721881713867187500e+02 3.578939437866210938e+01 7.249285578727722168e-01 5.364979058504104614e-02 -6.867315769195556641e-01 0.000000000000000000e+00 1.000000000000000000e+00
2.873532104492187500e+02 3.722255859375000000e+02 3.531047821044921875e+01 7.432233691215515137e-01 7.177396863698959351e-02 -6.651822924613952637e-01 0.000000000000000000e+00 1.000000000000000000e+00
2.878721008300781250e+02 3.722756958007812500e+02 3.484607315063476562e+01 7.641497254371643066e-01 9.118732064962387085e-02 -6.385609507560729980e-01 0.000000000000000000e+00 1.000000000000000000e+00
2.884091491699218750e+02 3.723397827148437500e+02 3.439728927612304688e+01 7.859129905700683594e-01 1.118386611342430115e-01 -6.081387996673583984e-01 0.000000000000000000e+00 1.000000000000000000e+00
2.889688720703125000e+02 3.724194335937500000e+02 3.396417617797851562e+01 8.070312738418579102e-01 1.330349743366241455e-01 -5.753279924392700195e-01 0.000000000000000000e+00 1.000000000000000000e+00
2.895551757812500000e+02 3.725160827636718750e+02 3.354620361328125000e+01 8.262745141983032227e-01 1.546981483697891235e-01 -5.416077375411987305e-01 0.000000000000000000e+00 1.000000000000000000e+00
2.901695251464843750e+02 3.726311035156250000e+02 3.314350891113281250e+01 8.435875773429870605e-01 1.766272783279418945e-01 -5.071122050285339355e-01 0.000000000000000000e+00 1.000000000000000000e+00
2.908120117187500000e+02 3.727656250000000000e+02 3.275728607177734375e+01 8.586985468864440918e-01 1.996399760246276855e-01 -4.719964265823364258e-01 0.000000000000000000e+00 1.000000000000000000e+00
2.914813232421875000e+02 3.729212341308593750e+02 3.238938903808593750e+01 8.721332550048828125e-01 2.237024903297424316e-01 -4.351329505443572998e-01 0.000000000000000000e+00 1.000000000000000000e+00
2.921761474609375000e+02 3.730994567871093750e+02 3.204272079467773438e+01 8.841248750686645508e-01 2.492723315954208374e-01 -3.952042460441589355e-01 0.000000000000000000e+00 1.000000000000000000e+00
2.928950805664062500e+02 3.733021545410156250e+02 3.172135734558105469e+01 8.950219154357910156e-01 2.761872410774230957e-01 -3.502231538295745850e-01 0.000000000000000000e+00 1.000000000000000000e+00
2.936369018554687500e+02 3.735310668945312500e+02 3.143108177185058594e+01 9.046033620834350586e-01 3.043183982372283936e-01 -2.984680235385894775e-01 0.000000000000000000e+00 1.000000000000000000e+00
2.944004516601562500e+02 3.737879333496093750e+02 3.117915344238281250e+01 9.123885035514831543e-01 3.320035934448242188e-01 -2.394176423549652100e-01 0.000000000000000000e+00 1.000000000000000000e+00
2.951846008300781250e+02 3.740732727050781250e+02 3.097338676452636719e+01 9.173942208290100098e-01 3.577038943767547607e-01 -1.744586676359176636e-01 0.000000000000000000e+00 1.000000000000000000e+00
2.959875488281250000e+02 3.743863525390625000e+02 3.082069206237792969e+01 9.190173149108886719e-01 3.793319165706634521e-01 -1.073049157857894897e-01 0.000000000000000000e+00 1.000000000000000000e+00
2.968060913085937500e+02 3.747242126464843750e+02 3.072511863708496094e+01 9.176082015037536621e-01 3.951356709003448486e-01 -4.316260665655136108e-02 0.000000000000000000e+00 1.000000000000000000e+00
2.976360473632812500e+02 3.750816040039062500e+02 3.068607902526855469e+01 9.145298004150390625e-01 4.043121039867401123e-01 1.292290352284908295e-02 0.000000000000000000e+00 1.000000000000000000e+00
2.984714355468750000e+02 3.754509277343750000e+02 3.069788360595703125e+01 9.115651249885559082e-01 4.071581959724426270e-01 5.719361454248428345e-02 0.000000000000000000e+00 1.000000000000000000e+00
2.993061523437500000e+02 3.758237609863281250e+02 3.075025558471679688e+01 9.104101657867431641e-01 4.043734073638916016e-01 8.738162368535995483e-02 0.000000000000000000e+00 1.000000000000000000e+00
3.001347656250000000e+02 3.761918029785156250e+02 3.082978630065917969e+01 9.122208952903747559e-01 3.964641690254211426e-01 1.032918766140937805e-01 0.000000000000000000e+00 1.000000000000000000e+00
3.009543457031250000e+02 3.765480041503906250e+02 3.092258834838867188e+01 9.171040654182434082e-01 3.840205073356628418e-01 1.069966256618499756e-01 0.000000000000000000e+00 1.000000000000000000e+00
3.017647094726562500e+02 3.768873291015625000e+02 3.101713180541992188e+01 9.244467020034790039e-01 3.671227395534515381e-01 1.030490696430206299e-01 0.000000000000000000e+00 1.000000000000000000e+00
3.025677490234375000e+02 3.772062377929687500e+02 3.110664749145507812e+01 9.329118132591247559e-01 3.465784490108489990e-01 9.776984155178070068e-02 0.000000000000000000e+00 1.000000000000000000e+00
3.033648986816406250e+02 3.775023803710937500e+02 3.119018936157226562e+01 9.412356019020080566e-01 3.234294354915618896e-01 9.730846434831619263e-02 0.000000000000000000e+00 1.000000000000000000e+00
3.041558532714843750e+02 3.777741699218750000e+02 3.127196121215820312e+01 9.482359886169433594e-01 2.995968461036682129e-01 1.053099557757377625e-01 0.000000000000000000e+00 1.000000000000000000e+00
3.049377441406250000e+02 3.780212097167968750e+02 3.135879707336425781e+01 9.528942108154296875e-01 2.777363359928131104e-01 1.218816488981246948e-01 0.000000000000000000e+00 1.000000000000000000e+00
3.057048034667968750e+02 3.782447814941406250e+02 3.145690917968750000e+01 9.544527530670166016e-01 2.610719203948974609e-01 1.444348096847534180e-01 0.000000000000000000e+00 1.000000000000000000e+00
3.064508666992187500e+02 3.784488525390625000e+02 3.156980895996093750e+01 9.528532028198242188e-01 2.525056898593902588e-01 1.682606935501098633e-01 0.000000000000000000e+00 1.000000000000000000e+00
3.071721191406250000e+02 3.786399841308593750e+02 3.169717216491699219e+01 9.487721323966979980e-01 2.535103261470794678e-01 1.885841488838195801e-01 0.000000000000000000e+00 1.000000000000000000e+00
3.078685913085937500e+02 3.788260803222656250e+02 3.183560752868652344e+01 9.432134032249450684e-01 2.639789879322052002e-01 2.016523778438568115e-01 0.000000000000000000e+00 1.000000000000000000e+00
3.085454101562500000e+02 3.790155029296875000e+02 3.198030662536621094e+01 9.371409416198730469e-01 2.811336815357208252e-01 2.067142128944396973e-01 0.000000000000000000e+00 1.000000000000000000e+00
3.092105102539062500e+02 3.792150268554687500e+02 3.212701416015625000e+01 9.313398599624633789e-01 3.007478415966033936e-01 2.053211331367492676e-01 0.000000000000000000e+00 1.000000000000000000e+00
3.098728027343750000e+02 3.794288940429687500e+02 3.227302169799804688e+01 9.260109663009643555e-01 3.195100426673889160e-01 2.010399103164672852e-01 0.000000000000000000e+00 1.000000000000000000e+00
3.105393371582031250e+02 3.796588745117187500e+02 3.241772842407226562e+01 9.214128255844116211e-01 3.346196413040161133e-01 1.975550204515457153e-01 0.000000000000000000e+00 1.000000000000000000e+00
3.112139587402343750e+02 3.799038696289062500e+02 3.256237030029296875e+01 9.173509478569030762e-01 3.458602130413055420e-01 1.970989555120468140e-01 0.000000000000000000e+00 1.000000000000000000e+00
3.118973693847656250e+02 3.801615295410156250e+02 3.270920562744140625e+01 9.133980870246887207e-01 3.542513251304626465e-01 2.005242705345153809e-01 0.000000000000000000e+00 1.000000000000000000e+00
3.125884704589843750e+02 3.804295654296875000e+02 3.286092758178710938e+01 9.093201756477355957e-01 3.609165847301483154e-01 2.070650756359100342e-01 0.000000000000000000e+00 1.000000000000000000e+00
3.132853088378906250e+02 3.807061462402343750e+02 3.301960754394531250e+01 9.050925970077514648e-01 3.669379353523254395e-01 2.148580402135848999e-01 0.000000000000000000e+00 1.000000000000000000e+00
3.139864196777343750e+02 3.809903869628906250e+02 3.318604278564453125e+01 9.004002213478088379e-01 3.739967644214630127e-01 2.222744524478912354e-01 0.000000000000000000e+00 1.000000000000000000e+00
3.146890258789062500e+02 3.812822265625000000e+02 3.335948944091796875e+01 8.957134485244750977e-01 3.820332884788513184e-01 2.274817824363708496e-01 0.000000000000000000e+00 1.000000000000000000e+00
3.153900146484375000e+02 3.815812072753906250e+02 3.353751754760742188e+01 8.912109136581420898e-01 3.910439014434814453e-01 2.298429310321807861e-01 0.000000000000000000e+00 1.000000000000000000e+00
3.160853881835937500e+02 3.818863220214843750e+02 3.371685409545898438e+01 8.868926763534545898e-01 4.007985293865203857e-01 2.297430932521820068e-01 0.000000000000000000e+00 1.000000000000000000e+00
3.167704772949218750e+02 3.821959228515625000e+02 3.389432144165039062e+01 8.821213245391845703e-01 4.120102226734161377e-01 2.282751202583312988e-01 0.000000000000000000e+00 1.000000000000000000e+00
3.174404602050781250e+02 3.825088500976562500e+02 3.406769943237304688e+01 8.760058283805847168e-01 4.253006279468536377e-01 2.274490892887115479e-01 0.000000000000000000e+00 1.000000000000000000e+00
3.180907897949218750e+02 3.828245849609375000e+02 3.423655319213867188e+01 8.672385811805725098e-01 4.419569075107574463e-01 2.292844057083129883e-01 0.000000000000000000e+00 1.000000000000000000e+00
3.187177124023437500e+02 3.831440734863281250e+02 3.440230178833007812e+01 8.551179766654968262e-01 4.621155858039855957e-01 2.349945455789566040e-01 0.000000000000000000e+00 1.000000000000000000e+00
3.193184509277343750e+02 3.834687194824218750e+02 3.456739044189453125e+01 8.396725058555603027e-01 4.851461052894592285e-01 2.440969496965408325e-01 0.000000000000000000e+00 1.000000000000000000e+00
3.198922729492187500e+02 3.838002624511718750e+02 3.473420333862304688e+01 8.223488926887512207e-01 5.090012550354003906e-01 2.542834579944610596e-01 0.000000000000000000e+00 1.000000000000000000e+00
3.204411315917968750e+02 3.841399841308593750e+02 3.490391921997070312e+01 8.058508038520812988e-01 5.307230353355407715e-01 2.625595629215240479e-01 0.000000000000000000e+00 1.000000000000000000e+00
3.209699401855468750e+02 3.844882507324218750e+02 3.507621383666992188e+01 7.928155064582824707e-01 5.482519268989562988e-01 2.662020325660705566e-01 0.000000000000000000e+00 1.000000000000000000e+00
3.214859619140625000e+02 3.848450927734375000e+02 3.524947738647460938e+01 7.847078442573547363e-01 5.606060624122619629e-01 2.644891142845153809e-01 0.000000000000000000e+00 1.000000000000000000e+00
3.219968566894531250e+02 3.852100830078125000e+02 3.542167663574218750e+01 7.812136411666870117e-01 5.681045055389404297e-01 2.587711811065673828e-01 0.000000000000000000e+00 1.000000000000000000e+00
3.225083312988281250e+02 3.855820312500000000e+02 3.559109878540039062e+01 7.803855538368225098e-01 5.724340677261352539e-01 2.516298592090606689e-01 0.000000000000000000e+00 1.000000000000000000e+00
3.230224304199218750e+02 3.859591369628906250e+02 3.575686645507812500e+01 7.802969217300415039e-01 5.749239921569824219e-01 2.461686879396438599e-01 0.000000000000000000e+00 1.000000000000000000e+00
3.235368957519531250e+02 3.863381958007812500e+02 3.591917037963867188e+01 7.793048024177551270e-01 5.770207643508911133e-01 2.443993389606475830e-01 0.000000000000000000e+00 1.000000000000000000e+00
3.240463256835937500e+02 3.867153930664062500e+02 3.607893371582031250e+01 7.761776447296142578e-01 5.800400972366333008e-01 2.471877932548522949e-01 0.000000000000000000e+00 1.000000000000000000e+00
3.245442504882812500e+02 3.870874938964843750e+02 3.623750686645507812e+01 7.704436182975769043e-01 5.847439765930175781e-01 2.539511620998382568e-01 0.000000000000000000e+00 1.000000000000000000e+00
3.250256347656250000e+02 3.874528503417968750e+02 3.639617919921875000e+01 7.619013190269470215e-01 5.921655893325805664e-01 2.623856365680694580e-01 0.000000000000000000e+00 1.000000000000000000e+00
3.254883728027343750e+02 3.878125000000000000e+02 3.655553817749023438e+01 7.506778836250305176e-01 6.029410958290100098e-01 2.700829207897186279e-01 0.000000000000000000e+00 1.000000000000000000e+00
3.259334106445312500e+02 3.881699523925781250e+02 3.671565628051757812e+01 7.377778291702270508e-01 6.166829466819763184e-01 2.745650708675384521e-01 0.000000000000000000e+00 1.000000000000000000e+00
3.263632812500000000e+02 3.885292663574218750e+02 3.687563323974609375e+01 7.244013547897338867e-01 6.320855617523193359e-01 2.751553356647491455e-01 0.000000000000000000e+00 1.000000000000000000e+00
3.267811584472656250e+02 3.888938903808593750e+02 3.703435897827148438e+01 7.115889787673950195e-01 6.473482847213745117e-01 2.730959057807922363e-01 0.000000000000000000e+00 1.000000000000000000e+00
3.271898498535156250e+02 3.892656860351562500e+02 3.719120788574218750e+01 7.003375291824340820e-01 6.603455543518066406e-01 2.710557281970977783e-01 0.000000000000000000e+00 1.000000000000000000e+00
3.275917358398437500e+02 3.896446228027343750e+02 3.734675216674804688e+01 6.913337111473083496e-01 6.699315309524536133e-01 2.706465423107147217e-01 0.000000000000000000e+00 1.000000000000000000e+00
3.279899902343750000e+02 3.900305480957031250e+02 3.750266265869140625e+01 6.853405237197875977e-01 6.753321290016174316e-01 2.724607288837432861e-01 0.000000000000000000e+00 1.000000000000000000e+00
3.283891296386718750e+02 3.904238586425781250e+02 3.766134262084960938e+01 6.824401617050170898e-01 6.770993471145629883e-01 2.753396332263946533e-01 0.000000000000000000e+00 1.000000000000000000e+00
3.287946777343750000e+02 3.908262329101562500e+02 3.782496643066406250e+01 6.817533373832702637e-01 6.770179271697998047e-01 2.772348821163177490e-01 0.000000000000000000e+00 1.000000000000000000e+00
3.292120666503906250e+02 3.912407226562500000e+02 3.799469757080078125e+01 6.817850470542907715e-01 6.772199273109436035e-01 2.766628265380859375e-01 0.000000000000000000e+00 1.000000000000000000e+00
3.296450500488281250e+02 3.916708068847656250e+02 3.817039871215820312e+01 6.808977127075195312e-01 6.796042323112487793e-01 2.729769051074981689e-01 0.000000000000000000e+00 1.000000000000000000e+00
3.300948791503906250e+02 3.921197814941406250e+02 3.835073852539062500e+01 6.777334809303283691e-01 6.851996779441833496e-01 2.667936682701110840e-01 0.000000000000000000e+00 1.000000000000000000e+00
3.305602722167968750e+02 3.925903015136718750e+02 3.853394317626953125e+01 6.714471578598022461e-01 6.939818263053894043e-01 2.598997950553894043e-01 0.000000000000000000e+00 1.000000000000000000e+00
3.310376586914062500e+02 3.930837097167968750e+02 3.871872711181640625e+01 6.625971794128417969e-01 7.046059966087341309e-01 2.539594769477844238e-01 0.000000000000000000e+00 1.000000000000000000e+00
3.315228576660156250e+02 3.935996704101562500e+02 3.890469360351562500e+01 6.526269316673278809e-01 7.152690291404724121e-01 2.499365955591201782e-01 0.000000000000000000e+00 1.000000000000000000e+00
3.320115356445312500e+02 3.941352539062500000e+02 3.909184265136718750e+01 6.433103084564208984e-01 7.245024442672729492e-01 2.474834471940994263e-01 0.000000000000000000e+00 1.000000000000000000e+00
3.325002136230468750e+02 3.946856079101562500e+02 3.927983856201171875e+01 6.371286511421203613e-01 7.307041883468627930e-01 2.452311962842941284e-01 0.000000000000000000e+00 1.000000000000000000e+00
3.329868469238281250e+02 3.952437133789062500e+02 3.946714401245117188e+01 6.351391673088073730e-01 7.339715361595153809e-01 2.405909001827239990e-01 0.000000000000000000e+00 1.000000000000000000e+00
3.334706726074218750e+02 3.958028259277343750e+02 3.965041732788085938e+01 6.379073262214660645e-01 7.345734238624572754e-01 2.312489897012710571e-01 0.000000000000000000e+00 1.000000000000000000e+00
3.339523925781250000e+02 3.963575439453125000e+02 3.982504653930664062e+01 6.441509723663330078e-01 7.336140871047973633e-01 2.165177613496780396e-01 0.000000000000000000e+00 1.000000000000000000e+00
3.344331665039062500e+02 3.969050903320312500e+02 3.998664855957031250e+01 6.511164307594299316e-01 7.325266003608703613e-01 1.986258178949356079e-01 0.000000000000000000e+00 1.000000000000000000e+00
3.349142456054687500e+02 3.974463195800781250e+02 4.013340377807617188e+01 6.553940176963806152e-01 7.330731153488159180e-01 1.818307489156723022e-01 0.000000000000000000e+00 1.000000000000000000e+00
3.353959960937500000e+02 3.979851684570312500e+02 4.026705932617187500e+01 6.535900831222534180e-01 7.373698949813842773e-01 1.706034988164901733e-01 0.000000000000000000e+00 1.000000000000000000e+00
3.358776245117187500e+02 3.985285339355468750e+02 4.039277648925781250e+01 6.430239081382751465e-01 7.473765611648559570e-01 1.671782284975051880e-01 0.000000000000000000e+00 1.000000000000000000e+00
3.363569641113281250e+02 3.990856628417968750e+02 4.051739883422851562e+01 6.235786676406860352e-01 7.629947066307067871e-01 1.702607870101928711e-01 0.000000000000000000e+00 1.000000000000000000e+00
3.368310241699218750e+02 3.996657104492187500e+02 4.064683532714843750e+01 5.960580110549926758e-01 7.835559844970703125e-01 1.753710210323333740e-01 0.000000000000000000e+00 1.000000000000000000e+00
3.372960205078125000e+02 4.002769775390625000e+02 4.078364562988281250e+01 5.637195706367492676e-01 8.066824674606323242e-01 1.774361133575439453e-01 0.000000000000000000e+00 1.000000000000000000e+00
3.377484741210937500e+02 4.009244384765625000e+02 4.092605972290039062e+01 5.304167866706848145e-01 8.299701809883117676e-01 1.726487278938293457e-01 0.000000000000000000e+00 1.000000000000000000e+00
3.381865539550781250e+02 4.016099243164062500e+02 4.106865310668945312e+01 5.003686547279357910e-01 8.509969115257263184e-01 1.594855338335037231e-01 0.000000000000000000e+00 1.000000000000000000e+00
3.386113891601562500e+02 4.023324584960937500e+02 4.120406341552734375e+01 4.765434563159942627e-01 8.680610656738281250e-01 1.391987800598144531e-01 0.000000000000000000e+00 1.000000000000000000e+00
3.390271911621093750e+02 4.030898742675781250e+02 4.132551956176757812e+01 4.606069922447204590e-01 8.801872730255126953e-01 1.145059242844581604e-01 0.000000000000000000e+00 1.000000000000000000e+00
3.394407348632812500e+02 4.038801269531250000e+02 4.142832565307617188e+01 4.522503912448883057e-01 8.874210119247436523e-01 8.918228745460510254e-02 0.000000000000000000e+00 1.000000000000000000e+00
3.398593139648437500e+02 4.047014770507812500e+02 4.151086807250976562e+01 4.496422111988067627e-01 8.907161355018615723e-01 6.668382138013839722e-02 0.000000000000000000e+00 1.000000000000000000e+00
3.402885131835937500e+02 4.055516967773437500e+02 4.157452011108398438e+01 4.502059519290924072e-01 8.915563225746154785e-01 4.941654205322265625e-02 0.000000000000000000e+00 1.000000000000000000e+00
3.407306823730468750e+02 4.064273376464843750e+02 4.162305450439453125e+01 4.518119096755981445e-01 8.912854194641113281e-01 3.842467814683914185e-02 0.000000000000000000e+00 1.000000000000000000e+00
3.411843872070312500e+02 4.073223571777343750e+02 4.166164016723632812e+01 4.527920782566070557e-01 8.909818530082702637e-01 3.362733125686645508e-02 0.000000000000000000e+00 1.000000000000000000e+00
3.416452331542968750e+02 4.082291870117187500e+02 4.169586563110351562e+01 4.521404504776000977e-01 8.912780284881591797e-01 3.453227877616882324e-02 0.000000000000000000e+00 1.000000000000000000e+00
3.421068420410156250e+02 4.091391296386718750e+02 4.173112106323242188e+01 4.492353200912475586e-01 8.925113677978515625e-01 4.013878107070922852e-02 0.000000000000000000e+00 1.000000000000000000e+00
3.425623474121093750e+02 4.100440979003906250e+02 4.177182006835937500e+01 4.434202611446380615e-01 8.949954509735107422e-01 4.859739914536476135e-02 0.000000000000000000e+00 1.000000000000000000e+00
3.430054016113281250e+02 4.109383544921875000e+02 4.182037734985351562e+01 4.344239234924316406e-01 8.988907933235168457e-01 5.719442665576934814e-02 0.000000000000000000e+00 1.000000000000000000e+00
3.434312438964843750e+02 4.118194885253906250e+02 4.187644195556640625e+01 4.228702783584594727e-01 9.040051102638244629e-01 6.289234757423400879e-02 0.000000000000000000e+00 1.000000000000000000e+00
3.438376770019531250e+02 4.126883544921875000e+02 4.193688964843750000e+01 4.092232882976531982e-01 9.102569818496704102e-01 6.299655139446258545e-02 0.000000000000000000e+00 1.000000000000000000e+00
3.442243957519531250e+02 4.135485534667968750e+02 4.199642181396484375e+01 3.948641121387481689e-01 9.169887304306030273e-01 5.669241771101951599e-02 0.000000000000000000e+00 1.000000000000000000e+00
3.445928344726562500e+02 4.144041748046875000e+02 4.204932022094726562e+01 3.810864388942718506e-01 9.234131574630737305e-01 4.561989009380340576e-02 0.000000000000000000e+00 1.000000000000000000e+00
3.449454650878906250e+02 4.152586364746093750e+02 4.209153366088867188e+01 3.683495819568634033e-01 9.290849566459655762e-01 3.346182033419609070e-02 0.000000000000000000e+00 1.000000000000000000e+00
3.452843017578125000e+02 4.161132812500000000e+02 4.212231445312500000e+01 3.579191565513610840e-01 9.334427714347839355e-01 2.405097335577011108e-02 0.000000000000000000e+00 1.000000000000000000e+00
3.456120300292968750e+02 4.169679870605468750e+02 4.214433670043945312e+01 3.510906100273132324e-01 9.361298680305480957e-01 1.990490965545177460e-02 0.000000000000000000e+00 1.000000000000000000e+00
3.459317016601562500e+02 4.178203430175781250e+02 4.216246032714843750e+01 3.492403030395507812e-01 9.367893338203430176e-01 2.137585729360580444e-02 0.000000000000000000e+00 1.000000000000000000e+00
3.462473144531250000e+02 4.186669311523437500e+02 4.218177795410156250e+01 3.533285260200500488e-01 9.351148605346679688e-01 2.681769989430904388e-02 0.000000000000000000e+00 1.000000000000000000e+00
3.465634460449218750e+02 4.195036010742187500e+02 4.220577239990234375e+01 3.630352914333343506e-01 9.311713576316833496e-01 3.354468196630477905e-02 0.000000000000000000e+00 1.000000000000000000e+00
3.468843078613281250e+02 4.203265991210937500e+02 4.223542022705078125e+01 3.766258656978607178e-01 9.255555272102355957e-01 3.872811421751976013e-02 0.000000000000000000e+00 1.000000000000000000e+00
3.472127685546875000e+02 4.211337890625000000e+02 4.226919555664062500e+01 3.905977606773376465e-01 9.196540713310241699e-01 4.086228832602500916e-02 0.000000000000000000e+00 1.000000000000000000e+00
3.475490417480468750e+02 4.219255371093750000e+02 4.230437469482421875e+01 4.025259613990783691e-01 9.145678877830505371e-01 3.922352939844131470e-02 0.000000000000000000e+00 1.000000000000000000e+00
3.478919372558593750e+02 4.227046203613281250e+02 4.233778762817382812e+01 4.108413457870483398e-01 9.110728502273559570e-01 3.399478271603584290e-02 0.000000000000000000e+00 1.000000000000000000e+00
3.482395019531250000e+02 4.234753723144531250e+02 4.236654663085937500e+01 4.174347817897796631e-01 9.083427190780639648e-01 2.572285197675228119e-02 0.000000000000000000e+00 1.000000000000000000e+00
3.485911254882812500e+02 4.242405090332031250e+02 4.238821411132812500e+01 4.253179728984832764e-01 9.049147963523864746e-01 1.528867334127426147e-02 0.000000000000000000e+00 1.000000000000000000e+00
3.489479064941406250e+02 4.249996032714843750e+02 4.240103912353515625e+01 4.385967552661895752e-01 8.986750841140747070e-01 4.007204435765743256e-03 0.000000000000000000e+00 1.000000000000000000e+00
3.493136596679687500e+02 4.257490234375000000e+02 4.240438079833984375e+01 4.588705301284790039e-01 8.884828686714172363e-01 -6.004758179187774658e-03 0.000000000000000000e+00 1.000000000000000000e+00
3.496932067871093750e+02 4.264839172363281250e+02 4.239941406250000000e+01 4.846294224262237549e-01 8.746398687362670898e-01 -1.180412154644727707e-02 0.000000000000000000e+00 1.000000000000000000e+00
3.500906982421875000e+02 4.272012939453125000e+02 4.238973236083984375e+01 5.126235485076904297e-01 8.585536479949951172e-01 -1.012816280126571655e-02 0.000000000000000000e+00 1.000000000000000000e+00
3.505085144042968750e+02 4.279010620117187500e+02 4.238147735595703125e+01 5.372346043586730957e-01 8.434316515922546387e-01 1.474268152378499508e-03 0.000000000000000000e+00 1.000000000000000000e+00
3.509450073242187500e+02 4.285863342285156250e+02 4.238267517089843750e+01 5.540671348571777344e-01 8.321343064308166504e-01 2.370787784457206726e-02 0.000000000000000000e+00 1.000000000000000000e+00
3.513948669433593750e+02 4.292619628906250000e+02 4.240192413330078125e+01 5.611453652381896973e-01 8.258883357048034668e-01 5.499498918652534485e-02 0.000000000000000000e+00 1.000000000000000000e+00
3.518503112792968750e+02 4.299322814941406250e+02 4.244655990600585938e+01 5.581113696098327637e-01 8.246455788612365723e-01 9.203953295946121216e-02 0.000000000000000000e+00 1.000000000000000000e+00
3.523019104003906250e+02 4.305995483398437500e+02 4.252103424072265625e+01 5.468066930770874023e-01 8.270460367202758789e-01 1.303735971450805664e-01 0.000000000000000000e+00 1.000000000000000000e+00
3.527413024902343750e+02 4.312641296386718750e+02 4.262579727172851562e+01 5.293977260589599609e-01 8.323547244071960449e-01 1.640841215848922729e-01 0.000000000000000000e+00 1.000000000000000000e+00
3.531623229980468750e+02 4.319260864257812500e+02 4.275629043579101562e+01 5.088683366775512695e-01 8.402587771415710449e-01 1.871314048767089844e-01 0.000000000000000000e+00 1.000000000000000000e+00
3.535616760253906250e+02 4.325855102539062500e+02 4.290314865112304688e+01 4.883826375007629395e-01 8.507463335990905762e-01 1.941987425088882446e-01 0.000000000000000000e+00 1.000000000000000000e+00
3.539396667480468750e+02 4.332439575195312500e+02 4.305345153808593750e+01 4.703556597232818604e-01 8.633625507354736328e-01 1.826761960983276367e-01 0.000000000000000000e+00 1.000000000000000000e+00
3.542994995117187500e+02 4.339044494628906250e+02 4.319320297241210938e+01 4.566841423511505127e-01 8.761869668960571289e-01 1.540647149085998535e-01 0.000000000000000000e+00 1.000000000000000000e+00
3.546469726562500000e+02 4.345711059570312500e+02 4.331042480468750000e+01 4.483653008937835693e-01 8.865413665771484375e-01 1.140742227435112000e-01 0.000000000000000000e+00 1.000000000000000000e+00
3.549894104003906250e+02 4.352481994628906250e+02 4.339754867553710938e+01 4.454846680164337158e-01 8.924299478530883789e-01 7.150058448314666748e-02 0.000000000000000000e+00 1.000000000000000000e+00
3.553338012695312500e+02 4.359381103515625000e+02 4.345282363891601562e+01 4.490889608860015869e-01 8.928598165512084961e-01 3.347108140587806702e-02 0.000000000000000000e+00 1.000000000000000000e+00
3.556868591308593750e+02 4.366400451660156250e+02 4.347913742065429688e+01 4.597260057926177979e-01 8.880540132522583008e-01 3.480165265500545502e-03 0.000000000000000000e+00 1.000000000000000000e+00
3.560537109375000000e+02 4.373486938476562500e+02 4.348191452026367188e+01 4.774759411811828613e-01 8.784430623054504395e-01 -1.882745139300823212e-02 0.000000000000000000e+00 1.000000000000000000e+00
3.564365234375000000e+02 4.380529785156250000e+02 4.346681976318359375e+01 5.013315081596374512e-01 8.645110726356506348e-01 -3.587972000241279602e-02 0.000000000000000000e+00 1.000000000000000000e+00
3.568327636718750000e+02 4.387362670898437500e+02 4.343846130371093750e+01 5.294274687767028809e-01 8.468743562698364258e-01 -5.010357871651649475e-02 0.000000000000000000e+00 1.000000000000000000e+00
3.572336730957031250e+02 4.393775634765625000e+02 4.340052032470703125e+01 5.593461990356445312e-01 8.265403509140014648e-01 -6.295213103294372559e-02 0.000000000000000000e+00 1.000000000000000000e+00
3.576242065429687500e+02 4.399546508789062500e+02 4.335656738281250000e+01 5.886661410331726074e-01 8.048986196517944336e-01 -7.490236312150955200e-02 0.000000000000000000e+00 1.000000000000000000e+00
3.579851074218750000e+02 4.404481201171875000e+02 4.331064605712890625e+01 6.156869530677795410e-01 7.833009958267211914e-01 -8.584357053041458130e-02 0.000000000000000000e+00 1.000000000000000000e+00
3.582976379394531250e+02 4.408457336425781250e+02 4.326707077026367188e+01 6.156869530677795410e-01 7.833009958267211914e-01 -8.584357053041458130e-02 0.000000000000000000e+00 1.000000000000000000e+00
