3.074944763183593750e+02 4.001670532226562500e+02 1.753261871337890625e+02 5.917615294456481934e-01 1.339530497789382935e-01 7.949056029319763184e-01 0.000000000000000000e+00 1.000000000000000000e+00
3.072946777343750000e+02 4.001218261718750000e+02 1.750578002929687500e+02 5.747405290603637695e-01 1.126901209354400635e-01 8.105395436286926270e-01 0.000000000000000000e+00 1.000000000000000000e+00
3.070429992675781250e+02 4.000724792480468750e+02 1.747028656005859375e+02 5.514597296714782715e-01 8.523814380168914795e-02 8.298353552818298340e-01 0.000000000000000000e+00 1.000000000000000000e+00
3.067503967285156250e+02 4.000272521972656250e+02 1.742625579833984375e+02 5.207777023315429688e-01 5.072673037648200989e-02 8.521839380264282227e-01 0.000000000000000000e+00 1.000000000000000000e+00
3.064339599609375000e+02 3.999964294433593750e+02 1.737447509765625000e+02 4.826982319355010986e-01 1.072255428880453110e-02 8.757210969924926758e-01 0.000000000000000000e+00 1.000000000000000000e+00
3.061124877929687500e+02 3.999892883300781250e+02 1.731615295410156250e+02 4.382411837577819824e-01 -3.153682127594947815e-02 8.983039855957031250e-01 0.000000000000000000e+00 1.000000000000000000e+00
3.058020629882812500e+02 4.000116271972656250e+02 1.725252227783203125e+02 3.911736607551574707e-01 -7.168837636709213257e-02 9.175205230712890625e-01 0.000000000000000000e+00 1.000000000000000000e+00
3.055124816894531250e+02 4.000646972656250000e+02 1.718459930419921875e+02 3.459184765815734863e-01 -1.048731952905654907e-01 9.323851466178894043e-01 0.000000000000000000e+00 1.000000000000000000e+00
3.052470397949218750e+02 4.001451721191406250e+02 1.711305236816406250e+02 3.064575195312500000e-01 -1.289760321378707886e-01 9.431059956550598145e-01 0.000000000000000000e+00 1.000000000000000000e+00
3.050039062500000000e+02 4.002474975585937500e+02 1.703822937011718750e+02 2.745805680751800537e-01 -1.444730013608932495e-01 9.506487250328063965e-01 0.000000000000000000e+00 1.000000000000000000e+00
3.047787475585937500e+02 4.003659667968750000e+02 1.696027526855468750e+02 2.497819960117340088e-01 -1.541415005922317505e-01 9.559546709060668945e-01 0.000000000000000000e+00 1.000000000000000000e+00
3.045671386718750000e+02 4.004965515136718750e+02 1.687928924560546875e+02 2.292247712612152100e-01 -1.618057191371917725e-01 9.598307013511657715e-01 0.000000000000000000e+00 1.000000000000000000e+00
3.043668823242187500e+02 4.006379089355468750e+02 1.679543609619140625e+02 2.100535184144973755e-01 -1.697618365287780762e-01 9.628387093544006348e-01 0.000000000000000000e+00 1.000000000000000000e+00
3.041781921386718750e+02 4.007904052734375000e+02 1.670894470214843750e+02 1.900275796651840210e-01 -1.793507635593414307e-01 9.652578830718994141e-01 0.000000000000000000e+00 1.000000000000000000e+00
3.040032958984375000e+02 4.009554748535156250e+02 1.662010498046875000e+02 1.683895289897918701e-01 -1.899337768554687500e-01 9.672486782073974609e-01 0.000000000000000000e+00 1.000000000000000000e+00
3.038451538085937500e+02 4.011338500976562500e+02 1.652926635742187500e+02 1.458330154418945312e-01 -2.005283832550048828e-01 9.687729477882385254e-01 0.000000000000000000e+00 1.000000000000000000e+00
3.037059326171875000e+02 4.013252868652343750e+02 1.643678131103515625e+02 1.244584023952484131e-01 -2.099446654319763184e-01 9.697594046592712402e-01 0.000000000000000000e+00 1.000000000000000000e+00
3.035855712890625000e+02 4.015283203125000000e+02 1.634299774169921875e+02 1.059569045901298523e-01 -2.173835486173629761e-01 9.703183174133300781e-01 0.000000000000000000e+00 1.000000000000000000e+00
3.034821166992187500e+02 4.017405700683593750e+02 1.624825744628906250e+02 9.119328111410140991e-02 -2.227961272001266479e-01 9.705903530120849609e-01 0.000000000000000000e+00 1.000000000000000000e+00
3.033925170898437500e+02 4.019594726562500000e+02 1.615289459228515625e+02 7.917011529207229614e-02 -2.261427938938140869e-01 9.708715081214904785e-01 0.000000000000000000e+00 1.000000000000000000e+00
3.033145141601562500e+02 4.021822814941406250e+02 1.605723876953125000e+02 6.843946129083633423e-02 -2.277804017066955566e-01 9.713043570518493652e-01 0.000000000000000000e+00 1.000000000000000000e+00
3.032471008300781250e+02 4.024066467285156250e+02 1.596156463623046875e+02 5.667804554104804993e-02 -2.282658517360687256e-01 9.719476699829101562e-01 0.000000000000000000e+00 1.000000000000000000e+00
3.031914367675781250e+02 4.026308288574218750e+02 1.586610870361328125e+02 4.269319400191307068e-02 -2.281759232282638550e-01 9.726834297180175781e-01 0.000000000000000000e+00 1.000000000000000000e+00
3.031497192382812500e+02 4.028537902832031250e+02 1.577106323242187500e+02 2.577645890414714813e-02 -2.274929583072662354e-01 9.734385609626770020e-01 0.000000000000000000e+00 1.000000000000000000e+00
3.031246948242187500e+02 4.030746459960937500e+02 1.567655944824218750e+02 6.807362660765647888e-03 -2.264160364866256714e-01 9.740068912506103516e-01 0.000000000000000000e+00 1.000000000000000000e+00
3.031181335449218750e+02 4.032928771972656250e+02 1.558267974853515625e+02 -1.262314803898334503e-02 -2.240290045738220215e-01 9.745006561279296875e-01 0.000000000000000000e+00 1.000000000000000000e+00
3.031302185058593750e+02 4.035073547363281250e+02 1.548938446044921875e+02 -3.048537857830524445e-02 -2.188792377710342407e-01 9.752756357192993164e-01 0.000000000000000000e+00 1.000000000000000000e+00
3.031592407226562500e+02 4.037157287597656250e+02 1.539653778076171875e+02 -4.458898305892944336e-02 -2.091856598854064941e-01 9.768587946891784668e-01 0.000000000000000000e+00 1.000000000000000000e+00
3.032015686035156250e+02 4.039143066406250000e+02 1.530380554199218750e+02 -5.322910472750663757e-02 -1.933648288249969482e-01 9.796819686889648438e-01 0.000000000000000000e+00 1.000000000000000000e+00
3.032521667480468750e+02 4.040981140136718750e+02 1.521067962646484375e+02 -5.537398532032966614e-02 -1.713880747556686401e-01 9.836462736129760742e-01 0.000000000000000000e+00 1.000000000000000000e+00
3.033051147460937500e+02 4.042619934082031250e+02 1.511662445068359375e+02 -5.108026415109634399e-02 -1.447959393262863159e-01 9.881421327590942383e-01 0.000000000000000000e+00 1.000000000000000000e+00
3.033544006347656250e+02 4.044017028808593750e+02 1.502128143310546875e+02 -4.108453914523124695e-02 -1.161657497286796570e-01 9.923797845840454102e-01 0.000000000000000000e+00 1.000000000000000000e+00
3.033943786621093750e+02 4.045147399902343750e+02 1.492471618652343750e+02 -2.628079056739807129e-02 -8.885410428047180176e-02 9.956978559494018555e-01 0.000000000000000000e+00 1.000000000000000000e+00
3.034200134277343750e+02 4.046014099121093750e+02 1.482759399414062500e+02 -6.882181856781244278e-03 -6.512816995382308960e-02 9.978532195091247559e-01 0.000000000000000000e+00 1.000000000000000000e+00
3.034266662597656250e+02 4.046643676757812500e+02 1.473113403320312500e+02 1.741287857294082642e-02 -4.713430255651473999e-02 9.987367987632751465e-01 0.000000000000000000e+00 1.000000000000000000e+00
3.034102172851562500e+02 4.047088928222656250e+02 1.463678894042968750e+02 4.704632237553596497e-02 -3.581288084387779236e-02 9.982505440711975098e-01 0.000000000000000000e+00 1.000000000000000000e+00
3.033674011230468750e+02 4.047414855957031250e+02 1.454593963623046875e+02 8.160223811864852905e-02 -3.218363970518112183e-02 9.961451888084411621e-01 0.000000000000000000e+00 1.000000000000000000e+00
3.032966003417968750e+02 4.047694091796875000e+02 1.445951080322265625e+02 1.192821115255355835e-01 -3.661390766501426697e-02 9.921850562095642090e-01 0.000000000000000000e+00 1.000000000000000000e+00
3.031982727050781250e+02 4.047995910644531250e+02 1.437772216796875000e+02 1.560429334640502930e-01 -4.901547357439994812e-02 9.865333437919616699e-01 0.000000000000000000e+00 1.000000000000000000e+00
3.030754699707031250e+02 4.048381652832031250e+02 1.430008392333984375e+02 1.861210018396377563e-01 -6.812141090631484985e-02 9.801624417304992676e-01 0.000000000000000000e+00 1.000000000000000000e+00
3.029338073730468750e+02 4.048900146484375000e+02 1.422548065185546875e+02 2.042181789875030518e-01 -9.032022207975387573e-02 9.747498035430908203e-01 0.000000000000000000e+00 1.000000000000000000e+00
3.027807617187500000e+02 4.049577026367187500e+02 1.415243072509765625e+02 2.090426832437515259e-01 -1.112188249826431274e-01 9.715613722801208496e-01 0.000000000000000000e+00 1.000000000000000000e+00
3.026235961914062500e+02 4.050413208007812500e+02 1.407938537597656250e+02 2.035684436559677124e-01 -1.256841570138931274e-01 9.709600210189819336e-01 0.000000000000000000e+00 1.000000000000000000e+00
3.024678955078125000e+02 4.051374511718750000e+02 1.400512084960937500e+02 1.941907703876495361e-01 -1.296554803848266602e-01 9.723576307296752930e-01 0.000000000000000000e+00 1.000000000000000000e+00
3.023159179687500000e+02 4.052389221191406250e+02 1.392902221679687500e+02 1.861106306314468384e-01 -1.220347359776496887e-01 9.749206900596618652e-01 0.000000000000000000e+00 1.000000000000000000e+00
3.021673583984375000e+02 4.053363342285156250e+02 1.385120086669921875e+02 1.817750632762908936e-01 -1.028344780206680298e-01 9.779483079910278320e-01 0.000000000000000000e+00 1.000000000000000000e+00
3.020206298828125000e+02 4.054193420410156250e+02 1.377226104736328125e+02 1.793720722198486328e-01 -7.481081783771514893e-02 9.809327125549316406e-01 0.000000000000000000e+00 1.000000000000000000e+00
3.018758239746093750e+02 4.054797363281250000e+02 1.369307098388671875e+02 1.739170998334884644e-01 -4.169585183262825012e-02 9.838771224021911621e-01 0.000000000000000000e+00 1.000000000000000000e+00
3.017366943359375000e+02 4.055130920410156250e+02 1.361436309814453125e+02 1.598637104034423828e-01 -9.169336408376693726e-03 9.870964884757995605e-01 0.000000000000000000e+00 1.000000000000000000e+00
3.016105957031250000e+02 4.055203247070312500e+02 1.353650207519531250e+02 1.337887346744537354e-01 1.782802678644657135e-02 9.908495545387268066e-01 0.000000000000000000e+00 1.000000000000000000e+00
3.015066223144531250e+02 4.055064697265625000e+02 1.345949859619140625e+02 9.647268056869506836e-02 3.505929186940193176e-02 9.947180151939392090e-01 0.000000000000000000e+00 1.000000000000000000e+00
3.014325561523437500e+02 4.054795532226562500e+02 1.338312988281250000e+02 5.320641398429870605e-02 4.198819398880004883e-02 9.977003931999206543e-01 0.000000000000000000e+00 1.000000000000000000e+00
3.013920288085937500e+02 4.054475708007812500e+02 1.330713500976562500e+02 1.005248539149761200e-02 3.980784490704536438e-02 9.991567730903625488e-01 0.000000000000000000e+00 1.000000000000000000e+00
3.013843994140625000e+02 4.054173583984375000e+02 1.323130340576171875e+02 -2.821618504822254181e-02 3.171805292367935181e-02 9.990985393524169922e-01 0.000000000000000000e+00 1.000000000000000000e+00
3.014057922363281250e+02 4.053933105468750000e+02 1.315555419921875000e+02 -6.027127057313919067e-02 1.912415027618408203e-02 9.979988336563110352e-01 0.000000000000000000e+00 1.000000000000000000e+00
3.014514770507812500e+02 4.053788146972656250e+02 1.307990722656250000e+02 -8.769444376230239868e-02 3.065675031393766403e-03 9.961426854133605957e-01 0.000000000000000000e+00 1.000000000000000000e+00
3.015178222656250000e+02 4.053764953613281250e+02 1.300454406738281250e+02 -1.136966422200202942e-01 -1.610905304551124573e-02 9.933848381042480469e-01 0.000000000000000000e+00 1.000000000000000000e+00
3.016033325195312500e+02 4.053886108398437500e+02 1.292983245849609375e+02 -1.408585458993911743e-01 -3.873302042484283447e-02 9.892717599868774414e-01 0.000000000000000000e+00 1.000000000000000000e+00
3.017080993652343750e+02 4.054174194335937500e+02 1.285625305175781250e+02 -1.704329252243041992e-01 -6.308312714099884033e-02 9.833479523658752441e-01 0.000000000000000000e+00 1.000000000000000000e+00
3.018327636718750000e+02 4.054635620117187500e+02 1.278432540893554688e+02 -2.016899436712265015e-01 -8.689492940902709961e-02 9.755872488021850586e-01 0.000000000000000000e+00 1.000000000000000000e+00
3.019772644042968750e+02 4.055258178710937500e+02 1.271442947387695312e+02 -2.331725805997848511e-01 -1.060547977685928345e-01 9.666348695755004883e-01 0.000000000000000000e+00 1.000000000000000000e+00
3.021407775878906250e+02 4.056001892089843750e+02 1.264664382934570312e+02 -2.621750831604003906e-01 -1.158231571316719055e-01 9.580445289611816406e-01 0.000000000000000000e+00 1.000000000000000000e+00
3.023213500976562500e+02 4.056799621582031250e+02 1.258065872192382812e+02 -2.859606444835662842e-01 -1.144648939371109009e-01 9.513802528381347656e-01 0.000000000000000000e+00 1.000000000000000000e+00
3.025161437988281250e+02 4.057579345703125000e+02 1.251585159301757812e+02 -3.028682470321655273e-01 -1.013752967119216919e-01 9.476254582405090332e-01 0.000000000000000000e+00 1.000000000000000000e+00
3.027219238281250000e+02 4.058268127441406250e+02 1.245146636962890625e+02 -3.117643594741821289e-01 -7.909237593412399292e-02 9.468618035316467285e-01 0.000000000000000000e+00 1.000000000000000000e+00
3.029347229003906250e+02 4.058807983398437500e+02 1.238683700561523438e+02 -3.124952018260955811e-01 -5.146250128746032715e-02 9.485243558883666992e-01 0.000000000000000000e+00 1.000000000000000000e+00
3.031500549316406250e+02 4.059162597656250000e+02 1.232147674560546875e+02 -3.059685230255126953e-01 -2.203954756259918213e-02 9.517864584922790527e-01 0.000000000000000000e+00 1.000000000000000000e+00
3.033631591796875000e+02 4.059316101074218750e+02 1.225518569946289062e+02 -2.926339805126190186e-01 6.723728030920028687e-03 9.562008976936340332e-01 0.000000000000000000e+00 1.000000000000000000e+00
3.035690307617187500e+02 4.059268798828125000e+02 1.218791580200195312e+02 -2.730579376220703125e-01 3.301456198096275330e-02 9.614308476448059082e-01 0.000000000000000000e+00 1.000000000000000000e+00
3.037628784179687500e+02 4.059034423828125000e+02 1.211966247558593750e+02 -2.473752796649932861e-01 5.680532380938529968e-02 9.672530889511108398e-01 0.000000000000000000e+00 1.000000000000000000e+00
3.039404296875000000e+02 4.058626708984375000e+02 1.205023880004882812e+02 -2.147803157567977905e-01 7.764555513858795166e-02 9.735710620880126953e-01 0.000000000000000000e+00 1.000000000000000000e+00
3.040971069335937500e+02 4.058060302734375000e+02 1.197921905517578125e+02 -1.758426427841186523e-01 9.534870088100433350e-02 9.797897338867187500e-01 0.000000000000000000e+00 1.000000000000000000e+00
3.042282409667968750e+02 4.057349243164062500e+02 1.190615158081054688e+02 -1.306696236133575439e-01 1.110452488064765930e-01 9.851875305175781250e-01 0.000000000000000000e+00 1.000000000000000000e+00
3.043282165527343750e+02 4.056499633789062500e+02 1.183077468872070312e+02 -8.071158826351165771e-02 1.247325465083122253e-01 9.889021515846252441e-01 0.000000000000000000e+00 1.000000000000000000e+00
3.043913879394531250e+02 4.055523376464843750e+02 1.175337524414062500e+02 -2.662496641278266907e-02 1.377870887517929077e-01 9.901039004325866699e-01 0.000000000000000000e+00 1.000000000000000000e+00
3.044124755859375000e+02 4.054432067871093750e+02 1.167495651245117188e+02 3.061803244054317474e-02 1.506128460168838501e-01 9.881185889244079590e-01 0.000000000000000000e+00 1.000000000000000000e+00
3.043883361816406250e+02 4.053244628906250000e+02 1.159705276489257812e+02 9.074765443801879883e-02 1.629745662212371826e-01 9.824479818344116211e-01 0.000000000000000000e+00 1.000000000000000000e+00
3.043182067871093750e+02 4.051985168457031250e+02 1.152112960815429688e+02 1.516066789627075195e-01 1.738850623369216919e-01 9.730259180068969727e-01 0.000000000000000000e+00 1.000000000000000000e+00
3.042041931152343750e+02 4.050677490234375000e+02 1.144795455932617188e+02 2.095575183629989624e-01 1.800651550292968750e-01 9.610733985900878906e-01 0.000000000000000000e+00 1.000000000000000000e+00
3.040500183105468750e+02 4.049352722167968750e+02 1.137724685668945312e+02 2.588358521461486816e-01 1.779679059982299805e-01 9.493847489356994629e-01 0.000000000000000000e+00 1.000000000000000000e+00
3.038607177734375000e+02 4.048051147460937500e+02 1.130781326293945312e+02 2.956868708133697510e-01 1.662800908088684082e-01 9.407020211219787598e-01 0.000000000000000000e+00 1.000000000000000000e+00
3.036416931152343750e+02 4.046819458007812500e+02 1.123813247680664062e+02 3.205609023571014404e-01 1.471664160490036011e-01 9.357257485389709473e-01 0.000000000000000000e+00 1.000000000000000000e+00
3.033981323242187500e+02 4.045701293945312500e+02 1.116703643798828125e+02 3.377631604671478271e-01 1.253086924552917480e-01 9.328524470329284668e-01 0.000000000000000000e+00 1.000000000000000000e+00
3.031342468261718750e+02 4.044722290039062500e+02 1.109415512084960938e+02 3.517253994941711426e-01 1.063053533434867859e-01 9.300475716590881348e-01 0.000000000000000000e+00 1.000000000000000000e+00
3.028535461425781250e+02 4.043873901367187500e+02 1.101993103027343750e+02 3.661599457263946533e-01 9.484911710023880005e-02 9.257054328918457031e-01 0.000000000000000000e+00 1.000000000000000000e+00
3.025580749511718750e+02 4.043108520507812500e+02 1.094523162841796875e+02 3.816911578178405762e-01 9.294366836547851562e-02 9.196050167083740234e-01 0.000000000000000000e+00 1.000000000000000000e+00
3.022491455078125000e+02 4.042356262207031250e+02 1.087080154418945312e+02 3.975606858730316162e-01 9.981438517570495605e-02 9.121308326721191406e-01 0.000000000000000000e+00 1.000000000000000000e+00
3.019273986816406250e+02 4.041548461914062500e+02 1.079698257446289062e+02 4.115600287914276123e-01 1.115457192063331604e-01 9.045307636260986328e-01 0.000000000000000000e+00 1.000000000000000000e+00
3.015936584472656250e+02 4.040643920898437500e+02 1.072363281250000000e+02 4.216442108154296875e-01 1.233414113521575928e-01 8.983334898948669434e-01 0.000000000000000000e+00 1.000000000000000000e+00
3.012499084472656250e+02 4.039638366699218750e+02 1.065039520263671875e+02 4.277360439300537109e-01 1.322397142648696899e-01 8.941782116889953613e-01 0.000000000000000000e+00 1.000000000000000000e+00
3.008984985351562500e+02 4.038551940917968750e+02 1.057693328857421875e+02 4.303891956806182861e-01 1.386887580156326294e-01 8.919252157211303711e-01 0.000000000000000000e+00 1.000000000000000000e+00
3.005426940917968750e+02 4.037405395507812500e+02 1.050319747924804688e+02 4.308545291423797607e-01 1.461518108844757080e-01 8.905076980590820312e-01 0.000000000000000000e+00 1.000000000000000000e+00
3.001863403320312500e+02 4.036196594238281250e+02 1.042954483032226562e+02 4.301806092262268066e-01 1.581880003213882446e-01 8.887751698493957520e-01 0.000000000000000000e+00 1.000000000000000000e+00
2.998334655761718750e+02 4.034898986816406250e+02 1.035663909912109375e+02 4.284691810607910156e-01 1.758871078491210938e-01 8.862718343734741211e-01 0.000000000000000000e+00 1.000000000000000000e+00
2.994882202148437500e+02 4.033481750488281250e+02 1.028522644042968750e+02 4.256952404975891113e-01 1.977066844701766968e-01 8.830037117004394531e-01 0.000000000000000000e+00 1.000000000000000000e+00
2.991540222167968750e+02 4.031929626464843750e+02 1.021590499877929688e+02 4.221258461475372314e-01 2.186660766601562500e-01 8.797698616981506348e-01 0.000000000000000000e+00 1.000000000000000000e+00
2.988329467773437500e+02 4.030266418457031250e+02 1.014898834228515625e+02 4.178149700164794922e-01 2.324740886688232422e-01 8.782860636711120605e-01 0.000000000000000000e+00 1.000000000000000000e+00
2.985253601074218750e+02 4.028554992675781250e+02 1.008433074951171875e+02 4.133132100105285645e-01 2.347468882799148560e-01 8.798102736473083496e-01 0.000000000000000000e+00 1.000000000000000000e+00
2.982296752929687500e+02 4.026875610351562500e+02 1.002138900756835938e+02 4.097757637500762939e-01 2.244072258472442627e-01 8.841522932052612305e-01 0.000000000000000000e+00 1.000000000000000000e+00
2.979420166015625000e+02 4.025300292968750000e+02 9.959322357177734375e+01 4.075651764869689941e-01 2.049628049135208130e-01 8.898769021034240723e-01 0.000000000000000000e+00 1.000000000000000000e+00
2.976574707031250000e+02 4.023869323730468750e+02 9.897194671630859375e+01 4.071148931980133057e-01 1.832081973552703857e-01 8.948140740394592285e-01 0.000000000000000000e+00 1.000000000000000000e+00
2.973708190917968750e+02 4.022579345703125000e+02 9.834190368652343750e+01 4.094462692737579346e-01 1.641441285610198975e-01 8.974466323852539062e-01 0.000000000000000000e+00 1.000000000000000000e+00
2.970769042968750000e+02 4.021401062011718750e+02 9.769768524169921875e+01 4.143008291721343994e-01 1.513040959835052490e-01 8.974753022193908691e-01 0.000000000000000000e+00 1.000000000000000000e+00
2.967723999023437500e+02 4.020289001464843750e+02 9.703805541992187500e+01 4.215070307254791260e-01 1.450543403625488281e-01 8.951486349105834961e-01 0.000000000000000000e+00 1.000000000000000000e+00
2.964559020996093750e+02 4.019199829101562500e+02 9.636591339111328125e+01 4.295253753662109375e-01 1.454456150531768799e-01 8.912650942802429199e-01 0.000000000000000000e+00 1.000000000000000000e+00
2.961287536621093750e+02 4.018092041015625000e+02 9.568708038330078125e+01 4.364307820796966553e-01 1.526031941175460815e-01 8.867019414901733398e-01 0.000000000000000000e+00 1.000000000000000000e+00
2.957948303222656250e+02 4.016924438476562500e+02 9.500864410400390625e+01 4.408946633338928223e-01 1.662921756505966187e-01 8.820197582244873047e-01 0.000000000000000000e+00 1.000000000000000000e+00
2.954590454101562500e+02 4.015657958984375000e+02 9.433689880371093750e+01 4.420818090438842773e-01 1.863892823457717896e-01 8.773953914642333984e-01 0.000000000000000000e+00 1.000000000000000000e+00
2.951261596679687500e+02 4.014254455566406250e+02 9.367622375488281250e+01 4.405578970909118652e-01 2.110484093427658081e-01 8.725637197494506836e-01 0.000000000000000000e+00 1.000000000000000000e+00
2.947991638183593750e+02 4.012687988281250000e+02 9.302857971191406250e+01 4.384066462516784668e-01 2.361741662025451660e-01 8.671916127204895020e-01 0.000000000000000000e+00 1.000000000000000000e+00
2.944783020019531250e+02 4.010959472656250000e+02 9.239389801025390625e+01 4.381173551082611084e-01 2.577409148216247559e-01 8.611752390861511230e-01 0.000000000000000000e+00 1.000000000000000000e+00
2.941613464355468750e+02 4.009094848632812500e+02 9.177088165283203125e+01 4.417346715927124023e-01 2.734405994415283203e-01 8.544593453407287598e-01 0.000000000000000000e+00 1.000000000000000000e+00
2.938445434570312500e+02 4.007133789062500000e+02 9.115808105468750000e+01 4.498076438903808594e-01 2.833946645259857178e-01 8.469713926315307617e-01 0.000000000000000000e+00 1.000000000000000000e+00
2.935240783691406250e+02 4.005114746093750000e+02 9.055465698242187500e+01 4.613651037216186523e-01 2.898175716400146484e-01 8.385392427444458008e-01 0.000000000000000000e+00 1.000000000000000000e+00
2.931971740722656250e+02 4.003061218261718750e+02 8.996050262451171875e+01 4.749003648757934570e-01 2.952598035335540771e-01 8.290303349494934082e-01 0.000000000000000000e+00 1.000000000000000000e+00
2.928623657226562500e+02 4.000979614257812500e+02 8.937602996826171875e+01 4.890735149383544922e-01 3.023600876331329346e-01 8.181597590446472168e-01 0.000000000000000000e+00 1.000000000000000000e+00
2.925191955566406250e+02 3.998858032226562500e+02 8.880194854736328125e+01 5.028293132781982422e-01 3.118494153022766113e-01 8.061715960502624512e-01 0.000000000000000000e+00 1.000000000000000000e+00
2.921679077148437500e+02 3.996679382324218750e+02 8.823873901367187500e+01 5.155877470970153809e-01 3.236779570579528809e-01 7.933484911918640137e-01 0.000000000000000000e+00 1.000000000000000000e+00
2.918089599609375000e+02 3.994425964355468750e+02 8.768641662597656250e+01 5.271171927452087402e-01 3.371440470218658447e-01 7.800521254539489746e-01 0.000000000000000000e+00 1.000000000000000000e+00
2.914429016113281250e+02 3.992084655761718750e+02 8.714470672607421875e+01 5.373827815055847168e-01 3.515078425407409668e-01 7.665911912918090820e-01 0.000000000000000000e+00 1.000000000000000000e+00
2.910702209472656250e+02 3.989646911621093750e+02 8.661306762695312500e+01 5.464301109313964844e-01 3.666057288646697998e-01 7.530035972595214844e-01 0.000000000000000000e+00 1.000000000000000000e+00
2.906914978027343750e+02 3.987106018066406250e+02 8.609117126464843750e+01 5.543059706687927246e-01 3.821751773357391357e-01 7.393828034400939941e-01 0.000000000000000000e+00 1.000000000000000000e+00
2.903073425292968750e+02 3.984457397460937500e+02 8.557875061035156250e+01 5.609824657440185547e-01 3.982799649238586426e-01 7.257215380668640137e-01 0.000000000000000000e+00 1.000000000000000000e+00
2.899185485839843750e+02 3.981697082519531250e+02 8.507578277587890625e+01 5.666919946670532227e-01 4.147257208824157715e-01 7.119429111480712891e-01 0.000000000000000000e+00 1.000000000000000000e+00
2.895258178710937500e+02 3.978822937011718750e+02 8.458238983154296875e+01 -5.711857676506042480e-01 -4.315958619117736816e-01 -6.981918215751647949e-01 0.000000000000000000e+00 1.000000000000000000e+00
2.891303405761718750e+02 3.975834655761718750e+02 8.409897613525390625e+01 -5.740302205085754395e-01 -4.489607214927673340e-01 -6.847799420356750488e-01 0.000000000000000000e+00 1.000000000000000000e+00
2.887336730957031250e+02 3.972732238769531250e+02 8.362577819824218750e+01 -5.748748183250427246e-01 -4.666620492935180664e-01 -6.721200942993164062e-01 0.000000000000000000e+00 1.000000000000000000e+00
2.883377685546875000e+02 3.969518432617187500e+02 8.316290283203125000e+01 -5.730444788932800293e-01 -4.841130375862121582e-01 -6.612522602081298828e-01 0.000000000000000000e+00 1.000000000000000000e+00
2.879450683593750000e+02 3.966200866699218750e+02 8.270975494384765625e+01 -5.684356689453125000e-01 -5.012345314025878906e-01 -6.524146795272827148e-01 0.000000000000000000e+00 1.000000000000000000e+00
2.875573425292968750e+02 3.962781982421875000e+02 8.226474761962890625e+01 -5.601463317871093750e-01 -5.179423093795776367e-01 -6.465074419975280762e-01 0.000000000000000000e+00 1.000000000000000000e+00
2.871766052246093750e+02 3.959261474609375000e+02 8.182530975341796875e+01 -5.483495593070983887e-01 -5.345814228057861328e-01 -6.430673599243164062e-01 0.000000000000000000e+00 1.000000000000000000e+00
2.868034667968750000e+02 3.955623779296875000e+02 8.138771820068359375e+01 -5.337241888046264648e-01 -5.508735775947570801e-01 -6.416205167770385742e-01 0.000000000000000000e+00 1.000000000000000000e+00
2.864378051757812500e+02 3.951849670410156250e+02 8.094813537597656250e+01 -5.169404149055480957e-01 -5.670861005783081055e-01 -6.412379145622253418e-01 0.000000000000000000e+00 1.000000000000000000e+00
2.860791625976562500e+02 3.947915344238281250e+02 8.050325775146484375e+01 -4.998712837696075439e-01 -5.830894112586975098e-01 -6.404181718826293945e-01 0.000000000000000000e+00 1.000000000000000000e+00
2.857266540527343750e+02 3.943803405761718750e+02 8.005163574218750000e+01 -4.838821589946746826e-01 -5.986944437026977539e-01 -6.382970213890075684e-01 0.000000000000000000e+00 1.000000000000000000e+00
2.853801574707031250e+02 3.939516296386718750e+02 7.959456634521484375e+01 -4.701252281665802002e-01 -6.134400963783264160e-01 -6.345655322074890137e-01 0.000000000000000000e+00 1.000000000000000000e+00
2.850405883789062500e+02 3.935085449218750000e+02 7.913622283935546875e+01 -4.589149951934814453e-01 -6.274026632308959961e-01 -6.290968656539916992e-01 0.000000000000000000e+00 1.000000000000000000e+00
2.847099304199218750e+02 3.930564880371093750e+02 7.868294525146484375e+01 -4.503037035465240479e-01 -6.401793956756591797e-01 -6.224122047424316406e-01 0.000000000000000000e+00 1.000000000000000000e+00
2.843906860351562500e+02 3.926026306152343750e+02 7.824168395996093750e+01 -4.437527358531951904e-01 -6.516205072402954102e-01 -6.152026653289794922e-01 0.000000000000000000e+00 1.000000000000000000e+00
2.840852050781250000e+02 3.921540527343750000e+02 7.781817626953125000e+01 -4.385086596012115479e-01 -6.615197658538818359e-01 -6.083598732948303223e-01 0.000000000000000000e+00 1.000000000000000000e+00
2.837948913574218750e+02 3.917160949707031250e+02 7.741541290283203125e+01 -4.340882897377014160e-01 -6.698269844055175781e-01 -6.024112105369567871e-01 0.000000000000000000e+00 1.000000000000000000e+00
2.835195922851562500e+02 3.912912902832031250e+02 7.703336334228515625e+01 -4.295473992824554443e-01 -6.762990951538085938e-01 -5.984216928482055664e-01 0.000000000000000000e+00 1.000000000000000000e+00
2.832580566406250000e+02 3.908795166015625000e+02 7.666900634765625000e+01 -4.247730970382690430e-01 -6.810445785522460938e-01 -5.964444279670715332e-01 0.000000000000000000e+00 1.000000000000000000e+00
2.830075683593750000e+02 3.904779052734375000e+02 7.631728363037109375e+01 -4.195286631584167480e-01 -6.839224696159362793e-01 -5.968633890151977539e-01 0.000000000000000000e+00 1.000000000000000000e+00
2.827647705078125000e+02 3.900820922851562500e+02 7.597185516357421875e+01 -4.145877957344055176e-01 -6.845728754997253418e-01 -5.995638370513916016e-01 0.000000000000000000e+00 1.000000000000000000e+00
2.825258178710937500e+02 3.896875305175781250e+02 7.562628936767578125e+01 -4.101296067237854004e-01 -6.830947399139404297e-01 -6.042973399162292480e-01 0.000000000000000000e+00 1.000000000000000000e+00
2.822872009277343750e+02 3.892901000976562500e+02 7.527470397949218750e+01 -4.061709940433502197e-01 -6.802797913551330566e-01 -6.101185679435729980e-01 0.000000000000000000e+00 1.000000000000000000e+00
2.820463562011718750e+02 3.888867187500000000e+02 7.491292572021484375e+01 -4.021466970443725586e-01 -6.779058575630187988e-01 -6.154036521911621094e-01 0.000000000000000000e+00 1.000000000000000000e+00
2.818023376464843750e+02 3.884753723144531250e+02 7.453950500488281250e+01 -3.972445428371429443e-01 -6.779101490974426270e-01 -6.185745596885681152e-01 0.000000000000000000e+00 1.000000000000000000e+00
2.815560913085937500e+02 3.880551452636718750e+02 7.415605926513671875e+01 -3.906868100166320801e-01 -6.817135214805603027e-01 -6.185712814331054688e-01 0.000000000000000000e+00 1.000000000000000000e+00
2.813102416992187500e+02 3.876261596679687500e+02 7.376680755615234375e+01 -3.826685249805450439e-01 -6.894477605819702148e-01 -6.150012612342834473e-01 0.000000000000000000e+00 1.000000000000000000e+00
2.810674133300781250e+02 3.871886596679687500e+02 7.337654876708984375e+01 -3.735556602478027344e-01 -6.993192434310913086e-01 -6.094331741333007812e-01 0.000000000000000000e+00 1.000000000000000000e+00
2.808298339843750000e+02 3.867438964843750000e+02 7.298895263671875000e+01 -3.641511499881744385e-01 -7.089621424674987793e-01 -6.039591431617736816e-01 0.000000000000000000e+00 1.000000000000000000e+00
2.805982666015625000e+02 3.862930603027343750e+02 7.260488891601562500e+01 -3.559909760951995850e-01 -7.150061726570129395e-01 -6.016948223114013672e-01 0.000000000000000000e+00 1.000000000000000000e+00
2.803719482421875000e+02 3.858385009765625000e+02 7.222236633300781250e+01 -3.500222265720367432e-01 -7.161396741867065430e-01 -6.038446426391601562e-01 0.000000000000000000e+00 1.000000000000000000e+00
2.801489562988281250e+02 3.853822631835937500e+02 7.183766937255859375e+01 -3.467667698860168457e-01 -7.120456099510192871e-01 -6.105275750160217285e-01 0.000000000000000000e+00 1.000000000000000000e+00
2.799271545410156250e+02 3.849268188476562500e+02 7.144715881347656250e+01 -3.460315465927124023e-01 -7.041670680046081543e-01 -6.200087666511535645e-01 0.000000000000000000e+00 1.000000000000000000e+00
2.797046813964843750e+02 3.844740905761718750e+02 7.104853820800781250e+01 -3.481490910053253174e-01 -6.944561004638671875e-01 -6.297006607055664062e-01 0.000000000000000000e+00 1.000000000000000000e+00
2.794797363281250000e+02 3.840253906250000000e+02 7.064167785644531250e+01 -3.535434305667877197e-01 -6.845022439956665039e-01 -6.375450491905212402e-01 0.000000000000000000e+00 1.000000000000000000e+00
2.792504272460937500e+02 3.835814208984375000e+02 7.022816467285156250e+01 -3.621374368667602539e-01 -6.750417947769165039e-01 -6.427869200706481934e-01 0.000000000000000000e+00 1.000000000000000000e+00
2.790149536132812500e+02 3.831424865722656250e+02 6.981020355224609375e+01 -3.728508651256561279e-01 -6.669799089431762695e-01 -6.450737118721008301e-01 0.000000000000000000e+00 1.000000000000000000e+00
2.787721252441406250e+02 3.827080993652343750e+02 6.939008331298828125e+01 -3.828508853912353516e-01 -6.613686680793762207e-01 -6.449935436248779297e-01 0.000000000000000000e+00 1.000000000000000000e+00
2.785223999023437500e+02 3.822767028808593750e+02 6.896936798095703125e+01 -3.886764943599700928e-01 -6.594052910804748535e-01 -6.435178518295288086e-01 0.000000000000000000e+00 1.000000000000000000e+00
2.782683715820312500e+02 3.818457336425781250e+02 6.854878234863281250e+01 -3.867088258266448975e-01 -6.622242927551269531e-01 -6.418062448501586914e-01 0.000000000000000000e+00 1.000000000000000000e+00
2.780149230957031250e+02 3.814117126464843750e+02 6.812814331054687500e+01 -3.746213018894195557e-01 -6.696761846542358398e-01 -6.412430405616760254e-01 0.000000000000000000e+00 1.000000000000000000e+00
2.777686462402343750e+02 3.809714660644531250e+02 6.770658874511718750e+01 -3.533533811569213867e-01 -6.798463463783264160e-01 -6.426122188568115234e-01 0.000000000000000000e+00 1.000000000000000000e+00
2.775357971191406250e+02 3.805234680175781250e+02 6.728312683105468750e+01 -3.252468705177307129e-01 -6.900101900100708008e-01 -6.466069221496582031e-01 0.000000000000000000e+00 1.000000000000000000e+00
2.773212890625000000e+02 3.800683898925781250e+02 6.685667419433593750e+01 -2.947714626789093018e-01 -6.975454688072204590e-01 -6.531004309654235840e-01 0.000000000000000000e+00 1.000000000000000000e+00
2.771271362304687500e+02 3.796089477539062500e+02 6.642650604248046875e+01 -2.662417888641357422e-01 -7.008956670761108398e-01 -6.617103219032287598e-01 0.000000000000000000e+00 1.000000000000000000e+00
2.769523925781250000e+02 3.791489257812500000e+02 6.599220275878906250e+01 -2.426105588674545288e-01 -7.002623081207275391e-01 -6.713961958885192871e-01 0.000000000000000000e+00 1.000000000000000000e+00
2.767939453125000000e+02 3.786915893554687500e+02 6.555371856689453125e+01 -2.260893583297729492e-01 -6.964359879493713379e-01 -6.810730695724487305e-01 0.000000000000000000e+00 1.000000000000000000e+00
2.766469726562500000e+02 3.782388610839843750e+02 6.511097717285156250e+01 -2.176207154989242554e-01 -6.903245449066162109e-01 -6.899951100349426270e-01 0.000000000000000000e+00 1.000000000000000000e+00
2.765058593750000000e+02 3.777912292480468750e+02 6.466355895996093750e+01 -2.158496379852294922e-01 -6.821450591087341309e-01 -6.986322402954101562e-01 0.000000000000000000e+00 1.000000000000000000e+00
2.763657226562500000e+02 3.773483581542968750e+02 6.420998382568359375e+01 -2.175079137086868286e-01 -6.713541746139526367e-01 -7.085011005401611328e-01 0.000000000000000000e+00 1.000000000000000000e+00
2.762236633300781250e+02 3.769098815917968750e+02 6.374724578857421875e+01 -2.184524834156036377e-01 -6.566967964172363281e-01 -7.218226194381713867e-01 0.000000000000000000e+00 1.000000000000000000e+00
2.760793151855468750e+02 3.764759521484375000e+02 6.327028274536132812e+01 -2.133679687976837158e-01 -6.369728446006774902e-01 -7.407696247100830078e-01 0.000000000000000000e+00 1.000000000000000000e+00
2.759358215332031250e+02 3.760475769042968750e+02 6.277210235595703125e+01 -1.983380913734436035e-01 -6.111029386520385742e-01 -7.662997245788574219e-01 0.000000000000000000e+00 1.000000000000000000e+00
2.757992553710937500e+02 3.756268005371093750e+02 6.224446487426757812e+01 -1.718513965606689453e-01 -5.787070393562316895e-01 -7.972234487533569336e-01 0.000000000000000000e+00 1.000000000000000000e+00
2.756774291992187500e+02 3.752165527343750000e+02 6.167930984497070312e+01 -1.354947835206985474e-01 -5.396889448165893555e-01 -8.308892250061035156e-01 0.000000000000000000e+00 1.000000000000000000e+00
2.755781250000000000e+02 3.748210144042968750e+02 6.107035064697265625e+01 -9.362460672855377197e-02 -4.945742785930633545e-01 -8.640779256820678711e-01 0.000000000000000000e+00 1.000000000000000000e+00
2.755070495605468750e+02 3.744455566406250000e+02 6.041438293457031250e+01 -5.064629390835762024e-02 -4.450193345546722412e-01 -8.940876722335815430e-01 0.000000000000000000e+00 1.000000000000000000e+00
2.754672546386718750e+02 3.740958862304687500e+02 5.971186065673828125e+01 -1.065996848046779633e-02 -3.922340869903564453e-01 -9.198036193847656250e-01 0.000000000000000000e+00 1.000000000000000000e+00
2.754586181640625000e+02 3.737781066894531250e+02 5.896665573120117188e+01 2.409470267593860626e-02 -3.379135131835937500e-01 -9.408687353134155273e-01 0.000000000000000000e+00 1.000000000000000000e+00
2.754786376953125000e+02 3.734973449707031250e+02 5.818491744995117188e+01 5.333193019032478333e-02 -2.835600972175598145e-01 -9.574702978134155273e-01 0.000000000000000000e+00 1.000000000000000000e+00
2.755238037109375000e+02 3.732572021484375000e+02 5.737405014038085938e+01 7.814752310514450073e-02 -2.303894311189651489e-01 -9.699555039405822754e-01 0.000000000000000000e+00 1.000000000000000000e+00
2.755908813476562500e+02 3.730594482421875000e+02 5.654149246215820312e+01 1.008090823888778687e-01 -1.800666153430938721e-01 -9.784750938415527344e-01 0.000000000000000000e+00 1.000000000000000000e+00
2.756781005859375000e+02 3.729036560058593750e+02 5.569492340087890625e+01 1.229325681924819946e-01 -1.336957663297653198e-01 -9.833682179450988770e-01 0.000000000000000000e+00 1.000000000000000000e+00
2.757847595214843750e+02 3.727876586914062500e+02 5.484173202514648438e+01 1.453442424535751343e-01 -9.254946559667587280e-02 -9.850429892539978027e-01 0.000000000000000000e+00 1.000000000000000000e+00
2.759106140136718750e+02 3.727075195312500000e+02 5.398877716064453125e+01 1.671701818704605103e-01 -5.815693363547325134e-02 -9.842113256454467773e-01 0.000000000000000000e+00 1.000000000000000000e+00
2.760545654296875000e+02 3.726574401855468750e+02 5.314126586914062500e+01 1.852971762418746948e-01 -3.185297548770904541e-02 -9.821661114692687988e-01 0.000000000000000000e+00 1.000000000000000000e+00
2.762129211425781250e+02 3.726302185058593750e+02 5.230190277099609375e+01 1.959749311208724976e-01 -1.605230756103992462e-02 -9.804775118827819824e-01 0.000000000000000000e+00 1.000000000000000000e+00
2.763790893554687500e+02 3.726166076660156250e+02 5.147055053710937500e+01 1.952334642410278320e-01 -1.232214178889989853e-02 -9.806793928146362305e-01 0.000000000000000000e+00 1.000000000000000000e+00
2.765434875488281250e+02 3.726062316894531250e+02 5.064476013183593750e+01 1.813160628080368042e-01 -2.118331752717494965e-02 -9.831966757774353027e-01 0.000000000000000000e+00 1.000000000000000000e+00
2.766952514648437500e+02 3.725885009765625000e+02 4.982181167602539062e+01 1.548537313938140869e-01 -4.130654782056808472e-02 -9.870734214782714844e-01 0.000000000000000000e+00 1.000000000000000000e+00
2.768241882324218750e+02 3.725541076660156250e+02 4.899993896484375000e+01 1.187437102198600769e-01 -6.987737864255905151e-02 -9.904631376266479492e-01 0.000000000000000000e+00 1.000000000000000000e+00
2.769226684570312500e+02 3.724961547851562500e+02 4.817849731445312500e+01 7.755696773529052734e-02 -1.032373532652854919e-01 -9.916284680366516113e-01 0.000000000000000000e+00 1.000000000000000000e+00
2.769869079589843750e+02 3.724106445312500000e+02 4.735714340209960938e+01 3.591497614979743958e-02 -1.369464844465255737e-01 -9.899271726608276367e-01 0.000000000000000000e+00 1.000000000000000000e+00
2.770167846679687500e+02 3.722967224121093750e+02 4.653364944458007812e+01 -1.631257822737097740e-03 -1.679108142852783203e-01 -9.858008623123168945e-01 0.000000000000000000e+00 1.000000000000000000e+00
2.770154113769531250e+02 3.721553649902343750e+02 4.570374298095703125e+01 -3.245012462139129639e-02 -1.933486610651016235e-01 -9.805933237075805664e-01 0.000000000000000000e+00 1.000000000000000000e+00
2.769875793457031250e+02 3.719895324707031250e+02 4.486270141601562500e+01 -5.559774488210678101e-02 -2.128748744726181030e-01 -9.754964113235473633e-01 0.000000000000000000e+00 1.000000000000000000e+00
2.769389038085937500e+02 3.718031616210937500e+02 4.400865936279296875e+01 -7.191549986600875854e-02 -2.269768565893173218e-01 -9.712413549423217773e-01 0.000000000000000000e+00 1.000000000000000000e+00
2.768750000000000000e+02 3.716014709472656250e+02 4.314561843872070312e+01 -8.280121535062789917e-02 -2.370159178972244263e-01 -9.679707884788513184e-01 0.000000000000000000e+00 1.000000000000000000e+00
2.768013305664062500e+02 3.713905944824218750e+02 4.228440093994140625e+01 -8.988423645496368408e-02 -2.442058771848678589e-01 -9.655486941337585449e-01 0.000000000000000000e+00 1.000000000000000000e+00
2.767227478027343750e+02 3.711770935058593750e+02 4.144025421142578125e+01 -9.451954811811447144e-02 -2.499645650386810303e-01 -9.636305570602416992e-01 0.000000000000000000e+00 1.000000000000000000e+00
2.766430664062500000e+02 3.709663696289062500e+02 4.062789916992187500e+01 -9.711605310440063477e-02 -2.544585466384887695e-01 -9.621951580047607422e-01 0.000000000000000000e+00 1.000000000000000000e+00
2.765652160644531250e+02 3.707623901367187500e+02 3.985658264160156250e+01 -9.866632521152496338e-02 -2.585668861865997314e-01 -9.609412550926208496e-01 0.000000000000000000e+00 1.000000000000000000e+00
2.764903259277343750e+02 3.705661315917968750e+02 3.912720489501953125e+01 -9.903563559055328369e-02 -2.622002065181732178e-01 -9.599182605743408203e-01 0.000000000000000000e+00 1.000000000000000000e+00
2.764185485839843750e+02 3.703760986328125000e+02 3.843149185180664062e+01 -9.839775413274765015e-02 -2.654058933258056641e-01 -9.591025114059448242e-01 0.000000000000000000e+00 1.000000000000000000e+00
2.763490905761718750e+02 3.701887512207031250e+02 3.775447082519531250e+01 -9.672879427671432495e-02 -2.686814963817596436e-01 -9.583599567413330078e-01 0.000000000000000000e+00 1.000000000000000000e+00
2.762807312011718750e+02 3.699988708496093750e+02 3.707718658447265625e+01 -9.400346130132675171e-02 -2.717707157135009766e-01 -9.577599167823791504e-01 0.000000000000000000e+00 1.000000000000000000e+00
2.762123718261718750e+02 3.698012390136718750e+02 3.638070297241210938e+01 -9.036905318498611450e-02 -2.747059464454650879e-01 -9.572722315788269043e-01 0.000000000000000000e+00 1.000000000000000000e+00
2.761434020996093750e+02 3.695915832519531250e+02 3.565011215209960938e+01 -8.597923070192337036e-02 -2.779302299022674561e-01 -9.567456841468811035e-01 0.000000000000000000e+00 1.000000000000000000e+00
2.760739746093750000e+02 3.693671569824218750e+02 3.487754821777343750e+01 -8.073049783706665039e-02 -2.812465429306030273e-01 -9.562337398529052734e-01 0.000000000000000000e+00 1.000000000000000000e+00
2.760053405761718750e+02 3.691280517578125000e+02 3.406459426879882812e+01 -7.367144525051116943e-02 -2.848490476608276367e-01 -9.557371735572814941e-01 0.000000000000000000e+00 1.000000000000000000e+00
2.759404296875000000e+02 3.688770751953125000e+02 3.322250747680664062e+01 -6.346486508846282959e-02 -2.890228927135467529e-01 -9.552162289619445801e-01 0.000000000000000000e+00 1.000000000000000000e+00
2.758836975097656250e+02 3.686187133789062500e+02 3.236862564086914062e+01 -4.711503535509109497e-02 -2.937538027763366699e-01 -9.547192454338073730e-01 0.000000000000000000e+00 1.000000000000000000e+00
2.758419799804687500e+02 3.683586120605468750e+02 3.152327919006347656e+01 -1.967309415340423584e-02 -2.990096807479858398e-01 -9.540472626686096191e-01 0.000000000000000000e+00 1.000000000000000000e+00
2.758251037597656250e+02 3.681021118164062500e+02 3.070486640930175781e+01 2.675771154463291168e-02 -3.037655055522918701e-01 -9.523710012435913086e-01 0.000000000000000000e+00 1.000000000000000000e+00
2.758469238281250000e+02 3.678544006347656250e+02 2.992823791503906250e+01 1.034566834568977356e-01 -3.056529164314270020e-01 -9.465057253837585449e-01 0.000000000000000000e+00 1.000000000000000000e+00
2.759259033203125000e+02 3.676210632324218750e+02 2.920566940307617188e+01 2.225650399923324585e-01 -2.988939881324768066e-01 -9.279693961143493652e-01 0.000000000000000000e+00 1.000000000000000000e+00
2.760834960937500000e+02 3.674094238281250000e+02 2.854859733581542969e+01 3.915578126907348633e-01 -2.735680043697357178e-01 -8.785459995269775391e-01 0.000000000000000000e+00 1.000000000000000000e+00
2.763419494628906250e+02 3.672288513183593750e+02 2.796870040893554688e+01 5.943067073822021484e-01 -2.189196944236755371e-01 -7.738693952560424805e-01 0.000000000000000000e+00 1.000000000000000000e+00
2.767194824218750000e+02 3.670897827148437500e+02 2.747710037231445312e+01 7.800303697586059570e-01 -1.362766176462173462e-01 -6.107220053672790527e-01 0.000000000000000000e+00 1.000000000000000000e+00
2.772243041992187500e+02 3.670015869140625000e+02 2.708185195922851562e+01 9.025139808654785156e-01 -4.683415591716766357e-02 -4.281065165996551514e-01 0.000000000000000000e+00 1.000000000000000000e+00
2.778506164550781250e+02 3.669690856933593750e+02 2.678476142883300781e+01 9.624130129814147949e-01 2.945543825626373291e-02 -2.699879705905914307e-01 0.000000000000000000e+00 1.000000000000000000e+00
2.785775146484375000e+02 3.669913330078125000e+02 2.658084297180175781e+01 9.848244190216064453e-01 8.668150007724761963e-02 -1.503565460443496704e-01 0.000000000000000000e+00 1.000000000000000000e+00
2.793718566894531250e+02 3.670612487792968750e+02 2.645956802368164062e+01 9.898261427879333496e-01 1.278473436832427979e-01 -6.244438514113426208e-02 0.000000000000000000e+00 1.000000000000000000e+00
2.801950378417968750e+02 3.671675720214843750e+02 2.640763664245605469e+01 9.873391985893249512e-01 1.585247069597244263e-01 5.589130334556102753e-03 0.000000000000000000e+00 1.000000000000000000e+00
2.810117797851562500e+02 3.672987060546875000e+02 2.641226005554199219e+01 9.811723828315734863e-01 1.826297640800476074e-01 6.282547861337661743e-02 0.000000000000000000e+00 1.000000000000000000e+00
2.817966308593750000e+02 3.674447937011718750e+02 2.646251487731933594e+01 9.723587632179260254e-01 2.036865204572677612e-01 1.141504868865013123e-01 0.000000000000000000e+00 1.000000000000000000e+00
2.825372924804687500e+02 3.675999450683593750e+02 2.654946517944335938e+01 9.613965153694152832e-01 2.238914817571640015e-01 1.599665433168411255e-01 0.000000000000000000e+00 1.000000000000000000e+00
2.832330017089843750e+02 3.677619628906250000e+02 2.666522407531738281e+01 9.492199420928955078e-01 2.446842789649963379e-01 1.977651566267013550e-01 0.000000000000000000e+00 1.000000000000000000e+00
2.838905334472656250e+02 3.679314575195312500e+02 2.680221748352050781e+01 9.372400045394897461e-01 2.669106423854827881e-01 2.243657857179641724e-01 0.000000000000000000e+00 1.000000000000000000e+00
2.845182800292968750e+02 3.681102294921875000e+02 2.695249366760253906e+01 9.262222647666931152e-01 2.911197543144226074e-01 2.395031005144119263e-01 0.000000000000000000e+00 1.000000000000000000e+00
2.851235656738281250e+02 3.683004760742187500e+02 2.710900878906250000e+01 9.163096547126770020e-01 3.166990876197814941e-01 2.451086640357971191e-01 0.000000000000000000e+00 1.000000000000000000e+00
2.857111816406250000e+02 3.685035705566406250e+02 2.726619338989257812e+01 9.067465066909790039e-01 3.429577946662902832e-01 2.453382164239883423e-01 0.000000000000000000e+00 1.000000000000000000e+00
2.862853393554687500e+02 3.687207336425781250e+02 2.742154312133789062e+01 8.973686099052429199e-01 3.676708638668060303e-01 2.440236806869506836e-01 0.000000000000000000e+00 1.000000000000000000e+00
2.868510437011718750e+02 3.689525146484375000e+02 2.757537651062011719e+01 8.885678052902221680e-01 3.887544274330139160e-01 2.435514479875564575e-01 0.000000000000000000e+00 1.000000000000000000e+00
2.874150695800781250e+02 3.691992797851562500e+02 2.772997283935546875e+01 8.812463879585266113e-01 4.045837521553039551e-01 2.443702667951583862e-01 0.000000000000000000e+00 1.000000000000000000e+00
2.879859313964843750e+02 3.694613647460937500e+02 2.788827323913574219e+01 8.756851553916931152e-01 4.157676398754119873e-01 2.455866187810897827e-01 0.000000000000000000e+00 1.000000000000000000e+00
2.885706481933593750e+02 3.697389831542968750e+02 2.805225753784179688e+01 8.716970682144165039e-01 4.241809248924255371e-01 2.453867495059967041e-01 0.000000000000000000e+00 1.000000000000000000e+00
2.891737060546875000e+02 3.700324401855468750e+02 2.822202110290527344e+01 8.686593174934387207e-01 4.318156242370605469e-01 2.428297102451324463e-01 0.000000000000000000e+00 1.000000000000000000e+00
2.897958374023437500e+02 3.703417053222656250e+02 2.839593505859375000e+01 8.655613064765930176e-01 4.407464265823364258e-01 2.377945184707641602e-01 0.000000000000000000e+00 1.000000000000000000e+00
2.904341735839843750e+02 3.706667480468750000e+02 2.857130432128906250e+01 8.619710803031921387e-01 4.512271881103515625e-01 2.310838997364044189e-01 0.000000000000000000e+00 1.000000000000000000e+00
2.910839538574218750e+02 3.710068969726562500e+02 2.874550247192382812e+01 8.575509190559387207e-01 4.632801413536071777e-01 2.235574126243591309e-01 0.000000000000000000e+00 1.000000000000000000e+00
2.917400207519531250e+02 3.713613281250000000e+02 2.891653442382812500e+01 8.526399731636047363e-01 4.756642282009124756e-01 2.162143737077713013e-01 0.000000000000000000e+00 1.000000000000000000e+00
2.923986511230468750e+02 3.717287597656250000e+02 2.908355140686035156e+01 8.477755784988403320e-01 4.868670701980590820e-01 2.103262096643447876e-01 0.000000000000000000e+00 1.000000000000000000e+00
2.930573730468750000e+02 3.721070556640625000e+02 2.924697494506835938e+01 8.477755784988403320e-01 4.868670701980590820e-01 2.103262096643447876e-01 0.000000000000000000e+00 1.000000000000000000e+00
