3.984822082519531250e+02 2.459167327880859375e+02 2.082544708251953125e+02 9.055188894271850586e-01 -1.591965258121490479e-01 -3.933090567588806152e-01 0.000000000000000000e+00 1.000000000000000000e+00
3.980926818847656250e+02 2.459852142333984375e+02 2.084236602783203125e+02 9.055374860763549805e-01 -1.530253440141677856e-01 -3.957084715366363525e-01 0.000000000000000000e+00 1.000000000000000000e+00
3.976238708496093750e+02 2.460644378662109375e+02 2.086285247802734375e+02 9.050150513648986816e-01 -1.450080275535583496e-01 -3.999006748199462891e-01 0.000000000000000000e+00 1.000000000000000000e+00
3.970946655273437500e+02 2.461492309570312500e+02 2.088623657226562500e+02 9.036749601364135742e-01 -1.349831223487854004e-01 -4.063879549503326416e-01 0.000000000000000000e+00 1.000000000000000000e+00
3.965291442871093750e+02 2.462337036132812500e+02 2.091166839599609375e+02 9.011638164520263672e-01 -1.231777593493461609e-01 -4.156090319156646729e-01 0.000000000000000000e+00 1.000000000000000000e+00
3.959507751464843750e+02 2.463127593994140625e+02 2.093834228515625000e+02 8.971654772758483887e-01 -1.101673096418380737e-01 -4.277351200580596924e-01 0.000000000000000000e+00 1.000000000000000000e+00
3.953781738281250000e+02 2.463830718994140625e+02 2.096564178466796875e+02 8.917905092239379883e-01 -9.688691049814224243e-02 -4.419531822204589844e-01 0.000000000000000000e+00 1.000000000000000000e+00
3.948224182128906250e+02 2.464434509277343750e+02 2.099318389892578125e+02 8.855184912681579590e-01 -8.449989557266235352e-02 -4.568551778793334961e-01 0.000000000000000000e+00 1.000000000000000000e+00
3.942875366210937500e+02 2.464944915771484375e+02 2.102077941894531250e+02 8.791811466217041016e-01 -7.433697581291198730e-02 -4.706532955169677734e-01 0.000000000000000000e+00 1.000000000000000000e+00
3.937723083496093750e+02 2.465380554199218750e+02 2.104836120605468750e+02 8.737034797668457031e-01 -6.677088141441345215e-02 -4.818547368049621582e-01 0.000000000000000000e+00 1.000000000000000000e+00
3.932725524902343750e+02 2.465762481689453125e+02 2.107592315673828125e+02 8.696047663688659668e-01 -6.172299385070800781e-02 -4.898753762245178223e-01 0.000000000000000000e+00 1.000000000000000000e+00
3.927836914062500000e+02 2.466109466552734375e+02 2.110346221923828125e+02 8.670006394386291504e-01 -5.870345234870910645e-02 -4.948371946811676025e-01 0.000000000000000000e+00 1.000000000000000000e+00
3.923014221191406250e+02 2.466436004638671875e+02 2.113098754882812500e+02 8.654756546020507812e-01 -5.723680183291435242e-02 -4.976705610752105713e-01 0.000000000000000000e+00 1.000000000000000000e+00
3.918226623535156250e+02 2.466752624511718750e+02 2.115851745605468750e+02 8.647655844688415527e-01 -5.649028345942497253e-02 -4.989882707595825195e-01 0.000000000000000000e+00 1.000000000000000000e+00
3.913452148437500000e+02 2.467064514160156250e+02 2.118606719970703125e+02 8.644364476203918457e-01 -5.624549835920333862e-02 -4.995858669281005859e-01 0.000000000000000000e+00 1.000000000000000000e+00
3.908672790527343750e+02 2.467375488281250000e+02 2.121368865966796875e+02 8.644508719444274902e-01 -5.596511811017990112e-02 -4.995923936367034912e-01 0.000000000000000000e+00 1.000000000000000000e+00
3.903871765136718750e+02 2.467686309814453125e+02 2.124143524169921875e+02 8.646879196166992188e-01 -5.580826103687286377e-02 -4.991995692253112793e-01 0.000000000000000000e+00 1.000000000000000000e+00
3.899022827148437500e+02 2.467999267578125000e+02 2.126942901611328125e+02 8.652786612510681152e-01 -5.534660443663597107e-02 -4.982264041900634766e-01 0.000000000000000000e+00 1.000000000000000000e+00
3.894084777832031250e+02 2.468315124511718750e+02 2.129786224365234375e+02 8.661842942237854004e-01 -5.477104708552360535e-02 -4.967140257358551025e-01 0.000000000000000000e+00 1.000000000000000000e+00
3.889007568359375000e+02 2.468636169433593750e+02 2.132697753906250000e+02 8.677026629447937012e-01 -5.401170253753662109e-02 -4.941405355930328369e-01 0.000000000000000000e+00 1.000000000000000000e+00
3.883734741210937500e+02 2.468964385986328125e+02 2.135700531005859375e+02 8.697717189788818359e-01 -5.310297012329101562e-02 -4.905886352062225342e-01 0.000000000000000000e+00 1.000000000000000000e+00
3.878221435546875000e+02 2.469300994873046875e+02 2.138810272216796875e+02 8.723834156990051270e-01 -5.196166038513183594e-02 -4.860527217388153076e-01 0.000000000000000000e+00 1.000000000000000000e+00
3.872454833984375000e+02 2.469644470214843750e+02 2.142023162841796875e+02 8.754598498344421387e-01 -5.073353648185729980e-02 -4.806205928325653076e-01 0.000000000000000000e+00 1.000000000000000000e+00
3.866459350585937500e+02 2.469991912841796875e+02 2.145314636230468750e+02 8.786036968231201172e-01 -4.932580515742301941e-02 -4.749973118305206299e-01 0.000000000000000000e+00 1.000000000000000000e+00
3.860292358398437500e+02 2.470338134765625000e+02 2.148648681640625000e+02 8.816523551940917969e-01 -4.745772480964660645e-02 -4.695070683956146240e-01 0.000000000000000000e+00 1.000000000000000000e+00
3.854030456542968750e+02 2.470675201416015625e+02 2.151983337402343750e+02 8.843389749526977539e-01 -4.521870985627174377e-02 -4.646501243114471436e-01 0.000000000000000000e+00 1.000000000000000000e+00
3.847739868164062500e+02 2.470996856689453125e+02 2.155288543701171875e+02 8.864799141883850098e-01 -4.284767806529998779e-02 -4.607793092727661133e-01 0.000000000000000000e+00 1.000000000000000000e+00
3.841454467773437500e+02 2.471300659179687500e+02 2.158555603027343750e+02 8.880435824394226074e-01 -4.059676826000213623e-02 -4.579634666442871094e-01 0.000000000000000000e+00 1.000000000000000000e+00
3.835166015625000000e+02 2.471588134765625000e+02 2.161798553466796875e+02 8.894317746162414551e-01 -3.955313190817832947e-02 -4.553532898426055908e-01 0.000000000000000000e+00 1.000000000000000000e+00
3.828825073242187500e+02 2.471870117187500000e+02 2.165044860839843750e+02 8.910105824470520020e-01 -4.055970534682273865e-02 -4.521671533584594727e-01 0.000000000000000000e+00 1.000000000000000000e+00
3.822355651855468750e+02 2.472164611816406250e+02 2.168327941894531250e+02 8.931907415390014648e-01 -4.447998479008674622e-02 -4.474727213382720947e-01 0.000000000000000000e+00 1.000000000000000000e+00
3.815675964355468750e+02 2.472497253417968750e+02 2.171674346923828125e+02 8.962576985359191895e-01 -5.125740170478820801e-02 -4.405620694160461426e-01 0.000000000000000000e+00 1.000000000000000000e+00
3.808717651367187500e+02 2.472895202636718750e+02 2.175094757080078125e+02 8.999500870704650879e-01 -6.062407791614532471e-02 -4.317575693130493164e-01 0.000000000000000000e+00 1.000000000000000000e+00
3.801451110839843750e+02 2.473384704589843750e+02 2.178580932617187500e+02 9.038096666336059570e-01 -7.164589315652847290e-02 -4.218944609165191650e-01 0.000000000000000000e+00 1.000000000000000000e+00
3.793882446289062500e+02 2.473984680175781250e+02 2.182113952636718750e+02 9.074777364730834961e-01 -8.325143158435821533e-02 -4.117685556411743164e-01 0.000000000000000000e+00 1.000000000000000000e+00
3.786046752929687500e+02 2.474703521728515625e+02 2.185669403076171875e+02 9.104924201965332031e-01 -9.449906647205352783e-02 -4.025836586952209473e-01 0.000000000000000000e+00 1.000000000000000000e+00
3.778000488281250000e+02 2.475538635253906250e+02 2.189227142333984375e+02 9.127863645553588867e-01 -1.042621657252311707e-01 -3.949056863784790039e-01 0.000000000000000000e+00 1.000000000000000000e+00
3.769798278808593750e+02 2.476475524902343750e+02 2.192775726318359375e+02 9.143297076225280762e-01 -1.121208369731903076e-01 -3.891400694847106934e-01 0.000000000000000000e+00 1.000000000000000000e+00
3.761489868164062500e+02 2.477494354248046875e+02 2.196311798095703125e+02 9.152415990829467773e-01 -1.178139373660087585e-01 -3.852955698966979980e-01 0.000000000000000000e+00 1.000000000000000000e+00
3.753111572265625000e+02 2.478572845458984375e+02 2.199838867187500000e+02 9.157189726829528809e-01 -1.215172857046127319e-01 -3.830043077468872070e-01 0.000000000000000000e+00 1.000000000000000000e+00
3.744691162109375000e+02 2.479690246582031250e+02 2.203360748291015625e+02 9.159463644027709961e-01 -1.236562356352806091e-01 -3.817739486694335938e-01 0.000000000000000000e+00 1.000000000000000000e+00
3.736244812011718750e+02 2.480830535888671875e+02 2.206881256103515625e+02 9.160537123680114746e-01 -1.248503252863883972e-01 -3.811272382736206055e-01 0.000000000000000000e+00 1.000000000000000000e+00
3.727785339355468750e+02 2.481983489990234375e+02 2.210400848388671875e+02 9.159315228462219238e-01 -1.259687393903732300e-01 -3.810529708862304688e-01 0.000000000000000000e+00 1.000000000000000000e+00
3.719346618652343750e+02 2.483144073486328125e+02 2.213911590576171875e+02 9.154619574546813965e-01 -1.275367438793182373e-01 -3.816593587398529053e-01 0.000000000000000000e+00 1.000000000000000000e+00
3.710973205566406250e+02 2.484310607910156250e+02 2.217402496337890625e+02 9.144527316093444824e-01 -1.307306289672851562e-01 -3.829957842826843262e-01 0.000000000000000000e+00 1.000000000000000000e+00
3.702749328613281250e+02 2.485486297607421875e+02 2.220846862792968750e+02 9.121549725532531738e-01 -1.377099901437759399e-01 -3.860172927379608154e-01 0.000000000000000000e+00 1.000000000000000000e+00
3.694838562011718750e+02 2.486680603027343750e+02 2.224194641113281250e+02 9.075534343719482422e-01 -1.509263068437576294e-01 -3.918775320053100586e-01 0.000000000000000000e+00 1.000000000000000000e+00
3.687482604980468750e+02 2.487903900146484375e+02 2.227370910644531250e+02 8.983597159385681152e-01 -1.757669597864151001e-01 -4.025616645812988281e-01 0.000000000000000000e+00 1.000000000000000000e+00
3.681016540527343750e+02 2.489169006347656250e+02 2.230268402099609375e+02 8.791051506996154785e-01 -2.221574634313583374e-01 -4.216873049736022949e-01 0.000000000000000000e+00 1.000000000000000000e+00
3.675805664062500000e+02 2.490485839843750000e+02 2.232767944335937500e+02 8.348516225814819336e-01 -3.101254403591156006e-01 -4.548020362854003906e-01 0.000000000000000000e+00 1.000000000000000000e+00
3.672138366699218750e+02 2.491848144531250000e+02 2.234765777587890625e+02 7.164627909660339355e-01 -4.800247550010681152e-01 -5.062185525894165039e-01 0.000000000000000000e+00 1.000000000000000000e+00
3.670089111328125000e+02 2.493221130371093750e+02 2.236213684082031250e+02 3.902609944343566895e-01 -7.500791549682617188e-01 -5.339266061782836914e-01 0.000000000000000000e+00 1.000000000000000000e+00
3.669406433105468750e+02 2.494533233642578125e+02 2.237147674560546875e+02 -7.733035087585449219e-02 -8.996257781982421875e-01 -4.297598302364349365e-01 0.000000000000000000e+00 1.000000000000000000e+00
3.669504699707031250e+02 2.495676422119140625e+02 2.237693786621093750e+02 -6.983074545860290527e-02 -9.229296445846557617e-01 -3.785823881626129150e-01 0.000000000000000000e+00 1.000000000000000000e+00
3.669568786621093750e+02 2.496523437500000000e+02 2.238041229248046875e+02 -8.252067565917968750e-01 4.388670325279235840e-01 3.555693030357360840e-01 0.000000000000000000e+00 1.000000000000000000e+00
3.668758544921875000e+02 2.496954345703125000e+02 2.238390350341796875e+02 -9.762553572654724121e-01 -2.816732600331306458e-02 2.147838175296783447e-01 0.000000000000000000e+00 1.000000000000000000e+00
3.666415710449218750e+02 2.496886749267578125e+02 2.238905792236328125e+02 -9.742310643196105957e-01 -1.367360502481460571e-01 1.793798655271530151e-01 0.000000000000000000e+00 1.000000000000000000e+00
3.662211608886718750e+02 2.496296691894531250e+02 2.239679870605468750e+02 -9.704627394676208496e-01 -1.722696125507354736e-01 1.688941717147827148e-01 0.000000000000000000e+00 1.000000000000000000e+00
3.656157531738281250e+02 2.495222015380859375e+02 2.240733489990234375e+02 -9.683519005775451660e-01 -1.875605136156082153e-01 1.646678894758224487e-01 0.000000000000000000e+00 1.000000000000000000e+00
3.648534851074218750e+02 2.493745574951171875e+02 2.242029724121093750e+02 -9.672054052352905273e-01 -1.951952278614044189e-01 1.625196039676666260e-01 0.000000000000000000e+00 1.000000000000000000e+00
3.639768066406250000e+02 2.491976318359375000e+02 2.243502807617187500e+02 -9.665675163269042969e-01 -1.993541717529296875e-01 1.612609177827835083e-01 0.000000000000000000e+00 1.000000000000000000e+00
3.630309448242187500e+02 2.490025482177734375e+02 2.245080871582031250e+02 -9.662002325057983398e-01 -2.016910761594772339e-01 1.605546325445175171e-01 0.000000000000000000e+00 1.000000000000000000e+00
3.620557556152343750e+02 2.487989807128906250e+02 2.246701354980468750e+02 -9.660116434097290039e-01 -2.030266374349594116e-01 1.600054502487182617e-01 0.000000000000000000e+00 1.000000000000000000e+00
3.610844116210937500e+02 2.485948333740234375e+02 2.248310241699218750e+02 -9.658736586570739746e-01 -2.039521634578704834e-01 1.596609354019165039e-01 0.000000000000000000e+00 1.000000000000000000e+00
3.601413879394531250e+02 2.483957061767578125e+02 2.249869079589843750e+02 -9.657883048057556152e-01 -2.045142799615859985e-01 1.594579219818115234e-01 0.000000000000000000e+00 1.000000000000000000e+00
3.592416076660156250e+02 2.482051696777343750e+02 2.251354675292968750e+02 -9.657102227210998535e-01 -2.049895823001861572e-01 1.593206673860549927e-01 0.000000000000000000e+00 1.000000000000000000e+00
3.583923645019531250e+02 2.480249023437500000e+02 2.252755737304687500e+02 -9.656506776809692383e-01 -2.053687125444412231e-01 1.591934114694595337e-01 0.000000000000000000e+00 1.000000000000000000e+00
3.575917358398437500e+02 2.478546295166015625e+02 2.254075622558593750e+02 -9.656001925468444824e-01 -2.056716084480285645e-01 1.591081172227859497e-01 0.000000000000000000e+00 1.000000000000000000e+00
3.568329467773437500e+02 2.476930084228515625e+02 2.255325927734375000e+02 -9.655631184577941895e-01 -2.059165686368942261e-01 1.590160578489303589e-01 0.000000000000000000e+00 1.000000000000000000e+00
3.561057128906250000e+02 2.475379180908203125e+02 2.256523590087890625e+02 -9.655065536499023438e-01 -2.061695754528045654e-01 1.590319722890853882e-01 0.000000000000000000e+00 1.000000000000000000e+00
3.553999938964843750e+02 2.473872222900390625e+02 2.257686004638671875e+02 -9.654810428619384766e-01 -2.063084542751312256e-01 1.590064018964767456e-01 0.000000000000000000e+00 1.000000000000000000e+00
3.547073364257812500e+02 2.472392120361328125e+02 2.258826751708984375e+02 -9.654802680015563965e-01 -2.063054442405700684e-01 1.590154767036437988e-01 0.000000000000000000e+00 1.000000000000000000e+00
3.540216674804687500e+02 2.470926971435546875e+02 2.259956054687500000e+02 -9.654691219329833984e-01 -2.063833773136138916e-01 1.589823663234710693e-01 0.000000000000000000e+00 1.000000000000000000e+00
3.533394775390625000e+02 2.469468688964843750e+02 2.261079406738281250e+02 -9.654889702796936035e-01 -2.063463777303695679e-01 1.589094251394271851e-01 0.000000000000000000e+00 1.000000000000000000e+00
3.526587219238281250e+02 2.468013763427734375e+02 2.262199859619140625e+02 -9.654641151428222656e-01 -2.063838690519332886e-01 1.590117514133453369e-01 0.000000000000000000e+00 1.000000000000000000e+00
3.519786071777343750e+02 2.466559906005859375e+02 2.263320007324218750e+02 -9.654842615127563477e-01 -2.063480019569396973e-01 1.589358299970626831e-01 0.000000000000000000e+00 1.000000000000000000e+00
3.512984313964843750e+02 2.465106201171875000e+02 2.264439697265625000e+02 -9.654766321182250977e-01 -2.063680291175842285e-01 1.589562296867370605e-01 0.000000000000000000e+00 1.000000000000000000e+00
3.506182556152343750e+02 2.463652343750000000e+02 2.265559539794921875e+02 -9.654698371887207031e-01 -2.064067572355270386e-01 1.589477062225341797e-01 0.000000000000000000e+00 1.000000000000000000e+00
3.499381408691406250e+02 2.462198333740234375e+02 2.266679229736328125e+02 -9.654670357704162598e-01 -2.063752412796020508e-01 1.590051054954528809e-01 0.000000000000000000e+00 1.000000000000000000e+00
3.492579956054687500e+02 2.460744476318359375e+02 2.267799377441406250e+02 -9.654694199562072754e-01 -2.063974142074584961e-01 1.589621752500534058e-01 0.000000000000000000e+00 1.000000000000000000e+00
3.485778503417968750e+02 2.459290466308593750e+02 2.268919219970703125e+02 -9.654828906059265137e-01 -2.063601016998291016e-01 1.589284688234329224e-01 0.000000000000000000e+00 1.000000000000000000e+00
3.478976440429687500e+02 2.457836608886718750e+02 2.270038909912109375e+02 -9.654598236083984375e-01 -2.064046263694763184e-01 1.590110510587692261e-01 0.000000000000000000e+00 1.000000000000000000e+00
3.472175292968750000e+02 2.456382598876953125e+02 2.271159057617187500e+02 -9.654678106307983398e-01 -2.063939273357391357e-01 1.589761823415756226e-01 0.000000000000000000e+00 1.000000000000000000e+00
3.465374450683593750e+02 2.454928741455078125e+02 2.272278900146484375e+02 -9.654805660247802734e-01 -2.063379585742950439e-01 1.589714139699935913e-01 0.000000000000000000e+00 1.000000000000000000e+00
3.458572387695312500e+02 2.453475036621093750e+02 2.273398895263671875e+02 -9.654760360717773438e-01 -2.063988298177719116e-01 1.589199453592300415e-01 0.000000000000000000e+00 1.000000000000000000e+00
3.451770935058593750e+02 2.452021026611328125e+02 2.274518432617187500e+02 -9.654631018638610840e-01 -2.064053267240524292e-01 1.589899361133575439e-01 0.000000000000000000e+00 1.000000000000000000e+00
3.444969787597656250e+02 2.450567016601562500e+02 2.275638427734375000e+02 -9.654704332351684570e-01 -2.063759565353393555e-01 1.589840054512023926e-01 0.000000000000000000e+00 1.000000000000000000e+00
3.438168334960937500e+02 2.449113159179687500e+02 2.276758422851562500e+02 -9.654721617698669434e-01 -2.063731998205184937e-01 1.589768975973129272e-01 0.000000000000000000e+00 1.000000000000000000e+00
3.431367492675781250e+02 2.447659454345703125e+02 2.277878265380859375e+02 -9.654766321182250977e-01 -2.063703536987304688e-01 1.589533239603042603e-01 0.000000000000000000e+00 1.000000000000000000e+00
3.424575805664062500e+02 2.446207733154296875e+02 2.278996429443359375e+02 -9.654718637466430664e-01 -2.063766866922378540e-01 1.589740663766860962e-01 0.000000000000000000e+00 1.000000000000000000e+00
3.417810058593750000e+02 2.444761505126953125e+02 2.280110473632812500e+02 -9.654655456542968750e-01 -2.064147293567657471e-01 1.589630693197250366e-01 0.000000000000000000e+00 1.000000000000000000e+00
3.411104125976562500e+02 2.443327789306640625e+02 2.281214599609375000e+02 -9.654815793037414551e-01 -2.063486427068710327e-01 1.589517742395401001e-01 0.000000000000000000e+00 1.000000000000000000e+00
3.404520874023437500e+02 2.441920776367187500e+02 2.282298431396484375e+02 -9.654567837715148926e-01 -2.064201384782791138e-01 1.590093225240707397e-01 0.000000000000000000e+00 1.000000000000000000e+00
3.398163452148437500e+02 2.440561523437500000e+02 2.283345489501953125e+02 -9.654861688613891602e-01 -2.063379138708114624e-01 1.589372903108596802e-01 0.000000000000000000e+00 1.000000000000000000e+00
3.392177429199218750e+02 2.439282226562500000e+02 2.284330902099609375e+02 -9.654764533042907715e-01 -2.063650935888290405e-01 1.589612960815429688e-01 0.000000000000000000e+00 1.000000000000000000e+00
3.386741943359375000e+02 2.438120422363281250e+02 2.285225830078125000e+02 -9.654721021652221680e-01 -2.063685655593872070e-01 1.589832454919815063e-01 0.000000000000000000e+00 1.000000000000000000e+00
3.382031860351562500e+02 2.437113647460937500e+02 2.286001434326171875e+02 -9.654671549797058105e-01 -2.063888609409332275e-01 1.589870899915695190e-01 0.000000000000000000e+00 1.000000000000000000e+00
3.378178100585937500e+02 2.436289825439453125e+02 2.286636047363281250e+02 -9.654647111892700195e-01 -2.064069360494613647e-01 1.589783132076263428e-01 0.000000000000000000e+00 1.000000000000000000e+00
3.375230407714843750e+02 2.435659637451171875e+02 2.287121429443359375e+02 -9.556763768196105957e-01 -2.048121206462383270e-02 2.937060594558715820e-01 0.000000000000000000e+00 1.000000000000000000e+00
3.170568237304687500e+02 2.431273498535156250e+02 2.350019836425781250e+02 -9.325562119483947754e-01 2.956531643867492676e-01 2.071910947561264038e-01 0.000000000000000000e+00 1.000000000000000000e+00
3.162232666015625000e+02 2.433916168212890625e+02 2.351871795654296875e+02 -9.346337914466857910e-01 2.807767093181610107e-01 2.182292938232421875e-01 0.000000000000000000e+00 1.000000000000000000e+00
3.153821411132812500e+02 2.436443023681640625e+02 2.353835754394531250e+02 -9.360940456390380859e-01 2.727995514869689941e-01 2.220547795295715332e-01 0.000000000000000000e+00 1.000000000000000000e+00
3.145360107421875000e+02 2.438908843994140625e+02 2.355842895507812500e+02 -9.366023540496826172e-01 2.708794176578521729e-01 2.222617715597152710e-01 0.000000000000000000e+00 1.000000000000000000e+00
3.136885375976562500e+02 2.441359863281250000e+02 2.357854003906250000e+02 -9.360651969909667969e-01 2.728245556354522705e-01 2.221455425024032593e-01 0.000000000000000000e+00 1.000000000000000000e+00
3.128438720703125000e+02 2.443821716308593750e+02 2.359858551025390625e+02 -9.348784685134887695e-01 2.755789458751678467e-01 2.237377017736434937e-01 0.000000000000000000e+00 1.000000000000000000e+00
3.120057067871093750e+02 2.446292419433593750e+02 2.361864471435546875e+02 -9.335957169532775879e-01 2.767992019653320312e-01 2.275549322366714478e-01 0.000000000000000000e+00 1.000000000000000000e+00
3.111769104003906250e+02 2.448749694824218750e+02 2.363884582519531250e+02 -9.328960180282592773e-01 2.749165296554565430e-01 2.326497733592987061e-01 0.000000000000000000e+00 1.000000000000000000e+00
3.103588562011718750e+02 2.451160430908203125e+02 2.365924682617187500e+02 -9.328960180282592773e-01 2.749165296554565430e-01 2.326497733592987061e-01 0.000000000000000000e+00 1.000000000000000000e+00
