2.227104644775390625e+02 2.044500274658203125e+02 1.863182373046875000e+02 -9.558242559432983398e-01 -1.167129129171371460e-01 -2.697741091251373291e-01 0.000000000000000000e+00 2.000000000000000000e+00
2.234864807128906250e+02 2.045447845458984375e+02 1.865372619628906250e+02 -9.385762810707092285e-01 -1.569380760192871094e-01 -3.073190152645111084e-01 0.000000000000000000e+00 2.000000000000000000e+00
2.242137908935546875e+02 2.046663970947265625e+02 1.867754058837890625e+02 -9.217346310615539551e-01 -1.898535341024398804e-01 -3.381727933883666992e-01 0.000000000000000000e+00 2.000000000000000000e+00
2.249028930664062500e+02 2.048083343505859375e+02 1.870282287597656250e+02 -9.091783165931701660e-01 -2.111458629369735718e-01 -3.589042425155639648e-01 0.000000000000000000e+00 2.000000000000000000e+00
2.255693206787109375e+02 2.049631042480468750e+02 1.872913055419921875e+02 -9.032406210899353027e-01 -2.229302227497100830e-01 -3.666860461235046387e-01 0.000000000000000000e+00 2.000000000000000000e+00
2.262285461425781250e+02 2.051258087158203125e+02 1.875589294433593750e+02 -9.035047292709350586e-01 -2.326453030109405518e-01 -3.599378466606140137e-01 0.000000000000000000e+00 2.000000000000000000e+00
2.268914794921875000e+02 2.052965087890625000e+02 1.878230285644531250e+02 -9.077261686325073242e-01 -2.495548874139785767e-01 -3.372765779495239258e-01 0.000000000000000000e+00 2.000000000000000000e+00
2.275611114501953125e+02 2.054806060791015625e+02 1.880718383789062500e+02 -9.128000140190124512e-01 -2.800888717174530029e-01 -2.972312271595001221e-01 0.000000000000000000e+00 2.000000000000000000e+00
2.282322387695312500e+02 2.056865386962890625e+02 1.882903747558593750e+02 -9.148410558700561523e-01 -3.267696499824523926e-01 -2.372497767210006714e-01 0.000000000000000000e+00 2.000000000000000000e+00
2.288938751220703125e+02 2.059228668212890625e+02 1.884619598388671875e+02 -9.085501432418823242e-01 -3.878966569900512695e-01 -1.551543176174163818e-01 0.000000000000000000e+00 2.000000000000000000e+00
2.295326538085937500e+02 2.061955871582031250e+02 1.885710449218750000e+02 -8.877338767051696777e-01 -4.574494361877441406e-01 -5.165837705135345459e-02 0.000000000000000000e+00 2.000000000000000000e+00
2.301360168457031250e+02 2.065065002441406250e+02 1.886061553955078125e+02 -8.475369811058044434e-01 -5.264960527420043945e-01 6.695593148469924927e-02 0.000000000000000000e+00 2.000000000000000000e+00
2.306942138671875000e+02 2.068532562255859375e+02 1.885620574951171875e+02 -7.878118157386779785e-01 -5.865695476531982422e-01 1.878529787063598633e-01 0.000000000000000000e+00 2.000000000000000000e+00
2.312014770507812500e+02 2.072309417724609375e+02 1.884411010742187500e+02 -7.157146930694580078e-01 -6.324663758277893066e-01 2.962074875831604004e-01 0.000000000000000000e+00 2.000000000000000000e+00
2.316562957763671875e+02 2.076328582763671875e+02 1.882528686523437500e+02 -6.425188779830932617e-01 -6.648032069206237793e-01 3.810593187808990479e-01 0.000000000000000000e+00 2.000000000000000000e+00
2.320614929199218750e+02 2.080521087646484375e+02 1.880125579833984375e+02 -5.789823532104492188e-01 -6.874439716339111328e-01 4.384064674377441406e-01 0.000000000000000000e+00 2.000000000000000000e+00
2.324237976074218750e+02 2.084822845458984375e+02 1.877382202148437500e+02 -5.311532616615295410e-01 -7.047672271728515625e-01 4.702970683574676514e-01 0.000000000000000000e+00 2.000000000000000000e+00
2.327523498535156250e+02 2.089182281494140625e+02 1.874473114013671875e+02 -5.023874044418334961e-01 -7.179679274559020996e-01 4.817975759506225586e-01 0.000000000000000000e+00 2.000000000000000000e+00
2.330587615966796875e+02 2.093561248779296875e+02 1.871534576416015625e+02 -4.915942549705505371e-01 -7.270831465721130371e-01 4.792548716068267822e-01 0.000000000000000000e+00 2.000000000000000000e+00
2.333542022705078125e+02 2.097930908203125000e+02 1.868654327392578125e+02 -4.963875114917755127e-01 -7.312112450599670410e-01 4.678991138935089111e-01 0.000000000000000000e+00 2.000000000000000000e+00
2.336487884521484375e+02 2.102270355224609375e+02 1.865877532958984375e+02 -5.129549503326416016e-01 -7.296804189682006836e-01 4.521546959877014160e-01 0.000000000000000000e+00 2.000000000000000000e+00
2.339509277343750000e+02 2.106568298339843750e+02 1.863214263916015625e+02 -5.369958281517028809e-01 -7.236404418945312500e-01 4.335666894912719727e-01 0.000000000000000000e+00 2.000000000000000000e+00
2.342667083740234375e+02 2.110823669433593750e+02 1.860664672851562500e+02 -5.636025667190551758e-01 -7.159491777420043945e-01 4.120301604270935059e-01 0.000000000000000000e+00 2.000000000000000000e+00
2.345999298095703125e+02 2.115056610107421875e+02 1.858228607177734375e+02 -5.886077880859375000e-01 -7.096935510635375977e-01 3.871380090713500977e-01 0.000000000000000000e+00 2.000000000000000000e+00
2.349523315429687500e+02 2.119305572509765625e+02 1.855910797119140625e+02 -6.082202792167663574e-01 -7.078404426574707031e-01 3.592074513435363770e-01 0.000000000000000000e+00 2.000000000000000000e+00
2.353235778808593750e+02 2.123626098632812500e+02 1.853718261718750000e+02 -6.210169792175292969e-01 -7.113454341888427734e-01 3.291285037994384766e-01 0.000000000000000000e+00 2.000000000000000000e+00
2.357116241455078125e+02 2.128070983886718750e+02 1.851661682128906250e+02 -6.271874904632568359e-01 -7.194160819053649902e-01 2.984565496444702148e-01 0.000000000000000000e+00 2.000000000000000000e+00
2.361134033203125000e+02 2.132679595947265625e+02 1.849749755859375000e+02 -6.285665035247802734e-01 -7.298452258110046387e-01 2.687567174434661865e-01 0.000000000000000000e+00 2.000000000000000000e+00
2.365251617431640625e+02 2.137460632324218750e+02 1.847989196777343750e+02 -6.275963783264160156e-01 -7.400805354118347168e-01 2.416682988405227661e-01 0.000000000000000000e+00 2.000000000000000000e+00
2.369437713623046875e+02 2.142397003173828125e+02 1.846377258300781250e+02 -6.268135905265808105e-01 -7.479895949363708496e-01 2.182116061449050903e-01 0.000000000000000000e+00 2.000000000000000000e+00
2.373673095703125000e+02 2.147451171875000000e+02 1.844902801513671875e+02 -6.283216476440429688e-01 -7.520616650581359863e-01 1.990356594324111938e-01 0.000000000000000000e+00 2.000000000000000000e+00
2.377957763671875000e+02 2.152579650878906250e+02 1.843545532226562500e+02 -6.332526803016662598e-01 -7.518500089645385742e-01 1.836101561784744263e-01 0.000000000000000000e+00 2.000000000000000000e+00
2.382303619384765625e+02 2.157739410400390625e+02 1.842285461425781250e+02 -6.415790915489196777e-01 -7.479407787322998047e-01 1.701787263154983521e-01 0.000000000000000000e+00 2.000000000000000000e+00
2.386726226806640625e+02 2.162895202636718750e+02 1.841112365722656250e+02 -6.527657508850097656e-01 -7.412943243980407715e-01 1.561398506164550781e-01 0.000000000000000000e+00 2.000000000000000000e+00
2.391235656738281250e+02 2.168016204833984375e+02 1.840033721923828125e+02 -6.655830740928649902e-01 -7.333639264106750488e-01 1.384798288345336914e-01 0.000000000000000000e+00 2.000000000000000000e+00
2.395829620361328125e+02 2.173078002929687500e+02 1.839077911376953125e+02 -6.788858771324157715e-01 -7.252215147018432617e-01 1.147506609559059143e-01 0.000000000000000000e+00 2.000000000000000000e+00
2.400493164062500000e+02 2.178059844970703125e+02 1.838289642333984375e+02 -6.918131113052368164e-01 -7.171553373336791992e-01 8.416032791137695312e-02 0.000000000000000000e+00 2.000000000000000000e+00
2.405204315185546875e+02 2.182943572998046875e+02 1.837716522216796875e+02 -7.030287384986877441e-01 -7.096005678176879883e-01 4.709066450595855713e-02 0.000000000000000000e+00 2.000000000000000000e+00
2.409938049316406250e+02 2.187721557617187500e+02 1.837399444580078125e+02 -7.122021317481994629e-01 -7.019498348236083984e-01 5.871562287211418152e-03 0.000000000000000000e+00 2.000000000000000000e+00
2.414676208496093750e+02 2.192391510009765625e+02 1.837360382080078125e+02 -7.184714674949645996e-01 -6.945904493331909180e-01 -3.664533793926239014e-02 0.000000000000000000e+00 2.000000000000000000e+00
2.419400024414062500e+02 2.196958312988281250e+02 1.837601318359375000e+02 -7.218084931373596191e-01 -6.875472068786621094e-01 -7.919257134199142456e-02 0.000000000000000000e+00 2.000000000000000000e+00
2.424096679687500000e+02 2.201432037353515625e+02 1.838116607666015625e+02 -7.224350571632385254e-01 -6.802326440811157227e-01 -1.239799112081527710e-01 0.000000000000000000e+00 2.000000000000000000e+00
2.428753967285156250e+02 2.205817260742187500e+02 1.838915863037109375e+02 7.205221652984619141e-01 6.709890961647033691e-01 1.749897450208663940e-01 0.000000000000000000e+00 2.000000000000000000e+00
2.433357391357421875e+02 2.210104217529296875e+02 1.840033874511718750e+02 7.158239483833312988e-01 6.569557189941406250e-01 2.366545498371124268e-01 0.000000000000000000e+00 2.000000000000000000e+00
2.437886505126953125e+02 2.214260864257812500e+02 1.841531219482421875e+02 7.087150216102600098e-01 6.326568722724914551e-01 3.121990859508514404e-01 0.000000000000000000e+00 2.000000000000000000e+00
2.442325439453125000e+02 2.218223419189453125e+02 1.843486633300781250e+02 6.988651156425476074e-01 5.927410721778869629e-01 4.003067016601562500e-01 0.000000000000000000e+00 2.000000000000000000e+00
2.446663360595703125e+02 2.221902618408203125e+02 1.845971374511718750e+02 6.863324046134948730e-01 5.328718423843383789e-01 4.949702620506286621e-01 0.000000000000000000e+00 2.000000000000000000e+00
2.450899200439453125e+02 2.225191345214843750e+02 1.849026184082031250e+02 6.706793904304504395e-01 4.531069993972778320e-01 5.872675776481628418e-01 0.000000000000000000e+00 2.000000000000000000e+00
2.455041198730468750e+02 2.227989654541015625e+02 1.852653045654296875e+02 6.512892842292785645e-01 3.603283762931823730e-01 6.678217053413391113e-01 0.000000000000000000e+00 2.000000000000000000e+00
2.459092712402343750e+02 2.230231170654296875e+02 1.856807403564453125e+02 6.274409890174865723e-01 2.650988399982452393e-01 7.321477532386779785e-01 0.000000000000000000e+00 2.000000000000000000e+00
2.463043670654296875e+02 2.231900482177734375e+02 1.861417694091796875e+02 5.976334214210510254e-01 1.788838058710098267e-01 7.815592288970947266e-01 0.000000000000000000e+00 2.000000000000000000e+00
2.466859893798828125e+02 2.233042755126953125e+02 1.866408386230468750e+02 5.592585206031799316e-01 1.099937185645103455e-01 8.216637372970581055e-01 0.000000000000000000e+00 2.000000000000000000e+00
2.470479125976562500e+02 2.233754577636718750e+02 1.871725769042968750e+02 5.085963606834411621e-01 6.276295334100723267e-02 8.587145209312438965e-01 0.000000000000000000e+00 2.000000000000000000e+00
2.473813934326171875e+02 2.234166107177734375e+02 1.877356262207031250e+02 4.407094419002532959e-01 3.615713492035865784e-02 8.969213366508483887e-01 0.000000000000000000e+00 2.000000000000000000e+00
2.476750640869140625e+02 2.234407043457031250e+02 1.883332977294921875e+02 3.537040650844573975e-01 2.537646517157554626e-02 9.350131154060363770e-01 0.000000000000000000e+00 2.000000000000000000e+00
2.479162445068359375e+02 2.234580078125000000e+02 1.889708557128906250e+02 2.505480349063873291e-01 2.307507768273353577e-02 9.678291082382202148e-01 0.000000000000000000e+00 2.000000000000000000e+00
2.480923614501953125e+02 2.234742279052734375e+02 1.896511688232421875e+02 1.396227180957794189e-01 2.182786725461483002e-02 9.899641871452331543e-01 0.000000000000000000e+00 2.000000000000000000e+00
2.481937713623046875e+02 2.234900817871093750e+02 1.903701934814453125e+02 3.011017292737960815e-02 1.687560603022575378e-02 9.994040727615356445e-01 0.000000000000000000e+00 2.000000000000000000e+00
2.482162322998046875e+02 2.235026702880859375e+02 1.911157073974609375e+02 -6.967867165803909302e-02 6.426281295716762543e-03 9.975487589836120605e-01 0.000000000000000000e+00 2.000000000000000000e+00
2.481636199951171875e+02 2.235075225830078125e+02 1.918689270019531250e+02 -1.551321297883987427e-01 -9.041568264365196228e-03 9.878523945808410645e-01 0.000000000000000000e+00 2.000000000000000000e+00
2.480473785400390625e+02 2.235007476806640625e+02 1.926091308593750000e+02 -2.246339172124862671e-01 -2.723406255245208740e-02 9.740625619888305664e-01 0.000000000000000000e+00 2.000000000000000000e+00
2.478836364746093750e+02 2.234808959960937500e+02 1.933191528320312500e+02 -2.774732410907745361e-01 -4.544839262962341309e-02 9.596577286720275879e-01 0.000000000000000000e+00 2.000000000000000000e+00
2.476897735595703125e+02 2.234491424560546875e+02 1.939896392822265625e+02 -3.146799206733703613e-01 -6.147257238626480103e-02 9.472051858901977539e-01 0.000000000000000000e+00 2.000000000000000000e+00
2.474804382324218750e+02 2.234082489013671875e+02 1.946197509765625000e+02 -3.390341103076934814e-01 -7.355561107397079468e-02 9.378941655158996582e-01 0.000000000000000000e+00 2.000000000000000000e+00
2.472653656005859375e+02 2.233615875244140625e+02 1.952147216796875000e+02 -3.533913493156433105e-01 -8.121695369482040405e-02 9.319432973861694336e-01 0.000000000000000000e+00 2.000000000000000000e+00
2.470498504638671875e+02 2.233120574951171875e+02 1.957830657958984375e+02 -3.610086441040039062e-01 -8.537471294403076172e-02 9.286462664604187012e-01 0.000000000000000000e+00 2.000000000000000000e+00
2.468358306884765625e+02 2.232614440917968750e+02 1.963336029052734375e+02 -3.647493124008178711e-01 -8.709844946861267090e-02 9.270231127738952637e-01 0.000000000000000000e+00 2.000000000000000000e+00
2.466234893798828125e+02 2.232107391357421875e+02 1.968732757568359375e+02 -3.660092353820800781e-01 -8.780939131975173950e-02 9.264591932296752930e-01 0.000000000000000000e+00 2.000000000000000000e+00
2.464125213623046875e+02 2.231601257324218750e+02 1.974072875976562500e+02 -3.666098713874816895e-01 -8.944044262170791626e-02 9.260656833648681641e-01 0.000000000000000000e+00 2.000000000000000000e+00
2.462026214599609375e+02 2.231089172363281250e+02 1.979375000000000000e+02 -3.675779104232788086e-01 -9.339060634374618530e-02 9.252915978431701660e-01 0.000000000000000000e+00 2.000000000000000000e+00
2.459936218261718750e+02 2.230558166503906250e+02 1.984636077880859375e+02 -3.695023953914642334e-01 -1.029293239116668701e-01 9.235115647315979004e-01 0.000000000000000000e+00 2.000000000000000000e+00
2.457860717773437500e+02 2.229980010986328125e+02 1.989823455810546875e+02 -3.734920322895050049e-01 -1.240243911743164062e-01 9.193050265312194824e-01 0.000000000000000000e+00 2.000000000000000000e+00
2.455812225341796875e+02 2.229299774169921875e+02 1.994865570068359375e+02 -3.809892535209655762e-01 -1.658902764320373535e-01 9.095754623413085938e-01 0.000000000000000000e+00 2.000000000000000000e+00
2.453813323974609375e+02 2.228429412841796875e+02 1.999637756347656250e+02 -3.928279578685760498e-01 -2.441793531179428101e-01 8.866017460823059082e-01 0.000000000000000000e+00 2.000000000000000000e+00
2.451898345947265625e+02 2.227239074707031250e+02 2.003959808349609375e+02 -4.066646397113800049e-01 -3.779495060443878174e-01 8.317319154739379883e-01 0.000000000000000000e+00 2.000000000000000000e+00
2.450111236572265625e+02 2.225578155517578125e+02 2.007614898681640625e+02 -4.103276431560516357e-01 -5.808967351913452148e-01 7.029866576194763184e-01 0.000000000000000000e+00 2.000000000000000000e+00
2.448496856689453125e+02 2.223292694091796875e+02 2.010380706787109375e+02 -3.747081458568572998e-01 -8.065426349639892578e-01 4.572557210922241211e-01 0.000000000000000000e+00 2.000000000000000000e+00
2.447095642089843750e+02 2.220276641845703125e+02 2.012090606689453125e+02 -2.925071120262145996e-01 -9.443472027778625488e-01 1.504925191402435303e-01 0.000000000000000000e+00 2.000000000000000000e+00
2.445932159423828125e+02 2.216520385742187500e+02 2.012689208984375000e+02 -2.056222110986709595e-01 -9.740393161773681641e-01 -9.469354897737503052e-02 0.000000000000000000e+00 2.000000000000000000e+00
2.445008392333984375e+02 2.212144470214843750e+02 2.012263793945312500e+02 -1.416709274053573608e-01 -9.584364295005798340e-01 -2.476466894149780273e-01 0.000000000000000000e+00 2.000000000000000000e+00
2.444307098388671875e+02 2.207400054931640625e+02 2.011037902832031250e+02 -1.003980040550231934e-01 -9.362996816635131836e-01 -3.365458250045776367e-01 0.000000000000000000e+00 2.000000000000000000e+00
2.443795318603515625e+02 2.202627258300781250e+02 2.009322357177734375e+02 -7.452116161584854126e-02 -9.185474514961242676e-01 -3.882230520248413086e-01 0.000000000000000000e+00 2.000000000000000000e+00
2.443434906005859375e+02 2.198184814453125000e+02 2.007444763183593750e+02 -5.827892199158668518e-02 -9.062951803207397461e-01 -4.186079204082489014e-01 0.000000000000000000e+00 2.000000000000000000e+00
2.443189544677734375e+02 2.194369201660156250e+02 2.005682373046875000e+02 -5.827892199158668518e-02 -9.062951803207397461e-01 -4.186079204082489014e-01 0.000000000000000000e+00 2.000000000000000000e+00
