2.412036743164062500e+02 2.408710937500000000e+02 2.243612823486328125e+02 -6.605671644210815430e-01 -4.725029170513153076e-01 5.834312438964843750e-01 0.000000000000000000e+00 1.000000000000000000e+00
2.414252929687500000e+02 2.410296173095703125e+02 2.241655426025390625e+02 -6.630088090896606445e-01 -4.754593074321746826e-01 5.782366991043090820e-01 0.000000000000000000e+00 1.000000000000000000e+00
2.417140960693359375e+02 2.412367248535156250e+02 2.239136657714843750e+02 -6.663668751716613770e-01 -4.788609147071838379e-01 5.715306401252746582e-01 0.000000000000000000e+00 1.000000000000000000e+00
2.420660858154296875e+02 2.414896697998046875e+02 2.236117706298828125e+02 -6.713139414787292480e-01 -4.824239611625671387e-01 5.626763105392456055e-01 0.000000000000000000e+00 1.000000000000000000e+00
2.424713439941406250e+02 2.417808990478515625e+02 2.232720947265625000e+02 -6.777824759483337402e-01 -4.858149290084838867e-01 5.519009828567504883e-01 0.000000000000000000e+00 1.000000000000000000e+00
2.429168853759765625e+02 2.421002502441406250e+02 2.229093017578125000e+02 -6.860864758491516113e-01 -4.882985949516296387e-01 5.393049716949462891e-01 0.000000000000000000e+00 1.000000000000000000e+00
2.433901824951171875e+02 2.424371032714843750e+02 2.225372619628906250e+02 -6.958406567573547363e-01 -4.893211126327514648e-01 5.257097482681274414e-01 0.000000000000000000e+00 1.000000000000000000e+00
2.438809661865234375e+02 2.427822265625000000e+02 2.221664733886718750e+02 -7.065598368644714355e-01 -4.886204898357391357e-01 5.118820071220397949e-01 0.000000000000000000e+00 1.000000000000000000e+00
2.443819885253906250e+02 2.431287078857421875e+02 2.218034973144531250e+02 -7.172708511352539062e-01 -4.865466952323913574e-01 4.987935125827789307e-01 0.000000000000000000e+00 1.000000000000000000e+00
2.448887023925781250e+02 2.434724273681640625e+02 2.214511260986328125e+02 -7.273743152618408203e-01 -4.836528599262237549e-01 4.868330657482147217e-01 0.000000000000000000e+00 1.000000000000000000e+00
2.453982391357421875e+02 2.438112335205078125e+02 2.211100921630859375e+02 -7.364706397056579590e-01 -4.805631935596466064e-01 4.760986566543579102e-01 0.000000000000000000e+00 1.000000000000000000e+00
2.459092102050781250e+02 2.441446533203125000e+02 2.207797698974609375e+02 -7.446478009223937988e-01 -4.775892794132232666e-01 4.662704169750213623e-01 0.000000000000000000e+00 1.000000000000000000e+00
2.464211730957031250e+02 2.444730072021484375e+02 2.204591979980468750e+02 -7.520274519920349121e-01 -4.749435484409332275e-01 4.570375978946685791e-01 0.000000000000000000e+00 1.000000000000000000e+00
2.469344940185546875e+02 2.447971954345703125e+02 2.201472320556640625e+02 -7.589333653450012207e-01 -4.726045131683349609e-01 4.479566514492034912e-01 0.000000000000000000e+00 1.000000000000000000e+00
2.474494323730468750e+02 2.451178588867187500e+02 2.198432922363281250e+02 -7.649687528610229492e-01 -4.712725579738616943e-01 4.390044808387756348e-01 0.000000000000000000e+00 1.000000000000000000e+00
2.479649047851562500e+02 2.454354248046875000e+02 2.195474700927734375e+02 -7.698230147361755371e-01 -4.715434908866882324e-01 4.301386475563049316e-01 0.000000000000000000e+00 1.000000000000000000e+00
2.484781188964843750e+02 2.457497863769531250e+02 2.192607116699218750e+02 -7.729779481887817383e-01 -4.739844799041748047e-01 4.217153489589691162e-01 0.000000000000000000e+00 1.000000000000000000e+00
2.489847106933593750e+02 2.460604248046875000e+02 2.189843292236328125e+02 -7.743420004844665527e-01 -4.783114492893218994e-01 4.142616689205169678e-01 0.000000000000000000e+00 1.000000000000000000e+00
2.494803924560546875e+02 2.463666076660156250e+02 2.187191467285156250e+02 -7.744244337081909180e-01 -4.834663271903991699e-01 4.080772697925567627e-01 0.000000000000000000e+00 1.000000000000000000e+00
2.499620666503906250e+02 2.466673126220703125e+02 2.184653320312500000e+02 -7.746186852455139160e-01 -4.871003329753875732e-01 4.033598303794860840e-01 0.000000000000000000e+00 1.000000000000000000e+00
2.504296875000000000e+02 2.469613647460937500e+02 2.182218322753906250e+02 -7.759059071540832520e-01 -4.874350726604461670e-01 4.004709124565124512e-01 0.000000000000000000e+00 1.000000000000000000e+00
2.508860321044921875e+02 2.472480468750000000e+02 2.179862976074218750e+02 -7.787209749221801758e-01 -4.845551252365112305e-01 3.984970748424530029e-01 0.000000000000000000e+00 1.000000000000000000e+00
2.513360137939453125e+02 2.475280456542968750e+02 2.177560272216796875e+02 -7.821470499038696289e-01 -4.801477491855621338e-01 3.971198797225952148e-01 0.000000000000000000e+00 1.000000000000000000e+00
2.517850646972656250e+02 2.478037109375000000e+02 2.175280303955078125e+02 -7.842332124710083008e-01 -4.782077372074127197e-01 3.953423798084259033e-01 0.000000000000000000e+00 1.000000000000000000e+00
2.522376403808593750e+02 2.480796813964843750e+02 2.172998809814453125e+02 -7.834700942039489746e-01 -4.828213453292846680e-01 3.912266194820404053e-01 0.000000000000000000e+00 1.000000000000000000e+00
2.526961517333984375e+02 2.483622436523437500e+02 2.170709228515625000e+02 -7.790669202804565430e-01 -4.977037310600280762e-01 3.812422454357147217e-01 0.000000000000000000e+00 1.000000000000000000e+00
2.531599731445312500e+02 2.486585540771484375e+02 2.168439483642578125e+02 -7.712124586105346680e-01 -5.242911577224731445e-01 3.610403537750244141e-01 0.000000000000000000e+00 1.000000000000000000e+00
2.536260681152343750e+02 2.489754180908203125e+02 2.166257476806640625e+02 -7.595353126525878906e-01 -5.629441142082214355e-01 3.258834183216094971e-01 0.000000000000000000e+00 1.000000000000000000e+00
2.540891418457031250e+02 2.493186340332031250e+02 2.164270629882812500e+02 -7.428979277610778809e-01 -6.117850542068481445e-01 2.717016637325286865e-01 0.000000000000000000e+00 1.000000000000000000e+00
2.545425262451171875e+02 2.496920013427734375e+02 2.162612457275390625e+02 -7.181147336959838867e-01 -6.676585674285888672e-01 1.963243782520294189e-01 0.000000000000000000e+00 1.000000000000000000e+00
2.549788208007812500e+02 2.500976409912109375e+02 2.161419677734375000e+02 -6.819241642951965332e-01 -7.243852019309997559e-01 1.012201607227325439e-01 0.000000000000000000e+00 1.000000000000000000e+00
2.553912506103515625e+02 2.505357513427734375e+02 2.160807495117187500e+02 -6.322115659713745117e-01 -7.747656106948852539e-01 -6.835128646343946457e-03 0.000000000000000000e+00 1.000000000000000000e+00
2.557737274169921875e+02 2.510044708251953125e+02 2.160848846435546875e+02 -5.702643990516662598e-01 -8.129876255989074707e-01 -1.176847293972969055e-01 0.000000000000000000e+00 1.000000000000000000e+00
2.561216125488281250e+02 2.515004272460937500e+02 2.161566772460937500e+02 -5.004138350486755371e-01 -8.372355699539184570e-01 -2.205054759979248047e-01 0.000000000000000000e+00 1.000000000000000000e+00
2.564313964843750000e+02 2.520187225341796875e+02 2.162931823730468750e+02 -4.287481307983398438e-01 -8.497699499130249023e-01 -3.067019283771514893e-01 0.000000000000000000e+00 1.000000000000000000e+00
2.567015075683593750e+02 2.525540771484375000e+02 2.164864044189453125e+02 -3.597148358821868896e-01 -8.554548621177673340e-01 -3.725617825984954834e-01 0.000000000000000000e+00 1.000000000000000000e+00
2.569317932128906250e+02 2.531017303466796875e+02 2.167249145507812500e+02 -2.973232865333557129e-01 -8.585886359214782715e-01 -4.176414906978607178e-01 0.000000000000000000e+00 1.000000000000000000e+00
2.571245117187500000e+02 2.536582489013671875e+02 2.169956207275390625e+02 -2.446054518222808838e-01 -8.623545169830322266e-01 -4.432977735996246338e-01 0.000000000000000000e+00 1.000000000000000000e+00
2.572843322753906250e+02 2.542216949462890625e+02 2.172852630615234375e+02 -2.033517509698867798e-01 -8.679965138435363770e-01 -4.530232846736907959e-01 0.000000000000000000e+00 1.000000000000000000e+00
2.574179077148437500e+02 2.547918548583984375e+02 2.175828399658203125e+02 -1.755147129297256470e-01 -8.755385875701904297e-01 -4.501408934593200684e-01 0.000000000000000000e+00 1.000000000000000000e+00
2.575337219238281250e+02 2.553695831298828125e+02 2.178798675537109375e+02 -1.623382270336151123e-01 -8.848677277565002441e-01 -4.366410076618194580e-01 0.000000000000000000e+00 1.000000000000000000e+00
2.576412658691406250e+02 2.559557800292968750e+02 2.181691284179687500e+02 -1.629115790128707886e-01 -8.958760499954223633e-01 -4.133594632148742676e-01 0.000000000000000000e+00 1.000000000000000000e+00
2.577496032714843750e+02 2.565515441894531250e+02 2.184440155029296875e+02 -1.748985052108764648e-01 -9.087217450141906738e-01 -3.789925277233123779e-01 0.000000000000000000e+00 1.000000000000000000e+00
2.578662414550781250e+02 2.571575622558593750e+02 2.186967620849609375e+02 -1.941439211368560791e-01 -9.228916764259338379e-01 -3.325342833995819092e-01 0.000000000000000000e+00 1.000000000000000000e+00
2.579959411621093750e+02 2.577741088867187500e+02 2.189189147949218750e+02 -2.165868133306503296e-01 -9.370219707489013672e-01 -2.740071713924407959e-01 0.000000000000000000e+00 1.000000000000000000e+00
2.581408081054687500e+02 2.584008483886718750e+02 2.191021881103515625e+02 -2.372061759233474731e-01 -9.491435885429382324e-01 -2.070258259773254395e-01 0.000000000000000000e+00 1.000000000000000000e+00
2.582997131347656250e+02 2.590366821289062500e+02 2.192408752441406250e+02 -2.534040212631225586e-01 -9.576071500778198242e-01 -1.370218396186828613e-01 0.000000000000000000e+00 1.000000000000000000e+00
2.584698181152343750e+02 2.596795043945312500e+02 2.193328552246093750e+02 -2.642635107040405273e-01 -9.618648290634155273e-01 -7.057603448629379272e-02 0.000000000000000000e+00 1.000000000000000000e+00
2.586477355957031250e+02 2.603270874023437500e+02 2.193803710937500000e+02 -2.703514695167541504e-01 -9.626917839050292969e-01 -1.160005852580070496e-02 0.000000000000000000e+00 1.000000000000000000e+00
2.588301696777343750e+02 2.609767150878906250e+02 2.193881988525390625e+02 -2.734934985637664795e-01 -9.610891938209533691e-01 3.884465992450714111e-02 0.000000000000000000e+00 1.000000000000000000e+00
2.590149536132812500e+02 2.616260681152343750e+02 2.193619537353515625e+02 -2.747931182384490967e-01 -9.578940868377685547e-01 8.323234319686889648e-02 0.000000000000000000e+00 1.000000000000000000e+00
2.592007446289062500e+02 2.622737121582031250e+02 2.193056793212890625e+02 -2.754428088665008545e-01 -9.530745148658752441e-01 1.256192326545715332e-01 0.000000000000000000e+00 1.000000000000000000e+00
2.593872375488281250e+02 2.629190063476562500e+02 2.192206268310546875e+02 -2.750590145587921143e-01 -9.464275240898132324e-01 1.691669076681137085e-01 0.000000000000000000e+00 1.000000000000000000e+00
2.595741577148437500e+02 2.635621643066406250e+02 2.191056671142578125e+02 -2.731017172336578369e-01 -9.376923441886901855e-01 2.148219048976898193e-01 0.000000000000000000e+00 1.000000000000000000e+00
2.597611389160156250e+02 2.642041625976562500e+02 2.189585876464843750e+02 -2.687719762325286865e-01 -9.271267056465148926e-01 2.611469328403472900e-01 0.000000000000000000e+00 1.000000000000000000e+00
2.599472351074218750e+02 2.648460998535156250e+02 2.187777709960937500e+02 -2.616517245769500732e-01 -9.156290292739868164e-01 3.052241504192352295e-01 0.000000000000000000e+00 1.000000000000000000e+00
2.601310424804687500e+02 2.654893188476562500e+02 2.185633544921875000e+02 -2.520793080329895020e-01 -9.045148491859436035e-01 3.439604938030242920e-01 0.000000000000000000e+00 1.000000000000000000e+00
2.603107604980468750e+02 2.661341857910156250e+02 2.183181304931640625e+02 -2.409034818410873413e-01 -8.943678736686706543e-01 3.769239485263824463e-01 0.000000000000000000e+00 1.000000000000000000e+00
2.604847717285156250e+02 2.667802124023437500e+02 2.180458679199218750e+02 -2.286956012248992920e-01 -8.852017521858215332e-01 4.051125347614288330e-01 0.000000000000000000e+00 1.000000000000000000e+00
2.606515808105468750e+02 2.674258728027343750e+02 2.177503814697265625e+02 -2.161148786544799805e-01 -8.764358162879943848e-01 4.302960634231567383e-01 0.000000000000000000e+00 1.000000000000000000e+00
2.608101806640625000e+02 2.680690612792968750e+02 2.174346008300781250e+02 -2.030726820230484009e-01 -8.670518994331359863e-01 4.549533426761627197e-01 0.000000000000000000e+00 1.000000000000000000e+00
2.609595642089843750e+02 2.687068786621093750e+02 2.170999298095703125e+02 -1.894275844097137451e-01 -8.563705682754516602e-01 4.803609549999237061e-01 0.000000000000000000e+00 1.000000000000000000e+00
2.610987243652343750e+02 2.693359985351562500e+02 2.167470397949218750e+02 -1.750934123992919922e-01 -8.436242938041687012e-01 5.075828433036804199e-01 0.000000000000000000e+00 1.000000000000000000e+00
2.612265930175781250e+02 2.699520874023437500e+02 2.163763580322265625e+02 -1.596415936946868896e-01 -8.288010358810424805e-01 5.362867116928100586e-01 0.000000000000000000e+00 1.000000000000000000e+00
2.613418884277343750e+02 2.705506591796875000e+02 2.159890441894531250e+02 -1.428470462560653687e-01 -8.121262192726135254e-01 5.657258033752441406e-01 0.000000000000000000e+00 1.000000000000000000e+00
2.614435119628906250e+02 2.711284179687500000e+02 2.155865783691406250e+02 -1.246014609932899475e-01 -7.940946817398071289e-01 5.948848724365234375e-01 0.000000000000000000e+00 1.000000000000000000e+00
2.615307922363281250e+02 2.716846618652343750e+02 2.151698760986328125e+02 -1.051351949572563171e-01 -7.760104537010192871e-01 6.218958497047424316e-01 0.000000000000000000e+00 1.000000000000000000e+00
2.616036682128906250e+02 2.722225646972656250e+02 2.147388000488281250e+02 -8.480064570903778076e-02 -7.595035433769226074e-01 6.449521183967590332e-01 0.000000000000000000e+00 1.000000000000000000e+00
2.616623840332031250e+02 2.727484436035156250e+02 2.142922363281250000e+02 -6.481312215328216553e-02 -7.467257380485534668e-01 6.619667410850524902e-01 0.000000000000000000e+00 1.000000000000000000e+00
2.617077026367187500e+02 2.732705688476562500e+02 2.138293762207031250e+02 -4.537488147616386414e-02 -7.386499047279357910e-01 6.725603938102722168e-01 0.000000000000000000e+00 1.000000000000000000e+00
2.617399902343750000e+02 2.737961730957031250e+02 2.133507995605468750e+02 -2.660164423286914825e-02 -7.358527779579162598e-01 6.766189336776733398e-01 0.000000000000000000e+00 1.000000000000000000e+00
2.617593078613281250e+02 2.743305358886718750e+02 2.128594512939453125e+02 -7.556497585028409958e-03 -7.378115057945251465e-01 6.749645471572875977e-01 0.000000000000000000e+00 1.000000000000000000e+00
2.617648925781250000e+02 2.748758239746093750e+02 2.123606109619140625e+02 1.297842990607023239e-02 -7.436069250106811523e-01 6.684911847114562988e-01 0.000000000000000000e+00 1.000000000000000000e+00
2.617551879882812500e+02 2.754318542480468750e+02 2.118607482910156250e+02 -3.717240691184997559e-02 7.530055642127990723e-01 -6.569632887840270996e-01 0.000000000000000000e+00 1.000000000000000000e+00
2.617272949218750000e+02 2.759968872070312500e+02 2.113677825927734375e+02 -6.655120104551315308e-02 7.655226588249206543e-01 -6.399578452110290527e-01 0.000000000000000000e+00 1.000000000000000000e+00
2.616775817871093750e+02 2.765687255859375000e+02 2.108897399902343750e+02 -1.035572290420532227e-01 7.809992432594299316e-01 -6.158864498138427734e-01 0.000000000000000000e+00 1.000000000000000000e+00
2.616011352539062500e+02 2.771452636718750000e+02 2.104350891113281250e+02 -1.497142314910888672e-01 7.992339134216308594e-01 -5.820745825767517090e-01 0.000000000000000000e+00 1.000000000000000000e+00
2.614926452636718750e+02 2.777244262695312500e+02 2.100132904052734375e+02 -2.061379402875900269e-01 8.196447491645812988e-01 -5.344994664192199707e-01 0.000000000000000000e+00 1.000000000000000000e+00
2.613464965820312500e+02 2.783055419921875000e+02 2.096343383789062500e+02 -2.719407081604003906e-01 8.398052453994750977e-01 -4.698674976825714111e-01 0.000000000000000000e+00 1.000000000000000000e+00
2.611575622558593750e+02 2.788890075683593750e+02 2.093078918457031250e+02 -3.434934318065643311e-01 8.555778264999389648e-01 -3.872968554496765137e-01 0.000000000000000000e+00 1.000000000000000000e+00
2.609217224121093750e+02 2.794764404296875000e+02 2.090419769287109375e+02 -4.141003489494323730e-01 8.622065782546997070e-01 -2.917545139789581299e-01 0.000000000000000000e+00 1.000000000000000000e+00
2.606366882324218750e+02 2.800699157714843750e+02 2.088411560058593750e+02 -4.771330952644348145e-01 8.570014238357543945e-01 -1.946602016687393188e-01 0.000000000000000000e+00 1.000000000000000000e+00
2.603023986816406250e+02 2.806703491210937500e+02 2.087047729492187500e+02 -5.284796953201293945e-01 8.419336080551147461e-01 -1.088893488049507141e-01 0.000000000000000000e+00 1.000000000000000000e+00
2.599216003417968750e+02 2.812770080566406250e+02 2.086263122558593750e+02 -5.685455799102783203e-01 8.214655518531799316e-01 -4.416127502918243408e-02 0.000000000000000000e+00 1.000000000000000000e+00
2.594996337890625000e+02 2.818866882324218750e+02 2.085935363769531250e+02 -5.999379754066467285e-01 8.000378012657165527e-01 -3.734553698450326920e-03 0.000000000000000000e+00 1.000000000000000000e+00
2.590437011718750000e+02 2.824946899414062500e+02 2.085906982421875000e+02 -6.251164078712463379e-01 7.804061174392700195e-01 1.398953143507242203e-02 0.000000000000000000e+00 1.000000000000000000e+00
2.585616455078125000e+02 2.830964965820312500e+02 2.086014862060546875e+02 -6.461277604103088379e-01 7.631086111068725586e-01 1.356585137546062469e-02 0.000000000000000000e+00 1.000000000000000000e+00
2.580601806640625000e+02 2.836887512207031250e+02 2.086120147705078125e+02 -6.636250615119934082e-01 7.480650544166564941e-01 6.477263523265719414e-04 0.000000000000000000e+00 1.000000000000000000e+00
2.575442810058593750e+02 2.842702941894531250e+02 2.086125183105468750e+02 -6.782423257827758789e-01 7.345826625823974609e-01 -1.938171498477458954e-02 0.000000000000000000e+00 1.000000000000000000e+00
2.570167236328125000e+02 2.848416748046875000e+02 2.085974426269531250e+02 -6.908963918685913086e-01 7.217543125152587891e-01 -4.162687063217163086e-02 0.000000000000000000e+00 1.000000000000000000e+00
2.564783020019531250e+02 2.854041442871093750e+02 2.085650024414062500e+02 -7.023007273674011230e-01 7.090453505516052246e-01 -6.346983462572097778e-02 0.000000000000000000e+00 1.000000000000000000e+00
2.559285583496093750e+02 2.859591674804687500e+02 2.085153198242187500e+02 -7.132415771484375000e-01 6.959285736083984375e-01 -8.348586410284042358e-02 0.000000000000000000e+00 1.000000000000000000e+00
2.553665771484375000e+02 2.865075073242187500e+02 2.084495391845703125e+02 -7.239013314247131348e-01 6.823971867561340332e-01 -1.014929860830307007e-01 0.000000000000000000e+00 1.000000000000000000e+00
2.547917175292968750e+02 2.870494079589843750e+02 2.083689422607421875e+02 -7.346599698066711426e-01 6.683818697929382324e-01 -1.163629144430160522e-01 0.000000000000000000e+00 1.000000000000000000e+00
2.542032928466796875e+02 2.875847473144531250e+02 2.082757415771484375e+02 -7.454382777214050293e-01 6.542002558708190918e-01 -1.278428733348846436e-01 0.000000000000000000e+00 1.000000000000000000e+00
2.536013946533203125e+02 2.881129760742187500e+02 2.081725158691406250e+02 -7.560977935791015625e-01 6.403599381446838379e-01 -1.351120024919509888e-01 0.000000000000000000e+00 1.000000000000000000e+00
2.529868469238281250e+02 2.886334533691406250e+02 2.080626983642578125e+02 -7.668421268463134766e-01 6.269096136093139648e-01 -1.376134008169174194e-01 0.000000000000000000e+00 1.000000000000000000e+00
2.523612060546875000e+02 2.891449279785156250e+02 2.079504241943359375e+02 -7.774668335914611816e-01 6.141853332519531250e-01 -1.353571861982345581e-01 0.000000000000000000e+00 1.000000000000000000e+00
2.517269287109375000e+02 2.896459960937500000e+02 2.078399963378906250e+02 -7.881402969360351562e-01 6.018682718276977539e-01 -1.287998855113983154e-01 0.000000000000000000e+00 1.000000000000000000e+00
2.510872497558593750e+02 2.901344909667968750e+02 2.077354583740234375e+02 -7.988975644111633301e-01 5.895054936408996582e-01 -1.193567067384719849e-01 0.000000000000000000e+00 1.000000000000000000e+00
2.504457550048828125e+02 2.906078491210937500e+02 2.076396179199218750e+02 -8.100542426109313965e-01 5.762335062026977539e-01 -1.084761247038841248e-01 0.000000000000000000e+00 1.000000000000000000e+00
2.498060607910156250e+02 2.910628967285156250e+02 2.075539550781250000e+02 -8.219452500343322754e-01 5.610064864158630371e-01 -9.837573021650314331e-02 0.000000000000000000e+00 1.000000000000000000e+00
2.491714172363281250e+02 2.914960632324218750e+02 2.074779968261718750e+02 -8.350146412849426270e-01 5.428113341331481934e-01 -9.003526717424392700e-02 0.000000000000000000e+00 1.000000000000000000e+00
2.485440826416015625e+02 2.919038696289062500e+02 2.074103546142578125e+02 -8.491812348365783691e-01 5.213036537170410156e-01 -8.446157723665237427e-02 0.000000000000000000e+00 1.000000000000000000e+00
2.479253692626953125e+02 2.922836914062500000e+02 2.073488159179687500e+02 -8.641987442970275879e-01 4.965810179710388184e-01 -8.104225993156433105e-02 0.000000000000000000e+00 1.000000000000000000e+00
2.473150329589843750e+02 2.926343994140625000e+02 2.072915802001953125e+02 -8.792703747749328613e-01 4.697736501693725586e-01 -7.871774584054946899e-02 0.000000000000000000e+00 1.000000000000000000e+00
2.467111663818359375e+02 2.929570312500000000e+02 2.072375183105468750e+02 -8.931270837783813477e-01 4.433609843254089355e-01 -7.586197555065155029e-02 0.000000000000000000e+00 1.000000000000000000e+00
2.461111602783203125e+02 2.932548828125000000e+02 2.071865539550781250e+02 -9.054227471351623535e-01 4.186128079891204834e-01 -7.052016258239746094e-02 0.000000000000000000e+00 1.000000000000000000e+00
2.455104980468750000e+02 2.935325927734375000e+02 2.071397705078125000e+02 -9.161871671676635742e-01 3.961206078529357910e-01 -6.074156239628791809e-02 0.000000000000000000e+00 1.000000000000000000e+00
2.449031219482421875e+02 2.937951965332031250e+02 2.070995025634765625e+02 -9.258359670639038086e-01 3.752693831920623779e-01 -4.472912475466728210e-02 0.000000000000000000e+00 1.000000000000000000e+00
2.442825012207031250e+02 2.940467529296875000e+02 2.070695190429687500e+02 -9.346345067024230957e-01 3.548754155635833740e-01 -2.284270897507667542e-02 0.000000000000000000e+00 1.000000000000000000e+00
2.436425628662109375e+02 2.942897338867187500e+02 2.070538787841796875e+02 -9.422636032104492188e-01 3.348495364189147949e-01 3.886026097461581230e-03 0.000000000000000000e+00 1.000000000000000000e+00
2.429802856445312500e+02 2.945250854492187500e+02 2.070566101074218750e+02 -9.484475255012512207e-01 3.153166770935058594e-01 3.198036551475524902e-02 0.000000000000000000e+00 1.000000000000000000e+00
2.422965087890625000e+02 2.947524108886718750e+02 2.070796661376953125e+02 -9.528462290763854980e-01 2.978683710098266602e-01 5.795234069228172302e-02 0.000000000000000000e+00 1.000000000000000000e+00
2.415970458984375000e+02 2.949710693359375000e+02 2.071222076416015625e+02 -9.558824896812438965e-01 2.831434905529022217e-01 7.822018861770629883e-02 0.000000000000000000e+00 1.000000000000000000e+00
2.408897705078125000e+02 2.951805725097656250e+02 2.071800842285156250e+02 -9.585082530975341797e-01 2.706968188285827637e-01 8.935962617397308350e-02 0.000000000000000000e+00 1.000000000000000000e+00
2.401802520751953125e+02 2.953809509277343750e+02 2.072462310791015625e+02 -9.619140028953552246e-01 2.584824562072753906e-01 8.892802149057388306e-02 0.000000000000000000e+00 1.000000000000000000e+00
2.394677276611328125e+02 2.955724182128906250e+02 2.073121032714843750e+02 -9.668005108833312988e-01 2.439300864934921265e-01 7.612378150224685669e-02 0.000000000000000000e+00 1.000000000000000000e+00
2.387433319091796875e+02 2.957551879882812500e+02 2.073691406250000000e+02 -9.726812243461608887e-01 2.258694469928741455e-01 5.361188203096389771e-02 0.000000000000000000e+00 1.000000000000000000e+00
2.379922637939453125e+02 2.959295959472656250e+02 2.074105377197265625e+02 -9.782590270042419434e-01 2.056895792484283447e-01 2.647862583398818970e-02 0.000000000000000000e+00 1.000000000000000000e+00
2.371996459960937500e+02 2.960962524414062500e+02 2.074319915771484375e+02 -9.824068546295166016e-01 1.867509782314300537e-01 9.243337553925812244e-04 0.000000000000000000e+00 1.000000000000000000e+00
2.363563385009765625e+02 2.962565612792968750e+02 2.074327850341796875e+02 -9.850217103958129883e-01 1.714237779378890991e-01 -1.860374026000499725e-02 0.000000000000000000e+00 1.000000000000000000e+00
2.354635925292968750e+02 2.964119262695312500e+02 2.074159240722656250e+02 -9.866480827331542969e-01 1.599917411804199219e-01 -3.046768158674240112e-02 0.000000000000000000e+00 1.000000000000000000e+00
2.345331420898437500e+02 2.965628051757812500e+02 2.073871917724609375e+02 -9.880502820014953613e-01 1.500614583492279053e-01 -3.518704324960708618e-02 0.000000000000000000e+00 1.000000000000000000e+00
2.335845184326171875e+02 2.967068786621093750e+02 2.073534088134765625e+02 -9.898926615715026855e-01 1.376780867576599121e-01 -3.402022272348403931e-02 0.000000000000000000e+00 1.000000000000000000e+00
2.326388244628906250e+02 2.968384094238281250e+02 2.073209075927734375e+02 -9.925187230110168457e-01 1.185258254408836365e-01 -2.929575927555561066e-02 0.000000000000000000e+00 1.000000000000000000e+00
2.317139892578125000e+02 2.969488525390625000e+02 2.072936096191406250e+02 -9.956954121589660645e-01 8.956540375947952271e-02 -2.384776808321475983e-02 0.000000000000000000e+00 1.000000000000000000e+00
2.308220672607421875e+02 2.970290832519531250e+02 2.072722473144531250e+02 -9.985340237617492676e-01 5.072542279958724976e-02 -1.888370700180530548e-02 0.000000000000000000e+00 1.000000000000000000e+00
2.299684143066406250e+02 2.970724487304687500e+02 2.072561035156250000e+02 -9.998689889907836914e-01 5.196649581193923950e-03 -1.532824616879224777e-02 0.000000000000000000e+00 1.000000000000000000e+00
2.291522369384765625e+02 2.970766906738281250e+02 2.072435913085937500e+02 -9.991005659103393555e-01 -4.084477573633193970e-02 -1.138903386890888214e-02 0.000000000000000000e+00 1.000000000000000000e+00
2.283691711425781250e+02 2.970446777343750000e+02 2.072346649169921875e+02 -9.966365098953247070e-01 -8.191147446632385254e-02 -2.494357060641050339e-03 0.000000000000000000e+00 1.000000000000000000e+00
2.276131744384765625e+02 2.969825439453125000e+02 2.072327728271484375e+02 -9.932762384414672852e-01 -1.144682392477989197e-01 1.730237901210784912e-02 0.000000000000000000e+00 1.000000000000000000e+00
2.268791198730468750e+02 2.968979492187500000e+02 2.072455596923828125e+02 -9.889561533927917480e-01 -1.379742622375488281e-01 5.411830544471740723e-02 0.000000000000000000e+00 1.000000000000000000e+00
2.261636199951171875e+02 2.967981262207031250e+02 2.072847137451171875e+02 -9.817673563957214355e-01 -1.537288427352905273e-01 1.118047535419464111e-01 0.000000000000000000e+00 1.000000000000000000e+00
2.254664764404296875e+02 2.966889648437500000e+02 2.073641052246093750e+02 -9.680016636848449707e-01 -1.633769124746322632e-01 1.904752850532531738e-01 0.000000000000000000e+00 1.000000000000000000e+00
2.247905883789062500e+02 2.965748901367187500e+02 2.074971008300781250e+02 -9.440396428108215332e-01 -1.673671901226043701e-01 2.842138707637786865e-01 0.000000000000000000e+00 1.000000000000000000e+00
2.241407775878906250e+02 2.964596862792968750e+02 2.076927337646484375e+02 -9.089732766151428223e-01 -1.655694693326950073e-01 3.825627863407135010e-01 0.000000000000000000e+00 1.000000000000000000e+00
2.235220489501953125e+02 2.963469848632812500e+02 2.079531402587890625e+02 -8.662893772125244141e-01 -1.595986932516098022e-01 4.733614027500152588e-01 0.000000000000000000e+00 1.000000000000000000e+00
2.229383087158203125e+02 2.962394409179687500e+02 2.082721099853515625e+02 -8.224266171455383301e-01 -1.502655595541000366e-01 5.486664175987243652e-01 0.000000000000000000e+00 1.000000000000000000e+00
2.223907928466796875e+02 2.961394042968750000e+02 2.086373748779296875e+02 -7.836436629295349121e-01 -1.400397717952728271e-01 6.052201986312866211e-01 0.000000000000000000e+00 1.000000000000000000e+00
2.218786468505859375e+02 2.960478820800781250e+02 2.090329132080078125e+02 -7.536360025405883789e-01 -1.304587423801422119e-01 6.442151665687561035e-01 0.000000000000000000e+00 1.000000000000000000e+00
2.214003601074218750e+02 2.959650878906250000e+02 2.094417572021484375e+02 -7.329012751579284668e-01 -1.227206960320472717e-01 6.691750884056091309e-01 0.000000000000000000e+00 1.000000000000000000e+00
2.209560241699218750e+02 2.958906860351562500e+02 2.098474578857421875e+02 -7.200651764869689941e-01 -1.170473545789718628e-01 6.839634776115417480e-01 0.000000000000000000e+00 1.000000000000000000e+00
2.205488128662109375e+02 2.958244934082031250e+02 2.102342529296875000e+02 -7.127872109413146973e-01 -1.134238019585609436e-01 6.921483874320983887e-01 0.000000000000000000e+00 1.000000000000000000e+00
2.201851959228515625e+02 2.957666320800781250e+02 2.105873413085937500e+02 -7.088809013366699219e-01 -1.112241968512535095e-01 6.965034008026123047e-01 0.000000000000000000e+00 1.000000000000000000e+00
2.198732147216796875e+02 2.957176818847656250e+02 2.108938751220703125e+02 -7.069278955459594727e-01 -1.099675074219703674e-01 6.986845731735229492e-01 0.000000000000000000e+00 1.000000000000000000e+00
2.196193542480468750e+02 2.956781921386718750e+02 2.111447753906250000e+02 -7.069278955459594727e-01 -1.099675074219703674e-01 6.986845731735229492e-01 0.000000000000000000e+00 1.000000000000000000e+00
