1.928060302734375000e+02 3.164225463867187500e+02 2.317002410888671875e+02 9.842090606689453125e-01 -1.088296920061111450e-01 -1.396017670631408691e-01 0.000000000000000000e+00 2.000000000000000000e+00
1.923531341552734375e+02 3.164726257324218750e+02 2.317644805908203125e+02 9.843738675117492676e-01 -1.045426577329635620e-01 -1.417006403207778931e-01 0.000000000000000000e+00 2.000000000000000000e+00
1.917767028808593750e+02 3.165338439941406250e+02 2.318474578857421875e+02 9.846172332763671875e-01 -9.964216500520706177e-02 -1.435279548168182373e-01 0.000000000000000000e+00 2.000000000000000000e+00
1.910957794189453125e+02 3.166027526855468750e+02 2.319467163085937500e+02 9.850655794143676758e-01 -9.429974108934402466e-02 -1.440601944923400879e-01 0.000000000000000000e+00 2.000000000000000000e+00
1.903415222167968750e+02 3.166749572753906250e+02 2.320570220947265625e+02 9.859653115272521973e-01 -8.954192698001861572e-02 -1.409063190221786499e-01 0.000000000000000000e+00 2.000000000000000000e+00
1.895474700927734375e+02 3.167470703125000000e+02 2.321705017089843750e+02 9.875779151916503906e-01 -8.704821765422821045e-02 -1.308146566152572632e-01 0.000000000000000000e+00 2.000000000000000000e+00
1.887390289306640625e+02 3.168183288574218750e+02 2.322775878906250000e+02 9.900233149528503418e-01 -8.802193403244018555e-02 -1.100274100899696350e-01 0.000000000000000000e+00 2.000000000000000000e+00
1.879275970458984375e+02 3.168904724121093750e+02 2.323677673339843750e+02 9.927626252174377441e-01 -9.260962903499603271e-02 -7.645764946937561035e-02 0.000000000000000000e+00 2.000000000000000000e+00
1.871107177734375000e+02 3.169666748046875000e+02 2.324306793212890625e+02 9.946717619895935059e-01 -9.817577153444290161e-02 -3.145632147789001465e-02 0.000000000000000000e+00 2.000000000000000000e+00
1.862774505615234375e+02 3.170489196777343750e+02 2.324570312500000000e+02 9.946804046630859375e-01 -1.011999249458312988e-01 1.922164298593997955e-02 0.000000000000000000e+00 2.000000000000000000e+00
1.854159851074218750e+02 3.171365661621093750e+02 2.324403839111328125e+02 9.926477074623107910e-01 -9.904497116804122925e-02 6.957495212554931641e-02 0.000000000000000000e+00 2.000000000000000000e+00
1.845201416015625000e+02 3.172259521484375000e+02 2.323775939941406250e+02 9.890165925025939941e-01 -9.099753201007843018e-02 1.164716333150863647e-01 0.000000000000000000e+00 2.000000000000000000e+00
1.835924224853515625e+02 3.173113098144531250e+02 2.322683410644531250e+02 9.840954542160034180e-01 -7.814494520425796509e-02 1.595288217067718506e-01 0.000000000000000000e+00 2.000000000000000000e+00
1.826420135498046875e+02 3.173867797851562500e+02 2.321142730712890625e+02 9.776882529258728027e-01 -6.204682588577270508e-02 2.006885409355163574e-01 0.000000000000000000e+00 2.000000000000000000e+00
1.816821899414062500e+02 3.174476928710937500e+02 2.319172515869140625e+02 9.691674113273620605e-01 -4.402072355151176453e-02 2.424388080835342407e-01 0.000000000000000000e+00 2.000000000000000000e+00
1.807261047363281250e+02 3.174911193847656250e+02 2.316780853271484375e+02 9.579775333404541016e-01 -2.515599504113197327e-02 2.857379317283630371e-01 0.000000000000000000e+00 2.000000000000000000e+00
1.797847595214843750e+02 3.175158386230468750e+02 2.313973083496093750e+02 9.438521265983581543e-01 -5.645423661917448044e-03 3.303200006484985352e-01 0.000000000000000000e+00 2.000000000000000000e+00
1.788663635253906250e+02 3.175213317871093750e+02 2.310758972167968750e+02 9.271868467330932617e-01 1.464398112148046494e-02 3.743129074573516846e-01 0.000000000000000000e+00 2.000000000000000000e+00
1.779775390625000000e+02 3.175072937011718750e+02 2.307170715332031250e+02 9.090055823326110840e-01 3.593742847442626953e-02 4.152317941188812256e-01 0.000000000000000000e+00 2.000000000000000000e+00
1.771245727539062500e+02 3.174735717773437500e+02 2.303274383544921875e+02 8.902454972267150879e-01 5.887139961123466492e-02 4.516603052616119385e-01 0.000000000000000000e+00 2.000000000000000000e+00
1.763142089843750000e+02 3.174199829101562500e+02 2.299163055419921875e+02 8.715510368347167969e-01 8.346235752105712891e-02 4.831489026546478271e-01 0.000000000000000000e+00 2.000000000000000000e+00
1.755528869628906250e+02 3.173470764160156250e+02 2.294942626953125000e+02 8.530834317207336426e-01 1.089739277958869934e-01 5.102680325508117676e-01 0.000000000000000000e+00 2.000000000000000000e+00
1.748452606201171875e+02 3.172566833496093750e+02 2.290709991455078125e+02 8.344921469688415527e-01 1.340966820716857910e-01 5.344537496566772461e-01 0.000000000000000000e+00 2.000000000000000000e+00
1.741930999755859375e+02 3.171518859863281250e+02 2.286533203125000000e+02 8.156878352165222168e-01 1.560543924570083618e-01 5.570459961891174316e-01 0.000000000000000000e+00 2.000000000000000000e+00
1.735946044921875000e+02 3.170373840332031250e+02 2.282445983886718750e+02 7.965041399002075195e-01 1.713444739580154419e-01 5.798466801643371582e-01 0.000000000000000000e+00 2.000000000000000000e+00
1.730450286865234375e+02 3.169191589355468750e+02 2.278445129394531250e+02 7.775232195854187012e-01 1.761267483234405518e-01 6.036862134933471680e-01 0.000000000000000000e+00 2.000000000000000000e+00
1.725372619628906250e+02 3.168041381835937500e+02 2.274502716064453125e+02 7.593412399291992188e-01 1.683837473392486572e-01 6.285282969474792480e-01 0.000000000000000000e+00 2.000000000000000000e+00
1.720635681152343750e+02 3.166990966796875000e+02 2.270581817626953125e+02 7.439980506896972656e-01 1.472886949777603149e-01 6.517461538314819336e-01 0.000000000000000000e+00 2.000000000000000000e+00
1.716157531738281250e+02 3.166104431152343750e+02 2.266658935546875000e+02 7.349840998649597168e-01 1.130544543266296387e-01 6.685932278633117676e-01 0.000000000000000000e+00 2.000000000000000000e+00
1.711848297119140625e+02 3.165441589355468750e+02 2.262738952636718750e+02 7.376018762588500977e-01 6.537931412458419800e-02 6.720632314682006836e-01 0.000000000000000000e+00 2.000000000000000000e+00
1.707610015869140625e+02 3.165065917968750000e+02 2.258877258300781250e+02 7.562863826751708984e-01 3.773884149268269539e-03 6.542297601699829102e-01 0.000000000000000000e+00 2.000000000000000000e+00
1.703329010009765625e+02 3.165044555664062500e+02 2.255173950195312500e+02 7.911801934242248535e-01 -7.285218685865402222e-02 6.072283983230590820e-01 0.000000000000000000e+00 2.000000000000000000e+00
1.698887939453125000e+02 3.165453491210937500e+02 2.251765441894531250e+02 8.349341154098510742e-01 -1.617737561464309692e-01 5.260365009307861328e-01 0.000000000000000000e+00 2.000000000000000000e+00
1.694200592041015625e+02 3.166361694335937500e+02 2.248812255859375000e+02 8.742239475250244141e-01 -2.575396001338958740e-01 4.115895330905914307e-01 0.000000000000000000e+00 2.000000000000000000e+00
1.689245758056640625e+02 3.167821350097656250e+02 2.246479492187500000e+02 8.956907987594604492e-01 -3.523968458175659180e-01 2.712092101573944092e-01 0.000000000000000000e+00 2.000000000000000000e+00
1.684094543457031250e+02 3.169848022460937500e+02 2.244919738769531250e+02 8.899577260017395020e-01 -4.414500892162322998e-01 1.144422516226768494e-01 0.000000000000000000e+00 2.000000000000000000e+00
1.678918609619140625e+02 3.172415466308593750e+02 2.244254150390625000e+02 8.509296774864196777e-01 -5.227210521697998047e-01 -5.178118869662284851e-02 0.000000000000000000e+00 2.000000000000000000e+00
1.673946228027343750e+02 3.175469970703125000e+02 2.244556732177734375e+02 7.756832838058471680e-01 -5.926276445388793945e-01 -2.170435041189193726e-01 0.000000000000000000e+00 2.000000000000000000e+00
1.669398193359375000e+02 3.178944702148437500e+02 2.245829315185546875e+02 6.704427599906921387e-01 -6.462229490280151367e-01 -3.645577728748321533e-01 0.000000000000000000e+00 2.000000000000000000e+00
1.665419311523437500e+02 3.182779846191406250e+02 2.247992858886718750e+02 5.556067824363708496e-01 -6.817190051078796387e-01 -4.759833514690399170e-01 0.000000000000000000e+00 2.000000000000000000e+00
1.662041931152343750e+02 3.186923828125000000e+02 2.250886230468750000e+02 4.565412104129791260e-01 -7.037032842636108398e-01 -5.444004535675048828e-01 0.000000000000000000e+00 2.000000000000000000e+00
1.659185943603515625e+02 3.191325988769531250e+02 2.254291839599609375e+02 3.886593282222747803e-01 -7.192499637603759766e-01 -5.758675932884216309e-01 0.000000000000000000e+00 2.000000000000000000e+00
1.656700134277343750e+02 3.195926208496093750e+02 2.257975006103515625e+02 3.550134897232055664e-01 -7.326230406761169434e-01 -5.807141661643981934e-01 0.000000000000000000e+00 2.000000000000000000e+00
1.654408264160156250e+02 3.200655822753906250e+02 2.261723937988281250e+02 3.500291407108306885e-01 -7.445176839828491211e-01 -5.684829950332641602e-01 0.000000000000000000e+00 2.000000000000000000e+00
1.652156982421875000e+02 3.205444335937500000e+02 2.265380249023437500e+02 3.653929233551025391e-01 -7.542355656623840332e-01 -5.455425977706909180e-01 0.000000000000000000e+00 2.000000000000000000e+00
1.649836425781250000e+02 3.210234375000000000e+02 2.268844909667968750e+02 3.925059139728546143e-01 -7.619949579238891602e-01 -5.150756239891052246e-01 0.000000000000000000e+00 2.000000000000000000e+00
1.647380065917968750e+02 3.215003051757812500e+02 2.272068328857421875e+02 4.238358736038208008e-01 -7.684062123298645020e-01 -4.794945716857910156e-01 0.000000000000000000e+00 2.000000000000000000e+00
1.644761047363281250e+02 3.219751281738281250e+02 2.275031280517578125e+02 4.539352059364318848e-01 -7.748569846153259277e-01 -4.399311840534210205e-01 0.000000000000000000e+00 2.000000000000000000e+00
1.641981353759765625e+02 3.224496154785156250e+02 2.277725219726562500e+02 4.810124933719635010e-01 -7.819274067878723145e-01 -3.965055346488952637e-01 0.000000000000000000e+00 2.000000000000000000e+00
1.639054412841796875e+02 3.229254150390625000e+02 2.280137939453125000e+02 -5.043061971664428711e-01 7.888317704200744629e-01 3.513112962245941162e-01 0.000000000000000000e+00 2.000000000000000000e+00
1.635999908447265625e+02 3.234031982421875000e+02 2.282265777587890625e+02 -5.254741311073303223e-01 7.937836647033691406e-01 3.062422871589660645e-01 0.000000000000000000e+00 2.000000000000000000e+00
1.632827148437500000e+02 3.238824768066406250e+02 2.284114837646484375e+02 -5.464611053466796875e-01 7.949260473251342773e-01 2.635770142078399658e-01 0.000000000000000000e+00 2.000000000000000000e+00
1.629527587890625000e+02 3.243624572753906250e+02 2.285706329345703125e+02 -5.689124464988708496e-01 7.907080054283142090e-01 2.260962277650833130e-01 0.000000000000000000e+00 2.000000000000000000e+00
1.626075897216796875e+02 3.248421936035156250e+02 2.287078094482421875e+02 -5.936437249183654785e-01 7.806481122970581055e-01 1.953858584165573120e-01 0.000000000000000000e+00 2.000000000000000000e+00
1.622433776855468750e+02 3.253211364746093750e+02 2.288276824951171875e+02 -6.207268834114074707e-01 7.650211453437805176e-01 1.715832501649856567e-01 0.000000000000000000e+00 2.000000000000000000e+00
1.618560333251953125e+02 3.257985229492187500e+02 2.289347534179687500e+02 -6.498548984527587891e-01 7.446957826614379883e-01 1.520422548055648804e-01 0.000000000000000000e+00 2.000000000000000000e+00
1.614418945312500000e+02 3.262731018066406250e+02 2.290316467285156250e+02 -6.802263855934143066e-01 7.206636667251586914e-01 1.339251250028610229e-01 0.000000000000000000e+00 2.000000000000000000e+00
1.609983520507812500e+02 3.267430114746093750e+02 2.291189727783203125e+02 -7.112298607826232910e-01 6.936039924621582031e-01 1.143052056431770325e-01 0.000000000000000000e+00 2.000000000000000000e+00
1.605236358642578125e+02 3.272059631347656250e+02 2.291952667236328125e+02 -7.425010800361633301e-01 6.635296344757080078e-01 9.176426380872726440e-02 0.000000000000000000e+00 2.000000000000000000e+00
1.600170593261718750e+02 3.276586608886718750e+02 2.292578735351562500e+02 -7.739219665527343750e-01 6.297823786735534668e-01 6.647532433271408081e-02 0.000000000000000000e+00 2.000000000000000000e+00
1.594787902832031250e+02 3.280966796875000000e+02 2.293041076660156250e+02 -8.055516481399536133e-01 5.911571979522705078e-01 4.024624079465866089e-02 0.000000000000000000e+00 2.000000000000000000e+00
1.589101104736328125e+02 3.285140075683593750e+02 2.293325195312500000e+02 -8.368673920631408691e-01 5.472014546394348145e-01 1.495284587144851685e-02 0.000000000000000000e+00 2.000000000000000000e+00
1.583131713867187500e+02 3.289043273925781250e+02 2.293431854248046875e+02 -8.670064210891723633e-01 4.982511699199676514e-01 -6.761858705431222916e-03 0.000000000000000000e+00 2.000000000000000000e+00
1.576910095214843750e+02 3.292618713378906250e+02 2.293383331298828125e+02 -8.947491049766540527e-01 4.459545910358428955e-01 -2.341886796057224274e-02 0.000000000000000000e+00 2.000000000000000000e+00
1.570468139648437500e+02 3.295829467773437500e+02 2.293214721679687500e+02 -9.184002280235290527e-01 3.941650092601776123e-01 -3.427797555923461914e-02 0.000000000000000000e+00 2.000000000000000000e+00
1.563841094970703125e+02 3.298673706054687500e+02 2.292967376708984375e+02 -9.370348453521728516e-01 3.470093607902526855e-01 -3.937156870961189270e-02 0.000000000000000000e+00 2.000000000000000000e+00
1.557057342529296875e+02 3.301185913085937500e+02 2.292682342529296875e+02 -9.508136510848999023e-01 3.072426915168762207e-01 -3.943737223744392395e-02 0.000000000000000000e+00 2.000000000000000000e+00
1.550133819580078125e+02 3.303423156738281250e+02 2.292395172119140625e+02 -9.606983065605163574e-01 2.754221856594085693e-01 -3.466127067804336548e-02 0.000000000000000000e+00 2.000000000000000000e+00
1.543070983886718750e+02 3.305447998046875000e+02 2.292140350341796875e+02 -9.678837656974792480e-01 2.501392066478729248e-01 -2.512842044234275818e-02 0.000000000000000000e+00 2.000000000000000000e+00
1.535847778320312500e+02 3.307314758300781250e+02 2.291952819824218750e+02 -9.734274744987487793e-01 2.287379503250122070e-01 -1.085033826529979706e-02 0.000000000000000000e+00 2.000000000000000000e+00
1.528428192138671875e+02 3.309058227539062500e+02 2.291870117187500000e+02 -9.779331684112548828e-01 2.087680846452713013e-01 7.909653708338737488e-03 0.000000000000000000e+00 2.000000000000000000e+00
1.520768737792968750e+02 3.310693359375000000e+02 2.291932067871093750e+02 -9.814863204956054688e-01 1.892058253288269043e-01 2.976144105195999146e-02 0.000000000000000000e+00 2.000000000000000000e+00
1.512828063964843750e+02 3.312224121093750000e+02 2.292172851562500000e+02 -9.840555787086486816e-01 1.698248088359832764e-01 5.285865440964698792e-02 0.000000000000000000e+00 2.000000000000000000e+00
1.504578704833984375e+02 3.313647766113281250e+02 2.292615966796875000e+02 -9.855726361274719238e-01 1.517129540443420410e-01 7.503175735473632812e-02 0.000000000000000000e+00 2.000000000000000000e+00
1.496008300781250000e+02 3.314967041015625000e+02 2.293268432617187500e+02 -9.862148165702819824e-01 1.358674317598342896e-01 9.444732218980789185e-02 0.000000000000000000e+00 2.000000000000000000e+00
1.487114410400390625e+02 3.316192321777343750e+02 2.294120178222656250e+02 -9.862965941429138184e-01 1.226723268628120422e-01 1.103201285004615784e-01 0.000000000000000000e+00 2.000000000000000000e+00
1.477903442382812500e+02 3.317337951660156250e+02 2.295150451660156250e+02 -9.860933423042297363e-01 1.126103997230529785e-01 1.222242563962936401e-01 0.000000000000000000e+00 2.000000000000000000e+00
1.468403320312500000e+02 3.318422851562500000e+02 2.296327972412109375e+02 -9.858418703079223633e-01 1.050634011626243591e-01 1.306807100772857666e-01 0.000000000000000000e+00 2.000000000000000000e+00
1.458661499023437500e+02 3.319461059570312500e+02 2.297619323730468750e+02 -9.856120944023132324e-01 9.994888305664062500e-02 1.363049894571304321e-01 0.000000000000000000e+00 2.000000000000000000e+00
1.448766632080078125e+02 3.320464477539062500e+02 2.298987731933593750e+02 -9.854432940483093262e-01 9.644892811775207520e-02 1.399967223405838013e-01 0.000000000000000000e+00 2.000000000000000000e+00
1.438863677978515625e+02 3.321433715820312500e+02 2.300394592285156250e+02 -9.853327870368957520e-01 9.431959688663482666e-02 1.422080248594284058e-01 0.000000000000000000e+00 2.000000000000000000e+00
1.429165496826171875e+02 3.322362060546875000e+02 2.301794281005859375e+02 -9.852750897407531738e-01 9.295017272233963013e-02 1.435034573078155518e-01 0.000000000000000000e+00 2.000000000000000000e+00
1.419949340820312500e+02 3.323231506347656250e+02 2.303136596679687500e+02 -9.852403402328491211e-01 9.218936413526535034e-02 1.442311704158782959e-01 0.000000000000000000e+00 2.000000000000000000e+00
1.411531524658203125e+02 3.324019165039062500e+02 2.304368896484375000e+02 -9.852209687232971191e-01 9.185290336608886719e-02 1.445779502391815186e-01 0.000000000000000000e+00 2.000000000000000000e+00
1.404212341308593750e+02 3.324701538085937500e+02 2.305442962646484375e+02 -9.852133989334106445e-01 9.162211418151855469e-02 1.447759717702865601e-01 0.000000000000000000e+00 2.000000000000000000e+00
1.398213653564453125e+02 3.325259399414062500e+02 2.306324462890625000e+02 -9.606679081916809082e-01 -2.733357250690460205e-01 4.903774335980415344e-02 0.000000000000000000e+00 2.000000000000000000e+00
1.325266876220703125e+02 3.304504089355468750e+02 2.310048065185546875e+02 -9.270529150962829590e-01 1.980822719633579254e-02 3.744068443775177002e-01 0.000000000000000000e+00 2.000000000000000000e+00
1.317140045166015625e+02 3.304677734375000000e+02 2.313330230712890625e+02 -9.160156846046447754e-01 2.170249260962009430e-02 4.005548655986785889e-01 0.000000000000000000e+00 2.000000000000000000e+00
1.309269866943359375e+02 3.304864196777343750e+02 2.316771697998046875e+02 -9.042348265647888184e-01 2.832153066992759705e-02 4.260954260826110840e-01 0.000000000000000000e+00 2.000000000000000000e+00
1.301679687500000000e+02 3.305101928710937500e+02 2.320348358154296875e+02 -8.924626111984252930e-01 3.845553845167160034e-02 4.494793713092803955e-01 0.000000000000000000e+00 2.000000000000000000e+00
1.294363555908203125e+02 3.305417175292968750e+02 2.324033050537109375e+02 -8.813942670822143555e-01 5.040883272886276245e-02 4.696840941905975342e-01 0.000000000000000000e+00 2.000000000000000000e+00
1.287288055419921875e+02 3.305821838378906250e+02 2.327803497314453125e+02 -8.717594146728515625e-01 6.226852908730506897e-02 4.859610497951507568e-01 0.000000000000000000e+00 2.000000000000000000e+00
1.280400848388671875e+02 3.306313781738281250e+02 2.331642761230468750e+02 -8.639572262763977051e-01 7.263650745153427124e-02 4.982989132404327393e-01 0.000000000000000000e+00 2.000000000000000000e+00
1.273638458251953125e+02 3.306882324218750000e+02 2.335543060302734375e+02 -8.580223321914672852e-01 8.048751950263977051e-02 5.072667002677917480e-01 0.000000000000000000e+00 2.000000000000000000e+00
1.266936721801757812e+02 3.307510986328125000e+02 2.339505157470703125e+02 -8.537285923957824707e-01 8.526492118835449219e-02 5.136899948120117188e-01 0.000000000000000000e+00 2.000000000000000000e+00
1.260238800048828125e+02 3.308179931640625000e+02 2.343535308837890625e+02 -8.505792617797851562e-01 8.734159171581268311e-02 5.185425877571105957e-01 0.000000000000000000e+00 2.000000000000000000e+00
1.253498382568359375e+02 3.308872070312500000e+02 2.347644500732421875e+02 -8.481926321983337402e-01 8.720642328262329102e-02 5.224599242210388184e-01 0.000000000000000000e+00 2.000000000000000000e+00
1.246683349609375000e+02 3.309572753906250000e+02 2.351842346191406250e+02 -8.462349772453308105e-01 8.536822348833084106e-02 5.259265899658203125e-01 0.000000000000000000e+00 2.000000000000000000e+00
1.239773941040039062e+02 3.310269775390625000e+02 2.356136474609375000e+02 -8.462349772453308105e-01 8.536822348833084106e-02 5.259265899658203125e-01 0.000000000000000000e+00 2.000000000000000000e+00
