3.885127563476562500e+02 2.615717773437500000e+02 2.139248962402343750e+02 8.703235983848571777e-01 -3.622139394283294678e-01 -3.336732983589172363e-01 0.000000000000000000e+00 1.000000000000000000e+00
3.882340393066406250e+02 2.616877746582031250e+02 2.140317535400390625e+02 8.705391883850097656e-01 -3.615625202655792236e-01 -3.338174223899841309e-01 0.000000000000000000e+00 1.000000000000000000e+00
3.878701782226562500e+02 2.618388977050781250e+02 2.141712799072265625e+02 8.707838654518127441e-01 -3.604751527309417725e-01 -3.343546390533447266e-01 0.000000000000000000e+00 1.000000000000000000e+00
3.874266052246093750e+02 2.620225219726562500e+02 2.143415985107421875e+02 8.712658286094665527e-01 -3.585385084152221680e-01 -3.351805508136749268e-01 0.000000000000000000e+00 1.000000000000000000e+00
3.869172058105468750e+02 2.622321472167968750e+02 2.145375671386718750e+02 8.720940947532653809e-01 -3.550672233104705811e-01 -3.367181718349456787e-01 0.000000000000000000e+00 1.000000000000000000e+00
3.863609619140625000e+02 2.624586181640625000e+02 2.147523345947265625e+02 8.734408020973205566e-01 -3.494951725006103516e-01 -3.390491604804992676e-01 0.000000000000000000e+00 1.000000000000000000e+00
3.857778930664062500e+02 2.626919250488281250e+02 2.149786682128906250e+02 8.754099607467651367e-01 -3.409662246704101562e-01 -3.426360785961151123e-01 0.000000000000000000e+00 1.000000000000000000e+00
3.851859436035156250e+02 2.629224853515625000e+02 2.152103576660156250e+02 8.779354691505432129e-01 -3.292029798030853271e-01 -3.476416468620300293e-01 0.000000000000000000e+00 1.000000000000000000e+00
3.845989074707031250e+02 2.631426086425781250e+02 2.154428100585937500e+02 8.811225891113281250e-01 -3.136922121047973633e-01 -3.538646697998046875e-01 0.000000000000000000e+00 1.000000000000000000e+00
3.840252685546875000e+02 2.633468322753906250e+02 2.156731872558593750e+02 8.845525383949279785e-01 -2.951419055461883545e-01 -3.611898720264434814e-01 0.000000000000000000e+00 1.000000000000000000e+00
3.834688110351562500e+02 2.635325012207031250e+02 2.159004058837890625e+02 8.879633545875549316e-01 -2.747276127338409424e-01 -3.688440024852752686e-01 0.000000000000000000e+00 1.000000000000000000e+00
3.829283752441406250e+02 2.636997070312500000e+02 2.161248931884765625e+02 8.911542892456054688e-01 -2.533739507198333740e-01 -3.763582706451416016e-01 0.000000000000000000e+00 1.000000000000000000e+00
3.823995361328125000e+02 2.638500671386718750e+02 2.163482360839843750e+02 8.941464424133300781e-01 -2.308931052684783936e-01 -3.836541473865509033e-01 0.000000000000000000e+00 1.000000000000000000e+00
3.818737487792968750e+02 2.639858398437500000e+02 2.165738372802734375e+02 8.967188596725463867e-01 -2.074448913335800171e-01 -3.909755647182464600e-01 0.000000000000000000e+00 1.000000000000000000e+00
3.813410644531250000e+02 2.641090698242187500e+02 2.168060913085937500e+02 8.987395167350769043e-01 -1.825097203254699707e-01 -3.986947536468505859e-01 0.000000000000000000e+00 1.000000000000000000e+00
3.807908935546875000e+02 2.642207946777343750e+02 2.170501556396484375e+02 8.999813199043273926e-01 -1.564047038555145264e-01 -4.069044291973114014e-01 0.000000000000000000e+00 1.000000000000000000e+00
3.802136840820312500e+02 2.643211059570312500e+02 2.173111267089843750e+02 9.000107049942016602e-01 -1.313762664794921875e-01 -4.155972599983215332e-01 0.000000000000000000e+00 1.000000000000000000e+00
3.796034240722656250e+02 2.644101867675781250e+02 2.175929260253906250e+02 8.988606333732604980e-01 -1.095309406518936157e-01 -4.243259429931640625e-01 0.000000000000000000e+00 1.000000000000000000e+00
3.789592895507812500e+02 2.644886779785156250e+02 2.178970031738281250e+02 8.967307209968566895e-01 -9.298555552959442139e-02 -4.326982200145721436e-01 0.000000000000000000e+00 1.000000000000000000e+00
3.782868041992187500e+02 2.645584106445312500e+02 2.182214965820312500e+02 8.940634727478027344e-01 -8.213815093040466309e-02 -4.403451383113861084e-01 0.000000000000000000e+00 1.000000000000000000e+00
3.775971984863281250e+02 2.646217651367187500e+02 2.185611419677734375e+02 8.912159800529479980e-01 -7.683710008859634399e-02 -4.470236301422119141e-01 0.000000000000000000e+00 1.000000000000000000e+00
3.769055480957031250e+02 2.646813964843750000e+02 2.189080657958984375e+02 8.886135220527648926e-01 -7.611207664012908936e-02 -4.522975385189056396e-01 0.000000000000000000e+00 1.000000000000000000e+00
3.762268066406250000e+02 2.647395324707031250e+02 2.192535400390625000e+02 8.865419626235961914e-01 -7.835441827774047852e-02 -4.559648036956787109e-01 0.000000000000000000e+00 1.000000000000000000e+00
3.755724792480468750e+02 2.647973632812500000e+02 2.195900726318359375e+02 8.851933479309082031e-01 -8.254701644182205200e-02 -4.578414559364318848e-01 0.000000000000000000e+00 1.000000000000000000e+00
3.749487304687500000e+02 2.648555297851562500e+02 2.199126892089843750e+02 8.844515681266784668e-01 -8.730832487344741821e-02 -4.583914577960968018e-01 0.000000000000000000e+00 1.000000000000000000e+00
3.743551635742187500e+02 2.649141235351562500e+02 2.202203216552734375e+02 8.841876387596130371e-01 -9.136147797107696533e-02 -4.581105113029479980e-01 0.000000000000000000e+00 1.000000000000000000e+00
3.737857360839843750e+02 2.649729614257812500e+02 2.205153503417968750e+02 8.838745951652526855e-01 -9.428773820400238037e-02 -4.581217467784881592e-01 0.000000000000000000e+00 1.000000000000000000e+00
3.732307434082031250e+02 2.650321655273437500e+02 2.208030090332031250e+02 8.832021355628967285e-01 -9.581771492958068848e-02 -4.591001272201538086e-01 0.000000000000000000e+00 1.000000000000000000e+00
3.726785583496093750e+02 2.650920715332031250e+02 2.210900421142578125e+02 8.818762898445129395e-01 -9.597185254096984863e-02 -4.616097509860992432e-01 0.000000000000000000e+00 1.000000000000000000e+00
3.721174316406250000e+02 2.651531372070312500e+02 2.213837585449218750e+02 8.799980878829956055e-01 -9.525131434202194214e-02 -4.653283953666687012e-01 0.000000000000000000e+00 1.000000000000000000e+00
3.715374755859375000e+02 2.652159118652343750e+02 2.216904296875000000e+02 8.779120445251464844e-01 -9.444909542798995972e-02 -4.694142043590545654e-01 0.000000000000000000e+00 1.000000000000000000e+00
3.709318542480468750e+02 2.652810668945312500e+02 2.220142517089843750e+02 8.762238025665283203e-01 -9.363708645105361938e-02 -4.727196693420410156e-01 0.000000000000000000e+00 1.000000000000000000e+00
3.702978820800781250e+02 2.653488159179687500e+02 2.223562774658203125e+02 8.753495216369628906e-01 -9.363000094890594482e-02 -4.743380844593048096e-01 0.000000000000000000e+00 1.000000000000000000e+00
3.696373901367187500e+02 2.654194641113281250e+02 2.227141876220703125e+02 8.756703138351440430e-01 -9.389472007751464844e-02 -4.736933410167694092e-01 0.000000000000000000e+00 1.000000000000000000e+00
3.689566040039062500e+02 2.654924621582031250e+02 2.230824584960937500e+02 8.776070475578308105e-01 -9.448653459548950195e-02 -4.699767231941223145e-01 0.000000000000000000e+00 1.000000000000000000e+00
3.682641296386718750e+02 2.655670166015625000e+02 2.234532928466796875e+02 8.811176419258117676e-01 -9.464473277330398560e-02 -4.633293449878692627e-01 0.000000000000000000e+00 1.000000000000000000e+00
3.675697631835937500e+02 2.656416015625000000e+02 2.238184204101562500e+02 8.860423564910888672e-01 -9.336071461439132690e-02 -4.541065394878387451e-01 0.000000000000000000e+00 1.000000000000000000e+00
3.668818969726562500e+02 2.657140808105468750e+02 2.241709594726562500e+02 8.919222354888916016e-01 -8.931313455104827881e-02 -4.432809054851531982e-01 0.000000000000000000e+00 1.000000000000000000e+00
3.662065429687500000e+02 2.657817077636718750e+02 2.245066070556640625e+02 8.979322910308837891e-01 -8.138860762119293213e-02 -4.325430691242218018e-01 0.000000000000000000e+00 1.000000000000000000e+00
3.655466308593750000e+02 2.658415222167968750e+02 2.248244934082031250e+02 9.034838080406188965e-01 -6.850534677505493164e-02 -4.231124818325042725e-01 0.000000000000000000e+00 1.000000000000000000e+00
3.649018554687500000e+02 2.658904113769531250e+02 2.251264495849609375e+02 9.078631401062011719e-01 -5.119298025965690613e-02 -4.161295592784881592e-01 0.000000000000000000e+00 1.000000000000000000e+00
3.642708129882812500e+02 2.659259948730468750e+02 2.254156951904296875e+02 9.108294248580932617e-01 -3.039540164172649384e-02 -4.116623997688293457e-01 0.000000000000000000e+00 1.000000000000000000e+00
3.636517028808593750e+02 2.659466552734375000e+02 2.256955108642578125e+02 9.125903844833374023e-01 -8.375328034162521362e-03 -4.087892174720764160e-01 0.000000000000000000e+00 1.000000000000000000e+00
3.630431823730468750e+02 2.659522399902343750e+02 2.259680938720703125e+02 9.137885570526123047e-01 1.271414663642644882e-02 -4.059911072254180908e-01 0.000000000000000000e+00 1.000000000000000000e+00
3.624443969726562500e+02 2.659439086914062500e+02 2.262341308593750000e+02 9.152960181236267090e-01 2.969833463430404663e-02 -4.016853570938110352e-01 0.000000000000000000e+00 1.000000000000000000e+00
3.618546752929687500e+02 2.659247741699218750e+02 2.264929351806640625e+02 9.179142713546752930e-01 3.966444730758666992e-02 -3.947912156581878662e-01 0.000000000000000000e+00 1.000000000000000000e+00
3.612727355957031250e+02 2.658996276855468750e+02 2.267432250976562500e+02 9.221603870391845703e-01 3.999402001500129700e-02 -3.847346305847167969e-01 0.000000000000000000e+00 1.000000000000000000e+00
3.606971435546875000e+02 2.658746643066406250e+02 2.269833679199218750e+02 9.278373122215270996e-01 2.989179454743862152e-02 -3.717854022979736328e-01 0.000000000000000000e+00 1.000000000000000000e+00
3.601268920898437500e+02 2.658562927246093750e+02 2.272118682861328125e+02 9.342612028121948242e-01 9.733463637530803680e-03 -3.564565777778625488e-01 0.000000000000000000e+00 1.000000000000000000e+00
3.595615539550781250e+02 2.658504028320312500e+02 2.274275665283203125e+02 9.402896761894226074e-01 -1.696940697729587555e-02 -3.399520516395568848e-01 0.000000000000000000e+00 1.000000000000000000e+00
3.590018310546875000e+02 2.658605041503906250e+02 2.276299285888671875e+02 9.449965953826904297e-01 -4.655900597572326660e-02 -3.237493336200714111e-01 0.000000000000000000e+00 1.000000000000000000e+00
3.584486999511718750e+02 2.658877563476562500e+02 2.278194274902343750e+02 9.479863643646240234e-01 -7.439342886209487915e-02 -3.094957470893859863e-01 0.000000000000000000e+00 1.000000000000000000e+00
3.579027099609375000e+02 2.659306030273437500e+02 2.279976806640625000e+02 9.495872855186462402e-01 -9.752576053142547607e-02 -2.979476451873779297e-01 0.000000000000000000e+00 1.000000000000000000e+00
3.573630981445312500e+02 2.659860229492187500e+02 2.281669921875000000e+02 9.502141475677490234e-01 -1.141690164804458618e-01 -2.899284958839416504e-01 0.000000000000000000e+00 1.000000000000000000e+00
3.568289489746093750e+02 2.660502014160156250e+02 2.283299713134765625e+02 9.503850936889648438e-01 -1.250449120998382568e-01 -2.848366796970367432e-01 0.000000000000000000e+00 1.000000000000000000e+00
3.562984924316406250e+02 2.661199951171875000e+02 2.284889526367187500e+02 9.504207372665405273e-01 -1.311379671096801758e-01 -2.819630801677703857e-01 0.000000000000000000e+00 1.000000000000000000e+00
3.557703247070312500e+02 2.661928710937500000e+02 2.286456451416015625e+02 9.502263665199279785e-01 -1.348271816968917847e-01 -2.808762192726135254e-01 0.000000000000000000e+00 1.000000000000000000e+00
3.552431640625000000e+02 2.662676696777343750e+02 2.288014678955078125e+02 9.496897459030151367e-01 -1.379025727510452271e-01 -2.811979949474334717e-01 0.000000000000000000e+00 1.000000000000000000e+00
3.547164916992187500e+02 2.663441467285156250e+02 2.289574127197265625e+02 9.484826326370239258e-01 -1.423823088407516479e-01 -2.830336093902587891e-01 0.000000000000000000e+00 1.000000000000000000e+00
3.541897583007812500e+02 2.664232177734375000e+02 2.291145935058593750e+02 9.459942579269409180e-01 -1.503262668848037720e-01 -2.872227430343627930e-01 0.000000000000000000e+00 1.000000000000000000e+00
3.536620178222656250e+02 2.665070800781250000e+02 2.292748260498046875e+02 9.412993192672729492e-01 -1.645062863826751709e-01 -2.947766184806823730e-01 0.000000000000000000e+00 1.000000000000000000e+00
3.531325683593750000e+02 2.665996093750000000e+02 2.294406280517578125e+02 9.333729147911071777e-01 -1.868778318166732788e-01 -3.064175844192504883e-01 0.000000000000000000e+00 1.000000000000000000e+00
3.526000061035156250e+02 2.667062377929687500e+02 2.296154632568359375e+02 9.210577011108398438e-01 -2.183875739574432373e-01 -3.224277496337890625e-01 0.000000000000000000e+00 1.000000000000000000e+00
3.520627746582031250e+02 2.668336181640625000e+02 2.298035278320312500e+02 9.043806195259094238e-01 -2.564661502838134766e-01 -3.410583734512329102e-01 0.000000000000000000e+00 1.000000000000000000e+00
3.515188903808593750e+02 2.669878540039062500e+02 2.300086364746093750e+02 8.846147060394287109e-01 -2.966314256191253662e-01 -3.598147034645080566e-01 0.000000000000000000e+00 1.000000000000000000e+00
3.509666442871093750e+02 2.671730346679687500e+02 2.302332611083984375e+02 8.651279807090759277e-01 -3.328570425510406494e-01 -3.751797080039978027e-01 0.000000000000000000e+00 1.000000000000000000e+00
3.504039611816406250e+02 2.673895263671875000e+02 2.304772796630859375e+02 8.492149710655212402e-01 -3.609851598739624023e-01 -3.853876292705535889e-01 0.000000000000000000e+00 1.000000000000000000e+00
3.498294067382812500e+02 2.676337585449218750e+02 2.307380218505859375e+02 8.397282958030700684e-01 -3.786189258098602295e-01 -3.892354369163513184e-01 0.000000000000000000e+00 1.000000000000000000e+00
3.492416381835937500e+02 2.678987731933593750e+02 2.310104675292968750e+02 8.375269770622253418e-01 -3.858294188976287842e-01 -3.868904411792755127e-01 0.000000000000000000e+00 1.000000000000000000e+00
3.486394042968750000e+02 2.681762084960937500e+02 2.312886657714843750e+02 8.421494960784912109e-01 -3.836043179035186768e-01 -3.789880871772766113e-01 0.000000000000000000e+00 1.000000000000000000e+00
3.480214233398437500e+02 2.684577026367187500e+02 2.315667724609375000e+02 8.519287705421447754e-01 -3.741482496261596680e-01 -3.663747906684875488e-01 0.000000000000000000e+00 1.000000000000000000e+00
3.473859558105468750e+02 2.687367858886718750e+02 2.318400573730468750e+02 8.656400442123413086e-01 -3.583598136901855469e-01 -3.496365249156951904e-01 0.000000000000000000e+00 1.000000000000000000e+00
3.467303161621093750e+02 2.690082092285156250e+02 2.321048736572265625e+02 8.813824653625488281e-01 -3.382592499256134033e-01 -3.297661244869232178e-01 0.000000000000000000e+00 1.000000000000000000e+00
3.460509948730468750e+02 2.692689208984375000e+02 2.323590393066406250e+02 8.976809382438659668e-01 -3.152641654014587402e-01 -3.078593909740447998e-01 0.000000000000000000e+00 1.000000000000000000e+00
3.453443603515625000e+02 2.695170898437500000e+02 2.326013793945312500e+02 9.130906462669372559e-01 -2.913829386234283447e-01 -2.852392196655273438e-01 0.000000000000000000e+00 1.000000000000000000e+00
3.446073303222656250e+02 2.697522888183593750e+02 2.328316192626953125e+02 9.265990257263183594e-01 -2.682144045829772949e-01 -2.635817825794219971e-01 0.000000000000000000e+00 1.000000000000000000e+00
3.438382263183593750e+02 2.699749145507812500e+02 2.330503997802734375e+02 9.376207590103149414e-01 -2.474108040332794189e-01 -2.442443668842315674e-01 0.000000000000000000e+00 1.000000000000000000e+00
3.430384826660156250e+02 2.701859436035156250e+02 2.332587280273437500e+02 9.464604854583740234e-01 -2.290082722902297974e-01 -2.275252789258956909e-01 0.000000000000000000e+00 1.000000000000000000e+00
3.422107238769531250e+02 2.703862304687500000e+02 2.334577178955078125e+02 9.540061354637145996e-01 -2.119558453559875488e-01 -2.120070606470108032e-01 0.000000000000000000e+00 1.000000000000000000e+00
3.413580017089843750e+02 2.705756835937500000e+02 2.336472167968750000e+02 9.608847498893737793e-01 -1.948994398117065430e-01 -1.967602521181106567e-01 0.000000000000000000e+00 1.000000000000000000e+00
3.404833984375000000e+02 2.707530822753906250e+02 2.338263092041015625e+02 9.677017331123352051e-01 -1.769843846559524536e-01 -1.795268803834915161e-01 0.000000000000000000e+00 1.000000000000000000e+00
3.395890197753906250e+02 2.709166564941406250e+02 2.339922332763671875e+02 -9.743442535400390625e-01 1.584320813417434692e-01 1.598513126373291016e-01 0.000000000000000000e+00 1.000000000000000000e+00
3.386776428222656250e+02 2.710648498535156250e+02 2.341417541503906250e+02 -9.802029132843017578e-01 1.416287422180175781e-01 1.383598893880844116e-01 0.000000000000000000e+00 1.000000000000000000e+00
3.377533874511718750e+02 2.711983947753906250e+02 2.342722167968750000e+02 -9.846500754356384277e-01 1.289826035499572754e-01 1.175913512706756592e-01 0.000000000000000000e+00 1.000000000000000000e+00
3.368222045898437500e+02 2.713203735351562500e+02 2.343834228515625000e+02 -9.871765971183776855e-01 1.233485341072082520e-01 1.013289466500282288e-01 0.000000000000000000e+00 1.000000000000000000e+00
3.358911743164062500e+02 2.714367065429687500e+02 2.344789886474609375e+02 -9.876995086669921875e-01 1.251457780599594116e-01 9.374520927667617798e-02 0.000000000000000000e+00 1.000000000000000000e+00
3.349667663574218750e+02 2.715538330078125000e+02 2.345667266845703125e+02 -9.862899184226989746e-01 1.329484879970550537e-01 9.775914251804351807e-02 0.000000000000000000e+00 1.000000000000000000e+00
3.340532531738281250e+02 2.716769714355468750e+02 2.346572723388671875e+02 -9.832266569137573242e-01 1.424502581357955933e-01 1.139002442359924316e-01 0.000000000000000000e+00 1.000000000000000000e+00
3.331525573730468750e+02 2.718074645996093750e+02 2.347616119384765625e+02 -9.789996743202209473e-01 1.484402716159820557e-01 1.397322267293930054e-01 0.000000000000000000e+00 1.000000000000000000e+00
3.322639465332031250e+02 2.719421997070312500e+02 2.348884429931640625e+02 -9.744660258293151855e-01 1.461783647537231445e-01 1.704342365264892578e-01 0.000000000000000000e+00 1.000000000000000000e+00
3.313854980468750000e+02 2.720739746093750000e+02 2.350420837402343750e+02 -9.705566167831420898e-01 1.335182338953018188e-01 2.004813104867935181e-01 0.000000000000000000e+00 1.000000000000000000e+00
3.305141296386718750e+02 2.721938476562500000e+02 2.352220764160156250e+02 -9.680374264717102051e-01 1.107038706541061401e-01 2.250513434410095215e-01 0.000000000000000000e+00 1.000000000000000000e+00
3.296465759277343750e+02 2.722930603027343750e+02 2.354237670898437500e+02 -9.670366048812866211e-01 8.041608333587646484e-02 2.416058778762817383e-01 0.000000000000000000e+00 1.000000000000000000e+00
3.287801208496093750e+02 2.723651123046875000e+02 2.356402435302734375e+02 -9.673048257827758789e-01 4.670781269669532776e-02 2.492786794900894165e-01 0.000000000000000000e+00 1.000000000000000000e+00
3.279136352539062500e+02 2.724069519042968750e+02 2.358635406494140625e+02 -9.684576988220214844e-01 1.300424244254827499e-02 2.488383948802947998e-01 0.000000000000000000e+00 1.000000000000000000e+00
3.270477294921875000e+02 2.724185791015625000e+02 2.360860290527343750e+02 -9.701657891273498535e-01 -1.827331818640232086e-02 2.417529076337814331e-01 0.000000000000000000e+00 1.000000000000000000e+00
3.261841430664062500e+02 2.724023132324218750e+02 2.363012237548828125e+02 -9.721854925155639648e-01 -4.552686959505081177e-02 2.297446429729461670e-01 0.000000000000000000e+00 1.000000000000000000e+00
3.253265380859375000e+02 2.723621520996093750e+02 2.365038909912109375e+02 -9.744846224784851074e-01 -6.833447515964508057e-02 2.137992978096008301e-01 0.000000000000000000e+00 1.000000000000000000e+00
3.244779052734375000e+02 2.723026428222656250e+02 2.366900787353515625e+02 -9.772534370422363281e-01 -8.611852675676345825e-02 1.938022077083587646e-01 0.000000000000000000e+00 1.000000000000000000e+00
3.236384582519531250e+02 2.722286682128906250e+02 2.368565521240234375e+02 -9.805468320846557617e-01 -9.874898195266723633e-02 1.696360111236572266e-01 0.000000000000000000e+00 1.000000000000000000e+00
3.228066406250000000e+02 2.721448974609375000e+02 2.370004577636718750e+02 -9.843421578407287598e-01 -1.058682128787040710e-01 1.409338861703872681e-01 0.000000000000000000e+00 1.000000000000000000e+00
3.219786682128906250e+02 2.720558471679687500e+02 2.371190032958984375e+02 -9.883004426956176758e-01 -1.075832620263099670e-01 1.081118807196617126e-01 0.000000000000000000e+00 1.000000000000000000e+00
3.211513671875000000e+02 2.719657897949218750e+02 2.372095031738281250e+02 -9.918220639228820801e-01 -1.046909093856811523e-01 7.299851626157760620e-02 0.000000000000000000e+00 1.000000000000000000e+00
3.203233337402343750e+02 2.718783874511718750e+02 2.372704467773437500e+02 -9.943726658821105957e-01 -9.863485395908355713e-02 3.865518793463706970e-02 0.000000000000000000e+00 1.000000000000000000e+00
3.194951171875000000e+02 2.717962341308593750e+02 2.373026428222656250e+02 -9.958498477935791016e-01 -9.061862528324127197e-02 8.448433130979537964e-03 0.000000000000000000e+00 1.000000000000000000e+00
3.186677551269531250e+02 2.717209472656250000e+02 2.373096618652343750e+02 -9.964718222618103027e-01 -8.275745064020156860e-02 -1.397060509771108627e-02 0.000000000000000000e+00 1.000000000000000000e+00
3.178406066894531250e+02 2.716522521972656250e+02 2.372980651855468750e+02 -9.967148303985595703e-01 -7.654640823602676392e-02 -2.646161802113056183e-02 0.000000000000000000e+00 1.000000000000000000e+00
3.170101013183593750e+02 2.715884704589843750e+02 2.372760162353515625e+02 -9.968190789222717285e-01 -7.387471944093704224e-02 -2.990167215466499329e-02 0.000000000000000000e+00 1.000000000000000000e+00
3.161712951660156250e+02 2.715263061523437500e+02 2.372508544921875000e+02 -9.966283440589904785e-01 -7.731567323207855225e-02 -2.746458537876605988e-02 0.000000000000000000e+00 1.000000000000000000e+00
3.153208007812500000e+02 2.714603271484375000e+02 2.372274169921875000e+02 -9.957600831985473633e-01 -8.854889869689941406e-02 -2.491872571408748627e-02 0.000000000000000000e+00 1.000000000000000000e+00
3.144604492187500000e+02 2.713838195800781250e+02 2.372058868408203125e+02 -9.935940504074096680e-01 -1.095319911837577820e-01 -2.781374193727970123e-02 0.000000000000000000e+00 1.000000000000000000e+00
3.135981140136718750e+02 2.712887573242187500e+02 2.371817474365234375e+02 -9.891234636306762695e-01 -1.415662616491317749e-01 -3.992168605327606201e-02 0.000000000000000000e+00 1.000000000000000000e+00
3.127452087402343750e+02 2.711666870117187500e+02 2.371473236083984375e+02 -9.808790087699890137e-01 -1.841935068368911743e-01 -6.284227967262268066e-02 0.000000000000000000e+00 1.000000000000000000e+00
3.119128112792968750e+02 2.710103759765625000e+02 2.370939941406250000e+02 -9.675768017768859863e-01 -2.343155592679977417e-01 -9.429370611906051636e-02 0.000000000000000000e+00 1.000000000000000000e+00
3.111062927246093750e+02 2.708150634765625000e+02 2.370153961181640625e+02 -9.497517347335815430e-01 -2.851663529872894287e-01 -1.290417611598968506e-01 0.000000000000000000e+00 1.000000000000000000e+00
3.103239746093750000e+02 2.705801696777343750e+02 2.369091033935546875e+02 -9.310747385025024414e-01 -3.277967274188995361e-01 -1.601535975933074951e-01 0.000000000000000000e+00 1.000000000000000000e+00
3.095576171875000000e+02 2.703103637695312500e+02 2.367772827148437500e+02 -9.171097278594970703e-01 -3.544321358203887939e-01 -1.824488341808319092e-01 0.000000000000000000e+00 1.000000000000000000e+00
3.087954406738281250e+02 2.700158081054687500e+02 2.366256561279296875e+02 -9.125252962112426758e-01 -3.600892722606658936e-01 -1.939930319786071777e-01 0.000000000000000000e+00 1.000000000000000000e+00
3.080257873535156250e+02 2.697120971679687500e+02 2.364620361328125000e+02 -9.190801382064819336e-01 -3.422785997390747070e-01 -1.952871382236480713e-01 0.000000000000000000e+00 1.000000000000000000e+00
3.072394409179687500e+02 2.694192504882812500e+02 2.362949523925781250e+02 -9.353033304214477539e-01 -2.998428940773010254e-01 -1.878878772258758545e-01 0.000000000000000000e+00 1.000000000000000000e+00
3.064320068359375000e+02 2.691604003906250000e+02 2.361327514648437500e+02 -9.571940898895263672e-01 -2.323591262102127075e-01 -1.725940257310867310e-01 0.000000000000000000e+00 1.000000000000000000e+00
3.056037902832031250e+02 2.689593505859375000e+02 2.359834136962890625e+02 -9.784457683563232422e-01 -1.415635794401168823e-01 -1.503449082374572754e-01 0.000000000000000000e+00 1.000000000000000000e+00
3.047604980468750000e+02 2.688373413085937500e+02 2.358538360595703125e+02 -9.919022321701049805e-01 -3.178944811224937439e-02 -1.229608729481697083e-01 0.000000000000000000e+00 1.000000000000000000e+00
3.039130249023437500e+02 2.688101806640625000e+02 2.357487792968750000e+02 -9.915845394134521484e-01 8.905410021543502808e-02 -9.396543353796005249e-02 0.000000000000000000e+00 1.000000000000000000e+00
3.030750732421875000e+02 2.688854370117187500e+02 2.356693725585937500e+02 -9.751907587051391602e-01 2.105587869882583618e-01 -6.832291185855865479e-02 0.000000000000000000e+00 1.000000000000000000e+00
3.022605285644531250e+02 2.690613098144531250e+02 2.356123046875000000e+02 -9.454376697540283203e-01 3.217283785343170166e-01 -5.136560276150703430e-02 0.000000000000000000e+00 1.000000000000000000e+00
3.014803161621093750e+02 2.693268127441406250e+02 2.355699157714843750e+02 -9.087536334991455078e-01 4.147012829780578613e-01 -4.679391905665397644e-02 0.000000000000000000e+00 1.000000000000000000e+00
3.007400817871093750e+02 2.696646118164062500e+02 2.355317993164062500e+02 -8.720118999481201172e-01 4.863084852695465088e-01 -5.567167699337005615e-02 0.000000000000000000e+00 1.000000000000000000e+00
3.000412292480468750e+02 2.700543518066406250e+02 2.354871826171875000e+02 -8.394525051116943359e-01 5.381006002426147461e-01 -7.594083249568939209e-02 0.000000000000000000e+00 1.000000000000000000e+00
2.993825683593750000e+02 2.704765625000000000e+02 2.354275970458984375e+02 -8.111277818679809570e-01 5.755681395530700684e-01 -1.038892716169357300e-01 0.000000000000000000e+00 1.000000000000000000e+00
2.987633056640625000e+02 2.709159851074218750e+02 2.353482818603515625e+02 -7.840144634246826172e-01 6.058838963508605957e-01 -1.350038200616836548e-01 0.000000000000000000e+00 1.000000000000000000e+00
2.981846618652343750e+02 2.713631591796875000e+02 2.352486419677734375e+02 -7.543805837631225586e-01 6.353901624679565430e-01 -1.648917049169540405e-01 0.000000000000000000e+00 1.000000000000000000e+00
2.976495056152343750e+02 2.718139038085937500e+02 2.351316680908203125e+02 -7.197346687316894531e-01 6.676294207572937012e-01 -1.904018372297286987e-01 0.000000000000000000e+00 1.000000000000000000e+00
2.971600952148437500e+02 2.722678833007812500e+02 2.350021972656250000e+02 -6.803296804428100586e-01 7.024838328361511230e-01 -2.089690864086151123e-01 0.000000000000000000e+00 1.000000000000000000e+00
2.967158813476562500e+02 2.727265625000000000e+02 2.348657531738281250e+02 -6.402673125267028809e-01 7.358267307281494141e-01 -2.204919755458831787e-01 0.000000000000000000e+00 1.000000000000000000e+00
2.963114318847656250e+02 2.731913757324218750e+02 2.347264709472656250e+02 -6.049653887748718262e-01 7.635557055473327637e-01 -2.258306741714477539e-01 0.000000000000000000e+00 1.000000000000000000e+00
2.959377441406250000e+02 2.736630249023437500e+02 2.345869750976562500e+02 -5.797711014747619629e-01 7.824114561080932617e-01 -2.273714840412139893e-01 0.000000000000000000e+00 1.000000000000000000e+00
2.955832519531250000e+02 2.741414184570312500e+02 2.344479522705078125e+02 -5.677348971366882324e-01 7.913352847099304199e-01 -2.268600612878799438e-01 0.000000000000000000e+00 1.000000000000000000e+00
2.952351074218750000e+02 2.746266784667968750e+02 2.343088378906250000e+02 -5.689481496810913086e-01 7.911598086357116699e-01 -2.244195193052291870e-01 0.000000000000000000e+00 1.000000000000000000e+00
2.948812255859375000e+02 2.751187744140625000e+02 2.341692504882812500e+02 -5.808184146881103516e-01 7.841216325759887695e-01 -2.186396270990371704e-01 0.000000000000000000e+00 1.000000000000000000e+00
2.945113830566406250e+02 2.756180725097656250e+02 2.340300292968750000e+02 -5.999289155006408691e-01 7.726145982742309570e-01 -2.077303975820541382e-01 0.000000000000000000e+00 1.000000000000000000e+00
2.941182556152343750e+02 2.761243591308593750e+02 2.338939056396484375e+02 -6.222112178802490234e-01 7.592541575431823730e-01 -1.907520443201065063e-01 0.000000000000000000e+00 1.000000000000000000e+00
2.936984252929687500e+02 2.766366577148437500e+02 2.337651977539062500e+02 -6.446882486343383789e-01 7.454525232315063477e-01 -1.693448126316070557e-01 0.000000000000000000e+00 1.000000000000000000e+00
2.932524719238281250e+02 2.771523132324218750e+02 2.336480560302734375e+02 -6.646431088447570801e-01 7.323868870735168457e-01 -1.478478610515594482e-01 0.000000000000000000e+00 1.000000000000000000e+00
2.927847900390625000e+02 2.776676635742187500e+02 2.335440216064453125e+02 -6.810780167579650879e-01 7.203337550163269043e-01 -1.313473731279373169e-01 0.000000000000000000e+00 1.000000000000000000e+00
2.923019104003906250e+02 2.781783752441406250e+02 2.334508972167968750e+02 -6.941283941268920898e-01 7.089456319808959961e-01 -1.248268112540245056e-01 0.000000000000000000e+00 1.000000000000000000e+00
2.918101196289062500e+02 2.786806640625000000e+02 2.333624572753906250e+02 -7.054651379585266113e-01 6.966332793235778809e-01 -1.304645091295242310e-01 0.000000000000000000e+00 1.000000000000000000e+00
2.913128356933593750e+02 2.791717224121093750e+02 2.332704925537109375e+02 -7.164890170097351074e-01 6.822276711463928223e-01 -1.456326246261596680e-01 0.000000000000000000e+00 1.000000000000000000e+00
2.908099365234375000e+02 2.796505737304687500e+02 2.331682739257812500e+02 -7.287783622741699219e-01 6.649608612060546875e-01 -1.634292155504226685e-01 0.000000000000000000e+00 1.000000000000000000e+00
2.902976379394531250e+02 2.801180114746093750e+02 2.330533905029296875e+02 -7.425788044929504395e-01 6.463807225227355957e-01 -1.754099428653717041e-01 0.000000000000000000e+00 1.000000000000000000e+00
2.897706604003906250e+02 2.805767211914062500e+02 2.329289093017578125e+02 -7.571373581886291504e-01 6.293424367904663086e-01 -1.751318424940109253e-01 0.000000000000000000e+00 1.000000000000000000e+00
2.892237243652343750e+02 2.810313415527343750e+02 2.328023986816406250e+02 -7.703473567962646484e-01 6.170452237129211426e-01 -1.606867015361785889e-01 0.000000000000000000e+00 1.000000000000000000e+00
2.886538696289062500e+02 2.814877929687500000e+02 2.326835327148437500e+02 -7.800017595291137695e-01 6.109158396720886230e-01 -1.355696320533752441e-01 0.000000000000000000e+00 1.000000000000000000e+00
2.880604858398437500e+02 2.819525451660156250e+02 2.325803985595703125e+02 -7.843652367591857910e-01 6.113034486770629883e-01 -1.052581891417503357e-01 0.000000000000000000e+00 1.000000000000000000e+00
2.874456787109375000e+02 2.824317016601562500e+02 2.324978942871093750e+02 -7.840638756752014160e-01 6.159907579421997070e-01 -7.615280896425247192e-02 0.000000000000000000e+00 1.000000000000000000e+00
2.868128662109375000e+02 2.829288635253906250e+02 2.324364318847656250e+02 -7.805296778678894043e-01 6.229068040847778320e-01 -5.254096165299415588e-02 0.000000000000000000e+00 1.000000000000000000e+00
2.861659240722656250e+02 2.834451599121093750e+02 2.323928833007812500e+02 -7.760269641876220703e-01 6.296231150627136230e-01 -3.683524206280708313e-02 0.000000000000000000e+00 1.000000000000000000e+00
2.855088500976562500e+02 2.839782714843750000e+02 2.323616943359375000e+02 -7.723121643066406250e-01 6.345528364181518555e-01 -2.960867621004581451e-02 0.000000000000000000e+00 1.000000000000000000e+00
2.848453674316406250e+02 2.845234069824218750e+02 2.323362579345703125e+02 -7.702572345733642578e-01 6.369597911834716797e-01 -3.139942511916160583e-02 0.000000000000000000e+00 1.000000000000000000e+00
2.841798400878906250e+02 2.850737609863281250e+02 2.323091278076171875e+02 -7.705397605895996094e-01 6.360308527946472168e-01 -4.163117706775665283e-02 0.000000000000000000e+00 1.000000000000000000e+00
2.835158691406250000e+02 2.856218261718750000e+02 2.322732543945312500e+02 -7.738710641860961914e-01 6.305549740791320801e-01 -5.936359241604804993e-02 0.000000000000000000e+00 1.000000000000000000e+00
2.828550720214843750e+02 2.861602478027343750e+02 2.322225646972656250e+02 -7.803722023963928223e-01 6.199662089347839355e-01 -8.161547780036926270e-02 0.000000000000000000e+00 1.000000000000000000e+00
2.821975097656250000e+02 2.866826477050781250e+02 2.321537933349609375e+02 -7.803722023963928223e-01 6.199662089347839355e-01 -8.161547780036926270e-02 0.000000000000000000e+00 1.000000000000000000e+00
