2.188220062255859375e+02 2.960972290039062500e+02 2.101138916015625000e+02 -8.135429620742797852e-01 -1.133927181363105774e-01 5.703420042991638184e-01 0.000000000000000000e+00 1.000000000000000000e+00
2.191086120605468750e+02 2.961371765136718750e+02 2.099129638671875000e+02 -8.029721379280090332e-01 -1.097224801778793335e-01 5.858299732208251953e-01 0.000000000000000000e+00 1.000000000000000000e+00
2.194704132080078125e+02 2.961866149902343750e+02 2.096490020751953125e+02 -7.883993387222290039e-01 -1.047704890370368958e-01 6.061761975288391113e-01 0.000000000000000000e+00 1.000000000000000000e+00
2.198927307128906250e+02 2.962427368164062500e+02 2.093242950439453125e+02 -7.688023447990417480e-01 -9.830905497074127197e-02 6.318846344947814941e-01 0.000000000000000000e+00 1.000000000000000000e+00
2.203521423339843750e+02 2.963014831542968750e+02 2.089467010498046875e+02 -7.431954145431518555e-01 -8.998351544141769409e-02 6.629958748817443848e-01 0.000000000000000000e+00 1.000000000000000000e+00
2.208227233886718750e+02 2.963584594726562500e+02 2.085269012451171875e+02 -7.115757465362548828e-01 -8.010774105787277222e-02 6.980277895927429199e-01 0.000000000000000000e+00 1.000000000000000000e+00
2.212827453613281250e+02 2.964102478027343750e+02 2.080756378173828125e+02 -6.751538515090942383e-01 -6.906835734844207764e-02 7.344363331794738770e-01 0.000000000000000000e+00 1.000000000000000000e+00
2.217185821533203125e+02 2.964548339843750000e+02 2.076015319824218750e+02 -6.353079676628112793e-01 -5.726074427366256714e-02 7.701331377029418945e-01 0.000000000000000000e+00 1.000000000000000000e+00
2.221248931884765625e+02 2.964914550781250000e+02 2.071089935302734375e+02 -5.931572914123535156e-01 -4.493870213627815247e-02 8.038314580917358398e-01 0.000000000000000000e+00 1.000000000000000000e+00
2.225019226074218750e+02 2.965200195312500000e+02 2.065980529785156250e+02 -5.481869578361511230e-01 -3.230250626802444458e-02 8.357318043708801270e-01 0.000000000000000000e+00 1.000000000000000000e+00
2.228520202636718750e+02 2.965406494140625000e+02 2.060643157958984375e+02 -4.988359212875366211e-01 -1.878334209322929382e-02 8.664929270744323730e-01 0.000000000000000000e+00 1.000000000000000000e+00
2.231770172119140625e+02 2.965528869628906250e+02 2.054997863769531250e+02 -4.448628127574920654e-01 -4.616543650627136230e-03 8.955868482589721680e-01 0.000000000000000000e+00 1.000000000000000000e+00
2.234769744873046875e+02 2.965559997558593750e+02 2.048959197998046875e+02 -3.888140916824340820e-01 8.933294564485549927e-03 9.212729930877685547e-01 0.000000000000000000e+00 1.000000000000000000e+00
2.237519226074218750e+02 2.965496826171875000e+02 2.042444458007812500e+02 -3.352073132991790771e-01 2.070416137576103210e-02 9.419168829917907715e-01 0.000000000000000000e+00 1.000000000000000000e+00
2.240024261474609375e+02 2.965342102050781250e+02 2.035405426025390625e+02 -2.883560955524444580e-01 2.911946550011634827e-02 9.570803642272949219e-01 0.000000000000000000e+00 1.000000000000000000e+00
2.242302856445312500e+02 2.965111999511718750e+02 2.027842559814453125e+02 -2.514241635799407959e-01 3.377805650234222412e-02 9.672874212265014648e-01 0.000000000000000000e+00 1.000000000000000000e+00
2.244390411376953125e+02 2.964831542968750000e+02 2.019811248779296875e+02 -2.242475599050521851e-01 3.464936092495918274e-02 9.739160537719726562e-01 0.000000000000000000e+00 1.000000000000000000e+00
2.246324005126953125e+02 2.964532775878906250e+02 2.011413574218750000e+02 -2.059955596923828125e-01 3.214409574866294861e-02 9.780247807502746582e-01 0.000000000000000000e+00 1.000000000000000000e+00
2.248140869140625000e+02 2.964249267578125000e+02 2.002787475585937500e+02 -1.947417855262756348e-01 2.702454850077629089e-02 9.804822206497192383e-01 0.000000000000000000e+00 1.000000000000000000e+00
2.249869384765625000e+02 2.964009399414062500e+02 1.994084777832031250e+02 -1.893545985221862793e-01 1.942276395857334137e-02 9.817166328430175781e-01 0.000000000000000000e+00 1.000000000000000000e+00
2.251535491943359375e+02 2.963838500976562500e+02 1.985446777343750000e+02 -1.890582889318466187e-01 1.055835280567407608e-02 9.819090962409973145e-01 0.000000000000000000e+00 1.000000000000000000e+00
2.253163909912109375e+02 2.963747558593750000e+02 1.976989288330078125e+02 -1.940770447254180908e-01 9.487643837928771973e-04 9.809858798980712891e-01 0.000000000000000000e+00 1.000000000000000000e+00
2.254786987304687500e+02 2.963739624023437500e+02 1.968785247802734375e+02 -2.054175287485122681e-01 -7.391561288386583328e-03 9.786465167999267578e-01 0.000000000000000000e+00 1.000000000000000000e+00
2.256449279785156250e+02 2.963799438476562500e+02 1.960865783691406250e+02 -2.245928198099136353e-01 -1.210648566484451294e-02 9.743774533271789551e-01 0.000000000000000000e+00 1.000000000000000000e+00
2.258209991455078125e+02 2.963894348144531250e+02 1.953227081298828125e+02 -2.530006468296051025e-01 -9.796926751732826233e-03 9.674165248870849609e-01 0.000000000000000000e+00 1.000000000000000000e+00
2.260140838623046875e+02 2.963969116210937500e+02 1.945843963623046875e+02 -2.912180125713348389e-01 2.896473975852131844e-03 9.566523432731628418e-01 0.000000000000000000e+00 1.000000000000000000e+00
2.262319335937500000e+02 2.963947448730468750e+02 1.938687591552734375e+02 -3.387761116027832031e-01 2.838109806180000305e-02 9.404388666152954102e-01 0.000000000000000000e+00 1.000000000000000000e+00
2.264821929931640625e+02 2.963737792968750000e+02 1.931740417480468750e+02 -3.932183980941772461e-01 6.714752316474914551e-02 9.169898629188537598e-01 0.000000000000000000e+00 1.000000000000000000e+00
2.267708129882812500e+02 2.963244934082031250e+02 1.925009765625000000e+02 -4.508097767829895020e-01 1.165664643049240112e-01 8.849760890007019043e-01 0.000000000000000000e+00 1.000000000000000000e+00
2.271010437011718750e+02 2.962391052246093750e+02 1.918527069091796875e+02 -5.081472992897033691e-01 1.723126322031021118e-01 8.438569903373718262e-01 0.000000000000000000e+00 1.000000000000000000e+00
2.274732666015625000e+02 2.961128845214843750e+02 1.912345733642578125e+02 -5.614331960678100586e-01 2.280028909444808960e-01 7.954919934272766113e-01 0.000000000000000000e+00 1.000000000000000000e+00
2.278849182128906250e+02 2.959457092285156250e+02 1.906513061523437500e+02 -6.090426445007324219e-01 2.782840132713317871e-01 7.427146434783935547e-01 0.000000000000000000e+00 1.000000000000000000e+00
2.283317413330078125e+02 2.957415466308593750e+02 1.901064147949218750e+02 -6.507664918899536133e-01 3.183713555335998535e-01 6.893059611320495605e-01 0.000000000000000000e+00 1.000000000000000000e+00
2.288096923828125000e+02 2.955077209472656250e+02 1.896001586914062500e+02 -6.886972188949584961e-01 3.448564708232879639e-01 6.377854347229003906e-01 0.000000000000000000e+00 1.000000000000000000e+00
2.293166351318359375e+02 2.952538757324218750e+02 1.891306915283203125e+02 -7.253538966178894043e-01 3.564009666442871094e-01 5.889313817024230957e-01 0.000000000000000000e+00 1.000000000000000000e+00
2.298536376953125000e+02 2.949900207519531250e+02 1.886946868896484375e+02 -7.634448409080505371e-01 3.526100516319274902e-01 5.411267876625061035e-01 0.000000000000000000e+00 1.000000000000000000e+00
2.304250488281250000e+02 2.947261047363281250e+02 1.882896728515625000e+02 -8.038579821586608887e-01 3.344619274139404297e-01 4.918816983699798584e-01 0.000000000000000000e+00 1.000000000000000000e+00
2.310376434326171875e+02 2.944712219238281250e+02 1.879148254394531250e+02 -8.453412055969238281e-01 3.052745759487152100e-01 4.384125471115112305e-01 0.000000000000000000e+00 1.000000000000000000e+00
2.316984863281250000e+02 2.942325744628906250e+02 1.875720977783203125e+02 -8.849341869354248047e-01 2.689594924449920654e-01 3.802002370357513428e-01 0.000000000000000000e+00 1.000000000000000000e+00
2.324125976562500000e+02 2.940155334472656250e+02 1.872652893066406250e+02 -9.194889068603515625e-01 2.303966879844665527e-01 3.185238838195800781e-01 0.000000000000000000e+00 1.000000000000000000e+00
2.331817169189453125e+02 2.938228149414062500e+02 1.869988555908203125e+02 -9.471351504325866699e-01 1.936543285846710205e-01 2.557986974716186523e-01 0.000000000000000000e+00 1.000000000000000000e+00
2.340042724609375000e+02 2.936546325683593750e+02 1.867767028808593750e+02 -9.674370884895324707e-01 1.611041277647018433e-01 1.952203065156936646e-01 0.000000000000000000e+00 1.000000000000000000e+00
2.348765869140625000e+02 2.935093688964843750e+02 1.866006774902343750e+02 -9.810391664505004883e-01 1.336186975240707397e-01 1.403860598802566528e-01 0.000000000000000000e+00 1.000000000000000000e+00
2.357945709228515625e+02 2.933843383789062500e+02 1.864693145751953125e+02 -9.893187284469604492e-01 1.111975610256195068e-01 9.425227344036102295e-02 0.000000000000000000e+00 1.000000000000000000e+00
2.367549133300781250e+02 2.932763977050781250e+02 1.863778228759765625e+02 -9.940033555030822754e-01 9.267212450504302979e-02 5.804520845413208008e-02 0.000000000000000000e+00 1.000000000000000000e+00
2.377549133300781250e+02 2.931831665039062500e+02 1.863194274902343750e+02 -9.965361952781677246e-01 7.710365951061248779e-02 3.115551359951496124e-02 0.000000000000000000e+00 1.000000000000000000e+00
2.387910766601562500e+02 2.931029968261718750e+02 1.862870330810546875e+02 -9.979068636894226074e-01 6.365484744310379028e-02 1.139958947896957397e-02 0.000000000000000000e+00 1.000000000000000000e+00
2.398569946289062500e+02 2.930350036621093750e+02 1.862748565673828125e+02 -9.986417889595031738e-01 5.195043236017227173e-02 -3.973505925387144089e-03 0.000000000000000000e+00 1.000000000000000000e+00
2.409422760009765625e+02 2.929785461425781250e+02 1.862791748046875000e+02 -9.989622831344604492e-01 4.234715923666954041e-02 -1.676824502646923065e-02 0.000000000000000000e+00 1.000000000000000000e+00
2.420322113037109375e+02 2.929323425292968750e+02 1.862974700927734375e+02 -9.989792704582214355e-01 3.530181944370269775e-02 -2.817927487194538116e-02 0.000000000000000000e+00 1.000000000000000000e+00
2.431108398437500000e+02 2.928942260742187500e+02 1.863278961181640625e+02 -9.987660050392150879e-01 3.239241242408752441e-02 -3.764640912413597107e-02 0.000000000000000000e+00 1.000000000000000000e+00
2.441637725830078125e+02 2.928600769042968750e+02 1.863675842285156250e+02 -9.983891844749450684e-01 3.546170517802238464e-02 -4.428972676396369934e-02 0.000000000000000000e+00 1.000000000000000000e+00
2.451819152832031250e+02 2.928239135742187500e+02 1.864127502441406250e+02 -9.978304505348205566e-01 4.643668606877326965e-02 -4.666933789849281311e-02 0.000000000000000000e+00 1.000000000000000000e+00
2.461635894775390625e+02 2.927782287597656250e+02 1.864586639404296875e+02 -9.968217015266418457e-01 6.609752774238586426e-02 -4.447026178240776062e-02 0.000000000000000000e+00 1.000000000000000000e+00
2.471144409179687500e+02 2.927151794433593750e+02 1.865010833740234375e+02 -9.949482679367065430e-01 9.300836920738220215e-02 -3.778057545423507690e-02 0.000000000000000000e+00 1.000000000000000000e+00
2.480455017089843750e+02 2.926281433105468750e+02 1.865364379882812500e+02 -9.919592738151550293e-01 1.235075891017913818e-01 -2.761721424758434296e-02 0.000000000000000000e+00 1.000000000000000000e+00
2.489695434570312500e+02 2.925130920410156250e+02 1.865621643066406250e+02 -9.881743192672729492e-01 1.525169014930725098e-01 -1.581403985619544983e-02 0.000000000000000000e+00 1.000000000000000000e+00
2.498972778320312500e+02 2.923699035644531250e+02 1.865770111083984375e+02 -9.843547344207763672e-01 1.761508882045745850e-01 -4.065266810357570648e-03 0.000000000000000000e+00 1.000000000000000000e+00
2.508357391357421875e+02 2.922019653320312500e+02 1.865808868408203125e+02 -9.812512397766113281e-01 1.926237940788269043e-01 6.484801881015300751e-03 0.000000000000000000e+00 1.000000000000000000e+00
2.517870025634765625e+02 2.920152282714843750e+02 1.865746002197265625e+02 -9.793726205825805664e-01 2.015130370855331421e-01 1.488890126347541809e-02 0.000000000000000000e+00 1.000000000000000000e+00
2.527485504150390625e+02 2.918173828125000000e+02 1.865599822998046875e+02 -9.786277413368225098e-01 2.046010792255401611e-01 2.064256556332111359e-02 0.000000000000000000e+00 1.000000000000000000e+00
2.537142791748046875e+02 2.916154785156250000e+02 1.865396118164062500e+02 -9.788664579391479492e-01 2.031231373548507690e-01 2.369666285812854767e-02 0.000000000000000000e+00 1.000000000000000000e+00
2.546755065917968750e+02 2.914160156250000000e+02 1.865163421630859375e+02 -9.798191189765930176e-01 1.984459757804870605e-01 2.395309880375862122e-02 0.000000000000000000e+00 1.000000000000000000e+00
2.556223754882812500e+02 2.912242431640625000e+02 1.864931945800781250e+02 -9.812062382698059082e-01 1.917366683483123779e-01 2.171154879033565521e-02 0.000000000000000000e+00 1.000000000000000000e+00
2.565450439453125000e+02 2.910439453125000000e+02 1.864727783203125000e+02 -9.828480482101440430e-01 1.836507767438888550e-01 1.679650507867336273e-02 0.000000000000000000e+00 1.000000000000000000e+00
2.574361267089843750e+02 2.908774414062500000e+02 1.864575500488281250e+02 -9.844273924827575684e-01 1.755861341953277588e-01 8.500068448483943939e-03 0.000000000000000000e+00 1.000000000000000000e+00
2.582914428710937500e+02 2.907248840332031250e+02 1.864501647949218750e+02 -9.855315089225769043e-01 1.694484353065490723e-01 -3.871953813359141350e-03 0.000000000000000000e+00 1.000000000000000000e+00
2.591109313964843750e+02 2.905839843750000000e+02 1.864533843994140625e+02 -9.856083393096923828e-01 1.676737368106842041e-01 -2.148439176380634308e-02 0.000000000000000000e+00 1.000000000000000000e+00
2.598984375000000000e+02 2.904500122070312500e+02 1.864705505371093750e+02 -9.841206669807434082e-01 1.717712134122848511e-01 -4.473454505205154419e-02 0.000000000000000000e+00 1.000000000000000000e+00
2.606611022949218750e+02 2.903168945312500000e+02 1.865052185058593750e+02 -9.806381464004516602e-01 1.816709637641906738e-01 -7.310561835765838623e-02 0.000000000000000000e+00 1.000000000000000000e+00
2.614071655273437500e+02 2.901786804199218750e+02 1.865608367919921875e+02 -9.752634167671203613e-01 1.947542428970336914e-01 -1.045558899641036987e-01 0.000000000000000000e+00 1.000000000000000000e+00
2.621451416015625000e+02 2.900313110351562500e+02 1.866399536132812500e+02 -9.688273668289184570e-01 2.071330398321151733e-01 -1.359022110700607300e-01 0.000000000000000000e+00 1.000000000000000000e+00
2.628821105957031250e+02 2.898737487792968750e+02 1.867433319091796875e+02 -9.627427458763122559e-01 2.156045585870742798e-01 -1.632207781076431274e-01 0.000000000000000000e+00 1.000000000000000000e+00
2.636227416992187500e+02 2.897078857421875000e+02 1.868688964843750000e+02 -9.585578441619873047e-01 2.184333801269531250e-01 -1.829036474227905273e-01 0.000000000000000000e+00 1.000000000000000000e+00
2.643686828613281250e+02 2.895379028320312500e+02 1.870112304687500000e+02 -9.574865698814392090e-01 2.152298986911773682e-01 -1.920818686485290527e-01 0.000000000000000000e+00 1.000000000000000000e+00
2.651184997558593750e+02 2.893693542480468750e+02 1.871616516113281250e+02 -9.599303007125854492e-01 2.069986313581466675e-01 -1.889062523841857910e-01 0.000000000000000000e+00 1.000000000000000000e+00
2.658689880371093750e+02 2.892075195312500000e+02 1.873093414306640625e+02 -9.655402302742004395e-01 1.941884160041809082e-01 -1.732712686061859131e-01 0.000000000000000000e+00 1.000000000000000000e+00
2.666163024902343750e+02 2.890572204589843750e+02 1.874434509277343750e+02 -9.730705022811889648e-01 1.778468340635299683e-01 -1.466435194015502930e-01 0.000000000000000000e+00 1.000000000000000000e+00
2.673576660156250000e+02 2.889217224121093750e+02 1.875551757812500000e+02 -9.810456633567810059e-01 1.577569097280502319e-01 -1.125261932611465454e-01 0.000000000000000000e+00 1.000000000000000000e+00
2.680917358398437500e+02 2.888036804199218750e+02 1.876393737792968750e+02 -9.879631996154785156e-01 1.349182575941085815e-01 -7.566866278648376465e-02 0.000000000000000000e+00 1.000000000000000000e+00
2.688189086914062500e+02 2.887043762207031250e+02 1.876950683593750000e+02 -9.930843710899353027e-01 1.100906878709793091e-01 -4.078521952033042908e-02 0.000000000000000000e+00 1.000000000000000000e+00
2.695404357910156250e+02 2.886243896484375000e+02 1.877247009277343750e+02 -9.964937567710876465e-01 8.301644772291183472e-02 -1.041409838944673538e-02 0.000000000000000000e+00 1.000000000000000000e+00
2.702587890625000000e+02 2.885645446777343750e+02 1.877322082519531250e+02 -9.985173344612121582e-01 5.228994786739349365e-02 1.513097900897264481e-02 0.000000000000000000e+00 1.000000000000000000e+00
2.709767456054687500e+02 2.885269470214843750e+02 1.877213287353515625e+02 -9.991717934608459473e-01 1.530876476317644119e-02 3.770100697875022888e-02 0.000000000000000000e+00 1.000000000000000000e+00
2.716977844238281250e+02 2.885158996582031250e+02 1.876941223144531250e+02 -9.977487921714782715e-01 -3.084916062653064728e-02 5.954556912183761597e-02 0.000000000000000000e+00 1.000000000000000000e+00
2.724262084960937500e+02 2.885384216308593750e+02 1.876506500244140625e+02 -9.929379224777221680e-01 -8.585999906063079834e-02 8.186794072389602661e-02 0.000000000000000000e+00 1.000000000000000000e+00
2.731662902832031250e+02 2.886024169921875000e+02 1.875896301269531250e+02 -9.836018681526184082e-01 -1.471586674451828003e-01 1.042672023177146912e-01 0.000000000000000000e+00 1.000000000000000000e+00
2.739214172363281250e+02 2.887153930664062500e+02 1.875095825195312500e+02 -9.699992537498474121e-01 -2.085883915424346924e-01 1.248692348599433899e-01 0.000000000000000000e+00 1.000000000000000000e+00
2.746932983398437500e+02 2.888813781738281250e+02 1.874102172851562500e+02 -9.538846015930175781e-01 -2.648427188396453857e-01 1.412888616323471069e-01 0.000000000000000000e+00 1.000000000000000000e+00
2.754811706542968750e+02 2.891001281738281250e+02 1.872935180664062500e+02 -9.377110600471496582e-01 -3.124988377094268799e-01 1.517974138259887695e-01 0.000000000000000000e+00 1.000000000000000000e+00
2.762814331054687500e+02 2.893668212890625000e+02 1.871639709472656250e+02 -9.231634736061096191e-01 -3.515233695507049561e-01 1.555654108524322510e-01 0.000000000000000000e+00 1.000000000000000000e+00
2.770884094238281250e+02 2.896741027832031250e+02 1.870279846191406250e+02 -9.109016060829162598e-01 -3.832619786262512207e-01 1.528673917055130005e-01 0.000000000000000000e+00 1.000000000000000000e+00
2.778955383300781250e+02 2.900137023925781250e+02 1.868925323486328125e+02 -9.006069898605346680e-01 -4.099844694137573242e-01 1.442906409502029419e-01 0.000000000000000000e+00 1.000000000000000000e+00
2.786965026855468750e+02 2.903783264160156250e+02 1.867642059326171875e+02 -8.914049863815307617e-01 -4.338937401771545410e-01 1.308945566415786743e-01 0.000000000000000000e+00 1.000000000000000000e+00
2.794866638183593750e+02 2.907629394531250000e+02 1.866481781005859375e+02 -8.823618888854980469e-01 -4.565518498420715332e-01 1.140079945325851440e-01 0.000000000000000000e+00 1.000000000000000000e+00
2.802636108398437500e+02 2.911649475097656250e+02 1.865477905273437500e+02 -8.727011680603027344e-01 -4.789592027664184570e-01 9.481942653656005859e-02 0.000000000000000000e+00 1.000000000000000000e+00
2.810277404785156250e+02 2.915843200683593750e+02 1.864647674560546875e+02 -8.619536757469177246e-01 -5.014628767967224121e-01 7.463844865560531616e-02 0.000000000000000000e+00 1.000000000000000000e+00
2.817815856933593750e+02 2.920228881835937500e+02 1.863994903564453125e+02 -8.505118489265441895e-01 -5.231276154518127441e-01 5.447148904204368591e-02 0.000000000000000000e+00 1.000000000000000000e+00
2.825294494628906250e+02 2.924828796386718750e+02 1.863515930175781250e+02 -8.385877013206481934e-01 -5.436021089553833008e-01 3.559993579983711243e-02 0.000000000000000000e+00 1.000000000000000000e+00
2.832756347656250000e+02 2.929665832519531250e+02 1.863199157714843750e+02 -8.272931575775146484e-01 -5.614534616470336914e-01 1.887039840221405029e-02 0.000000000000000000e+00 1.000000000000000000e+00
2.840235290527343750e+02 2.934741516113281250e+02 1.863028564453125000e+02 -8.171555995941162109e-01 -5.763936638832092285e-01 5.198571365326642990e-03 0.000000000000000000e+00 1.000000000000000000e+00
2.847742614746093750e+02 2.940036926269531250e+02 1.862980804443359375e+02 -8.081561923027038574e-01 -5.889434218406677246e-01 -5.399085581302642822e-03 0.000000000000000000e+00 1.000000000000000000e+00
2.855256958007812500e+02 2.945513000488281250e+02 1.863031005859375000e+02 -7.998018860816955566e-01 -6.001129150390625000e-01 -1.346731930971145630e-02 0.000000000000000000e+00 1.000000000000000000e+00
2.862723999023437500e+02 2.951115722656250000e+02 1.863156738281250000e+02 -7.909129261970520020e-01 -6.116060018539428711e-01 -1.986995153129100800e-02 0.000000000000000000e+00 1.000000000000000000e+00
2.870054931640625000e+02 2.956784667968750000e+02 1.863340911865234375e+02 -7.799706459045410156e-01 -6.252871155738830566e-01 -2.572458237409591675e-02 0.000000000000000000e+00 1.000000000000000000e+00
2.877138061523437500e+02 2.962463073730468750e+02 1.863574523925781250e+02 -7.653596401214599609e-01 -6.427825093269348145e-01 -3.248676285147666931e-02 0.000000000000000000e+00 1.000000000000000000e+00
2.883856811523437500e+02 2.968105773925781250e+02 1.863859710693359375e+02 -7.456680536270141602e-01 -6.650562286376953125e-01 -4.097916930913925171e-02 0.000000000000000000e+00 1.000000000000000000e+00
2.890109558105468750e+02 2.973682556152343750e+02 1.864203338623046875e+02 -7.200506329536437988e-01 -6.919773221015930176e-01 -5.190884321928024292e-02 0.000000000000000000e+00 1.000000000000000000e+00
2.895839233398437500e+02 2.979188842773437500e+02 1.864616394042968750e+02 -6.886959075927734375e-01 -7.221685647964477539e-01 -6.458040326833724976e-02 0.000000000000000000e+00 1.000000000000000000e+00
2.901038208007812500e+02 2.984640502929687500e+02 1.865103912353515625e+02 -6.536940336227416992e-01 -7.527590990066528320e-01 -7.770389318466186523e-02 0.000000000000000000e+00 1.000000000000000000e+00
2.905754394531250000e+02 2.990071411132812500e+02 1.865664520263671875e+02 -6.182063817977905273e-01 -7.809543013572692871e-01 -8.905734121799468994e-02 0.000000000000000000e+00 1.000000000000000000e+00
2.910075988769531250e+02 2.995530700683593750e+02 1.866287078857421875e+02 -5.864607691764831543e-01 -8.042332530021667480e-01 -9.629518538713455200e-02 0.000000000000000000e+00 1.000000000000000000e+00
2.914112854003906250e+02 3.001066589355468750e+02 1.866949920654296875e+02 -5.614131093025207520e-01 -8.216591477394104004e-01 -9.844569861888885498e-02 0.000000000000000000e+00 1.000000000000000000e+00
2.917977294921875000e+02 3.006722412109375000e+02 1.867627563476562500e+02 -5.449614524841308594e-01 -8.330300450325012207e-01 -9.527849406003952026e-02 0.000000000000000000e+00 1.000000000000000000e+00
2.921775512695312500e+02 3.012528381347656250e+02 1.868291625976562500e+02 -5.373094677925109863e-01 -8.388085961341857910e-01 -8.774238079786300659e-02 0.000000000000000000e+00 1.000000000000000000e+00
2.925597229003906250e+02 3.018494567871093750e+02 1.868915710449218750e+02 -5.379220843315124512e-01 -8.394921422004699707e-01 -7.676517963409423828e-02 0.000000000000000000e+00 1.000000000000000000e+00
2.929513854980468750e+02 3.024606933593750000e+02 1.869474639892578125e+02 -5.458714365959167480e-01 -8.354990482330322266e-01 -6.297412514686584473e-02 0.000000000000000000e+00 1.000000000000000000e+00
2.933575744628906250e+02 3.030823974609375000e+02 1.869943237304687500e+02 -5.602200031280517578e-01 -8.270586133003234863e-01 -4.612698405981063843e-02 0.000000000000000000e+00 1.000000000000000000e+00
2.937814025878906250e+02 3.037080993652343750e+02 1.870292205810546875e+02 -5.785924792289733887e-01 -8.152060508728027344e-01 -2.588272094726562500e-02 0.000000000000000000e+00 1.000000000000000000e+00
2.942241516113281250e+02 3.043319091796875000e+02 1.870490264892578125e+02 -5.990669131278991699e-01 -8.006954193115234375e-01 -2.374893752858042717e-03 0.000000000000000000e+00 1.000000000000000000e+00
2.946860351562500000e+02 3.049492492675781250e+02 1.870508575439453125e+02 -6.185665726661682129e-01 -7.853958010673522949e-01 2.299803867936134338e-02 0.000000000000000000e+00 1.000000000000000000e+00
2.951658020019531250e+02 3.055584106445312500e+02 1.870330200195312500e+02 -6.341944932937622070e-01 -7.717094421386718750e-01 4.755774885416030884e-02 0.000000000000000000e+00 1.000000000000000000e+00
2.956610717773437500e+02 3.061610717773437500e+02 1.869958801269531250e+02 -6.443546414375305176e-01 -7.616897821426391602e-01 6.808692961931228638e-02 0.000000000000000000e+00 1.000000000000000000e+00
2.961683654785156250e+02 3.067607421875000000e+02 1.869422760009765625e+02 -6.488376855850219727e-01 -7.565223574638366699e-01 8.175347000360488892e-02 0.000000000000000000e+00 1.000000000000000000e+00
2.966834106445312500e+02 3.073612670898437500e+02 1.868773803710937500e+02 -6.488519310951232910e-01 -7.558810114860534668e-01 8.737847208976745605e-02 0.000000000000000000e+00 1.000000000000000000e+00
2.972023620605468750e+02 3.079658203125000000e+02 1.868074951171875000e+02 -6.462581157684326172e-01 -7.582883238792419434e-01 8.572811633348464966e-02 0.000000000000000000e+00 1.000000000000000000e+00
2.977227478027343750e+02 3.085764160156250000e+02 1.867384643554687500e+02 -6.430923938751220703e-01 -7.617053985595703125e-01 7.897493988275527954e-02 0.000000000000000000e+00 1.000000000000000000e+00
2.982441101074218750e+02 3.091939392089843750e+02 1.866744384765625000e+02 -6.408165693283081055e-01 -7.644868493080139160e-01 7.010097056627273560e-02 0.000000000000000000e+00 1.000000000000000000e+00
2.987681579589843750e+02 3.098191223144531250e+02 1.866171112060546875e+02 -6.404920816421508789e-01 -7.654490470886230469e-01 6.210977584123611450e-02 0.000000000000000000e+00 1.000000000000000000e+00
2.992982788085937500e+02 3.104526672363281250e+02 1.865657043457031250e+02 -6.418333649635314941e-01 -7.646772861480712891e-01 5.760695040225982666e-02 0.000000000000000000e+00 1.000000000000000000e+00
2.998373718261718750e+02 3.110949401855468750e+02 1.865173187255859375e+02 -6.438537836074829102e-01 -7.628512382507324219e-01 5.924814939498901367e-02 0.000000000000000000e+00 1.000000000000000000e+00
3.003862304687500000e+02 3.117452392578125000e+02 1.864668121337890625e+02 -6.447168588638305664e-01 -7.612972259521484375e-01 6.904137879610061646e-02 0.000000000000000000e+00 1.000000000000000000e+00
3.009416503906250000e+02 3.124010925292968750e+02 1.864073333740234375e+02 -6.428163051605224609e-01 -7.609236240386962891e-01 8.821789920330047607e-02 0.000000000000000000e+00 1.000000000000000000e+00
3.014962463378906250e+02 3.130575866699218750e+02 1.863312225341796875e+02 -6.370425820350646973e-01 -7.619184851646423340e-01 1.168632730841636658e-01 0.000000000000000000e+00 1.000000000000000000e+00
3.020397338867187500e+02 3.137076110839843750e+02 1.862315216064453125e+02 -6.275268197059631348e-01 -7.633252739906311035e-01 1.534427255392074585e-01 0.000000000000000000e+00 1.000000000000000000e+00
3.025617980957031250e+02 3.143426513671875000e+02 1.861038665771484375e+02 -6.152603626251220703e-01 -7.638686299324035645e-01 1.948318183422088623e-01 0.000000000000000000e+00 1.000000000000000000e+00
3.030549316406250000e+02 3.149548950195312500e+02 1.859477081298828125e+02 -6.026933789253234863e-01 -7.621689438819885254e-01 2.363456487655639648e-01 0.000000000000000000e+00 1.000000000000000000e+00
3.035167236328125000e+02 3.155388793945312500e+02 1.857666168212890625e+02 -5.922673940658569336e-01 -7.578484416007995605e-01 2.736512422561645508e-01 0.000000000000000000e+00 1.000000000000000000e+00
3.039496459960937500e+02 3.160928344726562500e+02 1.855665893554687500e+02 -5.860399603843688965e-01 -7.510394454002380371e-01 3.041332662105560303e-01 0.000000000000000000e+00 1.000000000000000000e+00
3.043600158691406250e+02 3.166187438964843750e+02 1.853536224365234375e+02 -5.837581753730773926e-01 -7.428092956542968750e-01 3.278120458126068115e-01 0.000000000000000000e+00 1.000000000000000000e+00
3.047554016113281250e+02 3.171218566894531250e+02 1.851315917968750000e+02 -5.841217041015625000e-01 -7.339696288108825684e-01 3.465405404567718506e-01 0.000000000000000000e+00 1.000000000000000000e+00
3.051429748535156250e+02 3.176088562011718750e+02 1.849016571044921875e+02 -5.849828124046325684e-01 -7.253100872039794922e-01 3.629330098628997803e-01 0.000000000000000000e+00 1.000000000000000000e+00
3.055283203125000000e+02 3.180866394042968750e+02 1.846625823974609375e+02 -5.850871801376342773e-01 -7.172706723213195801e-01 3.784120976924896240e-01 0.000000000000000000e+00 1.000000000000000000e+00
3.059151916503906250e+02 3.185609130859375000e+02 1.844123687744140625e+02 -5.839477777481079102e-01 -7.099636197090148926e-01 3.936452269554138184e-01 0.000000000000000000e+00 1.000000000000000000e+00
3.063053588867187500e+02 3.190352783203125000e+02 1.841493530273437500e+02 -5.822956562042236328e-01 -7.031843662261962891e-01 4.079993963241577148e-01 0.000000000000000000e+00 1.000000000000000000e+00
3.066993103027343750e+02 3.195110168457031250e+02 1.838733215332031250e+02 -5.804268121719360352e-01 -6.970390081405639648e-01 4.210003018379211426e-01 0.000000000000000000e+00 1.000000000000000000e+00
3.070960693359375000e+02 3.199874877929687500e+02 1.835855407714843750e+02 -5.792267918586730957e-01 -6.909427642822265625e-01 4.325441122055053711e-01 0.000000000000000000e+00 1.000000000000000000e+00
3.074941711425781250e+02 3.204623718261718750e+02 1.832882537841796875e+02 -5.790703892707824707e-01 -6.841700077056884766e-01 4.433834254741668701e-01 0.000000000000000000e+00 1.000000000000000000e+00
3.078916625976562500e+02 3.209320068359375000e+02 1.829839019775390625e+02 -5.800877809524536133e-01 -6.756632924079895020e-01 4.549475014209747314e-01 0.000000000000000000e+00 1.000000000000000000e+00
3.082865600585937500e+02 3.213919677734375000e+02 1.826741943359375000e+02 -5.824412703514099121e-01 -6.638783216476440430e-01 4.690711796283721924e-01 0.000000000000000000e+00 1.000000000000000000e+00
3.086770324707031250e+02 3.218370361328125000e+02 1.823597259521484375e+02 -5.852759480476379395e-01 -6.475155949592590332e-01 4.880323410034179688e-01 0.000000000000000000e+00 1.000000000000000000e+00
3.090610046386718750e+02 3.222618408203125000e+02 1.820395507812500000e+02 -5.872839689254760742e-01 -6.258789896965026855e-01 5.131987929344177246e-01 0.000000000000000000e+00 1.000000000000000000e+00
3.094362182617187500e+02 3.226617126464843750e+02 1.817116699218750000e+02 -5.879216194152832031e-01 -5.983438491821289062e-01 5.443645715713500977e-01 0.000000000000000000e+00 1.000000000000000000e+00
3.098011779785156250e+02 3.230331420898437500e+02 1.813737487792968750e+02 -5.859808325767517090e-01 -5.659507513046264648e-01 5.799363851547241211e-01 0.000000000000000000e+00 1.000000000000000000e+00
3.101547241210937500e+02 3.233746032714843750e+02 1.810238494873046875e+02 -5.819535255432128906e-01 -5.306367278099060059e-01 6.162425279617309570e-01 0.000000000000000000e+00 1.000000000000000000e+00
3.104973449707031250e+02 3.236870117187500000e+02 1.806610412597656250e+02 -5.761262774467468262e-01 -4.950598478317260742e-01 6.503800153732299805e-01 0.000000000000000000e+00 1.000000000000000000e+00
3.108302612304687500e+02 3.239730834960937500e+02 1.802852172851562500e+02 -5.703648328781127930e-01 -4.607018828392028809e-01 6.800277829170227051e-01 0.000000000000000000e+00 1.000000000000000000e+00
3.111562805175781250e+02 3.242364196777343750e+02 1.798965148925781250e+02 -5.657869577407836914e-01 -4.272050559520721436e-01 7.052524685859680176e-01 0.000000000000000000e+00 1.000000000000000000e+00
3.114787292480468750e+02 3.244798889160156250e+02 1.794945831298828125e+02 -5.635989308357238770e-01 -3.916914165019989014e-01 7.272785305976867676e-01 0.000000000000000000e+00 1.000000000000000000e+00
3.118016967773437500e+02 3.247043457031250000e+02 1.790778198242187500e+02 -5.642729401588439941e-01 -3.507869541645050049e-01 7.473583817481994629e-01 0.000000000000000000e+00 1.000000000000000000e+00
3.121296691894531250e+02 3.249082336425781250e+02 1.786434326171875000e+02 -5.679989457130432129e-01 -3.021216392517089844e-01 7.655715942382812500e-01 0.000000000000000000e+00 1.000000000000000000e+00
3.124673156738281250e+02 3.250878295898437500e+02 1.781883392333984375e+02 -5.747126340866088867e-01 -2.457426339387893677e-01 7.805869579315185547e-01 0.000000000000000000e+00 1.000000000000000000e+00
3.128190307617187500e+02 3.252382202148437500e+02 1.777106323242187500e+02 -5.845968127250671387e-01 -1.842614412307739258e-01 7.901229262351989746e-01 0.000000000000000000e+00 1.000000000000000000e+00
3.131885986328125000e+02 3.253547058105468750e+02 1.772111358642578125e+02 -5.979201793670654297e-01 -1.203982308506965637e-01 7.924618124961853027e-01 0.000000000000000000e+00 1.000000000000000000e+00
3.135785522460937500e+02 3.254332275390625000e+02 1.766943054199218750e+02 -6.148915886878967285e-01 -5.692426115274429321e-02 7.865545153617858887e-01 0.000000000000000000e+00 1.000000000000000000e+00
3.139896240234375000e+02 3.254712829589843750e+02 1.761684722900390625e+02 -6.353399157524108887e-01 5.890271160751581192e-03 7.722100615501403809e-01 0.000000000000000000e+00 1.000000000000000000e+00
3.144208374023437500e+02 3.254672851562500000e+02 1.756443634033203125e+02 -6.589299440383911133e-01 6.851725280284881592e-02 7.490771412849426270e-01 0.000000000000000000e+00 1.000000000000000000e+00
3.148698730468750000e+02 3.254205932617187500e+02 1.751338958740234375e+02 -6.847711205482482910e-01 1.315654516220092773e-01 7.167838811874389648e-01 0.000000000000000000e+00 1.000000000000000000e+00
3.153336791992187500e+02 3.253314819335937500e+02 1.746484069824218750e+02 -7.114197015762329102e-01 1.941313892602920532e-01 6.754221320152282715e-01 0.000000000000000000e+00 1.000000000000000000e+00
3.158095397949218750e+02 3.252016296386718750e+02 1.741966247558593750e+02 -7.370336651802062988e-01 2.548227608203887939e-01 6.259766221046447754e-01 0.000000000000000000e+00 1.000000000000000000e+00
3.162957153320312500e+02 3.250335388183593750e+02 1.737837066650390625e+02 -7.598850727081298828e-01 3.100102841854095459e-01 5.713741183280944824e-01 0.000000000000000000e+00 1.000000000000000000e+00
3.167919616699218750e+02 3.248310852050781250e+02 1.734105682373046875e+02 -7.784081101417541504e-01 3.543457388877868652e-01 5.181890726089477539e-01 0.000000000000000000e+00 1.000000000000000000e+00
3.172989807128906250e+02 3.246002807617187500e+02 1.730730438232421875e+02 -7.919783592224121094e-01 3.841195404529571533e-01 4.745760560035705566e-01 0.000000000000000000e+00 1.000000000000000000e+00
3.178171997070312500e+02 3.243489379882812500e+02 1.727625122070312500e+02 -8.005015254020690918e-01 3.965018689632415771e-01 4.494258761405944824e-01 0.000000000000000000e+00 1.000000000000000000e+00
3.183450317382812500e+02 3.240874938964843750e+02 1.724661712646484375e+02 -8.036317825317382812e-01 3.914373815059661865e-01 4.482775032520294189e-01 0.000000000000000000e+00 1.000000000000000000e+00
3.188778991699218750e+02 3.238279418945312500e+02 1.721689300537109375e+02 -8.004807829856872559e-01 3.693535327911376953e-01 4.720259010791778564e-01 0.000000000000000000e+00 1.000000000000000000e+00
3.194085998535156250e+02 3.235830688476562500e+02 1.718559875488281250e+02 -7.884681820869445801e-01 3.322545886039733887e-01 5.176144838333129883e-01 0.000000000000000000e+00 1.000000000000000000e+00
3.199284362792968750e+02 3.233640136718750000e+02 1.715147247314453125e+02 -7.662690281867980957e-01 2.834094762802124023e-01 5.766375064849853516e-01 0.000000000000000000e+00 1.000000000000000000e+00
3.204297790527343750e+02 3.231785888671875000e+02 1.711374511718750000e+02 -7.346927523612976074e-01 2.279967814683914185e-01 6.389397382736206055e-01 0.000000000000000000e+00 1.000000000000000000e+00
3.209078063964843750e+02 3.230302429199218750e+02 1.707217254638671875e+02 -6.968675255775451660e-01 1.701407432556152344e-01 6.967265605926513672e-01 0.000000000000000000e+00 1.000000000000000000e+00
3.213604125976562500e+02 3.229197387695312500e+02 1.702692108154296875e+02 -6.560811400413513184e-01 1.109879985451698303e-01 7.464845180511474609e-01 0.000000000000000000e+00 1.000000000000000000e+00
3.217874145507812500e+02 3.228475036621093750e+02 1.697833709716796875e+02 -6.132494807243347168e-01 4.771117493510246277e-02 7.884469628334045410e-01 0.000000000000000000e+00 1.000000000000000000e+00
3.221886901855468750e+02 3.228162841796875000e+02 1.692674560546875000e+02 -5.665596723556518555e-01 -2.304664999246597290e-02 8.236984014511108398e-01 0.000000000000000000e+00 1.000000000000000000e+00
3.225630493164062500e+02 3.228315124511718750e+02 1.687231903076171875e+02 -5.147330164909362793e-01 -1.026556417346000671e-01 8.511825799942016602e-01 0.000000000000000000e+00 1.000000000000000000e+00
3.229085693359375000e+02 3.229004211425781250e+02 1.681518249511718750e+02 -4.591423571109771729e-01 -1.869724094867706299e-01 8.684639334678649902e-01 0.000000000000000000e+00 1.000000000000000000e+00
3.232238464355468750e+02 3.230288085937500000e+02 1.675554809570312500e+02 -4.048381149768829346e-01 -2.676129341125488281e-01 8.743507862091064453e-01 0.000000000000000000e+00 1.000000000000000000e+00
3.235093383789062500e+02 3.232175292968750000e+02 1.669388885498046875e+02 -3.578132390975952148e-01 -3.374838829040527344e-01 8.706746101379394531e-01 0.000000000000000000e+00 1.000000000000000000e+00
3.237677001953125000e+02 3.234612121582031250e+02 1.663102111816406250e+02 -3.230410814285278320e-01 -3.927231431007385254e-01 8.610534667968750000e-01 0.000000000000000000e+00 1.000000000000000000e+00
3.240039672851562500e+02 3.237484436035156250e+02 1.656804504394531250e+02 -3.006806969642639160e-01 -4.338608086109161377e-01 8.493266701698303223e-01 0.000000000000000000e+00 1.000000000000000000e+00
3.242232055664062500e+02 3.240647888183593750e+02 1.650611724853515625e+02 -2.895546555519104004e-01 -4.637742340564727783e-01 8.373001217842102051e-01 0.000000000000000000e+00 1.000000000000000000e+00
3.244301452636718750e+02 3.243962402343750000e+02 1.644627685546875000e+02 -2.881626784801483154e-01 -4.858104884624481201e-01 8.251971602439880371e-01 0.000000000000000000e+00 1.000000000000000000e+00
3.246291198730468750e+02 3.247316894531250000e+02 1.638929748535156250e+02 -2.946896851062774658e-01 -5.043594241142272949e-01 8.116523623466491699e-01 0.000000000000000000e+00 1.000000000000000000e+00
3.248242797851562500e+02 3.250657043457031250e+02 1.633554534912109375e+02 -3.087368309497833252e-01 -5.221418738365173340e-01 7.950153350830078125e-01 0.000000000000000000e+00 1.000000000000000000e+00
3.250206604003906250e+02 3.253978271484375000e+02 1.628497619628906250e+02 -3.297189176082611084e-01 -5.407667160034179688e-01 7.738583683967590332e-01 0.000000000000000000e+00 1.000000000000000000e+00
3.252242431640625000e+02 3.257317199707031250e+02 1.623719482421875000e+02 -3.562648296356201172e-01 -5.598661899566650391e-01 7.480810880661010742e-01 0.000000000000000000e+00 1.000000000000000000e+00
3.254415283203125000e+02 3.260731811523437500e+02 1.619156951904296875e+02 -3.850224614143371582e-01 -5.774092674255371094e-01 7.199696302413940430e-01 0.000000000000000000e+00 1.000000000000000000e+00
3.256775817871093750e+02 3.264271850585937500e+02 1.614742889404296875e+02 -4.123061299324035645e-01 -5.914612412452697754e-01 6.929482221603393555e-01 0.000000000000000000e+00 1.000000000000000000e+00
3.259348449707031250e+02 3.267962341308593750e+02 1.610419158935546875e+02 -4.349305927753448486e-01 -6.011937856674194336e-01 6.703742146492004395e-01 0.000000000000000000e+00 1.000000000000000000e+00
3.262117004394531250e+02 3.271789245605468750e+02 1.606151885986328125e+02 -4.518792033195495605e-01 -6.067321896553039551e-01 6.539734601974487305e-01 0.000000000000000000e+00 1.000000000000000000e+00
3.265031738281250000e+02 3.275702819824218750e+02 1.601933593750000000e+02 -4.636842310428619385e-01 -6.088486313819885254e-01 6.436616182327270508e-01 0.000000000000000000e+00 1.000000000000000000e+00
3.268023376464843750e+02 3.279631042480468750e+02 1.597780761718750000e+02 -4.706476032733917236e-01 -6.086100935935974121e-01 6.388149261474609375e-01 0.000000000000000000e+00 1.000000000000000000e+00
3.271014404296875000e+02 3.283498840332031250e+02 1.593721008300781250e+02 -4.742144048213958740e-01 -6.068680286407470703e-01 6.378337144851684570e-01 0.000000000000000000e+00 1.000000000000000000e+00
3.273944702148437500e+02 3.287248840332031250e+02 1.589779663085937500e+02 -4.754942655563354492e-01 -6.041363477706909180e-01 6.394719481468200684e-01 0.000000000000000000e+00 1.000000000000000000e+00
3.276778259277343750e+02 3.290848999023437500e+02 1.585968933105468750e+02 -4.748841524124145508e-01 -6.012822389602661133e-01 6.426077485084533691e-01 0.000000000000000000e+00 1.000000000000000000e+00
3.279501342773437500e+02 3.294296875000000000e+02 1.582284088134765625e+02 -4.737839102745056152e-01 -5.985073447227478027e-01 6.460013985633850098e-01 0.000000000000000000e+00 1.000000000000000000e+00
3.282127075195312500e+02 3.297613830566406250e+02 1.578703918457031250e+02 4.717268943786621094e-01 5.963649153709411621e-01 -6.494786739349365234e-01 0.000000000000000000e+00 1.000000000000000000e+00
3.284676208496093750e+02 3.300836486816406250e+02 1.575194244384765625e+02 4.695778489112854004e-01 5.944356918334960938e-01 -6.527962684631347656e-01 0.000000000000000000e+00 1.000000000000000000e+00
3.287177124023437500e+02 3.304002380371093750e+02 1.571717529296875000e+02 4.668400585651397705e-01 5.930145978927612305e-01 -6.560443043708801270e-01 0.000000000000000000e+00 1.000000000000000000e+00
3.289653320312500000e+02 3.307147827148437500e+02 1.568237762451171875e+02 4.636219441890716553e-01 5.919443368911743164e-01 -6.592849493026733398e-01 0.000000000000000000e+00 1.000000000000000000e+00
3.292123107910156250e+02 3.310301208496093750e+02 1.564725646972656250e+02 4.604391157627105713e-01 5.907285213470458984e-01 -6.625976562500000000e-01 0.000000000000000000e+00 1.000000000000000000e+00
3.294599304199218750e+02 3.313478088378906250e+02 1.561162261962890625e+02 4.568535387516021729e-01 5.899552702903747559e-01 -6.657609939575195312e-01 0.000000000000000000e+00 1.000000000000000000e+00
3.297084960937500000e+02 3.316687927246093750e+02 1.557539978027343750e+02 4.541034400463104248e-01 5.887532830238342285e-01 -6.686999201774597168e-01 0.000000000000000000e+00 1.000000000000000000e+00
3.299582824707031250e+02 3.319926452636718750e+02 1.553861694335937500e+02 4.517776370048522949e-01 5.877292156219482422e-01 -6.711716055870056152e-01 0.000000000000000000e+00 1.000000000000000000e+00
3.302087707519531250e+02 3.323185119628906250e+02 1.550140380859375000e+02 4.505907893180847168e-01 5.864153504371643066e-01 -6.731159687042236328e-01 0.000000000000000000e+00 1.000000000000000000e+00
3.304594421386718750e+02 3.326447448730468750e+02 1.546395721435546875e+02 4.505416154861450195e-01 5.847420096397399902e-01 -6.746029257774353027e-01 0.000000000000000000e+00 1.000000000000000000e+00
3.307095336914062500e+02 3.329693298339843750e+02 1.542651062011718750e+02 4.514528810977935791e-01 5.824036002159118652e-01 -6.760150790214538574e-01 0.000000000000000000e+00 1.000000000000000000e+00
3.309580383300781250e+02 3.332899169921875000e+02 1.538929901123046875e+02 4.532511532306671143e-01 5.795164108276367188e-01 -6.772918701171875000e-01 0.000000000000000000e+00 1.000000000000000000e+00
3.312041931152343750e+02 3.336046447753906250e+02 1.535251617431640625e+02 4.560186564922332764e-01 5.758400559425354004e-01 -6.785686016082763672e-01 0.000000000000000000e+00 1.000000000000000000e+00
3.314476318359375000e+02 3.339120483398437500e+02 1.531629180908203125e+02 4.594367444515228271e-01 5.716762542724609375e-01 -6.797824501991271973e-01 0.000000000000000000e+00 1.000000000000000000e+00
3.316884765625000000e+02 3.342117309570312500e+02 1.528065643310546875e+02 4.632127583026885986e-01 5.670822262763977051e-01 -6.810665130615234375e-01 0.000000000000000000e+00 1.000000000000000000e+00
3.319274597167968750e+02 3.345043029785156250e+02 1.524551849365234375e+02 4.676504135131835938e-01 5.623039007186889648e-01 -6.819951534271240234e-01 0.000000000000000000e+00 1.000000000000000000e+00
3.321662902832031250e+02 3.347914733886718750e+02 1.521068878173828125e+02 4.734759330749511719e-01 5.565975308418273926e-01 -6.826562881469726562e-01 0.000000000000000000e+00 1.000000000000000000e+00
3.324077453613281250e+02 3.350753173828125000e+02 1.517587585449218750e+02 4.814015030860900879e-01 5.495036244392395020e-01 -6.828604340553283691e-01 0.000000000000000000e+00 1.000000000000000000e+00
3.326553955078125000e+02 3.353580017089843750e+02 1.514074707031250000e+02 4.924809038639068604e-01 5.400877594947814941e-01 -6.824718713760375977e-01 0.000000000000000000e+00 1.000000000000000000e+00
3.329136352539062500e+02 3.356412048339843750e+02 1.510496063232421875e+02 5.072263479232788086e-01 5.278738737106323242e-01 -6.812273263931274414e-01 0.000000000000000000e+00 1.000000000000000000e+00
3.331865234375000000e+02 3.359252014160156250e+02 1.506831054687500000e+02 5.277251005172729492e-01 5.111957192420959473e-01 -6.783694624900817871e-01 0.000000000000000000e+00 1.000000000000000000e+00
3.334778442382812500e+02 3.362073974609375000e+02 1.503086242675781250e+02 5.550807118415832520e-01 4.890939891338348389e-01 -6.728094816207885742e-01 0.000000000000000000e+00 1.000000000000000000e+00
3.337900085449218750e+02 3.364824523925781250e+02 1.499302520751953125e+02 5.913857817649841309e-01 4.588244557380676270e-01 -6.631311774253845215e-01 0.000000000000000000e+00 1.000000000000000000e+00
3.341235656738281250e+02 3.367412414550781250e+02 1.495562286376953125e+02 6.397499442100524902e-01 4.168451428413391113e-01 -6.457245349884033203e-01 0.000000000000000000e+00 1.000000000000000000e+00
3.344781188964843750e+02 3.369722595214843750e+02 1.491983642578125000e+02 7.037265300750732422e-01 3.553953766822814941e-01 -6.151935458183288574e-01 0.000000000000000000e+00 1.000000000000000000e+00
3.348520507812500000e+02 3.371611022949218750e+02 1.488714752197265625e+02 7.848433852195739746e-01 2.641405761241912842e-01 -5.605806112289428711e-01 0.000000000000000000e+00 1.000000000000000000e+00
3.352439575195312500e+02 3.372929992675781250e+02 1.485915527343750000e+02 8.750318288803100586e-01 1.293633282184600830e-01 -4.664593338966369629e-01 0.000000000000000000e+00 1.000000000000000000e+00
3.356526794433593750e+02 3.373534240722656250e+02 1.483736724853515625e+02 9.457983970642089844e-01 -4.964660480618476868e-02 -3.209371268749237061e-01 0.000000000000000000e+00 1.000000000000000000e+00
3.360776672363281250e+02 3.373311157226562500e+02 1.482294616699218750e+02 9.598884582519531250e-01 -2.418794333934783936e-01 -1.418039649724960327e-01 0.000000000000000000e+00 1.000000000000000000e+00
3.365192260742187500e+02 3.372198486328125000e+02 1.481642303466796875e+02 9.168422818183898926e-01 -3.986722230911254883e-01 2.146320790052413940e-02 0.000000000000000000e+00 1.000000000000000000e+00
3.369774475097656250e+02 3.370205993652343750e+02 1.481749572753906250e+02 8.547779321670532227e-01 -5.009820461273193359e-01 1.355430483818054199e-01 0.000000000000000000e+00 1.000000000000000000e+00
3.374524230957031250e+02 3.367422180175781250e+02 1.482502746582031250e+02 8.033458590507507324e-01 -5.607142448425292969e-01 2.005867958068847656e-01 0.000000000000000000e+00 1.000000000000000000e+00
3.379433898925781250e+02 3.363995361328125000e+02 1.483728637695312500e+02 7.708846926689147949e-01 -5.938946604728698730e-01 2.302733361721038818e-01 0.000000000000000000e+00 1.000000000000000000e+00
3.384484863281250000e+02 3.360104064941406250e+02 1.485237426757812500e+02 7.550397515296936035e-01 -6.111377477645874023e-01 2.375408411026000977e-01 0.000000000000000000e+00 1.000000000000000000e+00
3.389653625488281250e+02 3.355920410156250000e+02 1.486863555908203125e+02 7.499361038208007812e-01 -6.191601157188415527e-01 2.328875064849853516e-01 0.000000000000000000e+00 1.000000000000000000e+00
3.394907226562500000e+02 3.351582946777343750e+02 1.488495025634765625e+02 7.508907914161682129e-01 -6.211796998977661133e-01 2.242741137742996216e-01 0.000000000000000000e+00 1.000000000000000000e+00
3.400214233398437500e+02 3.347192687988281250e+02 1.490080108642578125e+02 7.541577816009521484e-01 -6.197627782821655273e-01 2.171178013086318970e-01 0.000000000000000000e+00 1.000000000000000000e+00
3.405543518066406250e+02 3.342813110351562500e+02 1.491614379882812500e+02 7.579975724220275879e-01 -6.161010265350341797e-01 2.141477763652801514e-01 0.000000000000000000e+00 1.000000000000000000e+00
3.410869445800781250e+02 3.338484191894531250e+02 1.493119049072265625e+02 7.619263529777526855e-01 -6.104619503021240234e-01 2.163432389497756958e-01 0.000000000000000000e+00 1.000000000000000000e+00
3.416171875000000000e+02 3.334235839843750000e+02 1.494624633789062500e+02 7.657112479209899902e-01 -6.032150387763977051e-01 2.231993228197097778e-01 0.000000000000000000e+00 1.000000000000000000e+00
3.421437988281250000e+02 3.330087280273437500e+02 1.496159667968750000e+02 7.685320377349853516e-01 -5.952140688896179199e-01 2.346883714199066162e-01 0.000000000000000000e+00 1.000000000000000000e+00
3.426664123535156250e+02 3.326039733886718750e+02 1.497755584716796875e+02 7.696376442909240723e-01 -5.876097679138183594e-01 2.497454583644866943e-01 0.000000000000000000e+00 1.000000000000000000e+00
3.431856384277343750e+02 3.322075500488281250e+02 1.499440460205078125e+02 7.682698965072631836e-01 -5.819759964942932129e-01 2.665805220603942871e-01 0.000000000000000000e+00 1.000000000000000000e+00
3.437033996582031250e+02 3.318153381347656250e+02 1.501237030029296875e+02 7.643951773643493652e-01 -5.791839361190795898e-01 2.832774519920349121e-01 0.000000000000000000e+00 1.000000000000000000e+00
3.442224426269531250e+02 3.314220581054687500e+02 1.503160552978515625e+02 7.583445906639099121e-01 -5.799157619476318359e-01 2.976762354373931885e-01 0.000000000000000000e+00 1.000000000000000000e+00
3.447456665039062500e+02 3.310219421386718750e+02 1.505214385986328125e+02 7.512050867080688477e-01 -5.835729241371154785e-01 3.084371089935302734e-01 0.000000000000000000e+00 1.000000000000000000e+00
3.452750549316406250e+02 3.306106872558593750e+02 1.507388000488281250e+02 7.443352937698364258e-01 -5.889869332313537598e-01 3.147369623184204102e-01 0.000000000000000000e+00 1.000000000000000000e+00
3.458119812011718750e+02 3.301858215332031250e+02 1.509658355712890625e+02 7.388051748275756836e-01 -5.950841903686523438e-01 3.162937164306640625e-01 0.000000000000000000e+00 1.000000000000000000e+00
3.463566589355468750e+02 3.297471008300781250e+02 1.511990203857421875e+02 7.353790998458862305e-01 -6.008719205856323242e-01 3.133216798305511475e-01 0.000000000000000000e+00 1.000000000000000000e+00
3.469087524414062500e+02 3.292959899902343750e+02 1.514342498779296875e+02 7.349151968955993652e-01 -6.050733923912048340e-01 3.062447309494018555e-01 0.000000000000000000e+00 1.000000000000000000e+00
3.474682312011718750e+02 3.288353576660156250e+02 1.516673889160156250e+02 7.374007105827331543e-01 -6.070350408554077148e-01 2.962241768836975098e-01 0.000000000000000000e+00 1.000000000000000000e+00
3.480344238281250000e+02 3.283692626953125000e+02 1.518948364257812500e+02 7.422657012939453125e-01 -6.060923337936401367e-01 2.858211100101470947e-01 0.000000000000000000e+00 1.000000000000000000e+00
3.486051635742187500e+02 3.279032287597656250e+02 1.521146087646484375e+02 7.482175827026367188e-01 -6.020366549491882324e-01 2.787873148918151855e-01 0.000000000000000000e+00 1.000000000000000000e+00
3.491762390136718750e+02 3.274437255859375000e+02 1.523273925781250000e+02 7.533899545669555664e-01 -5.955654978752136230e-01 2.787567079067230225e-01 0.000000000000000000e+00 1.000000000000000000e+00
3.497411804199218750e+02 3.269971313476562500e+02 1.525364227294921875e+02 7.556257843971252441e-01 -5.881367325782775879e-01 2.883138060569763184e-01 0.000000000000000000e+00 1.000000000000000000e+00
3.502921752929687500e+02 3.265682678222656250e+02 1.527466583251953125e+02 7.528290748596191406e-01 -5.815560221672058105e-01 3.082871735095977783e-01 0.000000000000000000e+00 1.000000000000000000e+00
3.508216247558593750e+02 3.261592712402343750e+02 1.529634704589843750e+02 7.439548373222351074e-01 -5.768532156944274902e-01 3.373002409934997559e-01 0.000000000000000000e+00 1.000000000000000000e+00
3.513237915039062500e+02 3.257698974609375000e+02 1.531911468505859375e+02 7.285197377204895020e-01 -5.751744508743286133e-01 3.720662891864776611e-01 0.000000000000000000e+00 1.000000000000000000e+00
3.517951354980468750e+02 3.253977661132812500e+02 1.534318695068359375e+02 7.081556320190429688e-01 -5.758860111236572266e-01 4.084984362125396729e-01 0.000000000000000000e+00 1.000000000000000000e+00
3.522351379394531250e+02 3.250399475097656250e+02 1.536856842041015625e+02 6.853156685829162598e-01 -5.777802467346191406e-01 4.432973265647888184e-01 0.000000000000000000e+00 1.000000000000000000e+00
3.526460876464843750e+02 3.246934814453125000e+02 1.539515075683593750e+02 6.623057723045349121e-01 -5.805892944335937500e-01 4.735684990882873535e-01 0.000000000000000000e+00 1.000000000000000000e+00
3.530326843261718750e+02 3.243545837402343750e+02 1.542279357910156250e+02 6.420253515243530273e-01 -5.836932063102722168e-01 4.970972836017608643e-01 0.000000000000000000e+00 1.000000000000000000e+00
3.534018249511718750e+02 3.240189819335937500e+02 1.545137481689453125e+02 6.256146430969238281e-01 -5.884383916854858398e-01 5.121977329254150391e-01 0.000000000000000000e+00 1.000000000000000000e+00
3.537608032226562500e+02 3.236813354492187500e+02 1.548076477050781250e+02 6.142472028732299805e-01 -5.954388976097106934e-01 5.178347826004028320e-01 0.000000000000000000e+00 1.000000000000000000e+00
3.541166076660156250e+02 3.233364257812500000e+02 1.551076049804687500e+02 6.075587868690490723e-01 -6.052749156951904297e-01 5.143098235130310059e-01 0.000000000000000000e+00 1.000000000000000000e+00
3.544738159179687500e+02 3.229805603027343750e+02 1.554099884033203125e+02 6.052617430686950684e-01 -6.171396970748901367e-01 5.027891397476196289e-01 0.000000000000000000e+00 1.000000000000000000e+00
3.548345947265625000e+02 3.226127014160156250e+02 1.557096862792968750e+02 6.071231961250305176e-01 -6.299989819526672363e-01 4.842548370361328125e-01 0.000000000000000000e+00 1.000000000000000000e+00
3.551990661621093750e+02 3.222344970703125000e+02 1.560003967285156250e+02 6.133602857589721680e-01 -6.429143548011779785e-01 4.587485492229461670e-01 0.000000000000000000e+00 1.000000000000000000e+00
3.555670471191406250e+02 3.218487854003906250e+02 1.562756195068359375e+02 6.233752369880676270e-01 -6.557723283767700195e-01 4.258707165718078613e-01 0.000000000000000000e+00 1.000000000000000000e+00
3.559387512207031250e+02 3.214577636718750000e+02 1.565295562744140625e+02 6.365085840225219727e-01 -6.679837107658386230e-01 3.855575025081634521e-01 0.000000000000000000e+00 1.000000000000000000e+00
3.563158264160156250e+02 3.210620422363281250e+02 1.567579650878906250e+02 6.504918932914733887e-01 -6.799261569976806641e-01 3.384681642055511475e-01 0.000000000000000000e+00 1.000000000000000000e+00
3.567009277343750000e+02 3.206595153808593750e+02 1.569583435058593750e+02 6.631464958190917969e-01 -6.915634274482727051e-01 2.863157391548156738e-01 0.000000000000000000e+00 1.000000000000000000e+00
3.570968933105468750e+02 3.202465820312500000e+02 1.571293029785156250e+02 6.719309091567993164e-01 -7.033178210258483887e-01 2.320622354745864868e-01 0.000000000000000000e+00 1.000000000000000000e+00
3.575052185058593750e+02 3.198191833496093750e+02 1.572703247070312500e+02 6.754079461097717285e-01 -7.154433727264404297e-01 1.787873357534408569e-01 0.000000000000000000e+00 1.000000000000000000e+00
3.579258422851562500e+02 3.193736267089843750e+02 1.573816680908203125e+02 6.737979650497436523e-01 -7.277323007583618164e-01 1.280702203512191772e-01 0.000000000000000000e+00 1.000000000000000000e+00
3.583574218750000000e+02 3.189075012207031250e+02 1.574636993408203125e+02 6.674922704696655273e-01 -7.401504516601562500e-01 8.143368363380432129e-02 0.000000000000000000e+00 1.000000000000000000e+00
3.587973022460937500e+02 3.184197387695312500e+02 1.575173645019531250e+02 6.583009362220764160e-01 -7.517063617706298828e-01 3.971534222364425659e-02 0.000000000000000000e+00 1.000000000000000000e+00
3.592429504394531250e+02 3.179108581542968750e+02 1.575442504882812500e+02 6.475446820259094238e-01 -7.620167732238769531e-01 4.052109085023403168e-03 0.000000000000000000e+00 1.000000000000000000e+00
3.596916198730468750e+02 3.173828735351562500e+02 1.575470581054687500e+02 6.369965076446533203e-01 -7.704813480377197266e-01 -2.436835132539272308e-02 0.000000000000000000e+00 1.000000000000000000e+00
3.601407470703125000e+02 3.168396301269531250e+02 1.575298767089843750e+02 6.280876994132995605e-01 -7.768644690513610840e-01 -4.458157345652580261e-02 0.000000000000000000e+00 1.000000000000000000e+00
3.605876770019531250e+02 3.162868347167968750e+02 1.574981536865234375e+02 6.218064427375793457e-01 -7.811129689216613770e-01 -5.673871189355850220e-02 0.000000000000000000e+00 1.000000000000000000e+00
3.610294799804687500e+02 3.157318420410156250e+02 1.574578399658203125e+02 6.190454363822937012e-01 -7.828988432884216309e-01 -6.206569448113441467e-02 0.000000000000000000e+00 1.000000000000000000e+00
3.614632263183593750e+02 3.151832885742187500e+02 1.574143524169921875e+02 6.201599240303039551e-01 -7.819660305976867676e-01 -6.269595772027969360e-02 0.000000000000000000e+00 1.000000000000000000e+00
3.618862915039062500e+02 3.146498413085937500e+02 1.573715820312500000e+02 6.252685189247131348e-01 -7.779838442802429199e-01 -6.148581951856613159e-02 0.000000000000000000e+00 1.000000000000000000e+00
3.622968750000000000e+02 3.141389770507812500e+02 1.573312072753906250e+02 6.340258121490478516e-01 -7.708901166915893555e-01 -6.115315854549407959e-02 0.000000000000000000e+00 1.000000000000000000e+00
3.626942749023437500e+02 3.136557922363281250e+02 1.572928771972656250e+02 6.453705430030822754e-01 -7.612246870994567871e-01 -6.351225078105926514e-02 0.000000000000000000e+00 1.000000000000000000e+00
3.630786437988281250e+02 3.132024230957031250e+02 1.572550506591796875e+02 6.577455997467041016e-01 -7.500786781311035156e-01 -6.894026696681976318e-02 0.000000000000000000e+00 1.000000000000000000e+00
3.634514770507812500e+02 3.127772521972656250e+02 1.572159729003906250e+02 6.693578958511352539e-01 -7.389972209930419922e-01 -7.644023001194000244e-02 0.000000000000000000e+00 1.000000000000000000e+00
3.638149108886718750e+02 3.123760070800781250e+02 1.571744689941406250e+02 6.788608431816101074e-01 -7.294136881828308105e-01 -8.428379893302917480e-02 0.000000000000000000e+00 1.000000000000000000e+00
3.641714477539062500e+02 3.119929199218750000e+02 1.571302032470703125e+02 6.855387091636657715e-01 -7.223362326622009277e-01 -9.092364460229873657e-02 0.000000000000000000e+00 1.000000000000000000e+00
3.645233764648437500e+02 3.116221008300781250e+02 1.570835266113281250e+02 6.897097826004028320e-01 -7.177418470382690430e-01 -9.564063698053359985e-02 0.000000000000000000e+00 1.000000000000000000e+00
3.648725280761718750e+02 3.112587585449218750e+02 1.570351104736328125e+02 6.919671893119812012e-01 -7.151704430580139160e-01 -9.855308383703231812e-02 0.000000000000000000e+00 1.000000000000000000e+00
3.652201843261718750e+02 3.108994445800781250e+02 1.569855957031250000e+02 6.936917901039123535e-01 -7.131929397583007812e-01 -1.007355302572250366e-01 0.000000000000000000e+00 1.000000000000000000e+00
3.655675659179687500e+02 3.105422973632812500e+02 1.569351501464843750e+02 6.957095265388488770e-01 -7.108972668647766113e-01 -1.030206382274627686e-01 0.000000000000000000e+00 1.000000000000000000e+00
3.659156494140625000e+02 3.101866149902343750e+02 1.568836059570312500e+02 6.994841694831848145e-01 -7.065477967262268066e-01 -1.072944253683090210e-01 0.000000000000000000e+00 1.000000000000000000e+00
3.662662048339843750e+02 3.098325195312500000e+02 1.568298339843750000e+02 7.066985964775085449e-01 -6.980285644531250000e-01 -1.154690757393836975e-01 0.000000000000000000e+00 1.000000000000000000e+00
3.666219177246093750e+02 3.094811706542968750e+02 1.567717132568359375e+02 7.196047306060791016e-01 -6.820120811462402344e-01 -1.304932832717895508e-01 0.000000000000000000e+00 1.000000000000000000e+00
3.669876098632812500e+02 3.091345825195312500e+02 1.567053985595703125e+02 7.391624450683593750e-01 -6.553465723991394043e-01 -1.554343849420547485e-01 0.000000000000000000e+00 1.000000000000000000e+00
3.673695068359375000e+02 3.087959899902343750e+02 1.566250915527343750e+02 7.646682262420654297e-01 -6.153988242149353027e-01 -1.912244856357574463e-01 0.000000000000000000e+00 1.000000000000000000e+00
3.677758178710937500e+02 3.084689941406250000e+02 1.565234832763671875e+02 7.920535802841186523e-01 -5.626444220542907715e-01 -2.368174046277999878e-01 0.000000000000000000e+00 1.000000000000000000e+00
3.682146606445312500e+02 3.081572570800781250e+02 1.563922729492187500e+02 8.161846399307250977e-01 -5.014607906341552734e-01 -2.870185971260070801e-01 0.000000000000000000e+00 1.000000000000000000e+00
3.686920471191406250e+02 3.078639526367187500e+02 1.562243957519531250e+02 8.331655859947204590e-01 -4.390868544578552246e-01 -3.362111449241638184e-01 0.000000000000000000e+00 1.000000000000000000e+00
3.692100830078125000e+02 3.075909423828125000e+02 1.560153503417968750e+02 8.423411846160888672e-01 -3.819112777709960938e-01 -3.802697062492370605e-01 0.000000000000000000e+00 1.000000000000000000e+00
3.697659912109375000e+02 3.073388977050781250e+02 1.557643890380859375e+02 8.452035188674926758e-01 -3.340151309967041016e-01 -4.172108769416809082e-01 0.000000000000000000e+00 1.000000000000000000e+00
3.703521118164062500e+02 3.071072692871093750e+02 1.554750671386718750e+02 8.441352248191833496e-01 -2.957302629947662354e-01 -4.471904337406158447e-01 0.000000000000000000e+00 1.000000000000000000e+00
3.709576110839843750e+02 3.068951416015625000e+02 1.551542968750000000e+02 8.407868146896362305e-01 -2.659439444541931152e-01 -4.715413153171539307e-01 0.000000000000000000e+00 1.000000000000000000e+00
3.715698852539062500e+02 3.067014770507812500e+02 1.548109130859375000e+02 8.362830877304077148e-01 -2.425464689731597900e-01 -4.917334318161010742e-01 0.000000000000000000e+00 1.000000000000000000e+00
3.721771240234375000e+02 3.065253601074218750e+02 1.544538574218750000e+02 8.311682939529418945e-01 -2.233136296272277832e-01 -5.092055797576904297e-01 0.000000000000000000e+00 1.000000000000000000e+00
3.727699279785156250e+02 3.063660888671875000e+02 1.540906829833984375e+02 8.255317211151123047e-01 -2.068779170513153076e-01 -5.250703692436218262e-01 0.000000000000000000e+00 1.000000000000000000e+00
3.733425292968750000e+02 3.062225952148437500e+02 1.537264862060546875e+02 8.195013999938964844e-01 -1.919998079538345337e-01 -5.399569272994995117e-01 0.000000000000000000e+00 1.000000000000000000e+00
3.738941650390625000e+02 3.060933532714843750e+02 1.533630218505859375e+02 8.131784200668334961e-01 -1.790889948606491089e-01 -5.537760853767395020e-01 0.000000000000000000e+00 1.000000000000000000e+00
3.744277954101562500e+02 3.059758300781250000e+02 1.529996185302734375e+02 8.067277669906616211e-01 -1.696683764457702637e-01 -5.660414695739746094e-01 0.000000000000000000e+00 1.000000000000000000e+00
3.749490051269531250e+02 3.058662109375000000e+02 1.526339111328125000e+02 8.005591630935668945e-01 -1.655428856611251831e-01 -5.759344696998596191e-01 0.000000000000000000e+00 1.000000000000000000e+00
3.754636230468750000e+02 3.057597961425781250e+02 1.522636871337890625e+02 7.947114109992980957e-01 -1.686182618141174316e-01 -5.830966830253601074e-01 0.000000000000000000e+00 1.000000000000000000e+00
3.759749450683593750e+02 3.056513061523437500e+02 1.518885192871093750e+02 7.894312143325805664e-01 -1.798620074987411499e-01 -5.868969559669494629e-01 0.000000000000000000e+00 1.000000000000000000e+00
3.764833984375000000e+02 3.055354614257812500e+02 1.515105133056640625e+02 7.844037413597106934e-01 -1.998126357793807983e-01 -5.871845483779907227e-01 0.000000000000000000e+00 1.000000000000000000e+00
3.769864501953125000e+02 3.054073181152343750e+02 1.511339416503906250e+02 7.795625925064086914e-01 -2.289886921644210815e-01 -5.829634666442871094e-01 0.000000000000000000e+00 1.000000000000000000e+00
3.774807739257812500e+02 3.052621154785156250e+02 1.507642822265625000e+02 7.748886942863464355e-01 -2.677359580993652344e-01 -5.725949406623840332e-01 0.000000000000000000e+00 1.000000000000000000e+00
3.779642639160156250e+02 3.050950622558593750e+02 1.504070129394531250e+02 7.692234516143798828e-01 -3.167069256305694580e-01 -5.549703240394592285e-01 0.000000000000000000e+00 1.000000000000000000e+00
3.784364929199218750e+02 3.049006347656250000e+02 1.500663146972656250e+02 7.620201110839843750e-01 -3.753578364849090576e-01 -5.276663899421691895e-01 0.000000000000000000e+00 1.000000000000000000e+00
3.788993530273437500e+02 3.046726379394531250e+02 1.497458038330078125e+02 7.515413761138916016e-01 -4.415708482265472412e-01 -4.901028573513031006e-01 0.000000000000000000e+00 1.000000000000000000e+00
3.793549194335937500e+02 3.044049682617187500e+02 1.494487152099609375e+02 7.364087104797363281e-01 -5.122886896133422852e-01 -4.418852627277374268e-01 0.000000000000000000e+00 1.000000000000000000e+00
3.798040466308593750e+02 3.040925292968750000e+02 1.491792144775390625e+02 7.158185243606567383e-01 -5.831405520439147949e-01 -3.841236531734466553e-01 0.000000000000000000e+00 1.000000000000000000e+00
3.802461242675781250e+02 3.037323913574218750e+02 1.489419860839843750e+02 6.895965933799743652e-01 -6.506398916244506836e-01 -3.180003762245178223e-01 0.000000000000000000e+00 1.000000000000000000e+00
3.806788330078125000e+02 3.033241271972656250e+02 1.487424468994140625e+02 6.585059762001037598e-01 -7.110430598258972168e-01 -2.465513348579406738e-01 0.000000000000000000e+00 1.000000000000000000e+00
3.810992126464843750e+02 3.028702087402343750e+02 1.485850524902343750e+02 6.248135566711425781e-01 -7.613140344619750977e-01 -1.732307374477386475e-01 0.000000000000000000e+00 1.000000000000000000e+00
3.815054321289062500e+02 3.023752441406250000e+02 1.484724273681640625e+02 5.913483500480651855e-01 -7.999348640441894531e-01 -1.020360365509986877e-01 0.000000000000000000e+00 1.000000000000000000e+00
3.818971862792968750e+02 3.018453063964843750e+02 1.484048309326171875e+02 5.615374445915222168e-01 -8.266062736511230469e-01 -3.738613426685333252e-02 0.000000000000000000e+00 1.000000000000000000e+00
3.822764892578125000e+02 3.012869567871093750e+02 1.483795776367187500e+02 5.377434492111206055e-01 -8.429096341133117676e-01 1.831351779401302338e-02 0.000000000000000000e+00 1.000000000000000000e+00
3.826465759277343750e+02 3.007068481445312500e+02 1.483921813964843750e+02 5.213124752044677734e-01 -8.509634137153625488e-01 6.398876011371612549e-02 0.000000000000000000e+00 1.000000000000000000e+00
3.830120544433593750e+02 3.001102600097656250e+02 1.484370422363281250e+02 5.120130777359008789e-01 -8.531697392463684082e-01 9.971974790096282959e-02 0.000000000000000000e+00 1.000000000000000000e+00
3.833772277832031250e+02 2.995017700195312500e+02 1.485081634521484375e+02 5.088848471641540527e-01 -8.514100313186645508e-01 1.270318329334259033e-01 0.000000000000000000e+00 1.000000000000000000e+00
3.837462463378906250e+02 2.988843688964843750e+02 1.486002807617187500e+02 5.108286142349243164e-01 -8.469512462615966797e-01 1.474029719829559326e-01 0.000000000000000000e+00 1.000000000000000000e+00
3.841228027343750000e+02 2.982600402832031250e+02 1.487089385986328125e+02 5.162339210510253906e-01 -8.408343195915222168e-01 1.627887487411499023e-01 0.000000000000000000e+00 1.000000000000000000e+00
3.845097656250000000e+02 2.976297607421875000e+02 1.488309631347656250e+02 5.242127776145935059e-01 -8.334182500839233398e-01 1.749710142612457275e-01 0.000000000000000000e+00 1.000000000000000000e+00
3.849095458984375000e+02 2.969941711425781250e+02 1.489644012451171875e+02 5.341350436210632324e-01 -8.248165249824523926e-01 1.854116767644882202e-01 0.000000000000000000e+00 1.000000000000000000e+00
3.853240661621093750e+02 2.963540649414062500e+02 1.491082916259765625e+02 5.456613898277282715e-01 -8.149147033691406250e-01 1.953652799129486084e-01 0.000000000000000000e+00 1.000000000000000000e+00
3.857546386718750000e+02 2.957110290527343750e+02 1.492624511718750000e+02 5.587264299392700195e-01 -8.034383058547973633e-01 2.056981772184371948e-01 0.000000000000000000e+00 1.000000000000000000e+00
3.862021789550781250e+02 2.950674743652343750e+02 1.494272155761718750e+02 5.735649466514587402e-01 -7.899420261383056641e-01 2.168291062116622925e-01 0.000000000000000000e+00 1.000000000000000000e+00
3.866668395996093750e+02 2.944275207519531250e+02 1.496028747558593750e+02 5.901950597763061523e-01 -7.741816639900207520e-01 2.287193238735198975e-01 0.000000000000000000e+00 1.000000000000000000e+00
3.871477966308593750e+02 2.937966308593750000e+02 1.497892608642578125e+02 6.084212660789489746e-01 -7.560344338417053223e-01 2.413203120231628418e-01 0.000000000000000000e+00 1.000000000000000000e+00
3.876427612304687500e+02 2.931815795898437500e+02 1.499855804443359375e+02 6.278507113456726074e-01 -7.358407378196716309e-01 2.536571323871612549e-01 0.000000000000000000e+00 1.000000000000000000e+00
3.881482543945312500e+02 2.925891418457031250e+02 1.501898040771484375e+02 6.476406455039978027e-01 -7.144447565078735352e-01 2.648209631443023682e-01 0.000000000000000000e+00 1.000000000000000000e+00
3.886597900390625000e+02 2.920248413085937500e+02 1.503989715576171875e+02 6.667466163635253906e-01 -6.927908062934875488e-01 2.747540771961212158e-01 0.000000000000000000e+00 1.000000000000000000e+00
3.891723022460937500e+02 2.914923095703125000e+02 1.506101684570312500e+02 6.839652657508850098e-01 -6.720270514488220215e-01 2.838505208492279053e-01 0.000000000000000000e+00 1.000000000000000000e+00
3.896810913085937500e+02 2.909924011230468750e+02 1.508213195800781250e+02 6.978598833084106445e-01 -6.534258723258972168e-01 2.933025062084197998e-01 0.000000000000000000e+00 1.000000000000000000e+00
3.901824340820312500e+02 2.905229797363281250e+02 1.510320281982421875e+02 7.075363397598266602e-01 -6.381657123565673828e-01 3.035403490066528320e-01 0.000000000000000000e+00 1.000000000000000000e+00
3.906742248535156250e+02 2.900794067382812500e+02 1.512430114746093750e+02 7.119531035423278809e-01 -6.280186772346496582e-01 3.141898512840270996e-01 0.000000000000000000e+00 1.000000000000000000e+00
3.911557006835937500e+02 2.896546936035156250e+02 1.514554901123046875e+02 7.115219831466674805e-01 -6.240420341491699219e-01 3.229674994945526123e-01 0.000000000000000000e+00 1.000000000000000000e+00
3.916278076171875000e+02 2.892406311035156250e+02 1.516697845458984375e+02 7.069200277328491211e-01 -6.267897486686706543e-01 3.277171254158020020e-01 0.000000000000000000e+00 1.000000000000000000e+00
3.920924987792968750e+02 2.888286132812500000e+02 1.518852081298828125e+02 7.001119852066040039e-01 -6.348665356636047363e-01 3.267838954925537109e-01 0.000000000000000000e+00 1.000000000000000000e+00
3.925529174804687500e+02 2.884111022949218750e+02 1.521001129150390625e+02 6.928737163543701172e-01 -6.462623476982116699e-01 3.197984993457794189e-01 0.000000000000000000e+00 1.000000000000000000e+00
3.930129089355468750e+02 2.879820556640625000e+02 1.523124237060546875e+02 6.867857575416564941e-01 -6.580113172531127930e-01 3.087821304798126221e-01 0.000000000000000000e+00 1.000000000000000000e+00
3.934761657714843750e+02 2.875382080078125000e+02 1.525207061767578125e+02 6.826077103614807129e-01 -6.686905026435852051e-01 2.947875857353210449e-01 0.000000000000000000e+00 1.000000000000000000e+00
3.939461669921875000e+02 2.870777893066406250e+02 1.527236785888671875e+02 6.801310181617736816e-01 -6.780512332916259766e-01 2.786903679370880127e-01 0.000000000000000000e+00 1.000000000000000000e+00
3.944252014160156250e+02 2.866002197265625000e+02 1.529199676513671875e+02 6.783855557441711426e-01 -6.867742538452148438e-01 2.610250711441040039e-01 0.000000000000000000e+00 1.000000000000000000e+00
3.949138488769531250e+02 2.861055297851562500e+02 1.531079864501953125e+02 6.765493154525756836e-01 -6.953112483024597168e-01 2.425349950790405273e-01 0.000000000000000000e+00 1.000000000000000000e+00
3.954112548828125000e+02 2.855943298339843750e+02 1.532863006591796875e+02 6.738680005073547363e-01 -7.038339972496032715e-01 2.247655540704727173e-01 0.000000000000000000e+00 1.000000000000000000e+00
3.959149780273437500e+02 2.850682067871093750e+02 1.534543151855468750e+02 6.707807779312133789e-01 -7.113901376724243164e-01 2.097073048353195190e-01 0.000000000000000000e+00 1.000000000000000000e+00
3.964220886230468750e+02 2.845303955078125000e+02 1.536128540039062500e+02 6.681776046752929688e-01 -7.170333266258239746e-01 1.984990537166595459e-01 0.000000000000000000e+00 1.000000000000000000e+00
3.969291992187500000e+02 2.839862060546875000e+02 1.537635040283203125e+02 6.671602725982666016e-01 -7.197829484939575195e-01 1.918585896492004395e-01 0.000000000000000000e+00 1.000000000000000000e+00
3.974329528808593750e+02 2.834427185058593750e+02 1.539083709716796875e+02 6.685801148414611816e-01 -7.192008495330810547e-01 1.890786439180374146e-01 0.000000000000000000e+00 1.000000000000000000e+00
3.979299316406250000e+02 2.829081115722656250e+02 1.540489196777343750e+02 6.722701787948608398e-01 -7.160094976425170898e-01 1.881041824817657471e-01 0.000000000000000000e+00 1.000000000000000000e+00
3.984168090820312500e+02 2.823895568847656250e+02 1.541851501464843750e+02 6.779184341430664062e-01 -7.110131978988647461e-01 1.867801249027252197e-01 0.000000000000000000e+00 1.000000000000000000e+00
3.988906555175781250e+02 2.818925781250000000e+02 1.543157043457031250e+02 6.843171715736389160e-01 -7.060732841491699219e-01 1.821280419826507568e-01 0.000000000000000000e+00 1.000000000000000000e+00
3.993494873046875000e+02 2.814191589355468750e+02 1.544378204345703125e+02 6.900098323822021484e-01 -7.032655477523803711e-01 1.711840182542800903e-01 0.000000000000000000e+00 1.000000000000000000e+00
3.997926940917968750e+02 2.809674377441406250e+02 1.545477752685546875e+02 6.936271786689758301e-01 -7.041329741477966309e-01 1.519143730401992798e-01 0.000000000000000000e+00 1.000000000000000000e+00
4.002218627929687500e+02 2.805317687988281250e+02 1.546417694091796875e+02 6.938213109970092773e-01 -7.094299197196960449e-01 1.237790212035179138e-01 0.000000000000000000e+00 1.000000000000000000e+00
4.006396789550781250e+02 2.801045532226562500e+02 1.547163085937500000e+02 6.895187497138977051e-01 -7.187473773956298828e-01 8.925268799066543579e-02 0.000000000000000000e+00 1.000000000000000000e+00
4.010493164062500000e+02 2.796775512695312500e+02 1.547693328857421875e+02 6.808292865753173828e-01 -7.304967045783996582e-01 5.334741249680519104e-02 0.000000000000000000e+00 1.000000000000000000e+00
4.014530029296875000e+02 2.792444152832031250e+02 1.548009643554687500e+02 6.683801412582397461e-01 -7.434974312782287598e-01 2.190067991614341736e-02 0.000000000000000000e+00 1.000000000000000000e+00
4.018516235351562500e+02 2.788009948730468750e+02 1.548140258789062500e+02 6.525142192840576172e-01 -7.577764391899108887e-01 2.028173767030239105e-04 0.000000000000000000e+00 1.000000000000000000e+00
4.022443542480468750e+02 2.783449096679687500e+02 1.548141479492187500e+02 6.338500380516052246e-01 -7.734174728393554688e-01 -7.728653959929943085e-03 0.000000000000000000e+00 1.000000000000000000e+00
4.026297912597656250e+02 2.778746032714843750e+02 1.548094482421875000e+02 6.130056381225585938e-01 -7.900785207748413086e-01 1.985121925827115774e-04 0.000000000000000000e+00 1.000000000000000000e+00
4.030067443847656250e+02 2.773887634277343750e+02 1.548095703125000000e+02 5.905416607856750488e-01 -8.066674470901489258e-01 2.341322228312492371e-02 0.000000000000000000e+00 1.000000000000000000e+00
4.033750610351562500e+02 2.768856506347656250e+02 1.548241729736328125e+02 5.681382417678833008e-01 -8.208680748939514160e-01 5.826320499181747437e-02 0.000000000000000000e+00 1.000000000000000000e+00
4.037363281250000000e+02 2.763636779785156250e+02 1.548612213134765625e+02 5.471981763839721680e-01 -8.313022851943969727e-01 9.752302616834640503e-02 0.000000000000000000e+00 1.000000000000000000e+00
4.040924072265625000e+02 2.758227233886718750e+02 1.549246826171875000e+02 5.293680429458618164e-01 -8.379106521606445312e-01 1.329483091831207275e-01 0.000000000000000000e+00 1.000000000000000000e+00
4.044454650878906250e+02 2.752638854980468750e+02 1.550133514404296875e+02 5.144664049148559570e-01 -8.430365324020385742e-01 1.568876653909683228e-01 0.000000000000000000e+00 1.000000000000000000e+00
4.047967224121093750e+02 2.746882934570312500e+02 1.551204681396484375e+02 5.019876360893249512e-01 -8.490792512893676758e-01 1.645386815071105957e-01 0.000000000000000000e+00 1.000000000000000000e+00
4.051462402343750000e+02 2.740971069335937500e+02 1.552350311279296875e+02 4.899207651615142822e-01 -8.580518364906311035e-01 1.540281176567077637e-01 0.000000000000000000e+00 1.000000000000000000e+00
4.054926757812500000e+02 2.734903564453125000e+02 1.553439483642578125e+02 4.768425524234771729e-01 -8.697042465209960938e-01 1.274192184209823608e-01 0.000000000000000000e+00 1.000000000000000000e+00
4.058343811035156250e+02 2.728671264648437500e+02 1.554352569580078125e+02 4.616885185241699219e-01 -8.824248313903808594e-01 9.038879722356796265e-02 0.000000000000000000e+00 1.000000000000000000e+00
4.061698303222656250e+02 2.722259826660156250e+02 1.555009307861328125e+02 4.453858435153961182e-01 -8.938686251640319824e-01 5.128585174679756165e-02 0.000000000000000000e+00 1.000000000000000000e+00
4.064989929199218750e+02 2.715653686523437500e+02 1.555388336181640625e+02 4.298980534076690674e-01 -9.026888608932495117e-01 1.845481060445308685e-02 0.000000000000000000e+00 1.000000000000000000e+00
4.068235168457031250e+02 2.708839416503906250e+02 1.555527648925781250e+02 4.179327189922332764e-01 -9.084738492965698242e-01 -2.742547774687409401e-03 0.000000000000000000e+00 1.000000000000000000e+00
4.071467285156250000e+02 2.701813659667968750e+02 1.555506439208984375e+02 4.103513956069946289e-01 -9.118619561195373535e-01 -1.092754211276769638e-02 0.000000000000000000e+00 1.000000000000000000e+00
4.074716186523437500e+02 2.694594116210937500e+02 1.555419921875000000e+02 4.070013761520385742e-01 -9.133850336074829102e-01 -8.809143677353858948e-03 0.000000000000000000e+00 1.000000000000000000e+00
4.077994384765625000e+02 2.687237243652343750e+02 1.555348968505859375e+02 4.065050780773162842e-01 -9.136477708816528320e-01 -1.167576992884278297e-03 0.000000000000000000e+00 1.000000000000000000e+00
4.081288146972656250e+02 2.679834289550781250e+02 1.555339508056640625e+02 4.075835347175598145e-01 -9.131361842155456543e-01 7.606299128383398056e-03 0.000000000000000000e+00 1.000000000000000000e+00
4.084558715820312500e+02 2.672507019042968750e+02 1.555400543212890625e+02 4.085251390933990479e-01 -9.126276969909667969e-01 1.476573385298252106e-02 0.000000000000000000e+00 1.000000000000000000e+00
4.087754516601562500e+02 2.665367736816406250e+02 1.555516052246093750e+02 4.085816442966461182e-01 -9.125165343284606934e-01 1.935408078134059906e-02 0.000000000000000000e+00 1.000000000000000000e+00
4.090834045410156250e+02 2.658489990234375000e+02 1.555661926269531250e+02 4.065982401371002197e-01 -9.133263230323791504e-01 2.264741994440555573e-02 0.000000000000000000e+00 1.000000000000000000e+00
4.093773498535156250e+02 2.651887207031250000e+02 1.555825653076171875e+02 4.016814827919006348e-01 -9.153500795364379883e-01 2.804059162735939026e-02 0.000000000000000000e+00 1.000000000000000000e+00
4.096571350097656250e+02 2.645511474609375000e+02 1.556020965576171875e+02 3.913988769054412842e-01 -9.193604588508605957e-01 3.979146853089332581e-02 0.000000000000000000e+00 1.000000000000000000e+00
4.099229431152343750e+02 2.639267883300781250e+02 1.556291198730468750e+02 3.746393620967864990e-01 -9.251002669334411621e-01 6.192685291171073914e-02 0.000000000000000000e+00 1.000000000000000000e+00
4.101755065917968750e+02 2.633031311035156250e+02 1.556708679199218750e+02 3.500731885433197021e-01 -9.318559169769287109e-01 9.535843133926391602e-02 0.000000000000000000e+00 1.000000000000000000e+00
4.104139709472656250e+02 2.626683654785156250e+02 1.557358245849609375e+02 3.182755112648010254e-01 -9.379053711891174316e-01 1.379644572734832764e-01 0.000000000000000000e+00 1.000000000000000000e+00
4.106366882324218750e+02 2.620120544433593750e+02 1.558323669433593750e+02 2.819007635116577148e-01 -9.417122602462768555e-01 1.836028248071670532e-01 0.000000000000000000e+00 1.000000000000000000e+00
4.108416137695312500e+02 2.613274841308593750e+02 1.559658355712890625e+02 2.458192408084869385e-01 -9.426169395446777344e-01 2.259338200092315674e-01 0.000000000000000000e+00 1.000000000000000000e+00
4.110272216796875000e+02 2.606157531738281250e+02 1.561364288330078125e+02 2.135184556245803833e-01 -9.416053295135498047e-01 2.603638172149658203e-01 0.000000000000000000e+00 1.000000000000000000e+00
4.111922607421875000e+02 2.598879394531250000e+02 1.563376770019531250e+02 1.877117156982421875e-01 -9.397909045219421387e-01 2.855825722217559814e-01 0.000000000000000000e+00 1.000000000000000000e+00
4.113363647460937500e+02 2.591664733886718750e+02 1.565569152832031250e+02 1.682468801736831665e-01 -9.382065534591674805e-01 3.024258613586425781e-01 0.000000000000000000e+00 1.000000000000000000e+00
4.114590454101562500e+02 2.584823608398437500e+02 1.567774353027343750e+02 1.544081866741180420e-01 -9.371284842491149902e-01 3.129668831825256348e-01 0.000000000000000000e+00 1.000000000000000000e+00
4.115600891113281250e+02 2.578691101074218750e+02 1.569822387695312500e+02 1.450145840644836426e-01 -9.365686774253845215e-01 3.190765082836151123e-01 0.000000000000000000e+00 1.000000000000000000e+00
4.116397705078125000e+02 2.573544921875000000e+02 1.571575622558593750e+02 1.450145840644836426e-01 -9.365686774253845215e-01 3.190765082836151123e-01 0.000000000000000000e+00 1.000000000000000000e+00
