3.006463623046875000e+02 2.049836120605468750e+02 2.009553222656250000e+02 -6.181902885437011719e-01 -3.100527226924896240e-01 -7.222936153411865234e-01 0.000000000000000000e+00 1.000000000000000000e+00
3.007842712402343750e+02 2.050527801513671875e+02 2.011164550781250000e+02 -5.874419212341308594e-01 -3.107607364654541016e-01 -7.472212910652160645e-01 0.000000000000000000e+00 1.000000000000000000e+00
3.009615478515625000e+02 2.051465606689453125e+02 2.013419494628906250e+02 -5.503775477409362793e-01 -3.116242289543151855e-01 -7.745804786682128906e-01 0.000000000000000000e+00 1.000000000000000000e+00
3.011733703613281250e+02 2.052664947509765625e+02 2.016400604248046875e+02 -5.093801021575927734e-01 -3.128517270088195801e-01 -8.016580939292907715e-01 0.000000000000000000e+00 1.000000000000000000e+00
3.014113769531250000e+02 2.054126739501953125e+02 2.020146331787109375e+02 -4.687811732292175293e-01 -3.150088191032409668e-01 -8.252355456352233887e-01 0.000000000000000000e+00 1.000000000000000000e+00
3.016662902832031250e+02 2.055839691162109375e+02 2.024633789062500000e+02 -4.327341914176940918e-01 -3.200190067291259766e-01 -8.428101539611816406e-01 0.000000000000000000e+00 1.000000000000000000e+00
3.019300231933593750e+02 2.057790069580078125e+02 2.029770355224609375e+02 -4.043209552764892578e-01 -3.300149440765380859e-01 -8.530033230781555176e-01 0.000000000000000000e+00 1.000000000000000000e+00
3.021966247558593750e+02 2.059966125488281250e+02 2.035394897460937500e+02 -3.842561542987823486e-01 -3.475150763988494873e-01 -8.553247451782226562e-01 0.000000000000000000e+00 1.000000000000000000e+00
3.024618530273437500e+02 2.062364807128906250e+02 2.041298675537109375e+02 -3.702996373176574707e-01 -3.747380077838897705e-01 -8.499704003334045410e-01 0.000000000000000000e+00 1.000000000000000000e+00
3.027215576171875000e+02 2.064992980957031250e+02 2.047259826660156250e+02 -3.586907982826232910e-01 -4.124965965747833252e-01 -8.373693823814392090e-01 0.000000000000000000e+00 1.000000000000000000e+00
3.029709777832031250e+02 2.067861328125000000e+02 2.053082580566406250e+02 -3.443586826324462891e-01 -4.595651030540466309e-01 -8.186678886413574219e-01 0.000000000000000000e+00 1.000000000000000000e+00
3.032044067382812500e+02 2.070976562500000000e+02 2.058632049560546875e+02 -3.250807523727416992e-01 -5.117495059967041016e-01 -7.952577471733093262e-01 0.000000000000000000e+00 1.000000000000000000e+00
3.034173889160156250e+02 2.074329376220703125e+02 2.063842315673828125e+02 -3.012928664684295654e-01 -5.628354549407958984e-01 -7.697004675865173340e-01 0.000000000000000000e+00 1.000000000000000000e+00
3.036083374023437500e+02 2.077896423339843750e+02 2.068720397949218750e+02 -2.764274775981903076e-01 -6.068698167800903320e-01 -7.451823949813842773e-01 0.000000000000000000e+00 1.000000000000000000e+00
3.037789611816406250e+02 2.081642303466796875e+02 2.073320007324218750e+02 -2.558594644069671631e-01 -6.400763392448425293e-01 -7.244571447372436523e-01 0.000000000000000000e+00 1.000000000000000000e+00
3.039341430664062500e+02 2.085524444580078125e+02 2.077713928222656250e+02 -2.438629567623138428e-01 -6.624401807785034180e-01 -7.083106040954589844e-01 0.000000000000000000e+00 1.000000000000000000e+00
3.040805664062500000e+02 2.089501953125000000e+02 2.081966857910156250e+02 -2.415988296270370483e-01 -6.756538152694702148e-01 -6.965068578720092773e-01 0.000000000000000000e+00 1.000000000000000000e+00
3.042248229980468750e+02 2.093536224365234375e+02 2.086125640869140625e+02 -2.488266229629516602e-01 -6.826695799827575684e-01 -6.870570182800292969e-01 0.000000000000000000e+00 1.000000000000000000e+00
3.043728027343750000e+02 2.097596130371093750e+02 2.090211639404296875e+02 -2.624999284744262695e-01 -6.862741112709045410e-01 -6.783227324485778809e-01 0.000000000000000000e+00 1.000000000000000000e+00
3.045279541015625000e+02 2.101652374267578125e+02 2.094220886230468750e+02 -2.792378962039947510e-01 -6.890072226524353027e-01 -6.688013076782226562e-01 0.000000000000000000e+00 1.000000000000000000e+00
3.046915893554687500e+02 2.105690002441406250e+02 2.098140106201171875e+02 -2.946819067001342773e-01 -6.933088898658752441e-01 -6.576360464096069336e-01 0.000000000000000000e+00 1.000000000000000000e+00
3.048627624511718750e+02 2.109717254638671875e+02 2.101960144042968750e+02 -3.040041327476501465e-01 -7.015277147293090820e-01 -6.445466876029968262e-01 0.000000000000000000e+00 1.000000000000000000e+00
3.050388488769531250e+02 2.113780670166015625e+02 2.105693511962890625e+02 -3.019444346427917480e-01 -7.156506180763244629e-01 -6.298205256462097168e-01 0.000000000000000000e+00 1.000000000000000000e+00
3.052154541015625000e+02 2.117966461181640625e+02 2.109377288818359375e+02 -2.867014706134796143e-01 -7.352971434593200684e-01 -6.141174435615539551e-01 0.000000000000000000e+00 1.000000000000000000e+00
3.053879089355468750e+02 2.122389373779296875e+02 2.113071289062500000e+02 -2.608658075332641602e-01 -7.574452757835388184e-01 -5.985195040702819824e-01 0.000000000000000000e+00 1.000000000000000000e+00
3.055523376464843750e+02 2.127163696289062500e+02 2.116843872070312500e+02 -2.306389957666397095e-01 -7.786859273910522461e-01 -5.834842920303344727e-01 0.000000000000000000e+00 1.000000000000000000e+00
3.057066650390625000e+02 2.132374114990234375e+02 2.120748138427734375e+02 -2.021944075822830200e-01 -7.973209023475646973e-01 -5.686798095703125000e-01 0.000000000000000000e+00 1.000000000000000000e+00
3.058507385253906250e+02 2.138055419921875000e+02 2.124800262451171875e+02 -1.809477359056472778e-01 -8.128688931465148926e-01 -5.536264181137084961e-01 0.000000000000000000e+00 1.000000000000000000e+00
3.059872131347656250e+02 2.144186248779296875e+02 2.128975830078125000e+02 -1.683485954999923706e-01 -8.262926936149597168e-01 -5.374934077262878418e-01 0.000000000000000000e+00 1.000000000000000000e+00
3.061200561523437500e+02 2.150706481933593750e+02 2.133217163085937500e+02 -1.651031523942947388e-01 -8.384822607040405273e-01 -5.193153023719787598e-01 0.000000000000000000e+00 1.000000000000000000e+00
3.062546997070312500e+02 2.157544403076171875e+02 2.137452239990234375e+02 -1.691741198301315308e-01 -8.498185276985168457e-01 -4.991879463195800781e-01 0.000000000000000000e+00 1.000000000000000000e+00
3.063959350585937500e+02 2.164639129638671875e+02 2.141619720458984375e+02 -1.776309609413146973e-01 -8.602506518363952637e-01 -4.779289960861206055e-01 0.000000000000000000e+00 1.000000000000000000e+00
3.065467834472656250e+02 2.171944580078125000e+02 2.145678405761718750e+02 -1.866649538278579712e-01 -8.694115281105041504e-01 -4.574710726737976074e-01 0.000000000000000000e+00 1.000000000000000000e+00
3.067073059082031250e+02 2.179421081542968750e+02 2.149612426757812500e+02 -1.927268356084823608e-01 -8.773382902145385742e-01 -4.394699633121490479e-01 0.000000000000000000e+00 1.000000000000000000e+00
3.068743896484375000e+02 2.187027130126953125e+02 2.153422393798828125e+02 -1.944664567708969116e-01 -8.840438723564147949e-01 -4.250285327434539795e-01 0.000000000000000000e+00 1.000000000000000000e+00
3.070432434082031250e+02 2.194703216552734375e+02 2.157112884521484375e+02 -1.920807808637619019e-01 -8.897677063941955566e-01 -4.140270054340362549e-01 0.000000000000000000e+00 1.000000000000000000e+00
3.072088012695312500e+02 2.202372283935546875e+02 2.160681457519531250e+02 -1.876426190137863159e-01 -8.945488929748535156e-01 -4.056752622127532959e-01 0.000000000000000000e+00 1.000000000000000000e+00
3.073675537109375000e+02 2.209940490722656250e+02 2.164113616943359375e+02 -1.842279583215713501e-01 -8.981020450592041016e-01 -3.993403315544128418e-01 0.000000000000000000e+00 1.000000000000000000e+00
3.075187377929687500e+02 2.217310638427734375e+02 2.167390747070312500e+02 -1.838137060403823853e-01 -9.003068208694458008e-01 -3.945378363132476807e-01 0.000000000000000000e+00 1.000000000000000000e+00
3.076632995605468750e+02 2.224391174316406250e+02 2.170493621826171875e+02 -1.870963573455810547e-01 -9.009358882904052734e-01 -3.915475308895111084e-01 0.000000000000000000e+00 1.000000000000000000e+00
3.078027954101562500e+02 2.231108398437500000e+02 2.173412933349609375e+02 -1.930038779973983765e-01 -8.998653292655944824e-01 -3.911417722702026367e-01 0.000000000000000000e+00 1.000000000000000000e+00
3.079381713867187500e+02 2.237420196533203125e+02 2.176156463623046875e+02 -1.992307305335998535e-01 -8.973963856697082520e-01 -3.936836123466491699e-01 0.000000000000000000e+00 1.000000000000000000e+00
3.080692443847656250e+02 2.243324127197265625e+02 2.178746490478515625e+02 -2.036648243665695190e-01 -8.940047621726989746e-01 -3.990942835807800293e-01 0.000000000000000000e+00 1.000000000000000000e+00
3.081952819824218750e+02 2.248856658935546875e+02 2.181216278076171875e+02 -2.054815441370010376e-01 -8.903421163558959961e-01 -4.062859714031219482e-01 0.000000000000000000e+00 1.000000000000000000e+00
3.083159484863281250e+02 2.254085083007812500e+02 2.183602142333984375e+02 -2.049341648817062378e-01 -8.871193528175354004e-01 -4.135471880435943604e-01 0.000000000000000000e+00 1.000000000000000000e+00
3.084315490722656250e+02 2.259089202880859375e+02 2.185934906005859375e+02 -2.032251507043838501e-01 -8.846271634101867676e-01 -4.196835756301879883e-01 0.000000000000000000e+00 1.000000000000000000e+00
3.085430908203125000e+02 2.263944549560546875e+02 2.188238372802734375e+02 -2.015857547521591187e-01 -8.829410672187805176e-01 -4.240027964115142822e-01 0.000000000000000000e+00 1.000000000000000000e+00
3.086519165039062500e+02 2.268711090087890625e+02 2.190527343750000000e+02 -2.003629654645919800e-01 -8.820134401321411133e-01 -4.265056252479553223e-01 0.000000000000000000e+00 1.000000000000000000e+00
3.087591247558593750e+02 2.273430480957031250e+02 2.192809448242187500e+02 -1.985653191804885864e-01 -8.815235495567321777e-01 -4.283550083637237549e-01 0.000000000000000000e+00 1.000000000000000000e+00
3.088649902343750000e+02 2.278130340576171875e+02 2.195093231201171875e+02 -1.958392560482025146e-01 -8.813052773475646973e-01 -4.300559163093566895e-01 0.000000000000000000e+00 1.000000000000000000e+00
3.089693298339843750e+02 2.282825775146484375e+02 2.197384490966796875e+02 -1.907077729701995850e-01 -8.812300562858581543e-01 -4.325092136859893799e-01 0.000000000000000000e+00 1.000000000000000000e+00
3.090711059570312500e+02 2.287528686523437500e+02 2.199692687988281250e+02 -1.813139617443084717e-01 -8.810378313064575195e-01 -4.369182586669921875e-01 0.000000000000000000e+00 1.000000000000000000e+00
3.091683044433593750e+02 2.292251739501953125e+02 2.202034912109375000e+02 -1.647491455078125000e-01 -8.805265426635742188e-01 -4.444441497325897217e-01 0.000000000000000000e+00 1.000000000000000000e+00
3.092572937011718750e+02 2.297007904052734375e+02 2.204435577392578125e+02 -1.390733122825622559e-01 -8.789544701576232910e-01 -4.561772048473358154e-01 0.000000000000000000e+00 1.000000000000000000e+00
3.093332824707031250e+02 2.301810455322265625e+02 2.206928100585937500e+02 -1.042957082390785217e-01 -8.753193020820617676e-01 -4.721636176109313965e-01 0.000000000000000000e+00 1.000000000000000000e+00
3.093911437988281250e+02 2.306666564941406250e+02 2.209547576904296875e+02 -6.359032541513442993e-02 -8.684374094009399414e-01 -4.917039275169372559e-01 0.000000000000000000e+00 1.000000000000000000e+00
3.094270629882812500e+02 2.311571960449218750e+02 2.212324981689453125e+02 -2.306939288973808289e-02 -8.577836751937866211e-01 -5.134928822517395020e-01 0.000000000000000000e+00 1.000000000000000000e+00
3.094403381347656250e+02 2.316508026123046875e+02 2.215279846191406250e+02 8.876719512045383453e-03 -8.435755372047424316e-01 -5.369371175765991211e-01 0.000000000000000000e+00 1.000000000000000000e+00
3.094351501464843750e+02 2.321438293457031250e+02 2.218417968750000000e+02 2.486520260572433472e-02 -8.267809152603149414e-01 -5.619742274284362793e-01 0.000000000000000000e+00 1.000000000000000000e+00
3.094204711914062500e+02 2.326319122314453125e+02 2.221735534667968750e+02 1.973720453679561615e-02 -8.077051639556884766e-01 -5.892560482025146484e-01 0.000000000000000000e+00 1.000000000000000000e+00
3.094087829589843750e+02 2.331102294921875000e+02 2.225225067138671875e+02 -8.160383440554141998e-03 -7.855918407440185547e-01 -6.186913251876831055e-01 0.000000000000000000e+00 1.000000000000000000e+00
3.094136047363281250e+02 2.335744171142578125e+02 2.228880767822265625e+02 -5.669884383678436279e-02 -7.586066126823425293e-01 -6.490771174430847168e-01 0.000000000000000000e+00 1.000000000000000000e+00
3.094469299316406250e+02 2.340202941894531250e+02 2.232695770263671875e+02 -1.195157915353775024e-01 -7.251059412956237793e-01 -6.781868338584899902e-01 0.000000000000000000e+00 1.000000000000000000e+00
3.095168151855468750e+02 2.344442901611328125e+02 2.236661376953125000e+02 -1.891634017229080200e-01 -6.844990253448486328e-01 -7.040441632270812988e-01 0.000000000000000000e+00 1.000000000000000000e+00
3.096269836425781250e+02 2.348429412841796875e+02 2.240761718750000000e+02 -2.561092972755432129e-01 -6.399048566818237305e-01 -7.245203852653503418e-01 0.000000000000000000e+00 1.000000000000000000e+00
3.097755126953125000e+02 2.352140502929687500e+02 2.244963531494140625e+02 -3.147014677524566650e-01 -5.947449803352355957e-01 -7.397575974464416504e-01 0.000000000000000000e+00 1.000000000000000000e+00
3.099568786621093750e+02 2.355568084716796875e+02 2.249226837158203125e+02 -3.599811792373657227e-01 -5.546632409095764160e-01 -7.501748800277709961e-01 0.000000000000000000e+00 1.000000000000000000e+00
3.101621398925781250e+02 2.358730773925781250e+02 2.253504333496093750e+02 -3.886071741580963135e-01 -5.267036557197570801e-01 -7.560210227966308594e-01 0.000000000000000000e+00 1.000000000000000000e+00
3.103800964355468750e+02 2.361684875488281250e+02 2.257744598388671875e+02 -3.962416350841522217e-01 -5.196634531021118164e-01 -7.569295763969421387e-01 0.000000000000000000e+00 1.000000000000000000e+00
3.105972595214843750e+02 2.364532928466796875e+02 2.261893005371093750e+02 -3.783543109893798828e-01 -5.418662428855895996e-01 -7.504858970642089844e-01 0.000000000000000000e+00 1.000000000000000000e+00
3.107985839843750000e+02 2.367416229248046875e+02 2.265886383056640625e+02 -3.295909464359283447e-01 -5.985752940177917480e-01 -7.301215529441833496e-01 0.000000000000000000e+00 1.000000000000000000e+00
3.109684448242187500e+02 2.370501098632812500e+02 2.269649200439453125e+02 -2.460716515779495239e-01 -6.846973896026611328e-01 -6.860308051109313965e-01 0.000000000000000000e+00 1.000000000000000000e+00
3.110923461914062500e+02 2.373948669433593750e+02 2.273103485107421875e+02 -1.326386928558349609e-01 -7.808958888053894043e-01 -6.104167103767395020e-01 0.000000000000000000e+00 1.000000000000000000e+00
3.111591491699218750e+02 2.377881622314453125e+02 2.276177825927734375e+02 -9.270002134144306183e-03 -8.600566983222961426e-01 -5.101141333580017090e-01 0.000000000000000000e+00 1.000000000000000000e+00
3.111639709472656250e+02 2.382355194091796875e+02 2.278831176757812500e+02 1.002310812473297119e-01 -9.083476662635803223e-01 -4.060274064540863037e-01 0.000000000000000000e+00 1.000000000000000000e+00
3.111088256835937500e+02 2.387352752685546875e+02 2.281065063476562500e+02 1.826695799827575684e-01 -9.303525686264038086e-01 -3.179243505001068115e-01 0.000000000000000000e+00 1.000000000000000000e+00
3.110019531250000000e+02 2.392795867919921875e+02 2.282925109863281250e+02 2.381124347448348999e-01 -9.375491738319396973e-01 -2.535823285579681396e-01 0.000000000000000000e+00 1.000000000000000000e+00
3.108551635742187500e+02 2.398575592041015625e+02 2.284488372802734375e+02 2.721222639083862305e-01 -9.387407302856445312e-01 -2.114598900079727173e-01 0.000000000000000000e+00 1.000000000000000000e+00
3.106810302734375000e+02 2.404582672119140625e+02 2.285841522216796875e+02 2.918208241462707520e-01 -9.381419420242309570e-01 -1.863608211278915405e-01 0.000000000000000000e+00 1.000000000000000000e+00
3.104899291992187500e+02 2.410726165771484375e+02 2.287061920166015625e+02 3.020724654197692871e-01 -9.374877214431762695e-01 -1.728264987468719482e-01 0.000000000000000000e+00 1.000000000000000000e+00
3.102896118164062500e+02 2.416943054199218750e+02 2.288208007812500000e+02 3.068109452724456787e-01 -9.371043443679809570e-01 -1.664408147335052490e-01 0.000000000000000000e+00 1.000000000000000000e+00
3.100848999023437500e+02 2.423195648193359375e+02 2.289318542480468750e+02 3.085808753967285156e-01 -9.369538426399230957e-01 -1.639976799488067627e-01 0.000000000000000000e+00 1.000000000000000000e+00
3.098782653808593750e+02 2.429469757080078125e+02 2.290416717529296875e+02 3.084672093391418457e-01 -9.370543360710144043e-01 -1.636375337839126587e-01 0.000000000000000000e+00 1.000000000000000000e+00
3.096710510253906250e+02 2.435764465332031250e+02 2.291515960693359375e+02 3.061170578002929688e-01 -9.374919533729553223e-01 -1.655328124761581421e-01 0.000000000000000000e+00 1.000000000000000000e+00
3.094643554687500000e+02 2.442094573974609375e+02 2.292633666992187500e+02 3.019425272941589355e-01 -9.382759928703308105e-01 -1.687273234128952026e-01 0.000000000000000000e+00 1.000000000000000000e+00
3.092583312988281250e+02 2.448496704101562500e+02 2.293784942626953125e+02 2.944077849388122559e-01 -9.397591352462768555e-01 -1.737146526575088501e-01 0.000000000000000000e+00 1.000000000000000000e+00
3.090538024902343750e+02 2.455025329589843750e+02 2.294991760253906250e+02 2.829351723194122314e-01 -9.420639276504516602e-01 -1.801758110523223877e-01 0.000000000000000000e+00 1.000000000000000000e+00
3.088515930175781250e+02 2.461758117675781250e+02 2.296279449462890625e+02 2.670577466487884521e-01 -9.452120065689086914e-01 -1.877615153789520264e-01 0.000000000000000000e+00 1.000000000000000000e+00
3.086530761718750000e+02 2.468784332275390625e+02 2.297675170898437500e+02 2.466478347778320312e-01 -9.491047859191894531e-01 -1.958696991205215454e-01 0.000000000000000000e+00 1.000000000000000000e+00
3.084608154296875000e+02 2.476182556152343750e+02 2.299201965332031250e+02 2.218718528747558594e-01 -9.533748030662536621e-01 -2.045712769031524658e-01 0.000000000000000000e+00 1.000000000000000000e+00
3.082790222167968750e+02 2.483994140625000000e+02 2.300878143310546875e+02 1.923040002584457397e-01 -9.576568007469177246e-01 -2.142724394798278809e-01 0.000000000000000000e+00 1.000000000000000000e+00
3.081141967773437500e+02 2.492202301025390625e+02 2.302714691162109375e+02 1.575893312692642212e-01 -9.613155722618103027e-01 -2.259158492088317871e-01 0.000000000000000000e+00 1.000000000000000000e+00
3.079743041992187500e+02 2.500735931396484375e+02 2.304720153808593750e+02 1.184094250202178955e-01 -9.633579850196838379e-01 -2.406672388315200806e-01 0.000000000000000000e+00 1.000000000000000000e+00
3.078667907714843750e+02 2.509483032226562500e+02 2.306905364990234375e+02 7.675007730722427368e-02 -9.629175066947937012e-01 -2.586490809917449951e-01 0.000000000000000000e+00 1.000000000000000000e+00
3.077963562011718750e+02 2.518319854736328125e+02 2.309279022216796875e+02 3.722280636429786682e-02 -9.595341682434082031e-01 -2.791211903095245361e-01 0.000000000000000000e+00 1.000000000000000000e+00
3.077621765136718750e+02 2.527130737304687500e+02 2.311842041015625000e+02 5.229862406849861145e-03 -9.536620378494262695e-01 -3.008344173431396484e-01 0.000000000000000000e+00 1.000000000000000000e+00
3.077574157714843750e+02 2.535811920166015625e+02 2.314580535888671875e+02 -1.462118700146675110e-02 -9.466705918312072754e-01 -3.218710720539093018e-01 0.000000000000000000e+00 1.000000000000000000e+00
3.077704772949218750e+02 2.544268798828125000e+02 2.317455902099609375e+02 -2.067690156400203705e-02 -9.398831725120544434e-01 -3.408694565296173096e-01 0.000000000000000000e+00 1.000000000000000000e+00
3.077883911132812500e+02 2.552411651611328125e+02 2.320409088134765625e+02 -1.341773848980665207e-02 -9.340767860412597656e-01 -3.568199574947357178e-01 0.000000000000000000e+00 1.000000000000000000e+00
3.077995300292968750e+02 2.560166015625000000e+02 2.323371276855468750e+02 4.065834917128086090e-03 -9.294497966766357422e-01 -3.689261078834533691e-01 0.000000000000000000e+00 1.000000000000000000e+00
3.077963256835937500e+02 2.567491149902343750e+02 2.326278839111328125e+02 2.812895551323890686e-02 -9.260035753250122070e-01 -3.764653205871582031e-01 0.000000000000000000e+00 1.000000000000000000e+00
3.077753601074218750e+02 2.574393005371093750e+02 2.329084777832031250e+02 5.640432238578796387e-02 -9.237716794013977051e-01 -3.787670731544494629e-01 0.000000000000000000e+00 1.000000000000000000e+00
3.077354431152343750e+02 2.580930480957031250e+02 2.331765289306640625e+02 8.822843432426452637e-02 -9.229152798652648926e-01 -3.747573494911193848e-01 0.000000000000000000e+00 1.000000000000000000e+00
3.076755371093750000e+02 2.587196960449218750e+02 2.334309844970703125e+02 1.252310574054718018e-01 -9.232558012008666992e-01 -3.632023632526397705e-01 0.000000000000000000e+00 1.000000000000000000e+00
3.075927734375000000e+02 2.593298645019531250e+02 2.336710205078125000e+02 1.712784320116043091e-01 -9.240634441375732422e-01 -3.417167961597442627e-01 0.000000000000000000e+00 1.000000000000000000e+00
3.074807739257812500e+02 2.599341125488281250e+02 2.338944702148437500e+02 2.282596975564956665e-01 -9.231568574905395508e-01 -3.093202114105224609e-01 0.000000000000000000e+00 1.000000000000000000e+00
3.073306884765625000e+02 2.605411071777343750e+02 2.340978546142578125e+02 2.954489588737487793e-01 -9.173631072044372559e-01 -2.667487263679504395e-01 0.000000000000000000e+00 1.000000000000000000e+00
3.071321411132812500e+02 2.611575927734375000e+02 2.342771148681640625e+02 3.680371642112731934e-01 -9.038057923316955566e-01 -2.183661013841629028e-01 0.000000000000000000e+00 1.000000000000000000e+00
3.068756103515625000e+02 2.617875671386718750e+02 2.344293212890625000e+02 4.385454058647155762e-01 -8.821852803230285645e-01 -1.715429872274398804e-01 0.000000000000000000e+00 1.000000000000000000e+00
3.065551147460937500e+02 2.624322814941406250e+02 2.345546875000000000e+02 5.009878873825073242e-01 -8.550790548324584961e-01 -1.336073428392410278e-01 0.000000000000000000e+00 1.000000000000000000e+00
3.061697082519531250e+02 2.630900878906250000e+02 2.346574707031250000e+02 5.521551966667175293e-01 -8.266608119010925293e-01 -1.084272637963294983e-01 0.000000000000000000e+00 1.000000000000000000e+00
3.057248535156250000e+02 2.637561035156250000e+02 2.347448272705078125e+02 5.923199057579040527e-01 -8.000359535217285156e-01 -9.539213776588439941e-02 0.000000000000000000e+00 1.000000000000000000e+00
3.052305603027343750e+02 2.644237365722656250e+02 2.348244323730468750e+02 6.229956150054931641e-01 -7.769189476966857910e-01 -9.095793217420578003e-02 0.000000000000000000e+00 1.000000000000000000e+00
3.046994323730468750e+02 2.650860900878906250e+02 2.349019775390625000e+02 6.465303897857666016e-01 -7.576450109481811523e-01 -8.928918838500976562e-02 0.000000000000000000e+00 1.000000000000000000e+00
3.041434631347656250e+02 2.657376098632812500e+02 2.349787597656250000e+02 6.657611131668090820e-01 -7.413150072097778320e-01 -8.493606746196746826e-02 0.000000000000000000e+00 1.000000000000000000e+00
3.035706787109375000e+02 2.663753967285156250e+02 2.350518341064453125e+02 6.824940443038940430e-01 -7.271760702133178711e-01 -7.359915971755981445e-02 0.000000000000000000e+00 1.000000000000000000e+00
3.029847412109375000e+02 2.669996948242187500e+02 2.351150207519531250e+02 6.978256702423095703e-01 -7.142045497894287109e-01 -5.432388558983802795e-02 0.000000000000000000e+00 1.000000000000000000e+00
3.023853454589843750e+02 2.676131591796875000e+02 2.351616821289062500e+02 7.110518217086791992e-01 -7.025611996650695801e-01 -2.851424179971218109e-02 0.000000000000000000e+00 1.000000000000000000e+00
3.017719726562500000e+02 2.682192077636718750e+02 2.351862792968750000e+02 7.213218808174133301e-01 -6.925997734069824219e-01 5.097556859254837036e-04 0.000000000000000000e+00 1.000000000000000000e+00
3.011458129882812500e+02 2.688204345703125000e+02 2.351858367919921875e+02 7.277179956436157227e-01 -6.852403879165649414e-01 2.953139692544937134e-02 0.000000000000000000e+00 1.000000000000000000e+00
3.005111083984375000e+02 2.694180908203125000e+02 2.351600799560546875e+02 7.293220758438110352e-01 -6.817971467971801758e-01 5.693891271948814392e-02 0.000000000000000000e+00 1.000000000000000000e+00
2.998751220703125000e+02 2.700126342773437500e+02 2.351104278564453125e+02 7.256668210029602051e-01 -6.832513213157653809e-01 8.108843117952346802e-02 0.000000000000000000e+00 1.000000000000000000e+00
2.992449340820312500e+02 2.706059875488281250e+02 2.350400085449218750e+02 7.169681787490844727e-01 -6.897022128105163574e-01 1.013291478157043457e-01 0.000000000000000000e+00 1.000000000000000000e+00
2.986254272460937500e+02 2.712019348144531250e+02 2.349524536132812500e+02 7.040494680404663086e-01 -7.003666758537292480e-01 1.174773201346397400e-01 0.000000000000000000e+00 1.000000000000000000e+00
2.980186767578125000e+02 2.718055114746093750e+02 2.348512115478515625e+02 6.880114674568176270e-01 -7.138211727142333984e-01 1.307657212018966675e-01 0.000000000000000000e+00 1.000000000000000000e+00
2.974256286621093750e+02 2.724208068847656250e+02 2.347384948730468750e+02 6.709463000297546387e-01 -7.273833751678466797e-01 1.440294831991195679e-01 0.000000000000000000e+00 1.000000000000000000e+00
2.968469543457031250e+02 2.730481567382812500e+02 2.346142730712890625e+02 6.546875834465026855e-01 -7.387951612472534180e-01 1.598932743072509766e-01 0.000000000000000000e+00 1.000000000000000000e+00
2.962851562500000000e+02 2.736821289062500000e+02 2.344770660400390625e+02 6.414592266082763672e-01 -7.458601593971252441e-01 1.795067936182022095e-01 0.000000000000000000e+00 1.000000000000000000e+00
2.957428894042968750e+02 2.743126525878906250e+02 2.343253173828125000e+02 6.333920359611511230e-01 -7.472906708717346191e-01 2.009256333112716675e-01 0.000000000000000000e+00 1.000000000000000000e+00
2.952213745117187500e+02 2.749279479980468750e+02 2.341598815917968750e+02 6.328557133674621582e-01 -7.424923777580261230e-01 2.195418328046798706e-01 0.000000000000000000e+00 1.000000000000000000e+00
2.947177429199218750e+02 2.755188293457031250e+02 2.339851684570312500e+02 -6.419068574905395508e-01 7.320122718811035156e-01 -2.282843291759490967e-01 0.000000000000000000e+00 1.000000000000000000e+00
2.942248840332031250e+02 2.760808715820312500e+02 2.338098907470703125e+02 -6.600663065910339355e-01 7.176859974861145020e-01 -2.218990772962570190e-01 0.000000000000000000e+00 1.000000000000000000e+00
2.937330017089843750e+02 2.766156921386718750e+02 2.336445312500000000e+02 -6.828624606132507324e-01 7.026574015617370605e-01 -1.999287605285644531e-01 0.000000000000000000e+00 1.000000000000000000e+00
2.932329406738281250e+02 2.771302490234375000e+02 2.334981231689453125e+02 -7.038008570671081543e-01 6.899753212928771973e-01 -1.691107898950576782e-01 0.000000000000000000e+00 1.000000000000000000e+00
2.927202758789062500e+02 2.776328430175781250e+02 2.333749389648437500e+02 -7.174983024597167969e-01 6.825769543647766113e-01 -1.388699710369110107e-01 0.000000000000000000e+00 1.000000000000000000e+00
2.921967163085937500e+02 2.781309204101562500e+02 2.332736053466796875e+02 -7.221345901489257812e-01 6.816418766975402832e-01 -1.178389117121696472e-01 0.000000000000000000e+00 1.000000000000000000e+00
2.916698913574218750e+02 2.786282043457031250e+02 2.331876373291015625e+02 -7.194930315017700195e-01 6.857911944389343262e-01 -1.096364334225654602e-01 0.000000000000000000e+00 1.000000000000000000e+00
2.911486816406250000e+02 2.791250000000000000e+02 2.331082153320312500e+02 -7.129281163215637207e-01 6.920124888420104980e-01 -1.133678853511810303e-01 0.000000000000000000e+00 1.000000000000000000e+00
2.906400146484375000e+02 2.796187438964843750e+02 2.330273284912109375e+02 -7.069478034973144531e-01 6.962370872497558594e-01 -1.244135797023773193e-01 0.000000000000000000e+00 1.000000000000000000e+00
2.901445007324218750e+02 2.801067504882812500e+02 2.329401245117187500e+02 -7.061391472816467285e-01 6.949962973594665527e-01 -1.354538202285766602e-01 0.000000000000000000e+00 1.000000000000000000e+00
2.896552124023437500e+02 2.805883178710937500e+02 2.328462677001953125e+02 -7.127345204353332520e-01 6.872781515121459961e-01 -1.402079015970230103e-01 0.000000000000000000e+00 1.000000000000000000e+00
2.891604919433593750e+02 2.810653686523437500e+02 2.327489471435546875e+02 -7.252637743949890137e-01 6.750398874282836914e-01 -1.353278160095214844e-01 0.000000000000000000e+00 1.000000000000000000e+00
2.886484069824218750e+02 2.815419921875000000e+02 2.326533966064453125e+02 -7.402532696723937988e-01 6.612329483032226562e-01 -1.216391399502754211e-01 0.000000000000000000e+00 1.000000000000000000e+00
2.881106567382812500e+02 2.820223388671875000e+02 2.325650329589843750e+02 -7.538620829582214355e-01 6.489254832267761230e-01 -1.028958484530448914e-01 0.000000000000000000e+00 1.000000000000000000e+00
2.875469970703125000e+02 2.825075378417968750e+02 2.324880981445312500e+02 -7.641431689262390137e-01 6.395959854125976562e-01 -8.367890119552612305e-02 0.000000000000000000e+00 1.000000000000000000e+00
2.869646911621093750e+02 2.829949340820312500e+02 2.324243316650390625e+02 -7.706028223037719727e-01 6.338070631027221680e-01 -6.678265333175659180e-02 0.000000000000000000e+00 1.000000000000000000e+00
2.863750305175781250e+02 2.834799194335937500e+02 2.323732299804687500e+02 -7.745368480682373047e-01 6.302197575569152832e-01 -5.399812385439872742e-02 0.000000000000000000e+00 1.000000000000000000e+00
2.857880249023437500e+02 2.839575500488281250e+02 2.323323059082031250e+02 -7.766598463058471680e-01 6.281849741935729980e-01 -4.672314971685409546e-02 0.000000000000000000e+00 1.000000000000000000e+00
2.852087097167968750e+02 2.844261169433593750e+02 2.322974548339843750e+02 -7.780019044876098633e-01 6.265973448753356934e-01 -4.570275172591209412e-02 0.000000000000000000e+00 1.000000000000000000e+00
2.846349182128906250e+02 2.848882446289062500e+02 2.322637481689453125e+02 -7.792147397994995117e-01 6.246348023414611816e-01 -5.153350904583930969e-02 0.000000000000000000e+00 1.000000000000000000e+00
2.840588073730468750e+02 2.853500671386718750e+02 2.322256469726562500e+02 -7.809053659439086914e-01 6.214292645454406738e-01 -6.334406882524490356e-02 0.000000000000000000e+00 1.000000000000000000e+00
2.834715270996093750e+02 2.858174133300781250e+02 2.321780090332031250e+02 -7.836016416549682617e-01 6.161928176879882812e-01 -7.921461760997772217e-02 0.000000000000000000e+00 1.000000000000000000e+00
2.828670043945312500e+02 2.862927856445312500e+02 2.321168975830078125e+02 -7.881839871406555176e-01 6.078688502311706543e-01 -9.623625874519348145e-02 0.000000000000000000e+00 1.000000000000000000e+00
2.822437744140625000e+02 2.867734375000000000e+02 2.320408020019531250e+02 -7.950993776321411133e-01 5.960678458213806152e-01 -1.118934378027915955e-01 0.000000000000000000e+00 1.000000000000000000e+00
2.816056823730468750e+02 2.872518005371093750e+02 2.319510040283203125e+02 -8.049602508544921875e-01 5.804384946823120117e-01 -1.230048164725303650e-01 0.000000000000000000e+00 1.000000000000000000e+00
2.809586181640625000e+02 2.877183837890625000e+02 2.318521270751953125e+02 -8.181071281433105469e-01 5.609087944030761719e-01 -1.268146634101867676e-01 0.000000000000000000e+00 1.000000000000000000e+00
2.803080444335937500e+02 2.881644287109375000e+02 2.317512817382812500e+02 -8.343443870544433594e-01 5.376886129379272461e-01 -1.214922517538070679e-01 0.000000000000000000e+00 1.000000000000000000e+00
2.796557312011718750e+02 2.885848083496093750e+02 2.316562957763671875e+02 -8.529781103134155273e-01 5.109466314315795898e-01 -1.065925359725952148e-01 0.000000000000000000e+00 1.000000000000000000e+00
2.789989318847656250e+02 2.889782409667968750e+02 2.315742187500000000e+02 -8.726174235343933105e-01 4.810757040977478027e-01 -8.429189026355743408e-02 0.000000000000000000e+00 1.000000000000000000e+00
2.783309020996093750e+02 2.893465270996093750e+02 2.315096893310546875e+02 -8.918730020523071289e-01 4.484661817550659180e-01 -5.865713208913803101e-02 0.000000000000000000e+00 1.000000000000000000e+00
2.776423034667968750e+02 2.896927795410156250e+02 2.314644012451171875e+02 -9.092775583267211914e-01 4.147656559944152832e-01 -3.440603613853454590e-02 0.000000000000000000e+00 1.000000000000000000e+00
2.769241027832031250e+02 2.900203857421875000e+02 2.314372253417968750e+02 -9.243580698966979980e-01 3.812406659126281738e-01 -1.475516892969608307e-02 0.000000000000000000e+00 1.000000000000000000e+00
2.761698913574218750e+02 2.903314514160156250e+02 2.314251861572265625e+02 -9.371110796928405762e-01 3.490306735038757324e-01 -5.953692016191780567e-04 0.000000000000000000e+00 1.000000000000000000e+00
2.753773193359375000e+02 2.906266479492187500e+02 2.314246826171875000e+02 -9.482015371322631836e-01 3.175330460071563721e-01 9.301225654780864716e-03 0.000000000000000000e+00 1.000000000000000000e+00
2.745482177734375000e+02 2.909042968750000000e+02 2.314328155517578125e+02 -9.579832553863525391e-01 2.863141596317291260e-01 1.709591969847679138e-02 0.000000000000000000e+00 1.000000000000000000e+00
2.736880493164062500e+02 2.911613769531250000e+02 2.314481658935546875e+02 -9.669665694236755371e-01 2.536606490612030029e-01 2.513919584453105927e-02 0.000000000000000000e+00 1.000000000000000000e+00
2.728035583496093750e+02 2.913934020996093750e+02 2.314711608886718750e+02 -9.751080274581909180e-01 2.189374864101409912e-01 3.508211672306060791e-02 0.000000000000000000e+00 1.000000000000000000e+00
2.719014587402343750e+02 2.915959472656250000e+02 2.315036163330078125e+02 -9.819918274879455566e-01 1.827518343925476074e-01 4.789403825998306274e-02 0.000000000000000000e+00 1.000000000000000000e+00
2.709879150390625000e+02 2.917659606933593750e+02 2.315481719970703125e+02 -9.871109724044799805e-01 1.472889333963394165e-01 6.259288638830184937e-02 0.000000000000000000e+00 1.000000000000000000e+00
2.700679626464843750e+02 2.919032287597656250e+02 2.316065063476562500e+02 -9.901959300041198730e-01 1.154736950993537903e-01 7.859946787357330322e-02 0.000000000000000000e+00 1.000000000000000000e+00
2.691460266113281250e+02 2.920107421875000000e+02 2.316796875000000000e+02 -9.914188385009765625e-01 8.996738493442535400e-02 9.483937919139862061e-02 0.000000000000000000e+00 1.000000000000000000e+00
2.682269287109375000e+02 2.920941467285156250e+02 2.317676086425781250e+02 -9.911056160926818848e-01 7.254018634557723999e-02 1.115683317184448242e-01 0.000000000000000000e+00 1.000000000000000000e+00
2.673167114257812500e+02 2.921607666015625000e+02 2.318700714111328125e+02 -9.895066022872924805e-01 6.382496654987335205e-02 1.296265125274658203e-01 0.000000000000000000e+00 1.000000000000000000e+00
2.664229736328125000e+02 2.922184143066406250e+02 2.319871520996093750e+02 -9.866323471069335938e-01 6.316250562667846680e-02 1.502234041690826416e-01 0.000000000000000000e+00 1.000000000000000000e+00
2.655549011230468750e+02 2.922739868164062500e+02 2.321193237304687500e+02 -9.822818040847778320e-01 6.972632557153701782e-02 1.739562153816223145e-01 0.000000000000000000e+00 1.000000000000000000e+00
2.647212829589843750e+02 2.923331604003906250e+02 2.322669525146484375e+02 -9.763457179069519043e-01 8.229258656501770020e-02 1.999420374631881714e-01 0.000000000000000000e+00 1.000000000000000000e+00
2.639287109375000000e+02 2.923999633789062500e+02 2.324292602539062500e+02 -9.692386984825134277e-01 9.952831268310546875e-02 2.251010537147521973e-01 0.000000000000000000e+00 1.000000000000000000e+00
2.631780090332031250e+02 2.924770507812500000e+02 2.326036071777343750e+02 -9.623979926109313965e-01 1.182909011840820312e-01 2.445349842309951782e-01 0.000000000000000000e+00 1.000000000000000000e+00
2.624634399414062500e+02 2.925648803710937500e+02 2.327851715087890625e+02 -9.578431248664855957e-01 1.355102956295013428e-01 2.533250749111175537e-01 0.000000000000000000e+00 1.000000000000000000e+00
2.617729492187500000e+02 2.926625671386718750e+02 2.329677886962890625e+02 -9.574765563011169434e-01 1.466586738824844360e-01 2.484550476074218750e-01 0.000000000000000000e+00 1.000000000000000000e+00
2.610903625488281250e+02 2.927671203613281250e+02 2.331449127197265625e+02 -9.617714285850524902e-01 1.486947834491729736e-01 2.299685627222061157e-01 0.000000000000000000e+00 1.000000000000000000e+00
2.603975219726562500e+02 2.928742370605468750e+02 2.333105773925781250e+02 -9.694545865058898926e-01 1.403541713953018188e-01 2.011428177356719971e-01 0.000000000000000000e+00 1.000000000000000000e+00
2.596774597167968750e+02 2.929784851074218750e+02 2.334599761962890625e+02 -9.784866571426391602e-01 1.221684738993644714e-01 1.662488728761672974e-01 0.000000000000000000e+00 1.000000000000000000e+00
2.589170532226562500e+02 2.930734252929687500e+02 2.335891723632812500e+02 -9.868849515914916992e-01 9.623964130878448486e-02 1.295992434024810791e-01 0.000000000000000000e+00 1.000000000000000000e+00
2.581090393066406250e+02 2.931522216796875000e+02 2.336952819824218750e+02 -9.935278892517089844e-01 6.462720036506652832e-02 9.341148287057876587e-02 0.000000000000000000e+00 1.000000000000000000e+00
2.572542419433593750e+02 2.932078247070312500e+02 2.337756500244140625e+02 -9.978628754615783691e-01 2.921539917588233948e-02 5.844786390662193298e-02 0.000000000000000000e+00 1.000000000000000000e+00
2.563619995117187500e+02 2.932339477539062500e+02 2.338279113769531250e+02 -9.996734857559204102e-01 -7.880120538175106049e-03 2.430816926062107086e-02 0.000000000000000000e+00 1.000000000000000000e+00
2.554483337402343750e+02 2.932267456054687500e+02 2.338501281738281250e+02 -9.989383220672607422e-01 -4.521963745355606079e-02 -8.794554509222507477e-03 0.000000000000000000e+00 1.000000000000000000e+00
2.545314788818359375e+02 2.931852416992187500e+02 2.338420562744140625e+02 -9.960338473320007324e-01 -7.966253161430358887e-02 -3.962950408458709717e-02 0.000000000000000000e+00 1.000000000000000000e+00
2.536275482177734375e+02 2.931129455566406250e+02 2.338060913085937500e+02 -9.920859336853027344e-01 -1.074947118759155273e-01 -6.488821655511856079e-02 0.000000000000000000e+00 1.000000000000000000e+00
2.527456970214843750e+02 2.930173950195312500e+02 2.337484130859375000e+02 -9.889031648635864258e-01 -1.254462003707885742e-01 -7.958509027957916260e-02 0.000000000000000000e+00 1.000000000000000000e+00
2.518866119384765625e+02 2.929084167480468750e+02 2.336792755126953125e+02 -9.880213737487792969e-01 -1.321499049663543701e-01 -7.968810945749282837e-02 0.000000000000000000e+00 1.000000000000000000e+00
2.510460510253906250e+02 2.927959899902343750e+02 2.336114807128906250e+02 -9.893462061882019043e-01 -1.305826902389526367e-01 -6.436121463775634766e-02 0.000000000000000000e+00 1.000000000000000000e+00
2.502183074951171875e+02 2.926867370605468750e+02 2.335576324462890625e+02 -9.912971854209899902e-01 -1.263880282640457153e-01 -3.682156652212142944e-02 0.000000000000000000e+00 1.000000000000000000e+00
2.494004211425781250e+02 2.925824584960937500e+02 2.335272521972656250e+02 -9.919476509094238281e-01 -1.265749484300613403e-01 -4.314202349632978439e-03 0.000000000000000000e+00 1.000000000000000000e+00
2.485934906005859375e+02 2.924794921875000000e+02 2.335237426757812500e+02 -9.903711676597595215e-01 -1.363450735807418823e-01 2.397674322128295898e-02 0.000000000000000000e+00 1.000000000000000000e+00
2.478012390136718750e+02 2.923704223632812500e+02 2.335429229736328125e+02 -9.866631031036376953e-01 -1.578489691019058228e-01 3.974446281790733337e-02 0.000000000000000000e+00 1.000000000000000000e+00
2.470277252197265625e+02 2.922466735839843750e+02 2.335740814208984375e+02 -9.812706708908081055e-01 -1.891179084777832031e-01 3.663686662912368774e-02 0.000000000000000000e+00 1.000000000000000000e+00
2.462757415771484375e+02 2.921017456054687500e+02 2.336021575927734375e+02 -9.739055037498474121e-01 -2.266545146703720093e-01 1.165255997329950333e-02 0.000000000000000000e+00 1.000000000000000000e+00
2.455462646484375000e+02 2.919319763183593750e+02 2.336108856201171875e+02 -9.635090231895446777e-01 -2.656292617321014404e-01 -3.303732722997665405e-02 0.000000000000000000e+00 1.000000000000000000e+00
2.448391418457031250e+02 2.917370300292968750e+02 2.335866394042968750e+02 -9.488472938537597656e-01 -3.022199571132659912e-01 -9.138847887516021729e-02 0.000000000000000000e+00 1.000000000000000000e+00
2.441537933349609375e+02 2.915187377929687500e+02 2.335206298828125000e+02 -9.302678704261779785e-01 -3.325430452823638916e-01 -1.549735963344573975e-01 0.000000000000000000e+00 1.000000000000000000e+00
2.434878997802734375e+02 2.912807006835937500e+02 2.334096984863281250e+02 -9.100493788719177246e-01 -3.535796701908111572e-01 -2.163135856389999390e-01 0.000000000000000000e+00 1.000000000000000000e+00
2.428372192382812500e+02 2.910278930664062500e+02 2.332550354003906250e+02 -8.927812576293945312e-01 -3.605955839157104492e-01 -2.700229585170745850e-01 0.000000000000000000e+00 1.000000000000000000e+00
2.421942291259765625e+02 2.907681884765625000e+02 2.330605621337890625e+02 -8.816105723381042480e-01 -3.511317372322082520e-01 -3.153876662254333496e-01 0.000000000000000000e+00 1.000000000000000000e+00
2.415502929687500000e+02 2.905117187500000000e+02 2.328302001953125000e+02 -8.772306442260742188e-01 -3.238253891468048096e-01 -3.544059395790100098e-01 0.000000000000000000e+00 1.000000000000000000e+00
2.408981018066406250e+02 2.902709655761718750e+02 2.325667114257812500e+02 -8.769119381904602051e-01 -2.818969488143920898e-01 -3.893064260482788086e-01 0.000000000000000000e+00 1.000000000000000000e+00
2.402342376708984375e+02 2.900575561523437500e+02 2.322719879150390625e+02 -8.765946626663208008e-01 -2.311466187238693237e-01 -4.220817387104034424e-01 0.000000000000000000e+00 1.000000000000000000e+00
2.395603179931640625e+02 2.898798522949218750e+02 2.319474945068359375e+02 -8.730897307395935059e-01 -1.783934682607650757e-01 -4.537510275840759277e-01 0.000000000000000000e+00 1.000000000000000000e+00
2.388828277587890625e+02 2.897414245605468750e+02 2.315953979492187500e+02 -8.652467131614685059e-01 -1.283491253852844238e-01 -4.846387207508087158e-01 0.000000000000000000e+00 1.000000000000000000e+00
2.382107086181640625e+02 2.896417236328125000e+02 2.312189331054687500e+02 -8.542509675025939941e-01 -8.246193081140518188e-02 -5.132790207862854004e-01 0.000000000000000000e+00 1.000000000000000000e+00
2.375521850585937500e+02 2.895781555175781250e+02 2.308232574462890625e+02 -8.417130112648010254e-01 -3.821675479412078857e-02 -5.385709404945373535e-01 0.000000000000000000e+00 1.000000000000000000e+00
2.369129791259765625e+02 2.895491333007812500e+02 2.304142608642578125e+02 -8.297571539878845215e-01 7.457386236637830734e-03 -5.580747127532958984e-01 0.000000000000000000e+00 1.000000000000000000e+00
2.362949829101562500e+02 2.895546875000000000e+02 2.299986114501953125e+02 -8.195414543151855469e-01 5.694717913866043091e-02 -5.701830983161926270e-01 0.000000000000000000e+00 1.000000000000000000e+00
2.356972503662109375e+02 2.895962219238281250e+02 2.295827484130859375e+02 -8.113688826560974121e-01 1.090302988886833191e-01 -5.742760300636291504e-01 0.000000000000000000e+00 1.000000000000000000e+00
2.351170043945312500e+02 2.896741943359375000e+02 2.291720581054687500e+02 -8.043017983436584473e-01 1.604658067226409912e-01 -5.721445083618164062e-01 0.000000000000000000e+00 1.000000000000000000e+00
2.345508880615234375e+02 2.897871398925781250e+02 2.287693481445312500e+02 -7.969573140144348145e-01 2.063932567834854126e-01 -5.676802992820739746e-01 0.000000000000000000e+00 1.000000000000000000e+00
2.339971618652343750e+02 2.899305419921875000e+02 2.283749237060546875e+02 -7.879580259323120117e-01 2.443067282438278198e-01 -5.651869177818298340e-01 0.000000000000000000e+00 1.000000000000000000e+00
2.334556121826171875e+02 2.900984497070312500e+02 2.279864807128906250e+02 -7.757452726364135742e-01 2.746123969554901123e-01 -5.681612491607666016e-01 0.000000000000000000e+00 1.000000000000000000e+00
2.329274139404296875e+02 2.902854309082031250e+02 2.275996246337890625e+02 -7.598027586936950684e-01 2.985818684101104736e-01 -5.775368213653564453e-01 0.000000000000000000e+00 1.000000000000000000e+00
2.324140930175781250e+02 2.904871520996093750e+02 2.272094421386718750e+02 -7.392938733100891113e-01 3.189324736595153809e-01 -5.930654406547546387e-01 0.000000000000000000e+00 1.000000000000000000e+00
2.319172821044921875e+02 2.907014770507812500e+02 2.268108978271484375e+02 -7.143703699111938477e-01 3.364689052104949951e-01 -6.135662794113159180e-01 0.000000000000000000e+00 1.000000000000000000e+00
2.314384613037109375e+02 2.909270019531250000e+02 2.263996429443359375e+02 -6.852047443389892578e-01 3.521516919136047363e-01 -6.375607252120971680e-01 0.000000000000000000e+00 1.000000000000000000e+00
2.309791564941406250e+02 2.911630554199218750e+02 2.259722747802734375e+02 -6.528795361518859863e-01 3.659906685352325439e-01 -6.631734371185302734e-01 0.000000000000000000e+00 1.000000000000000000e+00
2.305407562255859375e+02 2.914088134765625000e+02 2.255269622802734375e+02 -6.186777949333190918e-01 3.776642084121704102e-01 -6.889176964759826660e-01 0.000000000000000000e+00 1.000000000000000000e+00
2.301241149902343750e+02 2.916631469726562500e+02 2.250630187988281250e+02 -5.840147137641906738e-01 3.874595761299133301e-01 -7.133035063743591309e-01 0.000000000000000000e+00 1.000000000000000000e+00
2.297298583984375000e+02 2.919247131347656250e+02 2.245814819335937500e+02 -5.502356886863708496e-01 3.953557014465332031e-01 -7.354825735092163086e-01 0.000000000000000000e+00 1.000000000000000000e+00
2.293577117919921875e+02 2.921921081542968750e+02 2.240840454101562500e+02 -5.178723931312561035e-01 4.014452099800109863e-01 -7.554137110710144043e-01 0.000000000000000000e+00 1.000000000000000000e+00
2.290070190429687500e+02 2.924639587402343750e+02 2.235724945068359375e+02 -4.869114458560943604e-01 4.055643677711486816e-01 -7.735856175422668457e-01 0.000000000000000000e+00 1.000000000000000000e+00
2.286771240234375000e+02 2.927387390136718750e+02 2.230483703613281250e+02 -4.567973911762237549e-01 4.075040221214294434e-01 -7.907443046569824219e-01 0.000000000000000000e+00 1.000000000000000000e+00
2.283677368164062500e+02 2.930147399902343750e+02 2.225128021240234375e+02 -4.265319406986236572e-01 4.074334800243377686e-01 -8.075075149536132812e-01 0.000000000000000000e+00 1.000000000000000000e+00
2.280794372558593750e+02 2.932901306152343750e+02 2.219669952392578125e+02 -3.957940638065338135e-01 4.054387509822845459e-01 -8.239942193031311035e-01 0.000000000000000000e+00 1.000000000000000000e+00
2.278133087158203125e+02 2.935627441406250000e+02 2.214129486083984375e+02 -3.640234470367431641e-01 4.012958109378814697e-01 -8.405050039291381836e-01 0.000000000000000000e+00 1.000000000000000000e+00
2.275706939697265625e+02 2.938302001953125000e+02 2.208527679443359375e+02 -3.311662375926971436e-01 3.945918977260589600e-01 -8.571034073829650879e-01 0.000000000000000000e+00 1.000000000000000000e+00
2.273525543212890625e+02 2.940901184082031250e+02 2.202881927490234375e+02 -2.980943620204925537e-01 3.837736248970031738e-01 -8.739894032478332520e-01 0.000000000000000000e+00 1.000000000000000000e+00
2.271586761474609375e+02 2.943397216796875000e+02 2.197197570800781250e+02 -2.665218710899353027e-01 3.676457703113555908e-01 -8.909559845924377441e-01 0.000000000000000000e+00 1.000000000000000000e+00
2.269869537353515625e+02 2.945765991210937500e+02 2.191457061767578125e+02 -2.392839789390563965e-01 3.456456363201141357e-01 -9.073435664176940918e-01 0.000000000000000000e+00 1.000000000000000000e+00
2.268334045410156250e+02 2.947984008789062500e+02 2.185634613037109375e+02 -2.192154526710510254e-01 3.185222446918487549e-01 -9.222191572189331055e-01 0.000000000000000000e+00 1.000000000000000000e+00
2.266924743652343750e+02 2.950031738281250000e+02 2.179705810546875000e+02 -2.088672816753387451e-01 2.878911495208740234e-01 -9.346085786819458008e-01 0.000000000000000000e+00 1.000000000000000000e+00
2.265573272705078125e+02 2.951894531250000000e+02 2.173658447265625000e+02 -2.095382064580917358e-01 2.559594810009002686e-01 -9.437046051025390625e-01 0.000000000000000000e+00 1.000000000000000000e+00
2.264204711914062500e+02 2.953566284179687500e+02 2.167494812011718750e+02 -2.208167016506195068e-01 2.255493253469467163e-01 -9.488769769668579102e-01 0.000000000000000000e+00 1.000000000000000000e+00
2.262745208740234375e+02 2.955057067871093750e+02 2.161223144531250000e+02 -2.411333620548248291e-01 1.985027939081192017e-01 -9.499744176864624023e-01 0.000000000000000000e+00 1.000000000000000000e+00
2.261127777099609375e+02 2.956388549804687500e+02 2.154851074218750000e+02 -2.675253450870513916e-01 1.762661784887313843e-01 -9.472911357879638672e-01 0.000000000000000000e+00 1.000000000000000000e+00
2.259299621582031250e+02 2.957593078613281250e+02 2.148377685546875000e+02 -2.955056130886077881e-01 1.594424843788146973e-01 -9.419418573379516602e-01 0.000000000000000000e+00 1.000000000000000000e+00
2.257234039306640625e+02 2.958707580566406250e+02 2.141793518066406250e+02 -3.214396238327026367e-01 1.476320177316665649e-01 -9.353509545326232910e-01 0.000000000000000000e+00 1.000000000000000000e+00
2.254933013916015625e+02 2.959764404296875000e+02 2.135097808837890625e+02 -3.412212431430816650e-01 1.396729201078414917e-01 -9.295480847358703613e-01 0.000000000000000000e+00 1.000000000000000000e+00
2.252434692382812500e+02 2.960787048339843750e+02 2.128291931152343750e+02 -3.541933596134185791e-01 1.340058147907257080e-01 -9.255211949348449707e-01 0.000000000000000000e+00 1.000000000000000000e+00
2.249797058105468750e+02 2.961784973144531250e+02 2.121399688720703125e+02 -3.629573285579681396e-01 1.288359910249710083e-01 -9.228560924530029297e-01 0.000000000000000000e+00 1.000000000000000000e+00
2.247078552246093750e+02 2.962749938964843750e+02 2.114487609863281250e+02 -3.752703070640563965e-01 1.215975806117057800e-01 -9.189049005508422852e-01 0.000000000000000000e+00 1.000000000000000000e+00
2.244307708740234375e+02 2.963647766113281250e+02 2.107702789306640625e+02 -4.036732017993927002e-01 1.092528849840164185e-01 -9.083566069602966309e-01 0.000000000000000000e+00 1.000000000000000000e+00
2.241460571289062500e+02 2.964418334960937500e+02 2.101296081542968750e+02 -4.644796550273895264e-01 8.692874759435653687e-02 -8.813070058822631836e-01 0.000000000000000000e+00 1.000000000000000000e+00
2.238465118408203125e+02 2.964978942871093750e+02 2.095612487792968750e+02 -5.791831016540527344e-01 4.641716927289962769e-02 -8.138748407363891602e-01 0.000000000000000000e+00 1.000000000000000000e+00
2.235209350585937500e+02 2.965239868164062500e+02 2.091037445068359375e+02 -7.552496194839477539e-01 -2.220761030912399292e-02 -6.550608277320861816e-01 0.000000000000000000e+00 1.000000000000000000e+00
2.231587219238281250e+02 2.965133361816406250e+02 2.087895812988281250e+02 -9.274530410766601562e-01 -1.137488707900047302e-01 -3.562191128730773926e-01 0.000000000000000000e+00 1.000000000000000000e+00
2.227551269531250000e+02 2.964638366699218750e+02 2.086345672607421875e+02 -9.821467995643615723e-01 -1.880300492048263550e-01 -5.692715290933847427e-03 0.000000000000000000e+00 1.000000000000000000e+00
2.223154907226562500e+02 2.963796691894531250e+02 2.086320190429687500e+02 -9.426999688148498535e-01 -2.235629856586456299e-01 2.476616501808166504e-01 0.000000000000000000e+00 1.000000000000000000e+00
2.218564758300781250e+02 2.962708129882812500e+02 2.087526092529296875e+02 -8.889251947402954102e-01 -2.355645745992660522e-01 3.928373456001281738e-01 0.000000000000000000e+00 1.000000000000000000e+00
2.214037780761718750e+02 2.961508483886718750e+02 2.089526672363281250e+02 -8.486476540565490723e-01 -2.384911924600601196e-01 4.721430540084838867e-01 0.000000000000000000e+00 1.000000000000000000e+00
2.209863433837890625e+02 2.960335388183593750e+02 2.091849060058593750e+02 -8.227594494819641113e-01 -2.380367815494537354e-01 5.161447525024414062e-01 0.000000000000000000e+00 1.000000000000000000e+00
2.206291809082031250e+02 2.959302062988281250e+02 2.094089660644531250e+02 -8.227594494819641113e-01 -2.380367815494537354e-01 5.161447525024414062e-01 0.000000000000000000e+00 1.000000000000000000e+00
