2.093530120849609375e+02 3.276456298828125000e+02 6.555293273925781250e+01 1.121256686747074127e-02 9.989051222801208496e-01 4.541837051510810852e-02 0.000000000000000000e+00 2.000000000000000000e+00
2.093472900390625000e+02 3.271358642578125000e+02 6.552975463867187500e+01 8.495763875544071198e-03 9.990740418434143066e-01 4.217787832021713257e-02 0.000000000000000000e+00 2.000000000000000000e+00
2.093416900634765625e+02 3.264773254394531250e+02 6.550195312500000000e+01 4.838465247303247452e-03 9.992198348045349121e-01 3.919732570648193359e-02 0.000000000000000000e+00 2.000000000000000000e+00
2.093378448486328125e+02 3.256832275390625000e+02 6.547080230712890625e+01 -3.379158806637860835e-05 9.993185997009277344e-01 3.690886124968528748e-02 0.000000000000000000e+00 2.000000000000000000e+00
2.093378753662109375e+02 3.247807312011718750e+02 6.543746948242187500e+01 -6.870467681437730789e-03 9.993407726287841797e-01 3.564835712313652039e-02 0.000000000000000000e+00 2.000000000000000000e+00
2.093445892333984375e+02 3.238041687011718750e+02 6.540263366699218750e+01 -1.623379439115524292e-02 9.992335438728332520e-01 3.561832383275032043e-02 0.000000000000000000e+00 2.000000000000000000e+00
2.093610992431640625e+02 3.227879333496093750e+02 6.536640930175781250e+01 -2.909373864531517029e-02 9.989048242568969727e-01 3.664206340909004211e-02 0.000000000000000000e+00 2.000000000000000000e+00
2.093909759521484375e+02 3.217621459960937500e+02 6.532878112792968750e+01 -4.591904580593109131e-02 9.982087612152099609e-01 3.834865242242813110e-02 0.000000000000000000e+00 2.000000000000000000e+00
2.094375305175781250e+02 3.207501220703125000e+02 6.528990173339843750e+01 -6.678012758493423462e-02 9.969540238380432129e-01 4.028685018420219421e-02 0.000000000000000000e+00 2.000000000000000000e+00
2.095032043457031250e+02 3.197696838378906250e+02 6.525028228759765625e+01 -9.141393750905990601e-02 9.949320554733276367e-01 4.187781363725662231e-02 0.000000000000000000e+00 2.000000000000000000e+00
2.095893554687500000e+02 3.188320312500000000e+02 6.521081542968750000e+01 -1.184404417872428894e-01 9.919961094856262207e-01 4.376703500747680664e-02 0.000000000000000000e+00 2.000000000000000000e+00
2.096956634521484375e+02 3.179416503906250000e+02 6.517153167724609375e+01 -1.457736790180206299e-01 9.881801009178161621e-01 4.743528366088867188e-02 0.000000000000000000e+00 2.000000000000000000e+00
2.098204193115234375e+02 3.170959472656250000e+02 6.513093566894531250e+01 -1.701785922050476074e-01 9.838790893554687500e-01 5.496526136994361877e-02 0.000000000000000000e+00 2.000000000000000000e+00
2.099607543945312500e+02 3.162846069335937500e+02 6.508560943603515625e+01 -1.895120739936828613e-01 9.795269370079040527e-01 6.791242957115173340e-02 0.000000000000000000e+00 2.000000000000000000e+00
2.101137237548828125e+02 3.154939575195312500e+02 6.503079223632812500e+01 -2.032931745052337646e-01 9.753358364105224609e-01 8.597575128078460693e-02 0.000000000000000000e+00 2.000000000000000000e+00
2.102769317626953125e+02 3.147109375000000000e+02 6.496176910400390625e+01 -2.128384411334991455e-01 9.712064266204833984e-01 1.070422753691673279e-01 0.000000000000000000e+00 2.000000000000000000e+00
2.104489440917968750e+02 3.139260253906250000e+02 6.487525939941406250e+01 -2.213217020034790039e-01 9.667989015579223633e-01 1.277358382940292358e-01 0.000000000000000000e+00 2.000000000000000000e+00
2.106299133300781250e+02 3.131354980468750000e+02 6.477081298828125000e+01 -2.311455607414245605e-01 9.620264172554016113e-01 1.451791375875473022e-01 0.000000000000000000e+00 2.000000000000000000e+00
2.108209381103515625e+02 3.123404541015625000e+02 6.465083312988281250e+01 -2.436987757682800293e-01 9.568628668785095215e-01 1.581905931234359741e-01 0.000000000000000000e+00 2.000000000000000000e+00
2.110237426757812500e+02 3.115441589355468750e+02 6.451918792724609375e+01 -2.581939399242401123e-01 9.514871239662170410e-01 1.673563867807388306e-01 0.000000000000000000e+00 2.000000000000000000e+00
2.112393188476562500e+02 3.107497253417968750e+02 6.437945556640625000e+01 -2.727551460266113281e-01 9.461216926574707031e-01 1.745232343673706055e-01 0.000000000000000000e+00 2.000000000000000000e+00
2.114678955078125000e+02 3.099568481445312500e+02 6.423320007324218750e+01 -2.850208580493927002e-01 9.410648941993713379e-01 1.820986717939376831e-01 0.000000000000000000e+00 2.000000000000000000e+00
2.117080993652343750e+02 3.091637573242187500e+02 6.407973480224609375e+01 -2.932761609554290771e-01 9.366026520729064941e-01 1.917405873537063599e-01 0.000000000000000000e+00 2.000000000000000000e+00
2.119574127197265625e+02 3.083675537109375000e+02 6.391673660278320312e+01 -2.976752817630767822e-01 9.326756000518798828e-01 2.037294209003448486e-01 0.000000000000000000e+00 2.000000000000000000e+00
2.122128753662109375e+02 3.075671386718750000e+02 6.374189758300781250e+01 -2.999980449676513672e-01 9.289132356643676758e-01 2.170745283365249634e-01 0.000000000000000000e+00 2.000000000000000000e+00
2.124716796875000000e+02 3.067657775878906250e+02 6.355463027954101562e+01 -3.025503754615783691e-01 9.248275756835937500e-01 2.305585592985153198e-01 0.000000000000000000e+00 2.000000000000000000e+00
2.127315826416015625e+02 3.059713134765625000e+02 6.335657119750976562e+01 -3.076199889183044434e-01 9.199622869491577148e-01 2.429801225662231445e-01 0.000000000000000000e+00 2.000000000000000000e+00
2.129907684326171875e+02 3.051961975097656250e+02 6.315184783935546875e+01 -3.155118525028228760e-01 9.141979813575744629e-01 2.543510496616363525e-01 0.000000000000000000e+00 2.000000000000000000e+00
2.132472839355468750e+02 3.044529418945312500e+02 6.294505691528320312e+01 -3.244178891181945801e-01 9.077786207199096680e-01 2.658777534961700439e-01 0.000000000000000000e+00 2.000000000000000000e+00
2.134983673095703125e+02 3.037503662109375000e+02 6.273928070068359375e+01 -3.310261666774749756e-01 9.015163183212280273e-01 2.787294983863830566e-01 0.000000000000000000e+00 2.000000000000000000e+00
2.137404327392578125e+02 3.030911254882812500e+02 6.253545761108398438e+01 -3.302606940269470215e-01 8.967868089675903320e-01 2.944508790969848633e-01 0.000000000000000000e+00 2.000000000000000000e+00
2.139692535400390625e+02 3.024697875976562500e+02 6.233144760131835938e+01 -3.189291656017303467e-01 8.944785594940185547e-01 3.133564591407775879e-01 0.000000000000000000e+00 2.000000000000000000e+00
2.141814575195312500e+02 3.018746337890625000e+02 6.212295150756835938e+01 -2.974171340465545654e-01 8.944261074066162109e-01 3.339833915233612061e-01 0.000000000000000000e+00 2.000000000000000000e+00
2.143755340576171875e+02 3.012909851074218750e+02 6.190501403808593750e+01 -2.705424427986145020e-01 8.952105045318603516e-01 3.541256189346313477e-01 0.000000000000000000e+00 2.000000000000000000e+00
2.145523986816406250e+02 3.007057495117187500e+02 6.167350769042968750e+01 -2.436982840299606323e-01 8.956617116928100586e-01 3.720232844352722168e-01 0.000000000000000000e+00 2.000000000000000000e+00
2.147146148681640625e+02 3.001095581054687500e+02 6.142587280273437500e+01 -2.200727015733718872e-01 8.948729038238525391e-01 3.882918953895568848e-01 0.000000000000000000e+00 2.000000000000000000e+00
2.148647613525390625e+02 2.994990234375000000e+02 6.116095733642578125e+01 -1.989413052797317505e-01 8.928002119064331055e-01 4.041411876678466797e-01 0.000000000000000000e+00 2.000000000000000000e+00
2.150037231445312500e+02 2.988753967285156250e+02 6.087866210937500000e+01 -1.774720847606658936e-01 8.895297050476074219e-01 4.209995269775390625e-01 0.000000000000000000e+00 2.000000000000000000e+00
2.151298065185546875e+02 2.982434387207031250e+02 6.057956695556640625e+01 -1.531172394752502441e-01 8.851837515830993652e-01 4.393229782581329346e-01 0.000000000000000000e+00 2.000000000000000000e+00
2.152395172119140625e+02 2.976091918945312500e+02 6.026478576660156250e+01 -1.246564686298370361e-01 8.798979520797729492e-01 4.585197269916534424e-01 0.000000000000000000e+00 2.000000000000000000e+00
2.153288574218750000e+02 2.969785766601562500e+02 5.993616867065429688e+01 -9.394583106040954590e-02 8.737882971763610840e-01 4.771459400653839111e-01 0.000000000000000000e+00 2.000000000000000000e+00
2.153958282470703125e+02 2.963556823730468750e+02 5.959602737426757812e+01 -6.379985809326171875e-02 8.674795627593994141e-01 4.933646917343139648e-01 0.000000000000000000e+00 2.000000000000000000e+00
2.154409484863281250e+02 2.957421875000000000e+02 5.924711227416992188e+01 -3.762832656502723694e-02 8.617104291915893555e-01 5.060031414031982422e-01 0.000000000000000000e+00 2.000000000000000000e+00
2.154673461914062500e+02 2.951376647949218750e+02 5.889213180541992188e+01 -1.753577589988708496e-02 8.570857048034667969e-01 5.148753523826599121e-01 0.000000000000000000e+00 2.000000000000000000e+00
2.154795684814453125e+02 2.945402832031250000e+02 5.853326797485351562e+01 -3.960445523262023926e-03 8.538280725479125977e-01 5.205400586128234863e-01 0.000000000000000000e+00 2.000000000000000000e+00
2.154823150634765625e+02 2.939481506347656250e+02 5.817227172851562500e+01 4.124888684600591660e-03 8.518888354301452637e-01 5.237064957618713379e-01 0.000000000000000000e+00 2.000000000000000000e+00
2.154794616699218750e+02 2.933588562011718750e+02 5.780999755859375000e+01 8.525369688868522644e-03 8.509025573730468750e-01 5.252544283866882324e-01 0.000000000000000000e+00 2.000000000000000000e+00
2.154735717773437500e+02 2.927709960937500000e+02 5.744711685180664062e+01 1.054523792117834091e-02 8.503839373588562012e-01 5.260570645332336426e-01 0.000000000000000000e+00 2.000000000000000000e+00
2.154662933349609375e+02 2.921840515136718750e+02 5.708402633666992188e+01 1.101060677319765091e-02 8.501603603363037109e-01 5.264087319374084473e-01 0.000000000000000000e+00 2.000000000000000000e+00
2.154586944580078125e+02 2.915973205566406250e+02 5.672072982788085938e+01 1.034256163984537125e-02 8.500790596008300781e-01 5.265535116195678711e-01 0.000000000000000000e+00 2.000000000000000000e+00
2.154515533447265625e+02 2.910103759765625000e+02 5.635716629028320312e+01 8.254467509686946869e-03 8.500335812568664551e-01 5.266637206077575684e-01 0.000000000000000000e+00 2.000000000000000000e+00
2.154458465576171875e+02 2.904226989746093750e+02 5.599305343627929688e+01 4.315305966883897781e-03 8.499831557273864746e-01 5.267920494079589844e-01 0.000000000000000000e+00 2.000000000000000000e+00
2.154428558349609375e+02 2.898336181640625000e+02 5.562796020507812500e+01 -2.499138936400413513e-03 8.500141501426696777e-01 5.267538428306579590e-01 0.000000000000000000e+00 2.000000000000000000e+00
2.154445953369140625e+02 2.892419738769531250e+02 5.526131820678710938e+01 -1.295249350368976593e-02 8.501624464988708496e-01 5.263610482215881348e-01 0.000000000000000000e+00 2.000000000000000000e+00
2.154536743164062500e+02 2.886460571289062500e+02 5.489236831665039062e+01 -2.747405692934989929e-02 8.504244089126586914e-01 5.253793597221374512e-01 0.000000000000000000e+00 2.000000000000000000e+00
2.154731292724609375e+02 2.880438537597656250e+02 5.452033615112304688e+01 -4.553702846169471741e-02 8.510170578956604004e-01 5.231600403785705566e-01 0.000000000000000000e+00 2.000000000000000000e+00
2.155057983398437500e+02 2.874333190917968750e+02 5.414501190185546875e+01 -6.584261357784271240e-02 8.518047332763671875e-01 5.197050571441650391e-01 0.000000000000000000e+00 2.000000000000000000e+00
2.155537414550781250e+02 2.868130798339843750e+02 5.376659011840820312e+01 -8.662778884172439575e-02 8.527725934982299805e-01 5.150481462478637695e-01 0.000000000000000000e+00 2.000000000000000000e+00
2.156177520751953125e+02 2.861829528808593750e+02 5.338601303100585938e+01 -1.062154322862625122e-01 8.537654876708984375e-01 5.097085237503051758e-01 0.000000000000000000e+00 2.000000000000000000e+00
2.156971435546875000e+02 2.855447998046875000e+02 5.300502777099609375e+01 -1.232739686965942383e-01 8.546913862228393555e-01 5.042878389358520508e-01 0.000000000000000000e+00 2.000000000000000000e+00
2.157897491455078125e+02 2.849027404785156250e+02 5.262619781494140625e+01 -1.372018009424209595e-01 8.554695844650268555e-01 4.993471801280975342e-01 0.000000000000000000e+00 2.000000000000000000e+00
2.158922882080078125e+02 2.842633972167968750e+02 5.225300598144531250e+01 -1.476227194070816040e-01 8.565521836280822754e-01 4.944956302642822266e-01 0.000000000000000000e+00 2.000000000000000000e+00
2.160008087158203125e+02 2.836337280273437500e+02 5.188949203491210938e+01 -1.544174849987030029e-01 8.583073019981384277e-01 4.893503785133361816e-01 0.000000000000000000e+00 2.000000000000000000e+00
2.161110229492187500e+02 2.830211181640625000e+02 5.154022216796875000e+01 -1.570982784032821655e-01 8.617950081825256348e-01 4.823168218135833740e-01 0.000000000000000000e+00 2.000000000000000000e+00
2.162188415527343750e+02 2.824296569824218750e+02 5.120920181274414062e+01 -1.546829491853713989e-01 8.679766654968261719e-01 4.719000458717346191e-01 0.000000000000000000e+00 2.000000000000000000e+00
2.163206787109375000e+02 2.818582153320312500e+02 5.089852142333984375e+01 -1.466828733682632446e-01 8.772672414779663086e-01 4.570409357547760010e-01 0.000000000000000000e+00 2.000000000000000000e+00
2.164140014648437500e+02 2.813000793457031250e+02 5.060774230957031250e+01 -1.329991370439529419e-01 8.887913823127746582e-01 4.385897815227508545e-01 0.000000000000000000e+00 2.000000000000000000e+00
2.164971923828125000e+02 2.807441406250000000e+02 5.033340454101562500e+01 -1.155816167593002319e-01 9.003098011016845703e-01 4.196228682994842529e-01 0.000000000000000000e+00 2.000000000000000000e+00
2.165699310302734375e+02 2.801775512695312500e+02 5.006932449340820312e+01 -9.728613495826721191e-02 9.096995592117309570e-01 4.037103950977325439e-01 0.000000000000000000e+00 2.000000000000000000e+00
2.166329650878906250e+02 2.795881347656250000e+02 4.980775070190429688e+01 -8.055225014686584473e-02 9.155341386795043945e-01 3.940921127796173096e-01 0.000000000000000000e+00 2.000000000000000000e+00
2.166876220703125000e+02 2.789669189453125000e+02 4.954034805297851562e+01 -6.790164858102798462e-02 9.174702167510986328e-01 3.919665813446044922e-01 0.000000000000000000e+00 2.000000000000000000e+00
2.167363128662109375e+02 2.783090209960937500e+02 4.925927734375000000e+01 -6.041135266423225403e-02 9.160177707672119141e-01 3.965625464916229248e-01 0.000000000000000000e+00 2.000000000000000000e+00
2.167821807861328125e+02 2.776135253906250000e+02 4.895818328857421875e+01 -5.951238051056861877e-02 9.119767546653747559e-01 4.059022665023803711e-01 0.000000000000000000e+00 2.000000000000000000e+00
2.168298187255859375e+02 2.768835144042968750e+02 4.863327026367187500e+01 -6.595420092344284058e-02 9.063325524330139160e-01 4.173863828182220459e-01 0.000000000000000000e+00 2.000000000000000000e+00
2.168850250244140625e+02 2.761248779296875000e+02 4.828390121459960938e+01 -7.996238023042678833e-02 8.998898267745971680e-01 4.287239313125610352e-01 0.000000000000000000e+00 2.000000000000000000e+00
2.169541931152343750e+02 2.753464660644531250e+02 4.791305160522460938e+01 -1.010783389210700989e-01 8.932424187660217285e-01 4.380652904510498047e-01 0.000000000000000000e+00 2.000000000000000000e+00
2.170432891845703125e+02 2.745591125488281250e+02 4.752691650390625000e+01 -1.276455074548721313e-01 8.867640495300292969e-01 4.442478716373443604e-01 0.000000000000000000e+00 2.000000000000000000e+00
2.171563262939453125e+02 2.737738342285156250e+02 4.713351058959960938e+01 -1.572982072830200195e-01 8.807169795036315918e-01 4.467604756355285645e-01 0.000000000000000000e+00 2.000000000000000000e+00
2.172943878173828125e+02 2.730008239746093750e+02 4.674138641357421875e+01 -1.875033527612686157e-01 8.752288818359375000e-01 4.458889961242675781e-01 0.000000000000000000e+00 2.000000000000000000e+00
2.174554290771484375e+02 2.722491149902343750e+02 4.635842514038085938e+01 -2.159744650125503540e-01 8.705868124961853027e-01 4.420787692070007324e-01 0.000000000000000000e+00 2.000000000000000000e+00
2.176347656250000000e+02 2.715262145996093750e+02 4.599134063720703125e+01 -2.417387217283248901e-01 8.667499423027038574e-01 4.362418055534362793e-01 0.000000000000000000e+00 2.000000000000000000e+00
2.178264770507812500e+02 2.708388366699218750e+02 4.564537811279296875e+01 -2.639544606208801270e-01 8.639360070228576660e-01 4.288852810859680176e-01 0.000000000000000000e+00 2.000000000000000000e+00
2.180244140625000000e+02 2.701909790039062500e+02 4.532376098632812500e+01 -2.824870347976684570e-01 8.617719411849975586e-01 4.213671088218688965e-01 0.000000000000000000e+00 2.000000000000000000e+00
2.182232055664062500e+02 2.695845336914062500e+02 4.502723693847656250e+01 -2.965487539768218994e-01 8.599983453750610352e-01 4.152851402759552002e-01 0.000000000000000000e+00 2.000000000000000000e+00
2.184187164306640625e+02 2.690175476074218750e+02 4.475344467163085938e+01 -3.053489029407501221e-01 8.578441143035888672e-01 4.133588373661041260e-01 0.000000000000000000e+00 2.000000000000000000e+00
2.186085205078125000e+02 2.684843139648437500e+02 4.449650192260742188e+01 -3.080157041549682617e-01 8.542795777320861816e-01 4.187273383140563965e-01 0.000000000000000000e+00 2.000000000000000000e+00
2.187913513183593750e+02 2.679772338867187500e+02 4.424795532226562500e+01 -3.044596910476684570e-01 8.485081195831298828e-01 4.328259229660034180e-01 0.000000000000000000e+00 2.000000000000000000e+00
2.189669494628906250e+02 2.674878540039062500e+02 4.399832153320312500e+01 -2.965173721313476562e-01 8.397264480590820312e-01 4.549031555652618408e-01 0.000000000000000000e+00 2.000000000000000000e+00
2.191359405517578125e+02 2.670092773437500000e+02 4.373906326293945312e+01 -2.859028279781341553e-01 8.287441134452819824e-01 4.810849130153656006e-01 0.000000000000000000e+00 2.000000000000000000e+00
2.192992095947265625e+02 2.665360107421875000e+02 4.346433258056640625e+01 -2.752192020416259766e-01 8.172680735588073730e-01 5.062877535820007324e-01 0.000000000000000000e+00 2.000000000000000000e+00
2.194583892822265625e+02 2.660633239746093750e+02 4.317150878906250000e+01 -2.677510976791381836e-01 8.074377775192260742e-01 5.256933569908142090e-01 0.000000000000000000e+00 2.000000000000000000e+00
2.196165618896484375e+02 2.655863342285156250e+02 4.286095809936523438e+01 -2.665367424488067627e-01 8.009650111198425293e-01 5.361092090606689453e-01 0.000000000000000000e+00 2.000000000000000000e+00
2.197786712646484375e+02 2.650991821289062500e+02 4.253489303588867188e+01 -2.740436494350433350e-01 7.980267405509948730e-01 5.367060899734497070e-01 0.000000000000000000e+00 2.000000000000000000e+00
2.199516296386718750e+02 2.645955200195312500e+02 4.219615936279296875e+01 -2.911248505115509033e-01 7.970499396324157715e-01 5.291103720664978027e-01 0.000000000000000000e+00 2.000000000000000000e+00
2.201437530517578125e+02 2.640695190429687500e+02 4.184698104858398438e+01 -3.156412541866302490e-01 7.960911989212036133e-01 5.163422822952270508e-01 0.000000000000000000e+00 2.000000000000000000e+00
2.203625793457031250e+02 2.635176086425781250e+02 4.148901367187500000e+01 -3.441671431064605713e-01 7.934772372245788574e-01 5.019392371177673340e-01 0.000000000000000000e+00 2.000000000000000000e+00
2.206131134033203125e+02 2.629400024414062500e+02 4.112363052368164062e+01 -3.727189004421234131e-01 7.889470458030700684e-01 4.885112047195434570e-01 0.000000000000000000e+00 2.000000000000000000e+00
2.208964996337890625e+02 2.623401489257812500e+02 4.075220489501953125e+01 -3.982182741165161133e-01 7.833617925643920898e-01 4.772489368915557861e-01 0.000000000000000000e+00 2.000000000000000000e+00
2.212097320556640625e+02 2.617239685058593750e+02 4.037680816650390625e+01 -4.186745285987854004e-01 7.782214879989624023e-01 4.680629074573516846e-01 0.000000000000000000e+00 2.000000000000000000e+00
2.215464019775390625e+02 2.610981750488281250e+02 4.000042343139648438e+01 -4.333790540695190430e-01 7.749425768852233887e-01 4.600504934787750244e-01 0.000000000000000000e+00 2.000000000000000000e+00
2.218981628417968750e+02 2.604691772460937500e+02 3.962701416015625000e+01 -4.426075816154479980e-01 7.746103405952453613e-01 4.517492353916168213e-01 0.000000000000000000e+00 2.000000000000000000e+00
2.222564697265625000e+02 2.598421020507812500e+02 3.926130676269531250e+01 -4.475165009498596191e-01 7.774987816810607910e-01 4.418423175811767578e-01 0.000000000000000000e+00 2.000000000000000000e+00
2.226138916015625000e+02 2.592211303710937500e+02 3.890841674804687500e+01 -4.491463005542755127e-01 7.834514975547790527e-01 4.295013844966888428e-01 0.000000000000000000e+00 2.000000000000000000e+00
2.229646759033203125e+02 2.586092529296875000e+02 3.857297515869140625e+01 -4.487753808498382568e-01 7.916516065597534180e-01 4.145942628383636475e-01 0.000000000000000000e+00 2.000000000000000000e+00
2.233054504394531250e+02 2.580081176757812500e+02 3.825815582275390625e+01 -4.471031725406646729e-01 8.011927008628845215e-01 3.977297544479370117e-01 0.000000000000000000e+00 2.000000000000000000e+00
2.236350708007812500e+02 2.574174499511718750e+02 3.796493530273437500e+01 -4.445592164993286133e-01 8.109607100486755371e-01 3.804075717926025391e-01 0.000000000000000000e+00 2.000000000000000000e+00
2.239541168212890625e+02 2.568354492187500000e+02 3.769192886352539062e+01 -4.407637715339660645e-01 8.205500841140747070e-01 3.639022409915924072e-01 0.000000000000000000e+00 2.000000000000000000e+00
2.242642669677734375e+02 2.562580566406250000e+02 3.743586349487304688e+01 -4.352668225765228271e-01 8.300167322158813477e-01 3.487333357334136963e-01 0.000000000000000000e+00 2.000000000000000000e+00
2.245676879882812500e+02 2.556794586181640625e+02 3.719276428222656250e+01 -4.277371466159820557e-01 8.398455977439880371e-01 3.342160284519195557e-01 0.000000000000000000e+00 2.000000000000000000e+00
2.248666992187500000e+02 2.550923614501953125e+02 3.695912933349609375e+01 -4.176836609840393066e-01 8.506604433059692383e-01 3.192446827888488770e-01 0.000000000000000000e+00 2.000000000000000000e+00
2.251634216308593750e+02 2.544880523681640625e+02 3.673233795166015625e+01 -4.056379497051239014e-01 8.623225688934326172e-01 3.030801713466644287e-01 0.000000000000000000e+00 2.000000000000000000e+00
2.254598846435546875e+02 2.538578186035156250e+02 3.651082992553710938e+01 -3.923172354698181152e-01 8.742702007293701172e-01 2.858999669551849365e-01 0.000000000000000000e+00 2.000000000000000000e+00
2.257574768066406250e+02 2.531946411132812500e+02 3.629396057128906250e+01 -3.785271048545837402e-01 8.856911659240722656e-01 2.688280642032623291e-01 0.000000000000000000e+00 2.000000000000000000e+00
2.260562896728515625e+02 2.524954681396484375e+02 3.608174514770507812e+01 -3.648389875888824463e-01 8.960315585136413574e-01 2.530217468738555908e-01 0.000000000000000000e+00 2.000000000000000000e+00
2.263544616699218750e+02 2.517631683349609375e+02 3.587495803833007812e+01 -3.512196838855743408e-01 9.052661061286926270e-01 2.390353977680206299e-01 0.000000000000000000e+00 2.000000000000000000e+00
2.266481475830078125e+02 2.510061950683593750e+02 3.567507934570312500e+01 -3.365851938724517822e-01 9.140831232070922852e-01 2.261910587549209595e-01 0.000000000000000000e+00 2.000000000000000000e+00
2.269314270019531250e+02 2.502368774414062500e+02 3.548471069335937500e+01 -3.196208775043487549e-01 9.232231378555297852e-01 2.133109271526336670e-01 0.000000000000000000e+00 2.000000000000000000e+00
2.271978607177734375e+02 2.494672851562500000e+02 3.530689620971679688e+01 -2.989163398742675781e-01 9.333108663558959961e-01 1.989468187093734741e-01 0.000000000000000000e+00 2.000000000000000000e+00
2.274414978027343750e+02 2.487065734863281250e+02 3.514474105834960938e+01 -2.725975513458251953e-01 9.449419379234313965e-01 1.810398697853088379e-01 0.000000000000000000e+00 2.000000000000000000e+00
2.276574401855468750e+02 2.479580230712890625e+02 3.500132751464843750e+01 -2.389579415321350098e-01 9.580487012863159180e-01 1.582462936639785767e-01 0.000000000000000000e+00 2.000000000000000000e+00
2.278416442871093750e+02 2.472194976806640625e+02 3.487934112548828125e+01 -1.965233385562896729e-01 9.718546271324157715e-01 1.299117505550384521e-01 0.000000000000000000e+00 2.000000000000000000e+00
2.279901580810546875e+02 2.464850616455078125e+02 3.478116607666015625e+01 -1.456788331270217896e-01 9.845654964447021484e-01 9.699691087007522583e-02 0.000000000000000000e+00 2.000000000000000000e+00
2.280991973876953125e+02 2.457481231689453125e+02 3.470856475830078125e+01 -8.821713924407958984e-02 9.941604733467102051e-01 6.215159222483634949e-02 0.000000000000000000e+00 2.000000000000000000e+00
2.281652221679687500e+02 2.450040588378906250e+02 3.466204833984375000e+01 -2.826465852558612823e-02 9.991708397865295410e-01 2.930305525660514832e-02 0.000000000000000000e+00 2.000000000000000000e+00
2.281865081787109375e+02 2.442515869140625000e+02 3.463998031616210938e+01 2.789995074272155762e-02 9.996073246002197266e-01 2.596748527139425278e-03 0.000000000000000000e+00 2.000000000000000000e+00
2.281653594970703125e+02 2.434938659667968750e+02 3.463801193237304688e+01 7.491883635520935059e-02 9.970833659172058105e-01 -1.455695088952779770e-02 0.000000000000000000e+00 2.000000000000000000e+00
2.281084442138671875e+02 2.427363891601562500e+02 3.464907073974609375e+01 1.076421365141868591e-01 9.939832091331481934e-01 -2.026115730404853821e-02 0.000000000000000000e+00 2.000000000000000000e+00
2.280271148681640625e+02 2.419853820800781250e+02 3.466437911987304688e+01 1.223639920353889465e-01 9.923828244209289551e-01 -1.425907947123050690e-02 0.000000000000000000e+00 2.000000000000000000e+00
2.279359130859375000e+02 2.412457275390625000e+02 3.467500686645507812e+01 1.167925000190734863e-01 9.931545853614807129e-01 1.882400596514344215e-03 0.000000000000000000e+00 2.000000000000000000e+00
2.278507080078125000e+02 2.405211791992187500e+02 3.467363357543945312e+01 8.992253243923187256e-02 9.956231117248535156e-01 2.546550147235393524e-02 0.000000000000000000e+00 2.000000000000000000e+00
2.277869262695312500e+02 2.398149871826171875e+02 3.465557098388671875e+01 4.254980757832527161e-02 9.976704716682434082e-01 5.332092195749282837e-02 0.000000000000000000e+00 2.000000000000000000e+00
2.277577819824218750e+02 2.391316375732421875e+02 3.461904907226562500e+01 -2.312452532351016998e-02 9.963300824165344238e-01 8.241162449121475220e-02 0.000000000000000000e+00 2.000000000000000000e+00
2.277729644775390625e+02 2.384774932861328125e+02 3.456494140625000000e+01 -1.047485470771789551e-01 9.883752465248107910e-01 1.101909801363945007e-01 0.000000000000000000e+00 2.000000000000000000e+00
2.278384552001953125e+02 2.378595428466796875e+02 3.449604797363281250e+01 -1.973665654659271240e-01 9.710136651992797852e-01 1.348294317722320557e-01 0.000000000000000000e+00 2.000000000000000000e+00
2.279555358886718750e+02 2.372835235595703125e+02 3.441606521606445312e+01 -2.955669760704040527e-01 9.427380561828613281e-01 1.545482128858566284e-01 0.000000000000000000e+00 2.000000000000000000e+00
2.281223754882812500e+02 2.367513732910156250e+02 3.432882690429687500e+01 -3.938274383544921875e-01 9.038418531417846680e-01 1.672417819499969482e-01 0.000000000000000000e+00 2.000000000000000000e+00
2.283362426757812500e+02 2.362605438232421875e+02 3.423800659179687500e+01 -4.877986609935760498e-01 8.559707999229431152e-01 1.713662445545196533e-01 0.000000000000000000e+00 2.000000000000000000e+00
2.285957641601562500e+02 2.358051452636718750e+02 3.414683532714843750e+01 -5.780903697013854980e-01 7.987248897552490234e-01 1.668832302093505859e-01 0.000000000000000000e+00 2.000000000000000000e+00
2.289044494628906250e+02 2.353786468505859375e+02 3.405772399902343750e+01 -6.635772585868835449e-01 7.317231893539428711e-01 1.557126194238662720e-01 0.000000000000000000e+00 2.000000000000000000e+00
2.292696685791015625e+02 2.349759216308593750e+02 3.397202301025390625e+01 -7.404208183288574219e-01 6.570053100585937500e-01 1.418483555316925049e-01 0.000000000000000000e+00 2.000000000000000000e+00
2.296999664306640625e+02 2.345941009521484375e+02 3.388958740234375000e+01 -8.032636046409606934e-01 5.812220573425292969e-01 1.301863938570022583e-01 0.000000000000000000e+00 2.000000000000000000e+00
2.301997528076171875e+02 2.342324676513671875e+02 3.380858612060546875e+01 -8.492538332939147949e-01 5.129952430725097656e-01 1.249149143695831299e-01 0.000000000000000000e+00 2.000000000000000000e+00
2.307643280029296875e+02 2.338914337158203125e+02 3.372554397583007812e+01 -8.795249462127685547e-01 4.582626819610595703e-01 1.281838715076446533e-01 0.000000000000000000e+00 2.000000000000000000e+00
2.313780364990234375e+02 2.335716705322265625e+02 3.363610076904296875e+01 -8.962479829788208008e-01 4.207665622234344482e-01 1.403394490480422974e-01 0.000000000000000000e+00 2.000000000000000000e+00
2.320161437988281250e+02 2.332720947265625000e+02 3.353618240356445312e+01 -9.026882052421569824e-01 3.992559313774108887e-01 1.604642868041992188e-01 0.000000000000000000e+00 2.000000000000000000e+00
2.326515808105468750e+02 2.329910430908203125e+02 3.342322540283203125e+01 -9.006916284561157227e-01 3.922119736671447754e-01 1.868804544210433960e-01 0.000000000000000000e+00 2.000000000000000000e+00
2.332619934082031250e+02 2.327252349853515625e+02 3.329657363891601562e+01 -8.919031620025634766e-01 3.973426520824432373e-01 2.159341871738433838e-01 0.000000000000000000e+00 2.000000000000000000e+00
2.338355255126953125e+02 2.324697265625000000e+02 3.315771865844726562e+01 -8.786264657974243164e-01 4.116171300411224365e-01 2.420472055673599243e-01 0.000000000000000000e+00 2.000000000000000000e+00
2.343718719482421875e+02 2.322184600830078125e+02 3.300996398925781250e+01 -8.640522956848144531e-01 4.320001900196075439e-01 2.584365606307983398e-01 0.000000000000000000e+00 2.000000000000000000e+00
2.348795318603515625e+02 2.319646453857421875e+02 3.285812377929687500e+01 -8.516459465026855469e-01 4.552037417888641357e-01 2.597858607769012451e-01 0.000000000000000000e+00 2.000000000000000000e+00
2.353709259033203125e+02 2.317019958496093750e+02 3.270822906494140625e+01 -8.426695466041564941e-01 4.795046448707580566e-01 2.449148893356323242e-01 0.000000000000000000e+00 2.000000000000000000e+00
2.358572235107421875e+02 2.314252777099609375e+02 3.256689071655273438e+01 -8.361922502517700195e-01 5.037094950675964355e-01 2.169316112995147705e-01 0.000000000000000000e+00 2.000000000000000000e+00
2.363447875976562500e+02 2.311315765380859375e+02 3.244040298461914062e+01 -8.306479454040527344e-01 5.267844796180725098e-01 1.803390532732009888e-01 0.000000000000000000e+00 2.000000000000000000e+00
2.368356933593750000e+02 2.308202514648437500e+02 3.233382415771484375e+01 -8.243891000747680664e-01 5.482735037803649902e-01 1.406366378068923950e-01 0.000000000000000000e+00 2.000000000000000000e+00
2.373283538818359375e+02 2.304925994873046875e+02 3.224977874755859375e+01 -8.174359798431396484e-01 5.668860077857971191e-01 1.021699905395507812e-01 0.000000000000000000e+00 2.000000000000000000e+00
2.378205566406250000e+02 2.301512603759765625e+02 3.218825912475585938e+01 -8.109583258628845215e-01 5.811704397201538086e-01 6.773100793361663818e-02 0.000000000000000000e+00 2.000000000000000000e+00
2.383117828369140625e+02 2.297992248535156250e+02 3.214723205566406250e+01 -8.062271475791931152e-01 5.903913378715515137e-01 3.789192438125610352e-02 0.000000000000000000e+00 2.000000000000000000e+00
2.388037261962890625e+02 2.294389801025390625e+02 3.212411117553710938e+01 -8.046531677246093750e-01 5.936326384544372559e-01 1.155465282499790192e-02 0.000000000000000000e+00 2.000000000000000000e+00
2.393010253906250000e+02 2.290720977783203125e+02 3.211697006225585938e+01 -8.064672946929931641e-01 5.911372303962707520e-01 -1.293429732322692871e-02 0.000000000000000000e+00 2.000000000000000000e+00
2.398105010986328125e+02 2.286986541748046875e+02 3.212514114379882812e+01 -8.109707832336425781e-01 5.839560031890869141e-01 -3.635555505752563477e-02 0.000000000000000000e+00 2.000000000000000000e+00
2.403399505615234375e+02 2.283174133300781250e+02 3.214887619018554688e+01 -8.167335391044616699e-01 5.740993022918701172e-01 -5.793365091085433960e-02 0.000000000000000000e+00 2.000000000000000000e+00
2.408967742919921875e+02 2.279260101318359375e+02 3.218837356567382812e+01 -8.223449587821960449e-01 5.639246702194213867e-01 -7.574845850467681885e-02 0.000000000000000000e+00 2.000000000000000000e+00
2.414865417480468750e+02 2.275215759277343750e+02 3.224269866943359375e+01 -8.270700573921203613e-01 5.552058219909667969e-01 -8.775882422924041748e-02 0.000000000000000000e+00 2.000000000000000000e+00
2.421121978759765625e+02 2.271015777587890625e+02 3.230908584594726562e+01 -8.308436274528503418e-01 5.486167669296264648e-01 -9.337260574102401733e-02 0.000000000000000000e+00 2.000000000000000000e+00
2.427734222412109375e+02 2.266649627685546875e+02 3.238339614868164062e+01 -8.339295387268066406e-01 5.438926219940185547e-01 -9.350018948316574097e-02 0.000000000000000000e+00 2.000000000000000000e+00
2.434666137695312500e+02 2.262128601074218750e+02 3.246111679077148438e+01 -8.369075655937194824e-01 5.399116873741149902e-01 -8.989503234624862671e-02 0.000000000000000000e+00 2.000000000000000000e+00
2.441858825683593750e+02 2.257488403320312500e+02 3.253837585449218750e+01 -8.403698801994323730e-01 5.353791117668151855e-01 -8.454405516386032104e-02 0.000000000000000000e+00 2.000000000000000000e+00
2.449243011474609375e+02 2.252784118652343750e+02 3.261266326904296875e+01 -8.447052240371704102e-01 5.293593406677246094e-01 -7.906824350357055664e-02 0.000000000000000000e+00 2.000000000000000000e+00
2.456750183105468750e+02 2.248079528808593750e+02 3.268293380737304688e+01 -8.501572608947753906e-01 5.212365388870239258e-01 -7.446542382240295410e-02 0.000000000000000000e+00 2.000000000000000000e+00
2.464322509765625000e+02 2.243436889648437500e+02 3.274925994873046875e+01 -8.565565347671508789e-01 5.111275315284729004e-01 -7.113037258386611938e-02 0.000000000000000000e+00 2.000000000000000000e+00
2.471923217773437500e+02 2.238901367187500000e+02 3.281237792968750000e+01 -8.637939095497131348e-01 4.991312921047210693e-01 -6.876141577959060669e-02 0.000000000000000000e+00 2.000000000000000000e+00
2.479540252685546875e+02 2.234499969482421875e+02 3.287301254272460938e+01 -8.717133402824401855e-01 4.854212105274200439e-01 -6.694820523262023926e-02 0.000000000000000000e+00 2.000000000000000000e+00
2.487189941406250000e+02 2.230240173339843750e+02 3.293176269531250000e+01 -8.799674510955810547e-01 4.705706536769866943e-01 -6.496567279100418091e-02 0.000000000000000000e+00 2.000000000000000000e+00
2.494909515380859375e+02 2.226112060546875000e+02 3.298875427246093750e+01 -8.883756399154663086e-01 4.549967944622039795e-01 -6.137328967452049255e-02 0.000000000000000000e+00 2.000000000000000000e+00
2.502747650146484375e+02 2.222097625732421875e+02 3.304290390014648438e+01 -8.968497514724731445e-01 4.390055239200592041e-01 -5.417201668024063110e-02 0.000000000000000000e+00 2.000000000000000000e+00
2.510745544433593750e+02 2.218182678222656250e+02 3.309121322631835938e+01 -9.053216576576232910e-01 4.227322936058044434e-01 -4.110952839255332947e-02 0.000000000000000000e+00 2.000000000000000000e+00
2.518924560546875000e+02 2.214363555908203125e+02 3.312835311889648438e+01 -9.133408069610595703e-01 4.066634178161621094e-01 -2.081955969333648682e-02 0.000000000000000000e+00 2.000000000000000000e+00
2.527276916503906250e+02 2.210644683837890625e+02 3.314739227294921875e+01 -9.203180670738220215e-01 3.911161720752716064e-01 6.541468668729066849e-03 0.000000000000000000e+00 2.000000000000000000e+00
2.535772705078125000e+02 2.207034149169921875e+02 3.314135360717773438e+01 -9.251396656036376953e-01 3.777437508106231689e-01 3.776616603136062622e-02 0.000000000000000000e+00 2.000000000000000000e+00
2.544369812011718750e+02 2.203523864746093750e+02 3.310625839233398438e+01 -9.271190166473388672e-01 3.686135709285736084e-01 6.763394176959991455e-02 0.000000000000000000e+00 2.000000000000000000e+00
2.553019866943359375e+02 2.200084686279296875e+02 3.304315567016601562e+01 -9.264236092567443848e-01 3.656321167945861816e-01 8.973561227321624756e-02 0.000000000000000000e+00 2.000000000000000000e+00
2.561683654785156250e+02 2.196665344238281250e+02 3.295923614501953125e+01 -9.239033460617065430e-01 3.694700598716735840e-01 9.947113692760467529e-02 0.000000000000000000e+00 2.000000000000000000e+00
2.570331420898437500e+02 2.193207092285156250e+02 3.286613082885742188e+01 -9.206605553627014160e-01 3.782648742198944092e-01 9.643542021512985229e-02 0.000000000000000000e+00 2.000000000000000000e+00
2.578936767578125000e+02 2.189671478271484375e+02 3.277599334716796875e+01 -9.175508618354797363e-01 3.884368538856506348e-01 8.495415747165679932e-02 0.000000000000000000e+00 2.000000000000000000e+00
2.587471923828125000e+02 2.186058197021484375e+02 3.269696807861328125e+01 9.152124524116516113e-01 -3.964109420776367188e-01 -7.241883873939514160e-02 0.000000000000000000e+00 2.000000000000000000e+00
2.595901794433593750e+02 2.182406921386718750e+02 3.263026428222656250e+01 9.138984084129333496e-01 -4.004978835582733154e-01 -6.626546382904052734e-02 0.000000000000000000e+00 2.000000000000000000e+00
2.604182128906250000e+02 2.178778228759765625e+02 3.257022476196289062e+01 9.129964709281921387e-01 -4.017963409423828125e-01 -7.069037854671478271e-02 0.000000000000000000e+00 2.000000000000000000e+00
2.612268066406250000e+02 2.175219726562500000e+02 3.250761795043945312e+01 9.110924601554870605e-01 -4.033180177211761475e-01 -8.511856943368911743e-02 0.000000000000000000e+00 2.000000000000000000e+00
2.620125732421875000e+02 2.171741333007812500e+02 3.243420791625976562e+01 9.065775871276855469e-01 -4.089857637882232666e-01 -1.041529253125190735e-01 0.000000000000000000e+00 2.000000000000000000e+00
2.627744445800781250e+02 2.168304290771484375e+02 3.234667968750000000e+01 8.988484740257263184e-01 -4.214904606342315674e-01 -1.200716719031333923e-01 0.000000000000000000e+00 2.000000000000000000e+00
2.635143737792968750e+02 2.164834594726562500e+02 3.224783706665039062e+01 8.884838819503784180e-01 -4.409165978431701660e-01 -1.272362470626831055e-01 0.000000000000000000e+00 2.000000000000000000e+00
2.642359924316406250e+02 2.161253509521484375e+02 3.214449691772460938e+01 8.770647048950195312e-01 -4.640211760997772217e-01 -1.242650300264358521e-01 0.000000000000000000e+00 2.000000000000000000e+00
2.649432373046875000e+02 2.157511749267578125e+02 3.204429244995117188e+01 8.661147356033325195e-01 -4.866884648799896240e-01 -1.139280945062637329e-01 0.000000000000000000e+00 2.000000000000000000e+00
2.656388854980468750e+02 2.153602752685546875e+02 3.195278739929199219e+01 8.569249510765075684e-01 -5.054922103881835938e-01 -1.007831320166587830e-01 0.000000000000000000e+00 2.000000000000000000e+00
2.663241577148437500e+02 2.149560394287109375e+02 3.187219238281250000e+01 8.503983020782470703e-01 -5.186818242073059082e-01 -8.827078342437744141e-02 0.000000000000000000e+00 2.000000000000000000e+00
2.669991760253906250e+02 2.145443267822265625e+02 3.180212593078613281e+01 8.470827341079711914e-01 -5.256924629211425781e-01 -7.809195667505264282e-02 0.000000000000000000e+00 2.000000000000000000e+00
2.676646118164062500e+02 2.141313629150390625e+02 3.174077987670898438e+01 8.465500473976135254e-01 -5.276337265968322754e-01 -7.039589434862136841e-02 0.000000000000000000e+00 2.000000000000000000e+00
2.683215026855468750e+02 2.137219390869140625e+02 3.168615531921386719e+01 8.482536673545837402e-01 -5.255557894706726074e-01 -6.524416059255599976e-02 0.000000000000000000e+00 2.000000000000000000e+00
2.689718017578125000e+02 2.133190307617187500e+02 3.163613700866699219e+01 8.510267138481140137e-01 -5.214212536811828613e-01 -6.223708391189575195e-02 0.000000000000000000e+00 2.000000000000000000e+00
2.696176452636718750e+02 2.129233245849609375e+02 3.158890533447265625e+01 8.535495400428771973e-01 -5.174213051795959473e-01 -6.106122955679893494e-02 0.000000000000000000e+00 2.000000000000000000e+00
2.702600402832031250e+02 2.125339050292968750e+02 3.154294967651367188e+01 8.550093770027160645e-01 -5.150911808013916016e-01 -6.033307313919067383e-02 0.000000000000000000e+00 2.000000000000000000e+00
2.708993530273437500e+02 2.121487579345703125e+02 3.149783706665039062e+01 8.552339076995849609e-01 -5.150104165077209473e-01 -5.778641998767852783e-02 0.000000000000000000e+00 2.000000000000000000e+00
2.715357666015625000e+02 2.117655181884765625e+02 3.145483589172363281e+01 8.543658852577209473e-01 -5.171411037445068359e-01 -5.122502520680427551e-02 0.000000000000000000e+00 2.000000000000000000e+00
2.721694946289062500e+02 2.113819274902343750e+02 3.141683959960937500e+01 8.531965613365173340e-01 -5.200679302215576172e-01 -3.981268033385276794e-02 0.000000000000000000e+00 2.000000000000000000e+00
2.728014221191406250e+02 2.109967346191406250e+02 3.138735198974609375e+01 8.524408936500549316e-01 -5.222446322441101074e-01 -2.459795586764812469e-02 0.000000000000000000e+00 2.000000000000000000e+00
2.734331970214843750e+02 2.106096801757812500e+02 3.136912155151367188e+01 8.523313999176025391e-01 -5.229328274726867676e-01 -8.500508964061737061e-03 0.000000000000000000e+00 2.000000000000000000e+00
2.740662231445312500e+02 2.102212982177734375e+02 3.136280822753906250e+01 8.526692390441894531e-01 -5.224233269691467285e-01 5.388341844081878662e-03 0.000000000000000000e+00 2.000000000000000000e+00
2.747012634277343750e+02 2.098322143554687500e+02 3.136682128906250000e+01 8.528016209602355957e-01 -5.220262408256530762e-01 1.476329006254673004e-02 0.000000000000000000e+00 2.000000000000000000e+00
2.753379821777343750e+02 2.094424591064453125e+02 3.137784385681152344e+01 8.520665764808654785e-01 -5.230847597122192383e-01 1.910528354346752167e-02 0.000000000000000000e+00 2.000000000000000000e+00
2.759741821289062500e+02 2.090518951416015625e+02 3.139210891723632812e+01 8.499597311019897461e-01 -5.264908671379089355e-01 1.938720606267452240e-02 0.000000000000000000e+00 2.000000000000000000e+00
2.766063537597656250e+02 2.086603088378906250e+02 3.140652847290039062e+01 8.465428352355957031e-01 -5.320362448692321777e-01 1.739978790283203125e-02 0.000000000000000000e+00 2.000000000000000000e+00
2.772298583984375000e+02 2.082684478759765625e+02 3.141934394836425781e+01 8.424170613288879395e-01 -5.386169552803039551e-01 1.501307077705860138e-02 0.000000000000000000e+00 2.000000000000000000e+00
2.778401184082031250e+02 2.078782653808593750e+02 3.143021965026855469e+01 8.382986187934875488e-01 -5.450450778007507324e-01 1.346649229526519775e-02 0.000000000000000000e+00 2.000000000000000000e+00
2.784330749511718750e+02 2.074927368164062500e+02 3.143974494934082031e+01 8.353859186172485352e-01 -5.495036244392395020e-01 1.326882187277078629e-02 0.000000000000000000e+00 2.000000000000000000e+00
2.790068359375000000e+02 2.071153259277343750e+02 3.144885826110839844e+01 8.340710997581481934e-01 -5.514751076698303223e-01 1.416707411408424377e-02 0.000000000000000000e+00 2.000000000000000000e+00
2.795616760253906250e+02 2.067484741210937500e+02 3.145828247070312500e+01 8.346633315086364746e-01 -5.505346655845642090e-01 1.577311009168624878e-02 0.000000000000000000e+00 2.000000000000000000e+00
2.801006469726562500e+02 2.063929748535156250e+02 3.146846771240234375e+01 8.369231820106506348e-01 -5.470349788665771484e-01 1.767551898956298828e-02 0.000000000000000000e+00 2.000000000000000000e+00
2.806291503906250000e+02 2.060475311279296875e+02 3.147962951660156250e+01 8.406967520713806152e-01 -5.411555171012878418e-01 1.948079466819763184e-02 0.000000000000000000e+00 2.000000000000000000e+00
2.811548767089843750e+02 2.057091217041015625e+02 3.149181175231933594e+01 8.458130359649658203e-01 -5.330644249916076660e-01 2.103802934288978577e-02 0.000000000000000000e+00 2.000000000000000000e+00
2.816871337890625000e+02 2.053736724853515625e+02 3.150505065917968750e+01 8.522375822067260742e-01 -5.226874351501464844e-01 2.211205847561359406e-02 0.000000000000000000e+00 2.000000000000000000e+00
2.822364196777343750e+02 2.050367889404296875e+02 3.151930236816406250e+01 8.595218062400817871e-01 -5.105925798416137695e-01 2.274883724749088287e-02 0.000000000000000000e+00 2.000000000000000000e+00
2.828132324218750000e+02 2.046941375732421875e+02 3.153456878662109375e+01 8.673215508460998535e-01 -4.972197115421295166e-01 2.293294481933116913e-02 0.000000000000000000e+00 2.000000000000000000e+00
2.834260253906250000e+02 2.043428344726562500e+02 3.155077171325683594e+01 8.749858140945434570e-01 -4.836114346981048584e-01 2.280140854418277740e-02 0.000000000000000000e+00 2.000000000000000000e+00
2.840797119140625000e+02 2.039815368652343750e+02 3.156780624389648438e+01 8.820914626121520996e-01 -4.705701768398284912e-01 2.187453955411911011e-02 0.000000000000000000e+00 2.000000000000000000e+00
2.847744750976562500e+02 2.036109008789062500e+02 3.158503532409667969e+01 8.883531093597412109e-01 -4.587300121784210205e-01 1.988566294312477112e-02 0.000000000000000000e+00 2.000000000000000000e+00
2.855046997070312500e+02 2.032338256835937500e+02 3.160138130187988281e+01 8.935579657554626465e-01 -4.486756920814514160e-01 1.563220657408237457e-02 0.000000000000000000e+00 2.000000000000000000e+00
2.862594909667968750e+02 2.028548278808593750e+02 3.161458587646484375e+01 8.977453112602233887e-01 -4.404502511024475098e-01 7.550652138888835907e-03 0.000000000000000000e+00 2.000000000000000000e+00
2.870255432128906250e+02 2.024789886474609375e+02 3.162102890014648438e+01 9.009241461753845215e-01 -4.339394569396972656e-01 -5.672352388501167297e-03 0.000000000000000000e+00 2.000000000000000000e+00
2.877901611328125000e+02 2.021107025146484375e+02 3.161621475219726562e+01 9.030084013938903809e-01 -4.289436042308807373e-01 -2.414760179817676544e-02 0.000000000000000000e+00 2.000000000000000000e+00
2.885444335937500000e+02 2.017524108886718750e+02 3.159604454040527344e+01 9.042155742645263672e-01 -4.246187508106231689e-01 -4.575143754482269287e-02 0.000000000000000000e+00 2.000000000000000000e+00
2.892857666015625000e+02 2.014042816162109375e+02 3.155853462219238281e+01 9.049321413040161133e-01 -4.204297363758087158e-01 -6.585350632667541504e-02 0.000000000000000000e+00 2.000000000000000000e+00
2.900184936523437500e+02 2.010638580322265625e+02 3.150521278381347656e+01 9.057672023773193359e-01 -4.164212942123413086e-01 -7.860715687274932861e-02 0.000000000000000000e+00 2.000000000000000000e+00
2.907511901855468750e+02 2.007270050048828125e+02 3.144162559509277344e+01 9.072121977806091309e-01 -4.130450189113616943e-01 -7.974810898303985596e-02 0.000000000000000000e+00 2.000000000000000000e+00
2.914941711425781250e+02 2.003887329101562500e+02 3.137631416320800781e+01 9.089769124984741211e-01 -4.111396074295043945e-01 -6.873974204063415527e-02 0.000000000000000000e+00 2.000000000000000000e+00
2.922550354003906250e+02 2.000445861816406250e+02 3.131877517700195312e+01 9.105705022811889648e-01 -4.105365872383117676e-01 -4.817720875144004822e-02 0.000000000000000000e+00 2.000000000000000000e+00
2.930371704101562500e+02 1.996919555664062500e+02 3.127739334106445312e+01 9.113937616348266602e-01 -4.109393954277038574e-01 -2.214229106903076172e-02 0.000000000000000000e+00 2.000000000000000000e+00
2.938385009765625000e+02 1.993306427001953125e+02 3.125792503356933594e+01 9.112745523452758789e-01 -4.117576777935028076e-01 5.852178670465946198e-03 0.000000000000000000e+00 2.000000000000000000e+00
2.946525878906250000e+02 1.989627990722656250e+02 3.126315307617187500e+01 9.106987118721008301e-01 -4.116943180561065674e-01 3.369776904582977295e-02 0.000000000000000000e+00 2.000000000000000000e+00
2.954716186523437500e+02 1.985925445556640625e+02 3.129345893859863281e+01 9.101651906967163086e-01 -4.098445475101470947e-01 6.022252514958381653e-02 0.000000000000000000e+00 2.000000000000000000e+00
2.962888488769531250e+02 1.982245483398437500e+02 3.134753227233886719e+01 9.103713631629943848e-01 -4.051412343978881836e-01 8.417012542486190796e-02 0.000000000000000000e+00 2.000000000000000000e+00
2.971015930175781250e+02 1.978628540039062500e+02 3.142267608642578125e+01 9.118101000785827637e-01 -3.972668647766113281e-01 1.038334518671035767e-01 0.000000000000000000e+00 2.000000000000000000e+00
2.979121093750000000e+02 1.975097198486328125e+02 3.151497459411621094e+01 9.145222902297973633e-01 -3.871637582778930664e-01 1.172738596796989441e-01 0.000000000000000000e+00 2.000000000000000000e+00
2.987263183593750000e+02 1.971650238037109375e+02 3.161938476562500000e+01 9.180294275283813477e-01 -3.767582178115844727e-01 1.235929802060127258e-01 0.000000000000000000e+00 2.000000000000000000e+00
2.995503845214843750e+02 1.968268280029296875e+02 3.173032760620117188e+01 9.216010570526123047e-01 -3.680794835090637207e-01 1.231627017259597778e-01 0.000000000000000000e+00 2.000000000000000000e+00
3.003877258300781250e+02 1.964924011230468750e+02 3.184222984313964844e+01 9.245308041572570801e-01 -3.622671663761138916e-01 1.183438450098037720e-01 0.000000000000000000e+00 2.000000000000000000e+00
3.012365722656250000e+02 1.961597900390625000e+02 3.195088577270507812e+01 9.265469312667846680e-01 -3.592229187488555908e-01 1.116679385304450989e-01 0.000000000000000000e+00 2.000000000000000000e+00
3.020898742675781250e+02 1.958289642333984375e+02 3.205372619628906250e+01 9.278975725173950195e-01 -3.578246831893920898e-01 1.047264263033866882e-01 0.000000000000000000e+00 2.000000000000000000e+00
3.029382629394531250e+02 1.955018005371093750e+02 3.214947891235351562e+01 9.292396903038024902e-01 -3.563691079616546631e-01 9.754353761672973633e-02 0.000000000000000000e+00 2.000000000000000000e+00
3.037742004394531250e+02 1.951812133789062500e+02 3.223722839355468750e+01 9.314015507698059082e-01 -3.530273139476776123e-01 8.867272734642028809e-02 0.000000000000000000e+00 2.000000000000000000e+00
3.045943298339843750e+02 1.948703613281250000e+02 3.231530761718750000e+01 9.350031018257141113e-01 -3.463969826698303223e-01 7.601518183946609497e-02 0.000000000000000000e+00 2.000000000000000000e+00
3.054014282226562500e+02 1.945713500976562500e+02 3.238092422485351562e+01 9.405011534690856934e-01 -3.347962200641632080e-01 5.804292112588882446e-02 0.000000000000000000e+00 2.000000000000000000e+00
3.062031250000000000e+02 1.942859649658203125e+02 3.243040084838867188e+01 9.479557871818542480e-01 -3.164403736591339111e-01 3.528829291462898254e-02 0.000000000000000000e+00 2.000000000000000000e+00
3.070082702636718750e+02 1.940171966552734375e+02 3.246037292480468750e+01 9.574601650238037109e-01 -2.883883714675903320e-01 1.011016685515642166e-02 0.000000000000000000e+00 2.000000000000000000e+00
3.078236389160156250e+02 1.937716064453125000e+02 3.246898269653320312e+01 9.686297774314880371e-01 -2.480755001306533813e-01 -1.466103829443454742e-02 0.000000000000000000e+00 2.000000000000000000e+00
3.086502990722656250e+02 1.935598907470703125e+02 3.245647048950195312e+01 9.807227253913879395e-01 -1.919759213924407959e-01 -3.644395619630813599e-02 0.000000000000000000e+00 2.000000000000000000e+00
3.094824218750000000e+02 1.933970031738281250e+02 3.242554855346679688e+01 9.917313456535339355e-01 -1.166085973381996155e-01 -5.358669161796569824e-02 0.000000000000000000e+00 2.000000000000000000e+00
3.103092041015625000e+02 1.932997894287109375e+02 3.238087463378906250e+01 9.976790547370910645e-01 -2.060853689908981323e-02 -6.489807367324829102e-02 0.000000000000000000e+00 2.000000000000000000e+00
3.111180725097656250e+02 1.932830810546875000e+02 3.232825851440429688e+01 9.932124018669128418e-01 9.359356015920639038e-02 -6.906087696552276611e-02 0.000000000000000000e+00 2.000000000000000000e+00
3.118996887207031250e+02 1.933567352294921875e+02 3.227391052246093750e+01 9.742571115493774414e-01 2.157586067914962769e-01 -6.535471975803375244e-02 0.000000000000000000e+00 2.000000000000000000e+00
3.126511230468750000e+02 1.935231475830078125e+02 3.222350311279296875e+01 9.425491094589233398e-01 3.296009898185729980e-01 -5.444487929344177246e-02 0.000000000000000000e+00 2.000000000000000000e+00
3.133771667480468750e+02 1.937770385742187500e+02 3.218156433105468750e+01 9.064891934394836426e-01 4.204337894916534424e-01 -3.889357671141624451e-02 0.000000000000000000e+00 2.000000000000000000e+00
3.140883483886718750e+02 1.941068878173828125e+02 3.215105056762695312e+01 8.758226037025451660e-01 4.821129739284515381e-01 -2.240218035876750946e-02 0.000000000000000000e+00 2.000000000000000000e+00
3.147979431152343750e+02 1.944974975585937500e+02 3.213290023803710938e+01 8.562484383583068848e-01 5.165113806724548340e-01 -7.400383707135915756e-03 0.000000000000000000e+00 2.000000000000000000e+00
3.155178222656250000e+02 1.949317474365234375e+02 3.212667846679687500e+01 8.482189178466796875e-01 5.296146273612976074e-01 5.748286377638578415e-03 0.000000000000000000e+00 2.000000000000000000e+00
3.162552185058593750e+02 1.953921661376953125e+02 3.213167572021484375e+01 8.493286371231079102e-01 5.275290608406066895e-01 1.881337352097034454e-02 0.000000000000000000e+00 2.000000000000000000e+00
3.170108947753906250e+02 1.958615264892578125e+02 3.214841461181640625e+01 8.565105199813842773e-01 5.149466395378112793e-01 3.492301702499389648e-02 0.000000000000000000e+00 2.000000000000000000e+00
3.177797546386718750e+02 1.963237762451171875e+02 3.217976379394531250e+01 8.672526478767395020e-01 4.945408105850219727e-01 5.746473371982574463e-02 0.000000000000000000e+00 2.000000000000000000e+00
3.185527038574218750e+02 1.967645416259765625e+02 3.223097991943359375e+01 8.796779513359069824e-01 4.671639204025268555e-01 8.902022987604141235e-02 0.000000000000000000e+00 2.000000000000000000e+00
3.193204956054687500e+02 1.971722869873046875e+02 3.230867767333984375e+01 8.916576504707336426e-01 4.339520335197448730e-01 1.289664506912231445e-01 0.000000000000000000e+00 2.000000000000000000e+00
3.200765686035156250e+02 1.975402526855468750e+02 3.241803359985351562e+01 9.017061591148376465e-01 3.962821662425994873e-01 1.728772819042205811e-01 0.000000000000000000e+00 2.000000000000000000e+00
3.208200988769531250e+02 1.978670196533203125e+02 3.256058502197265625e+01 9.092715978622436523e-01 3.572798669338226318e-01 2.134860306978225708e-01 0.000000000000000000e+00 2.000000000000000000e+00
3.215556030273437500e+02 1.981560211181640625e+02 3.273327255249023438e+01 9.152809381484985352e-01 3.205304443836212158e-01 2.439693063497543335e-01 0.000000000000000000e+00 2.000000000000000000e+00
3.222917480468750000e+02 1.984138183593750000e+02 3.292949295043945312e+01 9.213477373123168945e-01 2.875940799713134766e-01 2.615492939949035645e-01 0.000000000000000000e+00 2.000000000000000000e+00
3.230385437011718750e+02 1.986469268798828125e+02 3.314149093627929688e+01 9.284254908561706543e-01 2.572119534015655518e-01 2.680824100971221924e-01 0.000000000000000000e+00 2.000000000000000000e+00
3.238048400878906250e+02 1.988592224121093750e+02 3.336275863647460938e+01 9.363881349563598633e-01 2.261955589056015015e-01 2.683518230915069580e-01 0.000000000000000000e+00 2.000000000000000000e+00
3.245950622558593750e+02 1.990501098632812500e+02 3.358922195434570312e+01 9.445057511329650879e-01 1.919995099306106567e-01 2.665429115295410156e-01 0.000000000000000000e+00 2.000000000000000000e+00
3.254081420898437500e+02 1.992153930664062500e+02 3.381867599487304688e+01 9.519253969192504883e-01 1.536064594984054565e-01 2.650342583656311035e-01 0.000000000000000000e+00 2.000000000000000000e+00
3.262368774414062500e+02 1.993491210937500000e+02 3.404941177368164062e+01 9.578831791877746582e-01 1.128799617290496826e-01 2.640415728092193604e-01 0.000000000000000000e+00 2.000000000000000000e+00
3.270699768066406250e+02 1.994472961425781250e+02 3.427905654907226562e+01 9.620805382728576660e-01 7.245869189500808716e-02 2.629654109477996826e-01 0.000000000000000000e+00 2.000000000000000000e+00
3.278945617675781250e+02 1.995093994140625000e+02 3.450444030761718750e+01 9.645240306854248047e-01 3.616690635681152344e-02 2.615057528018951416e-01 0.000000000000000000e+00 2.000000000000000000e+00
3.286990661621093750e+02 1.995395660400390625e+02 3.472256088256835938e+01 9.655882120132446289e-01 6.309671793133020401e-03 2.599992156028747559e-01 0.000000000000000000e+00 2.000000000000000000e+00
3.294766540527343750e+02 1.995446472167968750e+02 3.493193817138671875e+01 9.657721519470214844e-01 -1.558585837483406067e-02 2.589230239391326904e-01 0.000000000000000000e+00 2.000000000000000000e+00
3.302254943847656250e+02 1.995325622558593750e+02 3.513270187377929688e+01 9.655346274375915527e-01 -2.977051585912704468e-02 2.585664093494415283e-01 0.000000000000000000e+00 2.000000000000000000e+00
3.309485168457031250e+02 1.995102691650390625e+02 3.532632446289062500e+01 9.651685953140258789e-01 -3.764723241329193115e-02 2.589058876037597656e-01 0.000000000000000000e+00 2.000000000000000000e+00
3.316514892578125000e+02 1.994828491210937500e+02 3.551489639282226562e+01 9.647860527038574219e-01 -4.155797511339187622e-02 2.597320079803466797e-01 0.000000000000000000e+00 2.000000000000000000e+00
3.323404846191406250e+02 1.994531707763671875e+02 3.570038223266601562e+01 9.645169973373413086e-01 -4.303562268614768982e-02 2.604898810386657715e-01 0.000000000000000000e+00 2.000000000000000000e+00
3.330210266113281250e+02 1.994228057861328125e+02 3.588417816162109375e+01 9.643781781196594238e-01 -4.345536604523658752e-02 2.609335780143737793e-01 0.000000000000000000e+00 2.000000000000000000e+00
3.336969299316406250e+02 1.993923492431640625e+02 3.606705856323242188e+01 9.642801880836486816e-01 -4.279815405607223511e-02 2.614040672779083252e-01 0.000000000000000000e+00 2.000000000000000000e+00
3.343704223632812500e+02 1.993624572753906250e+02 3.624963378906250000e+01 9.641650915145874023e-01 -4.114938527345657349e-02 2.620920240879058838e-01 0.000000000000000000e+00 2.000000000000000000e+00
3.350425720214843750e+02 1.993337707519531250e+02 3.643234634399414062e+01 9.640763401985168457e-01 -3.739856928586959839e-02 2.629792392253875732e-01 0.000000000000000000e+00 2.000000000000000000e+00
3.357136230468750000e+02 1.993077392578125000e+02 3.661539459228515625e+01 9.641168117523193359e-01 -3.024938516318798065e-02 2.637491822242736816e-01 0.000000000000000000e+00 2.000000000000000000e+00
3.363837890625000000e+02 1.992867126464843750e+02 3.679872894287109375e+01 9.642207622528076172e-01 -1.676178909838199615e-02 2.645700871944427490e-01 0.000000000000000000e+00 2.000000000000000000e+00
3.370526428222656250e+02 1.992750854492187500e+02 3.698225402832031250e+01 9.643597602844238281e-01 5.687227472662925720e-03 2.645332217216491699e-01 0.000000000000000000e+00 2.000000000000000000e+00
3.377201843261718750e+02 1.992790222167968750e+02 3.716536712646484375e+01 9.643498063087463379e-01 3.888436034321784973e-02 2.617585361003875732e-01 0.000000000000000000e+00 2.000000000000000000e+00
3.383877258300781250e+02 1.993059387207031250e+02 3.734656143188476562e+01 9.637539982795715332e-01 8.222670108079910278e-02 2.538049519062042236e-01 0.000000000000000000e+00 2.000000000000000000e+00
3.390574951171875000e+02 1.993630828857421875e+02 3.752294540405273438e+01 9.621059298515319824e-01 1.320554614067077637e-01 2.385656386613845825e-01 0.000000000000000000e+00 2.000000000000000000e+00
3.397331848144531250e+02 1.994558258056640625e+02 3.769049072265625000e+01 9.591861367225646973e-01 1.820977628231048584e-01 2.163384109735488892e-01 0.000000000000000000e+00 2.000000000000000000e+00
3.404193420410156250e+02 1.995860900878906250e+02 3.784524917602539062e+01 9.551780819892883301e-01 2.265401035547256470e-01 1.905635744333267212e-01 0.000000000000000000e+00 2.000000000000000000e+00
3.411186828613281250e+02 1.997519531250000000e+02 3.798477172851562500e+01 9.504262208938598633e-01 2.622160613536834717e-01 1.671306490898132324e-01 0.000000000000000000e+00 2.000000000000000000e+00
3.418302612304687500e+02 1.999482727050781250e+02 3.810990142822265625e+01 9.451815485954284668e-01 2.890338897705078125e-01 1.519578993320465088e-01 0.000000000000000000e+00 2.000000000000000000e+00
3.425493469238281250e+02 2.001681671142578125e+02 3.822550964355468750e+01 9.393551349639892578e-01 3.088137805461883545e-01 1.491507291793823242e-01 0.000000000000000000e+00 2.000000000000000000e+00
3.432685852050781250e+02 2.004046173095703125e+02 3.833971023559570312e+01 9.326559305191040039e-01 3.239581882953643799e-01 1.587574928998947144e-01 0.000000000000000000e+00 2.000000000000000000e+00
3.439808959960937500e+02 2.006520385742187500e+02 3.846096038818359375e+01 9.250476360321044922e-01 3.361632823944091797e-01 1.768645048141479492e-01 0.000000000000000000e+00 2.000000000000000000e+00
3.446824035644531250e+02 2.009069671630859375e+02 3.859508514404296875e+01 9.172123670578002930e-01 3.467149436473846436e-01 1.962401717901229858e-01 0.000000000000000000e+00 2.000000000000000000e+00
3.453732299804687500e+02 2.011681060791015625e+02 3.874288940429687500e+01 9.104679822921752930e-01 3.567846715450286865e-01 2.091717272996902466e-01 0.000000000000000000e+00 2.000000000000000000e+00
3.460563659667968750e+02 2.014358062744140625e+02 3.889983367919921875e+01 9.059989452362060547e-01 3.670243024826049805e-01 2.108530700206756592e-01 0.000000000000000000e+00 2.000000000000000000e+00
3.467349243164062500e+02 2.017106933593750000e+02 3.905775451660156250e+01 9.041897654533386230e-01 3.769025206565856934e-01 2.009611725807189941e-01 0.000000000000000000e+00 2.000000000000000000e+00
3.474096069335937500e+02 2.019919281005859375e+02 3.920770645141601562e+01 9.043257832527160645e-01 3.856519758701324463e-01 1.829411834478378296e-01 0.000000000000000000e+00 2.000000000000000000e+00
3.480782775878906250e+02 2.022770843505859375e+02 3.934297561645507812e+01 9.055611491203308105e-01 3.919499218463897705e-01 1.622780114412307739e-01 0.000000000000000000e+00 2.000000000000000000e+00
3.487372436523437500e+02 2.025623016357421875e+02 3.946106338500976562e+01 9.075509905815124512e-01 3.946544528007507324e-01 1.435238420963287354e-01 0.000000000000000000e+00 2.000000000000000000e+00
3.493837280273437500e+02 2.028434295654296875e+02 3.956330108642578125e+01 9.099213480949401855e-01 3.939996659755706787e-01 1.296435147523880005e-01 0.000000000000000000e+00 2.000000000000000000e+00
3.500171203613281250e+02 2.031176910400390625e+02 3.965354537963867188e+01 9.120315909385681152e-01 3.915709853172302246e-01 1.219448298215866089e-01 0.000000000000000000e+00 2.000000000000000000e+00
3.506388244628906250e+02 2.033846130371093750e+02 3.973667144775390625e+01 9.134137034416198730e-01 3.890449106693267822e-01 1.196637451648712158e-01 0.000000000000000000e+00 2.000000000000000000e+00
3.512522583007812500e+02 2.036458892822265625e+02 3.981703567504882812e+01 9.135409593582153320e-01 3.883613646030426025e-01 1.209064722061157227e-01 0.000000000000000000e+00 2.000000000000000000e+00
3.518611145019531250e+02 2.039047241210937500e+02 3.989761734008789062e+01 9.127019643783569336e-01 3.896880745887756348e-01 1.229562684893608093e-01 0.000000000000000000e+00 2.000000000000000000e+00
3.524688415527343750e+02 2.041641998291015625e+02 3.997948837280273438e+01 9.113012552261352539e-01 3.927738964557647705e-01 1.235258057713508606e-01 0.000000000000000000e+00 2.000000000000000000e+00
3.530774536132812500e+02 2.044265136718750000e+02 4.006198501586914062e+01 9.100956320762634277e-01 3.964067995548248291e-01 1.207793056964874268e-01 0.000000000000000000e+00 2.000000000000000000e+00
3.536879577636718750e+02 2.046924285888671875e+02 4.014300537109375000e+01 9.097327589988708496e-01 3.992161452770233154e-01 1.140739098191261292e-01 0.000000000000000000e+00 2.000000000000000000e+00
3.542998352050781250e+02 2.049609375000000000e+02 4.021973037719726562e+01 9.102512598037719727e-01 4.006405174732208252e-01 1.045452952384948730e-01 0.000000000000000000e+00 2.000000000000000000e+00
3.549111328125000000e+02 2.052299957275390625e+02 4.028993988037109375e+01 9.114518165588378906e-01 4.003353416919708252e-01 9.480091184377670288e-02 0.000000000000000000e+00 2.000000000000000000e+00
3.555192565917968750e+02 2.054971008300781250e+02 4.035319137573242188e+01 9.130751490592956543e-01 3.980272710323333740e-01 8.870243281126022339e-02 0.000000000000000000e+00 2.000000000000000000e+00
3.561214599609375000e+02 2.057596130371093750e+02 4.041169357299804688e+01 9.147462844848632812e-01 3.940774500370025635e-01 8.911895006895065308e-02 0.000000000000000000e+00 2.000000000000000000e+00
3.567157592773437500e+02 2.060156402587890625e+02 4.046959304809570312e+01 9.164193272590637207e-01 3.882853388786315918e-01 9.700566530227661133e-02 0.000000000000000000e+00 2.000000000000000000e+00
3.573013000488281250e+02 2.062637329101562500e+02 4.053157424926757812e+01 9.182370305061340332e-01 3.802480995655059814e-01 1.106892451643943787e-01 0.000000000000000000e+00 2.000000000000000000e+00
3.578784790039062500e+02 2.065027465820312500e+02 4.060115051269531250e+01 9.206202626228332520e-01 3.693457841873168945e-01 1.266572773456573486e-01 0.000000000000000000e+00 2.000000000000000000e+00
3.584492492675781250e+02 2.067317352294921875e+02 4.067967605590820312e+01 9.238227009773254395e-01 3.557808101177215576e-01 1.413210779428482056e-01 0.000000000000000000e+00 2.000000000000000000e+00
3.590166625976562500e+02 2.069502563476562500e+02 4.076647567749023438e+01 9.280378818511962891e-01 3.396329879760742188e-01 1.529543995857238770e-01 0.000000000000000000e+00 2.000000000000000000e+00
3.595852050781250000e+02 2.071583251953125000e+02 4.086017990112304688e+01 9.327445030212402344e-01 3.221915066242218018e-01 1.618031263351440430e-01 0.000000000000000000e+00 2.000000000000000000e+00
3.601586303710937500e+02 2.073563995361328125e+02 4.095965194702148438e+01 9.371418952941894531e-01 3.043559491634368896e-01 1.706822961568832397e-01 0.000000000000000000e+00 2.000000000000000000e+00
3.607401428222656250e+02 2.075452575683593750e+02 4.106556320190429688e+01 9.405000805854797363e-01 2.867141366004943848e-01 1.823584586381912231e-01 0.000000000000000000e+00 2.000000000000000000e+00
3.613312683105468750e+02 2.077254638671875000e+02 4.118017959594726562e+01 9.423411488533020020e-01 2.695960402488708496e-01 1.982704102993011475e-01 0.000000000000000000e+00 2.000000000000000000e+00
3.619318237304687500e+02 2.078972778320312500e+02 4.130653762817382812e+01 9.423357248306274414e-01 2.535148262977600098e-01 2.184804230928421021e-01 0.000000000000000000e+00 2.000000000000000000e+00
3.625400695800781250e+02 2.080609130859375000e+02 4.144755935668945312e+01 9.405876994132995605e-01 2.390904128551483154e-01 2.411031126976013184e-01 0.000000000000000000e+00 2.000000000000000000e+00
3.631533203125000000e+02 2.082167968750000000e+02 4.160475540161132812e+01 9.373847842216491699e-01 2.276771962642669678e-01 2.635769248008728027e-01 0.000000000000000000e+00 2.000000000000000000e+00
3.637677917480468750e+02 2.083660430908203125e+02 4.177753448486328125e+01 9.334462285041809082e-01 2.201976925134658813e-01 2.831803858280181885e-01 0.000000000000000000e+00 2.000000000000000000e+00
3.643791198730468750e+02 2.085102539062500000e+02 4.196299362182617188e+01 9.292348027229309082e-01 2.170077711343765259e-01 2.990491390228271484e-01 0.000000000000000000e+00 2.000000000000000000e+00
3.649828491210937500e+02 2.086512451171875000e+02 4.215728759765625000e+01 9.251756668090820312e-01 2.176266461610794067e-01 3.109480440616607666e-01 0.000000000000000000e+00 2.000000000000000000e+00
3.655747070312500000e+02 2.087904663085937500e+02 4.235620880126953125e+01 9.213272929191589355e-01 2.204654961824417114e-01 3.202357888221740723e-01 0.000000000000000000e+00 2.000000000000000000e+00
3.661524963378906250e+02 2.089287261962890625e+02 4.255703735351562500e+01 9.175564050674438477e-01 2.236795574426651001e-01 3.287213742733001709e-01 0.000000000000000000e+00 2.000000000000000000e+00
3.667152709960937500e+02 2.090659179687500000e+02 4.275865554809570312e+01 9.131572842597961426e-01 2.253010720014572144e-01 3.396809697151184082e-01 0.000000000000000000e+00 2.000000000000000000e+00
3.672631530761718750e+02 2.092010955810546875e+02 4.296245956420898438e+01 9.072124958038330078e-01 2.246676534414291382e-01 3.556543290615081787e-01 0.000000000000000000e+00 2.000000000000000000e+00
3.677947082519531250e+02 2.093327331542968750e+02 4.317084503173828125e+01 8.984534144401550293e-01 2.224952578544616699e-01 3.785198330879211426e-01 0.000000000000000000e+00 2.000000000000000000e+00
3.683027954101562500e+02 2.094585571289062500e+02 4.338490295410156250e+01 8.855553865432739258e-01 2.203242033720016479e-01 4.089607894420623779e-01 0.000000000000000000e+00 2.000000000000000000e+00
3.687723999023437500e+02 2.095753936767578125e+02 4.360177230834960938e+01 8.657633662223815918e-01 2.217048257589340210e-01 4.486655294895172119e-01 0.000000000000000000e+00 2.000000000000000000e+00
3.691789550781250000e+02 2.096795043945312500e+02 4.381246185302734375e+01 8.323072791099548340e-01 2.307543307542800903e-01 5.040010809898376465e-01 0.000000000000000000e+00 2.000000000000000000e+00
3.694917297363281250e+02 2.097662200927734375e+02 4.400186157226562500e+01 7.575149536132812500e-01 2.595201432704925537e-01 5.990161895751953125e-01 0.000000000000000000e+00 2.000000000000000000e+00
3.696806640625000000e+02 2.098309478759765625e+02 4.415126419067382812e+01 4.038157463073730469e-01 3.528162240982055664e-01 8.440696597099304199e-01 0.000000000000000000e+00 2.000000000000000000e+00
3.697248840332031250e+02 2.098695831298828125e+02 4.424369430541992188e+01 -9.690410494804382324e-01 9.353353083133697510e-02 2.284970730543136597e-01 0.000000000000000000e+00 2.000000000000000000e+00
3.696195983886718750e+02 2.098797454833984375e+02 4.426852035522460938e+01 -9.811592698097229004e-01 -7.571667432785034180e-02 -1.777453571557998657e-01 0.000000000000000000e+00 2.000000000000000000e+00
3.693777770996093750e+02 2.098610839843750000e+02 4.422471237182617188e+01 -9.512487649917602539e-01 -1.232549324631690979e-01 -2.827260792255401611e-01 0.000000000000000000e+00 2.000000000000000000e+00
3.690264892578125000e+02 2.098155670166015625e+02 4.412030410766601562e+01 -9.319455027580261230e-01 -1.499992161989212036e-01 -3.301180899143218994e-01 0.000000000000000000e+00 2.000000000000000000e+00
3.685992126464843750e+02 2.097467956542968750e+02 4.396895217895507812e+01 -9.186345338821411133e-01 -1.702032536268234253e-01 -3.565689921379089355e-01 0.000000000000000000e+00 2.000000000000000000e+00
3.681269836425781250e+02 2.096593017578125000e+02 4.378565597534179688e+01 -9.087996482849121094e-01 -1.871008425951004028e-01 -3.729297220706939697e-01 0.000000000000000000e+00 2.000000000000000000e+00
3.676336669921875000e+02 2.095577392578125000e+02 4.358322143554687500e+01 -9.014726281166076660e-01 -2.011714279651641846e-01 -3.832456171512603760e-01 0.000000000000000000e+00 2.000000000000000000e+00
3.671339721679687500e+02 2.094462280273437500e+02 4.337078475952148438e+01 -8.961826562881469727e-01 -2.118269801139831543e-01 -3.898539543151855469e-01 0.000000000000000000e+00 2.000000000000000000e+00
3.666348266601562500e+02 2.093282470703125000e+02 4.315364837646484375e+01 -8.926039934158325195e-01 -2.195827662944793701e-01 -3.937530815601348877e-01 0.000000000000000000e+00 2.000000000000000000e+00
3.661386108398437500e+02 2.092061767578125000e+02 4.293475341796875000e+01 -8.904949426651000977e-01 -2.242617756128311157e-01 -3.958856463432312012e-01 0.000000000000000000e+00 2.000000000000000000e+00
3.656450500488281250e+02 2.090818786621093750e+02 4.271533203125000000e+01 -8.893707990646362305e-01 -2.269975692033767700e-01 -3.968520760536193848e-01 0.000000000000000000e+00 2.000000000000000000e+00
3.651538085937500000e+02 2.089564971923828125e+02 4.249613189697265625e+01 -8.888493180274963379e-01 -2.281986027956008911e-01 -3.973313271999359131e-01 0.000000000000000000e+00 2.000000000000000000e+00
3.646644287109375000e+02 2.088308563232421875e+02 4.227737045288085938e+01 -8.885962963104248047e-01 -2.288859188556671143e-01 -3.975020945072174072e-01 0.000000000000000000e+00 2.000000000000000000e+00
3.641773681640625000e+02 2.087053985595703125e+02 4.205949020385742188e+01 -8.885341286659240723e-01 -2.290299981832504272e-01 -3.975579142570495605e-01 0.000000000000000000e+00 2.000000000000000000e+00
3.636947326660156250e+02 2.085809936523437500e+02 4.184354400634765625e+01 -8.885031342506408691e-01 -2.290797382593154907e-01 -3.975985944271087646e-01 0.000000000000000000e+00 2.000000000000000000e+00
3.632209777832031250e+02 2.084588470458984375e+02 4.163154220581054688e+01 -8.885197043418884277e-01 -2.290344536304473877e-01 -3.975876867771148682e-01 0.000000000000000000e+00 2.000000000000000000e+00
3.627634582519531250e+02 2.083409118652343750e+02 4.142681503295898438e+01 -8.885182142257690430e-01 -2.290543764829635620e-01 -3.975794911384582520e-01 0.000000000000000000e+00 2.000000000000000000e+00
3.623327331542968750e+02 2.082298736572265625e+02 4.123408126831054688e+01 -8.885273933410644531e-01 -2.290458530187606812e-01 -3.975638449192047119e-01 0.000000000000000000e+00 2.000000000000000000e+00
3.619415283203125000e+02 2.081290283203125000e+02 4.105904006958007812e+01 -8.885172605514526367e-01 -2.290483564138412476e-01 -3.975850939750671387e-01 0.000000000000000000e+00 2.000000000000000000e+00
3.616025390625000000e+02 2.080416412353515625e+02 4.090735244750976562e+01 -8.885045647621154785e-01 -2.290927916765213013e-01 -3.975879549980163574e-01 0.000000000000000000e+00 2.000000000000000000e+00
3.613252258300781250e+02 2.079701385498046875e+02 4.078326034545898438e+01 -8.885045647621154785e-01 -2.290927916765213013e-01 -3.975879549980163574e-01 0.000000000000000000e+00 2.000000000000000000e+00
