3.313067626953125000e+02 2.646004333496093750e+02 2.544976654052734375e+02 -5.184153914451599121e-01 8.551000952720642090e-01 7.023409008979797363e-03 0.000000000000000000e+00 1.000000000000000000e+00
3.314509277343750000e+02 2.643626403808593750e+02 2.544957122802734375e+02 -4.815371334552764893e-01 8.763858079910278320e-01 8.366150781512260437e-03 0.000000000000000000e+00 1.000000000000000000e+00
3.316257019042968750e+02 2.640445556640625000e+02 2.544926757812500000e+02 -4.424843788146972656e-01 8.967252373695373535e-01 9.556452743709087372e-03 0.000000000000000000e+00 1.000000000000000000e+00
3.318221130371093750e+02 2.636465148925781250e+02 2.544884338378906250e+02 -4.024720489978790283e-01 9.153683185577392578e-01 1.081658434122800827e-02 0.000000000000000000e+00 1.000000000000000000e+00
3.320287780761718750e+02 2.631764831542968750e+02 2.544828796386718750e+02 -3.646528720855712891e-01 9.310663342475891113e-01 1.198844052851200104e-02 0.000000000000000000e+00 1.000000000000000000e+00
3.322357788085937500e+02 2.626479492187500000e+02 2.544760742187500000e+02 -3.313141763210296631e-01 9.434320926666259766e-01 1.291717402637004852e-02 0.000000000000000000e+00 1.000000000000000000e+00
3.324365539550781250e+02 2.620762329101562500e+02 2.544682464599609375e+02 -3.048631548881530762e-01 9.522979855537414551e-01 1.367479190230369568e-02 0.000000000000000000e+00 1.000000000000000000e+00
3.326287536621093750e+02 2.614758605957031250e+02 2.544596252441406250e+02 -2.858723998069763184e-01 9.581624269485473633e-01 1.420131046324968338e-02 0.000000000000000000e+00 1.000000000000000000e+00
3.328130493164062500e+02 2.608581542968750000e+02 2.544504699707031250e+02 -2.736102938652038574e-01 9.617305397987365723e-01 1.455324050039052963e-02 0.000000000000000000e+00 1.000000000000000000e+00
3.329914855957031250e+02 2.602309570312500000e+02 2.544409790039062500e+02 -2.664935588836669922e-01 9.637237787246704102e-01 1.475348602980375290e-02 0.000000000000000000e+00 1.000000000000000000e+00
3.331662292480468750e+02 2.595990295410156250e+02 2.544313049316406250e+02 -2.631826400756835938e-01 9.646159410476684570e-01 1.583926565945148468e-02 0.000000000000000000e+00 1.000000000000000000e+00
3.333391418457031250e+02 2.589652709960937500e+02 2.544208984375000000e+02 -2.615602910518646240e-01 9.650031924247741699e-01 1.884553954005241394e-02 0.000000000000000000e+00 1.000000000000000000e+00
3.335108947753906250e+02 2.583316040039062500e+02 2.544085235595703125e+02 -2.618342936038970947e-01 9.647482037544250488e-01 2.652813121676445007e-02 0.000000000000000000e+00 1.000000000000000000e+00
3.336824340820312500e+02 2.576995544433593750e+02 2.543911437988281250e+02 -2.637421786785125732e-01 9.636662006378173828e-01 4.227839037775993347e-02 0.000000000000000000e+00 1.000000000000000000e+00
3.338542480468750000e+02 2.570717773437500000e+02 2.543636016845703125e+02 -2.676472067832946777e-01 9.607849121093750000e-01 7.250849902629852295e-02 0.000000000000000000e+00 1.000000000000000000e+00
3.340268249511718750e+02 2.564522705078125000e+02 2.543168487548828125e+02 -2.740357518196105957e-01 9.535163640975952148e-01 1.253429502248764038e-01 0.000000000000000000e+00 1.000000000000000000e+00
3.342005310058593750e+02 2.558478546142578125e+02 2.542373962402343750e+02 -2.833477258682250977e-01 9.360374808311462402e-01 2.086814492940902710e-01 0.000000000000000000e+00 1.000000000000000000e+00
3.343760986328125000e+02 2.552678680419921875e+02 2.541080932617187500e+02 -2.939957976341247559e-01 8.984830379486083984e-01 3.260286450386047363e-01 0.000000000000000000e+00 1.000000000000000000e+00
3.345539550781250000e+02 2.547243194580078125e+02 2.539108581542968750e+02 -3.022475838661193848e-01 8.292092680931091309e-01 4.701686203479766846e-01 0.000000000000000000e+00 1.000000000000000000e+00
3.347340698242187500e+02 2.542301788330078125e+02 2.536306762695312500e+02 -3.028890788555145264e-01 7.234776020050048828e-01 6.203533411026000977e-01 0.000000000000000000e+00 1.000000000000000000e+00
3.349151306152343750e+02 2.537976989746093750e+02 2.532598419189453125e+02 -2.939791679382324219e-01 5.913262367248535156e-01 7.509391307830810547e-01 0.000000000000000000e+00 1.000000000000000000e+00
3.350949401855468750e+02 2.534360198974609375e+02 2.528005371093750000e+02 -2.775297164916992188e-01 4.521421492099761963e-01 8.476701378822326660e-01 0.000000000000000000e+00 1.000000000000000000e+00
3.352707214355468750e+02 2.531496429443359375e+02 2.522636413574218750e+02 -2.570846080780029297e-01 3.242755830287933350e-01 9.103586673736572266e-01 0.000000000000000000e+00 1.000000000000000000e+00
3.354393310546875000e+02 2.529369659423828125e+02 2.516665802001953125e+02 -2.361452877521514893e-01 2.158777415752410889e-01 9.474344849586486816e-01 0.000000000000000000e+00 1.000000000000000000e+00
3.355984497070312500e+02 2.527915039062500000e+02 2.510281829833984375e+02 -2.170606553554534912e-01 1.298177689313888550e-01 9.674875140190124512e-01 0.000000000000000000e+00 1.000000000000000000e+00
3.357471923828125000e+02 2.527025451660156250e+02 2.503652038574218750e+02 -1.999921649694442749e-01 6.657558679580688477e-02 9.775331020355224609e-01 0.000000000000000000e+00 1.000000000000000000e+00
3.358851623535156250e+02 2.526566162109375000e+02 2.496908264160156250e+02 -1.843909323215484619e-01 2.596805803477764130e-02 9.825098514556884766e-01 0.000000000000000000e+00 1.000000000000000000e+00
3.360121459960937500e+02 2.526387329101562500e+02 2.490142059326171875e+02 -1.674855947494506836e-01 8.318376727402210236e-03 9.858394265174865723e-01 0.000000000000000000e+00 1.000000000000000000e+00
3.361264343261718750e+02 2.526330566406250000e+02 2.483414916992187500e+02 -1.464839428663253784e-01 1.365759316831827164e-02 9.891188144683837891e-01 0.000000000000000000e+00 1.000000000000000000e+00
3.362247924804687500e+02 2.526238861083984375e+02 2.476773376464843750e+02 -1.184196472167968750e-01 4.095210507512092590e-02 9.921187758445739746e-01 0.000000000000000000e+00 1.000000000000000000e+00
3.363025817871093750e+02 2.525969848632812500e+02 2.470256195068359375e+02 -8.149000257253646851e-02 8.692584186792373657e-02 9.928762316703796387e-01 0.000000000000000000e+00 1.000000000000000000e+00
3.363547363281250000e+02 2.525413513183593750e+02 2.463901672363281250e+02 -3.530943021178245544e-02 1.449351757764816284e-01 9.888109564781188965e-01 0.000000000000000000e+00 1.000000000000000000e+00
3.363767395019531250e+02 2.524510345458984375e+02 2.457739868164062500e+02 1.701415143907070160e-02 2.064283341169357300e-01 9.783137440681457520e-01 0.000000000000000000e+00 1.000000000000000000e+00
3.363663940429687500e+02 2.523255157470703125e+02 2.451791229248046875e+02 7.541169226169586182e-02 2.624788582324981689e-01 9.619864225387573242e-01 0.000000000000000000e+00 1.000000000000000000e+00
3.363215332031250000e+02 2.521693725585937500e+02 2.446068572998046875e+02 1.415004879236221313e-01 3.071168065071105957e-01 9.410935044288635254e-01 0.000000000000000000e+00 1.000000000000000000e+00
3.362390747070312500e+02 2.519904022216796875e+02 2.440584411621093750e+02 2.205435186624526978e-01 3.382183909416198730e-01 9.148600101470947266e-01 0.000000000000000000e+00 1.000000000000000000e+00
3.361131591796875000e+02 2.517973022460937500e+02 2.435361175537109375e+02 3.168078958988189697e-01 3.564156889915466309e-01 8.789770007133483887e-01 0.000000000000000000e+00 1.000000000000000000e+00
3.359358215332031250e+02 2.515977935791015625e+02 2.430440979003906250e+02 4.298751950263977051e-01 3.633126020431518555e-01 8.265659809112548828e-01 0.000000000000000000e+00 1.000000000000000000e+00
3.356988220214843750e+02 2.513974914550781250e+02 2.425883941650390625e+02 5.476147532463073730e-01 3.638231754302978516e-01 7.534924745559692383e-01 0.000000000000000000e+00 1.000000000000000000e+00
3.353988037109375000e+02 2.511981658935546875e+02 2.421755828857421875e+02 6.540729403495788574e-01 3.638367354869842529e-01 6.631827354431152344e-01 0.000000000000000000e+00 1.000000000000000000e+00
3.350394592285156250e+02 2.509982757568359375e+02 2.418112335205078125e+02 7.343052625656127930e-01 3.738658130168914795e-01 5.665863752365112305e-01 0.000000000000000000e+00 1.000000000000000000e+00
3.346338806152343750e+02 2.507917785644531250e+02 2.414982910156250000e+02 7.813194990158081055e-01 4.044360220432281494e-01 4.753644466400146484e-01 0.000000000000000000e+00 1.000000000000000000e+00
3.342029113769531250e+02 2.505686950683593750e+02 2.412360839843750000e+02 7.922718524932861328e-01 4.661874473094940186e-01 3.936681449413299561e-01 0.000000000000000000e+00 1.000000000000000000e+00
3.337718200683593750e+02 2.503150329589843750e+02 2.410218811035156250e+02 7.609322667121887207e-01 5.644148588180541992e-01 3.200278878211975098e-01 0.000000000000000000e+00 1.000000000000000000e+00
3.333662719726562500e+02 2.500142211914062500e+02 2.408513183593750000e+02 6.772359013557434082e-01 6.919193863868713379e-01 2.501984536647796631e-01 0.000000000000000000e+00 1.000000000000000000e+00
3.330094604492187500e+02 2.496496734619140625e+02 2.407194976806640625e+02 5.385959148406982422e-01 8.225704431533813477e-01 1.824616044759750366e-01 0.000000000000000000e+00 1.000000000000000000e+00
3.327205200195312500e+02 2.492083892822265625e+02 2.406216125488281250e+02 3.658357262611389160e-01 9.227559566497802734e-01 1.211840882897377014e-01 0.000000000000000000e+00 1.000000000000000000e+00
3.325127258300781250e+02 2.486842651367187500e+02 2.405527801513671875e+02 1.932032555341720581e-01 9.784809947013854980e-01 7.243885099887847900e-02 0.000000000000000000e+00 1.000000000000000000e+00
3.323935241699218750e+02 2.480805664062500000e+02 2.405080871582031250e+02 4.369718208909034729e-02 9.983125329017639160e-01 3.824638947844505310e-02 0.000000000000000000e+00 1.000000000000000000e+00
3.323641662597656250e+02 2.474098510742187500e+02 2.404823913574218750e+02 -7.877209782600402832e-02 9.967504143714904785e-01 1.683742925524711609e-02 0.000000000000000000e+00 1.000000000000000000e+00
3.324209899902343750e+02 2.466908264160156250e+02 2.404702453613281250e+02 -1.771146804094314575e-01 9.841803908348083496e-01 4.401737824082374573e-03 0.000000000000000000e+00 1.000000000000000000e+00
3.325554504394531250e+02 2.459436645507812500e+02 2.404669036865234375e+02 -2.550297677516937256e-01 9.669327735900878906e-01 -8.955243974924087524e-04 0.000000000000000000e+00 1.000000000000000000e+00
3.327553405761718750e+02 2.451857910156250000e+02 2.404676055908203125e+02 -3.152685463428497314e-01 9.490016102790832520e-01 -1.243927166797220707e-03 0.000000000000000000e+00 1.000000000000000000e+00
3.330067138671875000e+02 2.444291229248046875e+02 2.404685974121093750e+02 -3.586554825305938721e-01 9.334663152694702148e-01 2.604739274829626083e-03 0.000000000000000000e+00 1.000000000000000000e+00
3.332945556640625000e+02 2.436799621582031250e+02 2.404665069580078125e+02 -3.868799507617950439e-01 9.220765829086303711e-01 9.938549250364303589e-03 0.000000000000000000e+00 1.000000000000000000e+00
3.336046142578125000e+02 2.429409790039062500e+02 2.404585418701171875e+02 -4.025714099407196045e-01 9.151741862297058105e-01 1.981370151042938232e-02 0.000000000000000000e+00 1.000000000000000000e+00
3.339245605468750000e+02 2.422136383056640625e+02 2.404427947998046875e+02 -4.092763364315032959e-01 9.118837118148803711e-01 3.099987469613552094e-02 0.000000000000000000e+00 1.000000000000000000e+00
3.342448730468750000e+02 2.414999694824218750e+02 2.404185333251953125e+02 -4.103586971759796143e-01 9.109723567962646484e-01 4.165460169315338135e-02 0.000000000000000000e+00 1.000000000000000000e+00
3.345585937500000000e+02 2.408035278320312500e+02 2.403866882324218750e+02 -4.090964496135711670e-01 9.111543893814086914e-01 4.937228932976722717e-02 0.000000000000000000e+00 1.000000000000000000e+00
3.348619079589843750e+02 2.401279754638671875e+02 2.403500823974609375e+02 -4.079118669033050537e-01 9.115594625473022461e-01 5.164521932601928711e-02 0.000000000000000000e+00 1.000000000000000000e+00
3.351535644531250000e+02 2.394762115478515625e+02 2.403131561279296875e+02 -4.075231850147247314e-01 9.120366573333740234e-01 4.597777128219604492e-02 0.000000000000000000e+00 1.000000000000000000e+00
3.354339294433593750e+02 2.388487548828125000e+02 2.402815246582031250e+02 -4.084279835224151611e-01 9.122675657272338867e-01 3.089279122650623322e-02 0.000000000000000000e+00 1.000000000000000000e+00
3.357052612304687500e+02 2.382427062988281250e+02 2.402610015869140625e+02 -4.107562303543090820e-01 9.117164611816406250e-01 7.245585322380065918e-03 0.000000000000000000e+00 1.000000000000000000e+00
3.359708251953125000e+02 2.376532592773437500e+02 2.402563171386718750e+02 -4.139592945575714111e-01 9.100388884544372559e-01 -2.160934545099735260e-02 0.000000000000000000e+00 1.000000000000000000e+00
3.362341918945312500e+02 2.370742797851562500e+02 2.402700653076171875e+02 -4.170642197132110596e-01 9.074870347976684570e-01 -5.024724826216697693e-02 0.000000000000000000e+00 1.000000000000000000e+00
3.364982604980468750e+02 2.364996948242187500e+02 2.403018798828125000e+02 -4.197912812232971191e-01 9.046580791473388672e-01 -7.327292114496231079e-02 0.000000000000000000e+00 1.000000000000000000e+00
3.367655029296875000e+02 2.359237823486328125e+02 2.403485260009765625e+02 -4.224611520767211914e-01 9.023393988609313965e-01 -8.549921959638595581e-02 0.000000000000000000e+00 1.000000000000000000e+00
3.370382080078125000e+02 2.353413085937500000e+02 2.404037170410156250e+02 -4.257485270500183105e-01 9.008659124374389648e-01 -8.472826331853866577e-02 0.000000000000000000e+00 1.000000000000000000e+00
3.373187561035156250e+02 2.347476806640625000e+02 2.404595489501953125e+02 -4.309611022472381592e-01 8.995414972305297852e-01 -7.139755785465240479e-02 0.000000000000000000e+00 1.000000000000000000e+00
3.376098022460937500e+02 2.341401824951171875e+02 2.405077667236328125e+02 -4.396641552448272705e-01 8.968469500541687012e-01 -4.858958721160888672e-02 0.000000000000000000e+00 1.000000000000000000e+00
3.379142456054687500e+02 2.335191650390625000e+02 2.405414123535156250e+02 -4.531944394111633301e-01 8.911759257316589355e-01 -2.049970068037509918e-02 0.000000000000000000e+00 1.000000000000000000e+00
3.382347106933593750e+02 2.328889923095703125e+02 2.405559082031250000e+02 -4.727526605129241943e-01 8.811591267585754395e-01 7.968699559569358826e-03 0.000000000000000000e+00 1.000000000000000000e+00
3.385732727050781250e+02 2.322579498291015625e+02 2.405502014160156250e+02 -4.981437027454376221e-01 8.664532303810119629e-01 3.333982452750205994e-02 0.000000000000000000e+00 1.000000000000000000e+00
3.389312133789062500e+02 2.316353607177734375e+02 2.405262451171875000e+02 -5.274282097816467285e-01 8.479767441749572754e-01 5.248710140585899353e-02 0.000000000000000000e+00 1.000000000000000000e+00
3.393088684082031250e+02 2.310281829833984375e+02 2.404886627197265625e+02 -5.568977594375610352e-01 8.281008005142211914e-01 6.414034962654113770e-02 0.000000000000000000e+00 1.000000000000000000e+00
3.397052612304687500e+02 2.304387512207031250e+02 2.404430084228515625e+02 -5.817674994468688965e-01 8.104925751686096191e-01 6.817890703678131104e-02 0.000000000000000000e+00 1.000000000000000000e+00
3.401181335449218750e+02 2.298635559082031250e+02 2.403946228027343750e+02 -5.976119041442871094e-01 7.990384697914123535e-01 6.631318479776382446e-02 0.000000000000000000e+00 1.000000000000000000e+00
3.405434570312500000e+02 2.292948760986328125e+02 2.403474273681640625e+02 -6.025388240814208984e-01 7.956852912902832031e-01 6.190292537212371826e-02 0.000000000000000000e+00 1.000000000000000000e+00
3.409761047363281250e+02 2.287235412597656250e+02 2.403029785156250000e+02 -5.978254675865173340e-01 7.994924187660217285e-01 5.845236405730247498e-02 0.000000000000000000e+00 1.000000000000000000e+00
3.414108886718750000e+02 2.281420898437500000e+02 2.402604675292968750e+02 -5.862987041473388672e-01 8.079072237014770508e-01 5.949640274047851562e-02 0.000000000000000000e+00 1.000000000000000000e+00
3.418424377441406250e+02 2.275474243164062500e+02 2.402166748046875000e+02 -5.726693272590637207e-01 8.170043826103210449e-01 6.747949123382568359e-02 0.000000000000000000e+00 1.000000000000000000e+00
3.422666625976562500e+02 2.269421997070312500e+02 2.401666870117187500e+02 -5.599160194396972656e-01 8.243654966354370117e-01 8.315932005643844604e-02 0.000000000000000000e+00 1.000000000000000000e+00
3.426803894042968750e+02 2.263330688476562500e+02 2.401052398681640625e+02 -5.504301786422729492e-01 8.280948400497436523e-01 1.062336489558219910e-01 0.000000000000000000e+00 1.000000000000000000e+00
3.430815429687500000e+02 2.257295532226562500e+02 2.400278167724609375e+02 -5.447977781295776367e-01 8.276191353797912598e-01 1.350628435611724854e-01 0.000000000000000000e+00 1.000000000000000000e+00
3.434691772460937500e+02 2.251406860351562500e+02 2.399317169189453125e+02 -5.426321625709533691e-01 8.232864737510681152e-01 1.665824651718139648e-01 0.000000000000000000e+00 1.000000000000000000e+00
3.438433532714843750e+02 2.245729827880859375e+02 2.398168487548828125e+02 -5.429100990295410156e-01 8.162657022476196289e-01 1.973802298307418823e-01 0.000000000000000000e+00 1.000000000000000000e+00
3.442051391601562500e+02 2.240290374755859375e+02 2.396853179931640625e+02 -5.445623397827148438e-01 8.081921339035034180e-01 2.242259830236434937e-01 0.000000000000000000e+00 1.000000000000000000e+00
3.445566711425781250e+02 2.235073242187500000e+02 2.395405731201171875e+02 -5.467796921730041504e-01 8.006312847137451172e-01 2.449926435947418213e-01 0.000000000000000000e+00 1.000000000000000000e+00
3.449004211425781250e+02 2.230039825439453125e+02 2.393865509033203125e+02 -5.488651394844055176e-01 7.946888208389282227e-01 2.592619359493255615e-01 0.000000000000000000e+00 1.000000000000000000e+00
3.452388305664062500e+02 2.225140075683593750e+02 2.392266998291015625e+02 -5.505049824714660645e-01 7.906678915023803711e-01 2.679338157176971436e-01 0.000000000000000000e+00 1.000000000000000000e+00
3.455739746093750000e+02 2.220326538085937500e+02 2.390635833740234375e+02 -5.516132116317749023e-01 7.882533669471740723e-01 2.727258205413818359e-01 0.000000000000000000e+00 1.000000000000000000e+00
3.459072875976562500e+02 2.215563507080078125e+02 2.388987884521484375e+02 -5.521810650825500488e-01 7.870735526084899902e-01 2.749750316143035889e-01 0.000000000000000000e+00 1.000000000000000000e+00
3.462396240234375000e+02 2.210826416015625000e+02 2.387332916259765625e+02 -5.525363683700561523e-01 7.864423990249633789e-01 2.760649919509887695e-01 0.000000000000000000e+00 1.000000000000000000e+00
3.465715942382812500e+02 2.206101379394531250e+02 2.385674285888671875e+02 -5.525121688842773438e-01 7.860972285270690918e-01 2.770947515964508057e-01 0.000000000000000000e+00 1.000000000000000000e+00
3.469033203125000000e+02 2.201381683349609375e+02 2.384010620117187500e+02 -5.520151257514953613e-01 7.857789397239685059e-01 2.789813876152038574e-01 0.000000000000000000e+00 1.000000000000000000e+00
3.472347106933593750e+02 2.196664428710937500e+02 2.382335815429687500e+02 -5.511624217033386230e-01 7.850596904754638672e-01 2.826682329177856445e-01 0.000000000000000000e+00 1.000000000000000000e+00
3.475657958984375000e+02 2.191948547363281250e+02 2.380637817382812500e+02 -5.491445064544677734e-01 7.839233279228210449e-01 2.896628081798553467e-01 0.000000000000000000e+00 1.000000000000000000e+00
3.478961791992187500e+02 2.187232208251953125e+02 2.378895111083984375e+02 -5.458464026451110840e-01 7.818518877029418945e-01 3.012630939483642578e-01 0.000000000000000000e+00 1.000000000000000000e+00
3.482253417968750000e+02 2.182517395019531250e+02 2.377078399658203125e+02 -5.408434867858886719e-01 7.786342501640319824e-01 3.181461989879608154e-01 0.000000000000000000e+00 1.000000000000000000e+00
3.485528564453125000e+02 2.177802276611328125e+02 2.375151824951171875e+02 -5.342523455619812012e-01 7.740676403045654297e-01 3.396965861320495605e-01 0.000000000000000000e+00 1.000000000000000000e+00
3.488785095214843750e+02 2.173083953857421875e+02 2.373081207275390625e+02 -5.270515680313110352e-01 7.685672640800476074e-01 3.626581430435180664e-01 0.000000000000000000e+00 1.000000000000000000e+00
3.492026062011718750e+02 2.168357849121093750e+02 2.370851135253906250e+02 -5.209681391716003418e-01 7.628759741783142090e-01 3.828999996185302734e-01 0.000000000000000000e+00 1.000000000000000000e+00
3.495261230468750000e+02 2.163620452880859375e+02 2.368473358154296875e+02 -5.180143713951110840e-01 7.582005858421325684e-01 3.959708809852600098e-01 0.000000000000000000e+00 1.000000000000000000e+00
3.498503417968750000e+02 2.158874969482421875e+02 2.365995025634765625e+02 -5.189055204391479492e-01 7.556269764900207520e-01 3.997060060501098633e-01 0.000000000000000000e+00 1.000000000000000000e+00
3.501760253906250000e+02 2.154132385253906250e+02 2.363486328125000000e+02 -5.232571959495544434e-01 7.553659677505493164e-01 3.944922089576721191e-01 0.000000000000000000e+00 1.000000000000000000e+00
3.505032958984375000e+02 2.149407958984375000e+02 2.361018981933593750e+02 -5.287209153175354004e-01 7.572479844093322754e-01 3.834444284439086914e-01 0.000000000000000000e+00 1.000000000000000000e+00
3.508313293457031250e+02 2.144709777832031250e+02 2.358639984130859375e+02 -5.329320430755615234e-01 7.604108452796936035e-01 3.711588084697723389e-01 0.000000000000000000e+00 1.000000000000000000e+00
3.511594238281250000e+02 2.140028381347656250e+02 2.356354980468750000e+02 -5.331836342811584473e-01 7.642166018486022949e-01 3.628886640071868896e-01 0.000000000000000000e+00 1.000000000000000000e+00
3.514870605468750000e+02 2.135332336425781250e+02 2.354125061035156250e+02 -5.280833244323730469e-01 7.677807211875915527e-01 3.628232181072235107e-01 0.000000000000000000e+00 1.000000000000000000e+00
3.518140869140625000e+02 2.130577697753906250e+02 2.351878204345703125e+02 -5.179264545440673828e-01 7.703241109848022461e-01 3.719582855701446533e-01 0.000000000000000000e+00 1.000000000000000000e+00
3.521402893066406250e+02 2.125726013183593750e+02 2.349535522460937500e+02 -5.038664937019348145e-01 7.713511586189270020e-01 3.887621164321899414e-01 0.000000000000000000e+00 1.000000000000000000e+00
3.524641113281250000e+02 2.120768737792968750e+02 2.347037048339843750e+02 -4.876412153244018555e-01 7.710123062133789062e-01 4.095681607723236084e-01 0.000000000000000000e+00 1.000000000000000000e+00
3.527826232910156250e+02 2.115732727050781250e+02 2.344361877441406250e+02 -4.713381528854370117e-01 7.699096202850341797e-01 4.302087426185607910e-01 0.000000000000000000e+00 1.000000000000000000e+00
3.530921325683593750e+02 2.110677032470703125e+02 2.341536865234375000e+02 -4.557866454124450684e-01 7.693305015563964844e-01 4.476484358310699463e-01 0.000000000000000000e+00 1.000000000000000000e+00
3.533886718750000000e+02 2.105671691894531250e+02 2.338624420166015625e+02 -4.423819184303283691e-01 7.705046534538269043e-01 4.589346051216125488e-01 0.000000000000000000e+00 1.000000000000000000e+00
3.536696472167968750e+02 2.100777893066406250e+02 2.335709533691406250e+02 -4.322429895401000977e-01 7.741386890411376953e-01 4.624666273593902588e-01 0.000000000000000000e+00 1.000000000000000000e+00
3.539345703125000000e+02 2.096033172607421875e+02 2.332875061035156250e+02 -4.248553514480590820e-01 7.806827425956726074e-01 4.582928121089935303e-01 0.000000000000000000e+00 1.000000000000000000e+00
3.541844787597656250e+02 2.091441040039062500e+02 2.330179290771484375e+02 -4.205667078495025635e-01 7.886976599693298340e-01 4.484190046787261963e-01 0.000000000000000000e+00 1.000000000000000000e+00
3.544220275878906250e+02 2.086986236572265625e+02 2.327646484375000000e+02 -4.182973504066467285e-01 7.970366477966308594e-01 4.356145262718200684e-01 0.000000000000000000e+00 1.000000000000000000e+00
3.546501770019531250e+02 2.082639007568359375e+02 2.325270538330078125e+02 -4.171858727931976318e-01 8.041296601295471191e-01 4.234755337238311768e-01 0.000000000000000000e+00 1.000000000000000000e+00
3.548718261718750000e+02 2.078366699218750000e+02 2.323020629882812500e+02 -4.171599447727203369e-01 8.092996478080749512e-01 4.135355353355407715e-01 0.000000000000000000e+00 1.000000000000000000e+00
3.550895996093750000e+02 2.074141845703125000e+02 2.320861816406250000e+02 -4.170593619346618652e-01 8.126485347747802734e-01 4.070182740688323975e-01 0.000000000000000000e+00 1.000000000000000000e+00
3.553050842285156250e+02 2.069943084716796875e+02 2.318758850097656250e+02 -4.172661602497100830e-01 8.144913911819458008e-01 4.031039178371429443e-01 0.000000000000000000e+00 1.000000000000000000e+00
3.555195312500000000e+02 2.065757141113281250e+02 2.316687164306640625e+02 -4.173446297645568848e-01 8.154295086860656738e-01 4.011211693286895752e-01 0.000000000000000000e+00 1.000000000000000000e+00
3.557334594726562500e+02 2.061577301025390625e+02 2.314631042480468750e+02 -4.175089895725250244e-01 8.157992362976074219e-01 4.001972079277038574e-01 0.000000000000000000e+00 1.000000000000000000e+00
3.559472656250000000e+02 2.057399597167968750e+02 2.312581634521484375e+02 -4.174269735813140869e-01 8.160452842712402344e-01 3.997808098793029785e-01 0.000000000000000000e+00 1.000000000000000000e+00
3.561609497070312500e+02 2.053222198486328125e+02 2.310535125732421875e+02 -4.174019396305084229e-01 8.160261511802673340e-01 3.998462557792663574e-01 0.000000000000000000e+00 1.000000000000000000e+00
3.563746337890625000e+02 2.049044647216796875e+02 2.308488159179687500e+02 -4.174865782260894775e-01 8.159856796264648438e-01 3.998404443264007568e-01 0.000000000000000000e+00 1.000000000000000000e+00
3.565883483886718750e+02 2.044867553710937500e+02 2.306441345214843750e+02 -4.174269735813140869e-01 8.160452842712402344e-01 3.997808098793029785e-01 0.000000000000000000e+00 1.000000000000000000e+00
3.568020324707031250e+02 2.040690155029296875e+02 2.304394836425781250e+02 -4.174865782260894775e-01 8.159856796264648438e-01 3.998404443264007568e-01 0.000000000000000000e+00 1.000000000000000000e+00
3.570157470703125000e+02 2.036513061523437500e+02 2.302348022460937500e+02 -4.173626601696014404e-01 8.160659074783325195e-01 3.998061120510101318e-01 0.000000000000000000e+00 1.000000000000000000e+00
3.572294006347656250e+02 2.032335510253906250e+02 2.300301361083984375e+02 -4.176053404808044434e-01 8.159251213073730469e-01 3.998399674892425537e-01 0.000000000000000000e+00 1.000000000000000000e+00
3.574431762695312500e+02 2.028158721923828125e+02 2.298254547119140625e+02 -4.173136353492736816e-01 8.160567879676818848e-01 3.998758792877197266e-01 0.000000000000000000e+00 1.000000000000000000e+00
3.576567993164062500e+02 2.023981323242187500e+02 2.296207580566406250e+02 -4.174319207668304443e-01 8.160549998283386230e-01 3.997557461261749268e-01 0.000000000000000000e+00 1.000000000000000000e+00
3.578704833984375000e+02 2.019803924560546875e+02 2.294161224365234375e+02 -4.175256490707397461e-01 8.159753084182739258e-01 3.998207449913024902e-01 0.000000000000000000e+00 1.000000000000000000e+00
3.580842285156250000e+02 2.015626678466796875e+02 2.292114410400390625e+02 -4.174815714359283447e-01 8.159759044647216797e-01 3.998654484748840332e-01 0.000000000000000000e+00 1.000000000000000000e+00
3.582979431152343750e+02 2.011449584960937500e+02 2.290067443847656250e+02 -4.173034727573394775e-01 8.160667419433593750e-01 3.998661339282989502e-01 0.000000000000000000e+00 1.000000000000000000e+00
3.585115661621093750e+02 2.007272033691406250e+02 2.288020477294921875e+02 -4.174965620040893555e-01 8.160051703453063965e-01 3.997903764247894287e-01 0.000000000000000000e+00 1.000000000000000000e+00
3.587252807617187500e+02 2.003094940185546875e+02 2.285973968505859375e+02 -4.174714386463165283e-01 8.159858584403991699e-01 3.998557031154632568e-01 0.000000000000000000e+00 1.000000000000000000e+00
3.589389953613281250e+02 1.998917694091796875e+02 2.283927001953125000e+02 -4.175464808940887451e-01 8.160241842269897461e-01 3.996993005275726318e-01 0.000000000000000000e+00 1.000000000000000000e+00
3.591528320312500000e+02 1.994738616943359375e+02 2.281880035400390625e+02 -4.176752865314483643e-01 8.160324692726135254e-01 3.995478451251983643e-01 0.000000000000000000e+00 1.000000000000000000e+00
3.593669433593750000e+02 1.990555419921875000e+02 2.279831848144531250e+02 -4.180527329444885254e-01 8.160667419433593750e-01 3.990827202796936035e-01 0.000000000000000000e+00 1.000000000000000000e+00
3.595818176269531250e+02 1.986360931396484375e+02 2.277780609130859375e+02 -4.190664589405059814e-01 8.160130977630615234e-01 3.981279134750366211e-01 0.000000000000000000e+00 1.000000000000000000e+00
3.597983398437500000e+02 1.982144775390625000e+02 2.275723571777343750e+02 -4.205222427845001221e-01 8.160377740859985352e-01 3.965391814708709717e-01 0.000000000000000000e+00 1.000000000000000000e+00
3.600177307128906250e+02 1.977887420654296875e+02 2.273654785156250000e+02 -4.231450557708740234e-01 8.159668445587158203e-01 3.938862681388854980e-01 0.000000000000000000e+00 1.000000000000000000e+00
3.602421569824218750e+02 1.973559722900390625e+02 2.271565704345703125e+02 -4.267184138298034668e-01 8.158777356147766113e-01 3.901987373828887939e-01 0.000000000000000000e+00 1.000000000000000000e+00
3.604739379882812500e+02 1.969128112792968750e+02 2.269446258544921875e+02 -4.314885437488555908e-01 8.155754804611206055e-01 3.855571448802947998e-01 0.000000000000000000e+00 1.000000000000000000e+00
3.607157592773437500e+02 1.964557342529296875e+02 2.267285461425781250e+02 -4.366627037525177002e-01 8.151789307594299316e-01 3.805375993251800537e-01 0.000000000000000000e+00 1.000000000000000000e+00
3.609695739746093750e+02 1.959819030761718750e+02 2.265073547363281250e+02 -4.422304928302764893e-01 8.145313262939453125e-01 3.754610717296600342e-01 0.000000000000000000e+00 1.000000000000000000e+00
3.612364807128906250e+02 1.954902954101562500e+02 2.262807464599609375e+02 4.471616148948669434e-01 -8.137764930725097656e-01 -3.712335824966430664e-01 0.000000000000000000e+00 1.000000000000000000e+00
3.615156860351562500e+02 1.949821777343750000e+02 2.260489501953125000e+02 4.517338275909423828e-01 -8.126353025436401367e-01 -3.681852221488952637e-01 0.000000000000000000e+00 1.000000000000000000e+00
3.618052673339843750e+02 1.944612426757812500e+02 2.258129272460937500e+02 4.557695090770721436e-01 -8.109906315803527832e-01 -3.668354451656341553e-01 0.000000000000000000e+00 1.000000000000000000e+00
3.621022644042968750e+02 1.939327697753906250e+02 2.255738830566406250e+02 4.593948721885681152e-01 -8.087816238403320312e-01 -3.671900928020477295e-01 0.000000000000000000e+00 1.000000000000000000e+00
3.624034729003906250e+02 1.934024810791015625e+02 2.253331298828125000e+02 4.629022181034088135e-01 -8.058437108993530273e-01 -3.692390620708465576e-01 0.000000000000000000e+00 1.000000000000000000e+00
3.627061767578125000e+02 1.928755187988281250e+02 2.250916748046875000e+02 4.666092097759246826e-01 -8.024492859840393066e-01 -3.719556927680969238e-01 0.000000000000000000e+00 1.000000000000000000e+00
3.630087890625000000e+02 1.923551025390625000e+02 2.248504486083984375e+02 4.703780710697174072e-01 -7.990292906761169434e-01 -3.745620548725128174e-01 0.000000000000000000e+00 1.000000000000000000e+00
3.633106689453125000e+02 1.918423004150390625e+02 2.246100616455078125e+02 4.749711453914642334e-01 -7.957302927970886230e-01 -3.757868409156799316e-01 0.000000000000000000e+00 1.000000000000000000e+00
3.636126708984375000e+02 1.913363494873046875e+02 2.243711242675781250e+02 4.807526171207427979e-01 -7.929835915565490723e-01 -3.742378354072570801e-01 0.000000000000000000e+00 1.000000000000000000e+00
3.639165954589843750e+02 1.908350372314453125e+02 2.241345367431640625e+02 4.885174930095672607e-01 -7.908824682235717773e-01 -3.685858249664306641e-01 0.000000000000000000e+00 1.000000000000000000e+00
3.642252502441406250e+02 1.903353424072265625e+02 2.239016571044921875e+02 4.988625943660736084e-01 -7.889604568481445312e-01 -3.587166965007781982e-01 0.000000000000000000e+00 1.000000000000000000e+00
3.645419616699218750e+02 1.898344573974609375e+02 2.236739196777343750e+02 5.116674304008483887e-01 -7.864738702774047852e-01 -3.459123373031616211e-01 0.000000000000000000e+00 1.000000000000000000e+00
3.648699340820312500e+02 1.893303375244140625e+02 2.234521942138671875e+02 5.266026854515075684e-01 -7.822138071060180664e-01 -3.329129815101623535e-01 0.000000000000000000e+00 1.000000000000000000e+00
3.652116088867187500e+02 1.888228149414062500e+02 2.232361907958984375e+02 5.423990488052368164e-01 -7.754433155059814453e-01 -3.232504725456237793e-01 0.000000000000000000e+00 1.000000000000000000e+00
3.655677795410156250e+02 1.883136138916015625e+02 2.230239257812500000e+02 5.576661229133605957e-01 -7.654209733009338379e-01 -3.211530745029449463e-01 0.000000000000000000e+00 1.000000000000000000e+00
3.659373474121093750e+02 1.878063659667968750e+02 2.228110961914062500e+02 5.708475112915039062e-01 -7.519955039024353027e-01 -3.295994699001312256e-01 0.000000000000000000e+00 1.000000000000000000e+00
3.663175048828125000e+02 1.873055725097656250e+02 2.225915985107421875e+02 5.808371901512145996e-01 -7.353502511978149414e-01 -3.491248488426208496e-01 0.000000000000000000e+00 1.000000000000000000e+00
3.667047424316406250e+02 1.868153228759765625e+02 2.223588409423828125e+02 5.877128243446350098e-01 -7.156087756156921387e-01 -3.774886131286621094e-01 0.000000000000000000e+00 1.000000000000000000e+00
3.670967712402343750e+02 1.863379821777343750e+02 2.221070404052734375e+02 5.916864275932312012e-01 -6.938474774360656738e-01 -4.104667901992797852e-01 0.000000000000000000e+00 1.000000000000000000e+00
3.674930419921875000e+02 1.858732910156250000e+02 2.218321380615234375e+02 5.950289964675903320e-01 -6.712997555732727051e-01 -4.419243335723876953e-01 0.000000000000000000e+00 1.000000000000000000e+00
3.678961181640625000e+02 1.854185485839843750e+02 2.215327758789062500e+02 5.995355844497680664e-01 -6.500636935234069824e-01 -4.668771922588348389e-01 0.000000000000000000e+00 1.000000000000000000e+00
3.683103637695312500e+02 1.849693908691406250e+02 2.212101898193359375e+02 6.064017415046691895e-01 -6.321667432785034180e-01 -4.823298454284667969e-01 0.000000000000000000e+00 1.000000000000000000e+00
3.687406005859375000e+02 1.845208740234375000e+02 2.208679809570312500e+02 6.159489154815673828e-01 -6.181828975677490234e-01 -4.883204400539398193e-01 0.000000000000000000e+00 1.000000000000000000e+00
3.691907653808593750e+02 1.840690765380859375e+02 2.205110931396484375e+02 6.270225048065185547e-01 -6.080126166343688965e-01 -4.869943559169769287e-01 0.000000000000000000e+00 1.000000000000000000e+00
3.696623535156250000e+02 1.836117858886718750e+02 2.201448211669921875e+02 6.383829712867736816e-01 -6.007751226425170898e-01 -4.811822474002838135e-01 0.000000000000000000e+00 1.000000000000000000e+00
3.701544799804687500e+02 1.831486511230468750e+02 2.197738800048828125e+02 6.489126682281494141e-01 -5.961538553237915039e-01 -4.727714955806732178e-01 0.000000000000000000e+00 1.000000000000000000e+00
3.706643981933593750e+02 1.826801910400390625e+02 2.194023742675781250e+02 6.564883589744567871e-01 -5.949174165725708008e-01 -4.637845754623413086e-01 0.000000000000000000e+00 1.000000000000000000e+00
3.711871337890625000e+02 1.822064819335937500e+02 2.190330810546875000e+02 6.583334803581237793e-01 -5.992645025253295898e-01 -4.554987847805023193e-01 0.000000000000000000e+00 1.000000000000000000e+00
3.717155151367187500e+02 1.817255096435546875e+02 2.186674957275390625e+02 6.519417762756347656e-01 -6.115928292274475098e-01 -4.482478201389312744e-01 0.000000000000000000e+00 1.000000000000000000e+00
3.722411499023437500e+02 1.812324066162109375e+02 2.183060913085937500e+02 6.351039409637451172e-01 -6.332739591598510742e-01 -4.422748982906341553e-01 0.000000000000000000e+00 1.000000000000000000e+00
3.727548217773437500e+02 1.807202148437500000e+02 2.179483795166015625e+02 6.075229048728942871e-01 -6.633020639419555664e-01 -4.369740486145019531e-01 0.000000000000000000e+00 1.000000000000000000e+00
3.732484130859375000e+02 1.801813049316406250e+02 2.175933532714843750e+02 5.714660286903381348e-01 -6.976426243782043457e-01 -4.321127235889434814e-01 0.000000000000000000e+00 1.000000000000000000e+00
3.737162780761718750e+02 1.796101379394531250e+02 2.172395782470703125e+02 5.312839150428771973e-01 -7.313632965087890625e-01 -4.276039302349090576e-01 0.000000000000000000e+00 1.000000000000000000e+00
3.741560974121093750e+02 1.790046844482421875e+02 2.168855895996093750e+02 4.910976886749267578e-01 -7.608227729797363281e-01 -4.242307841777801514e-01 0.000000000000000000e+00 1.000000000000000000e+00
3.745677185058593750e+02 1.783669891357421875e+02 2.165300140380859375e+02 4.539879262447357178e-01 -7.841085791587829590e-01 -4.231651425361633301e-01 0.000000000000000000e+00 1.000000000000000000e+00
3.749524841308593750e+02 1.777024383544921875e+02 2.161713714599609375e+02 4.209574460983276367e-01 -8.010033965110778809e-01 -4.256621897220611572e-01 0.000000000000000000e+00 1.000000000000000000e+00
3.753115539550781250e+02 1.770191955566406250e+02 2.158082885742187500e+02 3.915300965309143066e-01 -8.124115467071533203e-01 -4.320782423019409180e-01 0.000000000000000000e+00 1.000000000000000000e+00
3.756455688476562500e+02 1.763261260986328125e+02 2.154396820068359375e+02 3.661699891090393066e-01 -8.189999461174011230e-01 -4.417677521705627441e-01 0.000000000000000000e+00 1.000000000000000000e+00
3.759556884765625000e+02 1.756324920654296875e+02 2.150655364990234375e+02 3.461847007274627686e-01 -8.216812014579772949e-01 -4.527649581432342529e-01 0.000000000000000000e+00 1.000000000000000000e+00
3.762445373535156250e+02 1.749468994140625000e+02 2.146877593994140625e+02 3.340788185596466064e-01 -8.214703798294067383e-01 -4.621448814868927002e-01 0.000000000000000000e+00 1.000000000000000000e+00
3.765171203613281250e+02 1.742766418457031250e+02 2.143106842041015625e+02 3.311194777488708496e-01 -8.201488852500915527e-01 -4.666002094745635986e-01 0.000000000000000000e+00 1.000000000000000000e+00
3.767793273925781250e+02 1.736271820068359375e+02 2.139411926269531250e+02 3.372966647148132324e-01 -8.195229768753051758e-01 -4.632633924484252930e-01 0.000000000000000000e+00 1.000000000000000000e+00
3.770368957519531250e+02 1.730013732910156250e+02 2.135874328613281250e+02 3.496427536010742188e-01 -8.213188648223876953e-01 -4.507608413696289062e-01 0.000000000000000000e+00 1.000000000000000000e+00
3.772929992675781250e+02 1.723997802734375000e+02 2.132572631835937500e+02 3.633252680301666260e-01 -8.265889883041381836e-01 -4.298201501369476318e-01 0.000000000000000000e+00 1.000000000000000000e+00
3.775474548339843750e+02 1.718208770751953125e+02 2.129562377929687500e+02 3.732676208019256592e-01 -8.355700969696044922e-01 -4.031053483486175537e-01 0.000000000000000000e+00 1.000000000000000000e+00
3.777975158691406250e+02 1.712611083984375000e+02 2.126861877441406250e+02 3.756837844848632812e-01 -8.473851084709167480e-01 -3.752336800098419189e-01 0.000000000000000000e+00 1.000000000000000000e+00
3.780394897460937500e+02 1.707153167724609375e+02 2.124445037841796875e+02 3.698185682296752930e-01 -8.600533604621887207e-01 -3.514858782291412354e-01 0.000000000000000000e+00 1.000000000000000000e+00
3.782712707519531250e+02 1.701762847900390625e+02 2.122242126464843750e+02 3.576239645481109619e-01 -8.710603117942810059e-01 -3.366884291172027588e-01 0.000000000000000000e+00 1.000000000000000000e+00
3.784933471679687500e+02 1.696353759765625000e+02 2.120151367187500000e+02 3.436704277992248535e-01 -8.780047297477722168e-01 -3.331642746925354004e-01 0.000000000000000000e+00 1.000000000000000000e+00
3.787094726562500000e+02 1.690832214355468750e+02 2.118056182861328125e+02 3.321460187435150146e-01 -8.796936869621276855e-01 -3.403204977512359619e-01 0.000000000000000000e+00 1.000000000000000000e+00
3.789252319335937500e+02 1.685117797851562500e+02 2.115845489501953125e+02 3.255294263362884521e-01 -8.768604397773742676e-01 -3.537602424621582031e-01 0.000000000000000000e+00 1.000000000000000000e+00
3.791465759277343750e+02 1.679155578613281250e+02 2.113440093994140625e+02 3.239336609840393066e-01 -8.712418675422668457e-01 -3.687880039215087891e-01 0.000000000000000000e+00 1.000000000000000000e+00
3.793779907226562500e+02 1.672931518554687500e+02 2.110805511474609375e+02 3.270241320133209229e-01 -8.647739887237548828e-01 -3.810788989067077637e-01 0.000000000000000000e+00 1.000000000000000000e+00
3.796223449707031250e+02 1.666469879150390625e+02 2.107958068847656250e+02 3.334266245365142822e-01 -8.591692447662353516e-01 -3.881429731845855713e-01 0.000000000000000000e+00 1.000000000000000000e+00
3.798802795410156250e+02 1.659823455810546875e+02 2.104955444335937500e+02 3.421090245246887207e-01 -8.550410270690917969e-01 -3.897002637386322021e-01 0.000000000000000000e+00 1.000000000000000000e+00
3.801508789062500000e+02 1.653060302734375000e+02 2.101873016357421875e+02 3.529119491577148438e-01 -8.519440293312072754e-01 -3.868391811847686768e-01 0.000000000000000000e+00 1.000000000000000000e+00
3.804327697753906250e+02 1.646255340576171875e+02 2.098783111572265625e+02 3.661166727542877197e-01 -8.487545251846313477e-01 -3.815419673919677734e-01 0.000000000000000000e+00 1.000000000000000000e+00
3.807250366210937500e+02 1.639479827880859375e+02 2.095737304687500000e+02 3.821954727172851562e-01 -8.441950678825378418e-01 -3.758474290370941162e-01 0.000000000000000000e+00 1.000000000000000000e+00
3.810272827148437500e+02 1.632803802490234375e+02 2.092765045166015625e+02 4.017558097839355469e-01 -8.370076417922973633e-01 -3.714975416660308838e-01 0.000000000000000000e+00 1.000000000000000000e+00
3.813396911621093750e+02 1.626295166015625000e+02 2.089876251220703125e+02 4.258868992328643799e-01 -8.259265422821044922e-01 -3.694126009941101074e-01 0.000000000000000000e+00 1.000000000000000000e+00
3.816632690429687500e+02 1.620019989013671875e+02 2.087069549560546875e+02 4.545645415782928467e-01 -8.101273179054260254e-01 -3.702228069305419922e-01 0.000000000000000000e+00 1.000000000000000000e+00
3.819987182617187500e+02 1.614041595458984375e+02 2.084337463378906250e+02 4.881947040557861328e-01 -7.885761857032775879e-01 -3.739163577556610107e-01 0.000000000000000000e+00 1.000000000000000000e+00
3.823471984863281250e+02 1.608412628173828125e+02 2.081668395996093750e+02 5.256365537643432617e-01 -7.608620524406433105e-01 -3.805195987224578857e-01 0.000000000000000000e+00 1.000000000000000000e+00
3.827093811035156250e+02 1.603170013427734375e+02 2.079046478271484375e+02 5.652385950088500977e-01 -7.273374795913696289e-01 -3.892114460468292236e-01 0.000000000000000000e+00 1.000000000000000000e+00
3.830858764648437500e+02 1.598325347900390625e+02 2.076454010009765625e+02 6.039144992828369141e-01 -6.901206374168395996e-01 -3.987740874290466309e-01 0.000000000000000000e+00 1.000000000000000000e+00
3.834766845703125000e+02 1.593859405517578125e+02 2.073873443603515625e+02 6.383821964263916016e-01 -6.529116630554199219e-01 -4.076451063156127930e-01 0.000000000000000000e+00 1.000000000000000000e+00
3.838809509277343750e+02 1.589724731445312500e+02 2.071291961669921875e+02 6.661416292190551758e-01 -6.199429035186767578e-01 -4.146396815776824951e-01 0.000000000000000000e+00 1.000000000000000000e+00
3.842967834472656250e+02 1.585854797363281250e+02 2.068703613281250000e+02 6.862097382545471191e-01 -5.942846536636352539e-01 -4.194544553756713867e-01 0.000000000000000000e+00 1.000000000000000000e+00
3.847216491699218750e+02 1.582175292968750000e+02 2.066106567382812500e+02 6.994397044181823730e-01 -5.764968991279602051e-01 -4.224162399768829346e-01 0.000000000000000000e+00 1.000000000000000000e+00
3.851528320312500000e+02 1.578621368408203125e+02 2.063502502441406250e+02 7.071959972381591797e-01 -5.657270550727844238e-01 -4.240596890449523926e-01 0.000000000000000000e+00 1.000000000000000000e+00
3.855879211425781250e+02 1.575140838623046875e+02 2.060893554687500000e+02 7.112888097763061523e-01 -5.599159002304077148e-01 -4.249264299869537354e-01 0.000000000000000000e+00 1.000000000000000000e+00
3.860251464843750000e+02 1.571699066162109375e+02 2.058281555175781250e+02 7.132469415664672852e-01 -5.570348501205444336e-01 -4.254302978515625000e-01 0.000000000000000000e+00 1.000000000000000000e+00
3.864634399414062500e+02 1.568276062011718750e+02 2.055667266845703125e+02 7.143591046333312988e-01 -5.552374124526977539e-01 -4.259137809276580811e-01 0.000000000000000000e+00 1.000000000000000000e+00
3.869024047851562500e+02 1.564864196777343750e+02 2.053050079345703125e+02 7.152760624885559082e-01 -5.533183217048645020e-01 -4.268711209297180176e-01 0.000000000000000000e+00 1.000000000000000000e+00
3.873419189453125000e+02 1.561464233398437500e+02 2.050427093505859375e+02 7.168609499931335449e-01 -5.498996376991271973e-01 -4.286267161369323730e-01 0.000000000000000000e+00 1.000000000000000000e+00
3.877824401855468750e+02 1.558085021972656250e+02 2.047793121337890625e+02 7.199828028678894043e-01 -5.430412292480468750e-01 -4.321237802505493164e-01 0.000000000000000000e+00 1.000000000000000000e+00
3.882248840332031250e+02 1.554747924804687500e+02 2.045137634277343750e+02 7.257654070854187012e-01 -5.302600860595703125e-01 -4.382794797420501709e-01 0.000000000000000000e+00 1.000000000000000000e+00
3.886709594726562500e+02 1.551488800048828125e+02 2.042443847656250000e+02 7.354516386985778809e-01 -5.088287591934204102e-01 -4.474419057369232178e-01 0.000000000000000000e+00 1.000000000000000000e+00
3.891234130859375000e+02 1.548358459472656250e+02 2.039691162109375000e+02 7.491965293884277344e-01 -4.768221676349639893e-01 -4.597229659557342529e-01 0.000000000000000000e+00 1.000000000000000000e+00
3.895853881835937500e+02 1.545418243408203125e+02 2.036856384277343750e+02 7.659786343574523926e-01 -4.341037869453430176e-01 -4.741631746292114258e-01 0.000000000000000000e+00 1.000000000000000000e+00
3.900600891113281250e+02 1.542727966308593750e+02 2.033917846679687500e+02 7.838239669799804688e-01 -3.831973969936370850e-01 -4.886511266231536865e-01 0.000000000000000000e+00 1.000000000000000000e+00
3.905500488281250000e+02 1.540332641601562500e+02 2.030863342285156250e+02 8.001706600189208984e-01 -3.301132023334503174e-01 -5.007516741752624512e-01 0.000000000000000000e+00 1.000000000000000000e+00
3.910564270019531250e+02 1.538243560791015625e+02 2.027694396972656250e+02 8.128902316093444824e-01 -2.819192707538604736e-01 -5.096379518508911133e-01 0.000000000000000000e+00 1.000000000000000000e+00
3.915779724121093750e+02 1.536434783935546875e+02 2.024424591064453125e+02 8.217065334320068359e-01 -2.445873618125915527e-01 -5.147576928138732910e-01 0.000000000000000000e+00 1.000000000000000000e+00
3.921121826171875000e+02 1.534844665527343750e+02 2.021078033447265625e+02 8.268291354179382324e-01 -2.222483903169631958e-01 -5.166810154914855957e-01 0.000000000000000000e+00 1.000000000000000000e+00
3.926548767089843750e+02 1.533385925292968750e+02 2.017686767578125000e+02 8.286423683166503906e-01 -2.166169285774230957e-01 -5.161674618721008301e-01 0.000000000000000000e+00 1.000000000000000000e+00
3.932017517089843750e+02 1.531956329345703125e+02 2.014280242919921875e+02 8.274327516555786133e-01 -2.266837805509567261e-01 -5.137796401977539062e-01 0.000000000000000000e+00 1.000000000000000000e+00
3.937484741210937500e+02 1.530458526611328125e+02 2.010885467529296875e+02 8.227748870849609375e-01 -2.494357228279113770e-01 -5.107085704803466797e-01 0.000000000000000000e+00 1.000000000000000000e+00
3.942915039062500000e+02 1.528812255859375000e+02 2.007514801025390625e+02 8.148036599159240723e-01 -2.795372605323791504e-01 -5.078916549682617188e-01 0.000000000000000000e+00 1.000000000000000000e+00
3.948283386230468750e+02 1.526970520019531250e+02 2.004168548583984375e+02 8.045457005500793457e-01 -3.104149103164672852e-01 -5.063089132308959961e-01 0.000000000000000000e+00 1.000000000000000000e+00
3.953575744628906250e+02 1.524928588867187500e+02 2.000838012695312500e+02 7.935160994529724121e-01 -3.358096480369567871e-01 -5.075077414512634277e-01 0.000000000000000000e+00 1.000000000000000000e+00
3.958778686523437500e+02 1.522726745605468750e+02 1.997510375976562500e+02 7.839087843894958496e-01 -3.522901237010955811e-01 -5.112519860267639160e-01 0.000000000000000000e+00 1.000000000000000000e+00
3.963881225585937500e+02 1.520433654785156250e+02 1.994182586669921875e+02 7.770747542381286621e-01 -3.592591285705566406e-01 -5.168051719665527344e-01 0.000000000000000000e+00 1.000000000000000000e+00
3.968866577148437500e+02 1.518128814697265625e+02 1.990867004394531250e+02 7.730013132095336914e-01 -3.598236143589019775e-01 -5.224902629852294922e-01 0.000000000000000000e+00 1.000000000000000000e+00
3.973712463378906250e+02 1.515873107910156250e+02 1.987591552734375000e+02 7.707018852233886719e-01 -3.590975105762481689e-01 -5.263721346855163574e-01 0.000000000000000000e+00 1.000000000000000000e+00
3.978402404785156250e+02 1.513687896728515625e+02 1.984388427734375000e+02 7.684637308120727539e-01 -3.622979819774627686e-01 -5.274502635002136230e-01 0.000000000000000000e+00 1.000000000000000000e+00
3.982925109863281250e+02 1.511555633544921875e+02 1.981284179687500000e+02 7.645644545555114746e-01 -3.733801245689392090e-01 -5.253841280937194824e-01 0.000000000000000000e+00 1.000000000000000000e+00
3.987289123535156250e+02 1.509424438476562500e+02 1.978285369873046875e+02 7.581180334091186523e-01 -3.932600915431976318e-01 -5.201957225799560547e-01 0.000000000000000000e+00 1.000000000000000000e+00
3.991524963378906250e+02 1.507227172851562500e+02 1.975378875732421875e+02 7.484164834022521973e-01 -4.203619658946990967e-01 -5.129994750022888184e-01 0.000000000000000000e+00 1.000000000000000000e+00
3.995676879882812500e+02 1.504895172119140625e+02 1.972532958984375000e+02 7.362954616546630859e-01 -4.504331648349761963e-01 -5.049544572830200195e-01 0.000000000000000000e+00 1.000000000000000000e+00
3.999804382324218750e+02 1.502370147705078125e+02 1.969702301025390625e+02 7.234172821044921875e-01 -4.786510467529296875e-01 -4.975545704364776611e-01 0.000000000000000000e+00 1.000000000000000000e+00
4.003973693847656250e+02 1.499611511230468750e+02 1.966834716796875000e+02 7.111950516700744629e-01 -5.018989443778991699e-01 -4.922387003898620605e-01 0.000000000000000000e+00 1.000000000000000000e+00
4.008242492675781250e+02 1.496598968505859375e+02 1.963880157470703125e+02 7.004086971282958984e-01 -5.189038515090942383e-01 -4.900678098201751709e-01 0.000000000000000000e+00 1.000000000000000000e+00
4.012649230957031250e+02 1.493334197998046875e+02 1.960796813964843750e+02 6.908639669418334961e-01 -5.302572250366210938e-01 -4.914613068103790283e-01 0.000000000000000000e+00 1.000000000000000000e+00
4.017197875976562500e+02 1.489842987060546875e+02 1.957561035156250000e+02 6.819260716438293457e-01 -5.376622080802917480e-01 -4.958792328834533691e-01 0.000000000000000000e+00 1.000000000000000000e+00
4.021857299804687500e+02 1.486169281005859375e+02 1.954172821044921875e+02 6.725648045539855957e-01 -5.432304739952087402e-01 -5.025507807731628418e-01 0.000000000000000000e+00 1.000000000000000000e+00
4.026569824218750000e+02 1.482362976074218750e+02 1.950651550292968750e+02 6.622506380081176758e-01 -5.485807657241821289e-01 -5.103756785392761230e-01 0.000000000000000000e+00 1.000000000000000000e+00
4.031272583007812500e+02 1.478467407226562500e+02 1.947027282714843750e+02 6.508412957191467285e-01 -5.547356009483337402e-01 -5.183377861976623535e-01 0.000000000000000000e+00 1.000000000000000000e+00
4.035916442871093750e+02 1.474509277343750000e+02 1.943328857421875000e+02 6.391729712486267090e-01 -5.616081953048706055e-01 -5.254084467887878418e-01 0.000000000000000000e+00 1.000000000000000000e+00
4.040485839843750000e+02 1.470494384765625000e+02 1.939572753906250000e+02 6.282260417938232422e-01 -5.687503814697265625e-01 -5.309002995491027832e-01 0.000000000000000000e+00 1.000000000000000000e+00
4.044993896484375000e+02 1.466413116455078125e+02 1.935763092041015625e+02 6.192432641983032227e-01 -5.755091309547424316e-01 -5.341601371765136719e-01 0.000000000000000000e+00 1.000000000000000000e+00
4.049470520019531250e+02 1.462252655029296875e+02 1.931901550292968750e+02 6.132162213325500488e-01 -5.810603499412536621e-01 -5.351025462150573730e-01 0.000000000000000000e+00 1.000000000000000000e+00
4.053951721191406250e+02 1.458006439208984375e+02 1.927991180419921875e+02 6.109046936035156250e-01 -5.848015546798706055e-01 -5.336691141128540039e-01 0.000000000000000000e+00 1.000000000000000000e+00
4.058465576171875000e+02 1.453685455322265625e+02 1.924048004150390625e+02 6.131702065467834473e-01 -5.860264897346496582e-01 -5.297124385833740234e-01 0.000000000000000000e+00 1.000000000000000000e+00
4.063036193847656250e+02 1.449317169189453125e+02 1.920099487304687500e+02 6.199023127555847168e-01 -5.844246149063110352e-01 -5.236115455627441406e-01 0.000000000000000000e+00 1.000000000000000000e+00
4.067680664062500000e+02 1.444938507080078125e+02 1.916176452636718750e+02 6.310061216354370117e-01 -5.795331597328186035e-01 -5.157253742218017578e-01 0.000000000000000000e+00 1.000000000000000000e+00
4.072418823242187500e+02 1.440586853027343750e+02 1.912303924560546875e+02 6.455137729644775391e-01 -5.713965296745300293e-01 -5.067721009254455566e-01 0.000000000000000000e+00 1.000000000000000000e+00
4.077274780273437500e+02 1.436288452148437500e+02 1.908491668701171875e+02 6.615179777145385742e-01 -5.607178807258605957e-01 -4.979853332042694092e-01 0.000000000000000000e+00 1.000000000000000000e+00
4.082275695800781250e+02 1.432049560546875000e+02 1.904727020263671875e+02 6.764306426048278809e-01 -5.492626428604125977e-01 -4.906650483608245850e-01 0.000000000000000000e+00 1.000000000000000000e+00
4.087440185546875000e+02 1.427855987548828125e+02 1.900980834960937500e+02 6.886124014854431152e-01 -5.385468602180480957e-01 -4.855721294879913330e-01 0.000000000000000000e+00 1.000000000000000000e+00
4.092777709960937500e+02 1.423681640625000000e+02 1.897217102050781250e+02 6.972321271896362305e-01 -5.296304821968078613e-01 -4.830723404884338379e-01 0.000000000000000000e+00 1.000000000000000000e+00
4.098282470703125000e+02 1.419500122070312500e+02 1.893403167724609375e+02 7.031129598617553711e-01 -5.224670171737670898e-01 -4.823487997055053711e-01 0.000000000000000000e+00 1.000000000000000000e+00
4.103935852050781250e+02 1.415299224853515625e+02 1.889524841308593750e+02 7.077068686485290527e-01 -5.163052678108215332e-01 -4.822654128074645996e-01 0.000000000000000000e+00 1.000000000000000000e+00
4.109706420898437500e+02 1.411089324951171875e+02 1.885592498779296875e+02 7.133238315582275391e-01 -5.090524554252624512e-01 -4.816998243331909180e-01 0.000000000000000000e+00 1.000000000000000000e+00
4.115563964843750000e+02 1.406909179687500000e+02 1.881636962890625000e+02 7.221428751945495605e-01 -4.982182681560516357e-01 -4.798836410045623779e-01 0.000000000000000000e+00 1.000000000000000000e+00
4.121483764648437500e+02 1.402825012207031250e+02 1.877703094482421875e+02 7.357219457626342773e-01 -4.813411831855773926e-01 -4.764702320098876953e-01 0.000000000000000000e+00 1.000000000000000000e+00
4.127453002929687500e+02 1.398919677734375000e+02 1.873837280273437500e+02 7.544759511947631836e-01 -4.564543068408966064e-01 -4.716095626354217529e-01 0.000000000000000000e+00 1.000000000000000000e+00
4.133476867675781250e+02 1.395275268554687500e+02 1.870071868896484375e+02 7.769114971160888672e-01 -4.232375919818878174e-01 -4.661313295364379883e-01 0.000000000000000000e+00 1.000000000000000000e+00
4.139570922851562500e+02 1.391955413818359375e+02 1.866415557861328125e+02 7.999070882797241211e-01 -3.837376236915588379e-01 -4.614044427871704102e-01 0.000000000000000000e+00 1.000000000000000000e+00
4.145758056640625000e+02 1.388987274169921875e+02 1.862846679687500000e+02 8.194549083709716797e-01 -3.426254987716674805e-01 -4.594576358795166016e-01 0.000000000000000000e+00 1.000000000000000000e+00
4.152048950195312500e+02 1.386356964111328125e+02 1.859319458007812500e+02 8.329082131385803223e-01 -3.046409785747528076e-01 -4.620149731636047363e-01 0.000000000000000000e+00 1.000000000000000000e+00
4.158436889648437500e+02 1.384020538330078125e+02 1.855776062011718750e+02 8.393295407295227051e-01 -2.730600237846374512e-01 -4.700682163238525391e-01 0.000000000000000000e+00 1.000000000000000000e+00
4.164888305664062500e+02 1.381921691894531250e+02 1.852162933349609375e+02 8.398365378379821777e-01 -2.480487972497940063e-01 -4.828524589538574219e-01 0.000000000000000000e+00 1.000000000000000000e+00
4.171351318359375000e+02 1.380012817382812500e+02 1.848447113037109375e+02 8.361993432044982910e-01 -2.283199876546859741e-01 -4.986387789249420166e-01 0.000000000000000000e+00 1.000000000000000000e+00
4.177770690917968750e+02 1.378260040283203125e+02 1.844619140625000000e+02 8.303464651107788086e-01 -2.120399773120880127e-01 -5.153287649154663086e-01 0.000000000000000000e+00 1.000000000000000000e+00
4.184100952148437500e+02 1.376643524169921875e+02 1.840690460205078125e+02 8.242163658142089844e-01 -1.987083703279495239e-01 -5.302662253379821777e-01 0.000000000000000000e+00 1.000000000000000000e+00
4.190324401855468750e+02 1.375143127441406250e+02 1.836686553955078125e+02 8.192560672760009766e-01 -1.884770244359970093e-01 -5.415681004524230957e-01 0.000000000000000000e+00 1.000000000000000000e+00
4.196453552246093750e+02 1.373733062744140625e+02 1.832634887695312500e+02 8.162849545478820801e-01 -1.826872676610946655e-01 -5.480002164840698242e-01 0.000000000000000000e+00 1.000000000000000000e+00
4.202522888183593750e+02 1.372374725341796875e+02 1.828560333251953125e+02 8.162585496902465820e-01 -1.817259937524795532e-01 -5.483589768409729004e-01 0.000000000000000000e+00 1.000000000000000000e+00
4.208591918945312500e+02 1.371023559570312500e+02 1.824483184814453125e+02 8.195769190788269043e-01 -1.854140162467956543e-01 -5.421395897865295410e-01 0.000000000000000000e+00 1.000000000000000000e+00
4.214719543457031250e+02 1.369637298583984375e+02 1.820429840087890625e+02 8.266431689262390137e-01 -1.923613548278808594e-01 -5.288271903991699219e-01 0.000000000000000000e+00 1.000000000000000000e+00
4.220969238281250000e+02 1.368182983398437500e+02 1.816431732177734375e+02 8.372507691383361816e-01 -2.004241943359375000e-01 -5.087645053863525391e-01 0.000000000000000000e+00 1.000000000000000000e+00
4.227386779785156250e+02 1.366646728515625000e+02 1.812532043457031250e+02 8.501542210578918457e-01 -2.079447209835052490e-01 -4.837322235107421875e-01 0.000000000000000000e+00 1.000000000000000000e+00
4.233966369628906250e+02 1.365037384033203125e+02 1.808788299560546875e+02 8.639541268348693848e-01 -2.134854346513748169e-01 -4.560780227184295654e-01 0.000000000000000000e+00 1.000000000000000000e+00
4.240628662109375000e+02 1.363391113281250000e+02 1.805271301269531250e+02 8.770092129707336426e-01 -2.165837138891220093e-01 -4.288895428180694580e-01 0.000000000000000000e+00 1.000000000000000000e+00
4.247197875976562500e+02 1.361768798828125000e+02 1.802058715820312500e+02 8.883206844329833984e-01 -2.175670564174652100e-01 -4.044143855571746826e-01 0.000000000000000000e+00 1.000000000000000000e+00
4.253414916992187500e+02 1.360246124267578125e+02 1.799228363037109375e+02 8.975272178649902344e-01 -2.170636802911758423e-01 -3.838336169719696045e-01 0.000000000000000000e+00 1.000000000000000000e+00
4.258991699218750000e+02 1.358897399902343750e+02 1.796843414306640625e+02 9.046692848205566406e-01 -2.158040106296539307e-01 -3.674262166023254395e-01 0.000000000000000000e+00 1.000000000000000000e+00
4.263680419921875000e+02 1.357778930664062500e+02 1.794939117431640625e+02 9.046692848205566406e-01 -2.158040106296539307e-01 -3.674262166023254395e-01 0.000000000000000000e+00 1.000000000000000000e+00
