2.830025939941406250e+02 3.369572753906250000e+02 2.545000152587890625e+02 8.143756985664367676e-01 -5.803380012512207031e-01 -0.000000000000000000e+00 0.000000000000000000e+00 2.000000000000000000e+00
2.827125854492187500e+02 3.371639404296875000e+02 2.545000152587890625e+02 8.309697508811950684e-01 -5.563175678253173828e-01 -0.000000000000000000e+00 0.000000000000000000e+00 2.000000000000000000e+00
2.823329162597656250e+02 3.374181213378906250e+02 2.545000152587890625e+02 8.483330011367797852e-01 -5.294631719589233398e-01 -0.000000000000000000e+00 0.000000000000000000e+00 2.000000000000000000e+00
2.818681030273437500e+02 3.377082214355468750e+02 2.545000152587890625e+02 8.651165366172790527e-01 -5.015709996223449707e-01 -0.000000000000000000e+00 0.000000000000000000e+00 2.000000000000000000e+00
2.813309936523437500e+02 3.380196228027343750e+02 2.545000152587890625e+02 8.800351023674011230e-01 -4.749086201190948486e-01 -0.000000000000000000e+00 0.000000000000000000e+00 2.000000000000000000e+00
2.807390747070312500e+02 3.383390502929687500e+02 2.545000152587890625e+02 8.919208645820617676e-01 -4.521915912628173828e-01 -0.000000000000000000e+00 0.000000000000000000e+00 2.000000000000000000e+00
2.801100463867187500e+02 3.386579589843750000e+02 2.545000152587890625e+02 8.996936678886413574e-01 -4.365217983722686768e-01 -0.000000000000000000e+00 0.000000000000000000e+00 2.000000000000000000e+00
2.794589233398437500e+02 3.389738769531250000e+02 2.545000152587890625e+02 9.026821851730346680e-01 -4.303078949451446533e-01 -0.000000000000000000e+00 0.000000000000000000e+00 2.000000000000000000e+00
2.787962036132812500e+02 3.392897949218750000e+02 2.545000152587890625e+02 9.008741378784179688e-01 -4.340803623199462891e-01 1.234468800248578191e-04 0.000000000000000000e+00 2.000000000000000000e+00
2.781280822753906250e+02 3.396117248535156250e+02 2.544999237060546875e+02 8.947768211364746094e-01 -4.465133547782897949e-01 5.697919405065476894e-04 0.000000000000000000e+00 2.000000000000000000e+00
2.774571533203125000e+02 3.399465332031250000e+02 2.544994964599609375e+02 8.858939409255981445e-01 -4.638849496841430664e-01 1.664610928855836391e-03 0.000000000000000000e+00 2.000000000000000000e+00
2.767831420898437500e+02 3.402994689941406250e+02 2.544982299804687500e+02 8.759435415267944336e-01 -4.823974072933197021e-01 3.959890455007553101e-03 0.000000000000000000e+00 2.000000000000000000e+00
2.761047058105468750e+02 3.406730957031250000e+02 2.544951629638671875e+02 8.668073415756225586e-01 -4.985727965831756592e-01 8.373362012207508087e-03 0.000000000000000000e+00 2.000000000000000000e+00
2.754207458496093750e+02 3.410664978027343750e+02 2.544885559082031250e+02 8.598802089691162109e-01 -5.102514624595642090e-01 1.579177379608154297e-02 0.000000000000000000e+00 2.000000000000000000e+00
2.747319641113281250e+02 3.414752197265625000e+02 2.544759063720703125e+02 8.552246093750000000e-01 -5.175281167030334473e-01 2.748692408204078674e-02 0.000000000000000000e+00 2.000000000000000000e+00
2.740440368652343750e+02 3.418915100097656250e+02 2.544537963867187500e+02 8.523448705673217773e-01 -5.210990905761718750e-01 4.431702196598052979e-02 0.000000000000000000e+00 2.000000000000000000e+00
2.733661193847656250e+02 3.423059692382812500e+02 2.544185485839843750e+02 8.500902056694030762e-01 -5.224097371101379395e-01 6.659401953220367432e-02 0.000000000000000000e+00 2.000000000000000000e+00
2.727089233398437500e+02 3.427098388671875000e+02 2.543670654296875000e+02 8.477724790573120117e-01 -5.220196843147277832e-01 9.368687123060226440e-02 0.000000000000000000e+00 2.000000000000000000e+00
2.720805358886718750e+02 3.430967712402343750e+02 2.542976226806640625e+02 8.451226949691772461e-01 -5.202281475067138672e-01 1.230053529143333435e-01 0.000000000000000000e+00 2.000000000000000000e+00
2.714825439453125000e+02 3.434648742675781250e+02 2.542105865478515625e+02 8.427467346191406250e-01 -5.169617533683776855e-01 1.500950753688812256e-01 0.000000000000000000e+00 2.000000000000000000e+00
2.709087829589843750e+02 3.438168334960937500e+02 2.541083984375000000e+02 8.413288593292236328e-01 -5.130433440208435059e-01 1.701535731554031372e-01 0.000000000000000000e+00 2.000000000000000000e+00
2.703470764160156250e+02 3.441593627929687500e+02 2.539947967529296875e+02 8.405524492263793945e-01 -5.105304718017578125e-01 1.811912208795547485e-01 0.000000000000000000e+00 2.000000000000000000e+00
2.697834777832031250e+02 3.445016784667968750e+02 2.538733062744140625e+02 8.389794230461120605e-01 -5.118041634559631348e-01 1.848515570163726807e-01 0.000000000000000000e+00 2.000000000000000000e+00
2.692085266113281250e+02 3.448524169921875000e+02 2.537466278076171875e+02 8.355626463890075684e-01 -5.171726942062377930e-01 1.853847801685333252e-01 0.000000000000000000e+00 2.000000000000000000e+00
2.686194763183593750e+02 3.452170104980468750e+02 2.536159362792968750e+02 8.300305604934692383e-01 -5.255548357963562012e-01 1.866585016250610352e-01 0.000000000000000000e+00 2.000000000000000000e+00
2.680208129882812500e+02 3.455960693359375000e+02 2.534813079833984375e+02 8.239185214042663574e-01 -5.337650179862976074e-01 1.904027462005615234e-01 0.000000000000000000e+00 2.000000000000000000e+00
2.674211425781250000e+02 3.459845581054687500e+02 2.533427276611328125e+02 8.195426464080810547e-01 -5.383742451667785645e-01 1.962219625711441040e-01 0.000000000000000000e+00 2.000000000000000000e+00
2.668293457031250000e+02 3.463733215332031250e+02 2.532010345458984375e+02 8.195754885673522949e-01 -5.359561443328857422e-01 2.026006877422332764e-01 0.000000000000000000e+00 2.000000000000000000e+00
2.662512817382812500e+02 3.467513427734375000e+02 2.530581359863281250e+02 8.253235816955566406e-01 -5.255070328712463379e-01 2.065994739532470703e-01 0.000000000000000000e+00 2.000000000000000000e+00
2.656885986328125000e+02 3.471096191406250000e+02 2.529172821044921875e+02 8.363552689552307129e-01 -5.079529881477355957e-01 2.061396539211273193e-01 0.000000000000000000e+00 2.000000000000000000e+00
2.651390380859375000e+02 3.474433898925781250e+02 2.527818298339843750e+02 8.500301837921142578e-01 -4.871978163719177246e-01 2.002172917127609253e-01 0.000000000000000000e+00 2.000000000000000000e+00
2.645981750488281250e+02 3.477533874511718750e+02 2.526544342041015625e+02 8.626099824905395508e-01 -4.689129590988159180e-01 1.898016035556793213e-01 0.000000000000000000e+00 2.000000000000000000e+00
2.640602416992187500e+02 3.480458068847656250e+02 2.525360717773437500e+02 8.709107041358947754e-01 -4.580872356891632080e-01 1.779623031616210938e-01 0.000000000000000000e+00 2.000000000000000000e+00
2.635188598632812500e+02 3.483305664062500000e+02 2.524254455566406250e+02 8.745654225349426270e-01 -4.551393687725067139e-01 1.672823280096054077e-01 0.000000000000000000e+00 2.000000000000000000e+00
2.629665832519531250e+02 3.486179809570312500e+02 2.523198089599609375e+02 8.752588033676147461e-01 -4.565308094024658203e-01 1.596923321485519409e-01 0.000000000000000000e+00 2.000000000000000000e+00
2.623949584960937500e+02 3.489161376953125000e+02 2.522155151367187500e+02 8.757554888725280762e-01 -4.571699798107147217e-01 1.550738066434860229e-01 0.000000000000000000e+00 2.000000000000000000e+00
2.617958068847656250e+02 3.492289123535156250e+02 2.521094207763671875e+02 8.784719109535217285e-01 -4.532286822795867920e-01 1.512314677238464355e-01 0.000000000000000000e+00 2.000000000000000000e+00
2.611625976562500000e+02 3.495556030273437500e+02 2.520004119873046875e+02 8.836817145347595215e-01 -4.446994960308074951e-01 1.461126804351806641e-01 0.000000000000000000e+00 2.000000000000000000e+00
2.604927978515625000e+02 3.498926696777343750e+02 2.518896636962890625e+02 8.902835845947265625e-01 -4.339326918125152588e-01 1.381940245628356934e-01 0.000000000000000000e+00 2.000000000000000000e+00
2.597886657714843750e+02 3.502358703613281250e+02 2.517803649902343750e+02 8.965401649475097656e-01 -4.244229495525360107e-01 1.268106698989868164e-01 0.000000000000000000e+00 2.000000000000000000e+00
2.590572509765625000e+02 3.505821228027343750e+02 2.516769104003906250e+02 9.006059169769287109e-01 -4.198103547096252441e-01 1.125527918338775635e-01 0.000000000000000000e+00 2.000000000000000000e+00
2.583086853027343750e+02 3.509310607910156250e+02 2.515833587646484375e+02 9.014246463775634766e-01 -4.219729006290435791e-01 9.681132435798645020e-02 0.000000000000000000e+00 2.000000000000000000e+00
2.575529785156250000e+02 3.512848205566406250e+02 2.515021972656250000e+02 8.988065123558044434e-01 -4.308470189571380615e-01 8.073156327009201050e-02 0.000000000000000000e+00 2.000000000000000000e+00
2.567983703613281250e+02 3.516465454101562500e+02 2.514344177246093750e+02 8.932217359542846680e-01 -4.447723627090454102e-01 6.582208722829818726e-02 0.000000000000000000e+00 2.000000000000000000e+00
2.560496215820312500e+02 3.520193786621093750e+02 2.513792419433593750e+02 8.856480717658996582e-01 -4.613825678825378418e-01 5.247460678219795227e-02 0.000000000000000000e+00 2.000000000000000000e+00
2.553087005615234375e+02 3.524053649902343750e+02 2.513353424072265625e+02 8.772140741348266602e-01 -4.783808588981628418e-01 4.058590903878211975e-02 0.000000000000000000e+00 2.000000000000000000e+00
2.545752258300781250e+02 3.528053588867187500e+02 2.513014068603515625e+02 8.688130974769592285e-01 -4.942511320114135742e-01 2.965798601508140564e-02 0.000000000000000000e+00 2.000000000000000000e+00
2.538479614257812500e+02 3.532190856933593750e+02 2.512765808105468750e+02 8.606880307197570801e-01 -5.087710618972778320e-01 1.918621361255645752e-02 0.000000000000000000e+00 2.000000000000000000e+00
2.531258087158203125e+02 3.536459655761718750e+02 2.512604827880859375e+02 8.529732227325439453e-01 -5.218718051910400391e-01 9.301008656620979309e-03 0.000000000000000000e+00 2.000000000000000000e+00
2.524079437255859375e+02 3.540851745605468750e+02 2.512526550292968750e+02 8.456760048866271973e-01 -5.336965918540954590e-01 2.168029459426179528e-04 0.000000000000000000e+00 2.000000000000000000e+00
2.516937103271484375e+02 3.545359191894531250e+02 2.512524719238281250e+02 8.388730883598327637e-01 -5.442720651626586914e-01 -7.740342523902654648e-03 0.000000000000000000e+00 2.000000000000000000e+00
2.509826202392578125e+02 3.549972839355468750e+02 2.512590332031250000e+02 8.326065540313720703e-01 -5.536841750144958496e-01 -1.414966676384210587e-02 0.000000000000000000e+00 2.000000000000000000e+00
2.502742004394531250e+02 3.554683837890625000e+02 2.512710723876953125e+02 8.270833492279052734e-01 -5.617533326148986816e-01 -1.913849823176860809e-02 0.000000000000000000e+00 2.000000000000000000e+00
2.495679626464843750e+02 3.559480590820312500e+02 2.512874145507812500e+02 8.224063515663146973e-01 -5.684483647346496582e-01 -2.267736755311489105e-02 0.000000000000000000e+00 2.000000000000000000e+00
2.488635253906250000e+02 3.564349670410156250e+02 2.513068389892578125e+02 8.184432387351989746e-01 -5.740368962287902832e-01 -2.514432184398174286e-02 0.000000000000000000e+00 2.000000000000000000e+00
2.481607360839843750e+02 3.569278869628906250e+02 2.513284301757812500e+02 8.151193857192993164e-01 -5.786881446838378906e-01 -2.646526135504245758e-02 0.000000000000000000e+00 2.000000000000000000e+00
2.474595489501953125e+02 3.574256896972656250e+02 2.513511962890625000e+02 8.121059536933898926e-01 -5.828905105590820312e-01 -2.688001282513141632e-02 0.000000000000000000e+00 2.000000000000000000e+00
2.467602081298828125e+02 3.579276428222656250e+02 2.513743438720703125e+02 8.092716932296752930e-01 -5.868477225303649902e-01 -2.625296823680400848e-02 0.000000000000000000e+00 2.000000000000000000e+00
2.460631256103515625e+02 3.584331359863281250e+02 2.513969573974609375e+02 8.063910603523254395e-01 -5.908678770065307617e-01 -2.466970682144165039e-02 0.000000000000000000e+00 2.000000000000000000e+00
2.453688354492187500e+02 3.589418640136718750e+02 2.514181976318359375e+02 8.035099506378173828e-01 -5.948809981346130371e-01 -2.209639176726341248e-02 0.000000000000000000e+00 2.000000000000000000e+00
2.446780242919921875e+02 3.594533081054687500e+02 2.514371948242187500e+02 8.007348775863647461e-01 -5.987318754196166992e-01 -1.854022592306137085e-02 0.000000000000000000e+00 2.000000000000000000e+00
2.439913330078125000e+02 3.599667663574218750e+02 2.514530944824218750e+02 7.981583476066589355e-01 -6.022845506668090820e-01 -1.402032468467950821e-02 0.000000000000000000e+00 2.000000000000000000e+00
2.433094329833984375e+02 3.604813232421875000e+02 2.514650726318359375e+02 7.961161732673645020e-01 -6.050827503204345703e-01 -8.596862666308879852e-03 0.000000000000000000e+00 2.000000000000000000e+00
2.426325836181640625e+02 3.609957580566406250e+02 2.514723815917968750e+02 7.947210669517517090e-01 -6.069725155830383301e-01 -1.661651767790317535e-03 0.000000000000000000e+00 2.000000000000000000e+00
2.419611816406250000e+02 3.615085449218750000e+02 2.514737854003906250e+02 7.940199375152587891e-01 -6.078519225120544434e-01 6.948334164917469025e-03 0.000000000000000000e+00 2.000000000000000000e+00
2.412950897216796875e+02 3.620184631347656250e+02 2.514679565429687500e+02 7.943812608718872070e-01 -6.071584820747375488e-01 1.780367456376552582e-02 0.000000000000000000e+00 2.000000000000000000e+00
2.406340026855468750e+02 3.625237426757812500e+02 2.514531402587890625e+02 7.954606413841247559e-01 -6.052060127258300781e-01 3.111442178487777710e-02 0.000000000000000000e+00 2.000000000000000000e+00
2.399774627685546875e+02 3.630232543945312500e+02 2.514274597167968750e+02 7.975266575813293457e-01 -6.014924049377441406e-01 4.645369946956634521e-02 0.000000000000000000e+00 2.000000000000000000e+00
2.393249053955078125e+02 3.635154113769531250e+02 2.513894500732421875e+02 8.005344867706298828e-01 -5.959392189979553223e-01 6.325359642505645752e-02 0.000000000000000000e+00 2.000000000000000000e+00
2.386760406494140625e+02 3.639984436035156250e+02 2.513381805419921875e+02 8.044002056121826172e-01 -5.886569619178771973e-01 8.014515787363052368e-02 0.000000000000000000e+00 2.000000000000000000e+00
2.380308227539062500e+02 3.644706115722656250e+02 2.512738952636718750e+02 8.092059493064880371e-01 -5.796939730644226074e-01 9.560751169919967651e-02 0.000000000000000000e+00 2.000000000000000000e+00
2.373898620605468750e+02 3.649297790527343750e+02 2.511981658935546875e+02 8.149169683456420898e-01 -5.693926215171813965e-01 1.081779375672340393e-01 0.000000000000000000e+00 2.000000000000000000e+00
2.367546691894531250e+02 3.653735961914062500e+02 2.511138458251953125e+02 8.215461373329162598e-01 -5.580502152442932129e-01 1.167984157800674438e-01 0.000000000000000000e+00 2.000000000000000000e+00
2.361274414062500000e+02 3.657996520996093750e+02 2.510246734619140625e+02 8.291550278663635254e-01 -5.458056926727294922e-01 1.208226680755615234e-01 0.000000000000000000e+00 2.000000000000000000e+00
2.355109863281250000e+02 3.662054443359375000e+02 2.509348449707031250e+02 8.373711109161376953e-01 -5.332270264625549316e-01 1.203268021345138550e-01 0.000000000000000000e+00 2.000000000000000000e+00
2.349080505371093750e+02 3.665893859863281250e+02 2.508482055664062500e+02 8.463016748428344727e-01 -5.198314785957336426e-01 1.163988709449768066e-01 0.000000000000000000e+00 2.000000000000000000e+00
2.343199462890625000e+02 3.669506225585937500e+02 2.507673187255859375e+02 8.552460074424743652e-01 -5.062031149864196777e-01 1.109620109200477600e-01 0.000000000000000000e+00 2.000000000000000000e+00
2.337456665039062500e+02 3.672905273437500000e+02 2.506928100585937500e+02 8.637633323669433594e-01 -4.923252463340759277e-01 1.073722764849662781e-01 0.000000000000000000e+00 2.000000000000000000e+00
2.331810150146484375e+02 3.676123657226562500e+02 2.506226196289062500e+02 8.712772130966186523e-01 -4.785615503787994385e-01 1.088800877332687378e-01 0.000000000000000000e+00 2.000000000000000000e+00
2.326188507080078125e+02 3.679211425781250000e+02 2.505523681640625000e+02 8.771261572837829590e-01 -4.656168520450592041e-01 1.176885589957237244e-01 0.000000000000000000e+00 2.000000000000000000e+00
2.320509185791015625e+02 3.682226257324218750e+02 2.504761657714843750e+02 8.811067938804626465e-01 -4.536231160163879395e-01 1.337043195962905884e-01 0.000000000000000000e+00 2.000000000000000000e+00
2.314697113037109375e+02 3.685218505859375000e+02 2.503879699707031250e+02 8.832653164863586426e-01 -4.428586959838867188e-01 1.540084630250930786e-01 0.000000000000000000e+00 2.000000000000000000e+00
2.308706054687500000e+02 3.688222351074218750e+02 2.502835083007812500e+02 8.844333887100219727e-01 -4.327205121517181396e-01 1.747298389673233032e-01 0.000000000000000000e+00 2.000000000000000000e+00
2.302524108886718750e+02 3.691246948242187500e+02 2.501613769531250000e+02 8.853185176849365234e-01 -4.232994914054870605e-01 1.924281865358352661e-01 0.000000000000000000e+00 2.000000000000000000e+00
2.296170806884765625e+02 3.694284667968750000e+02 2.500232849121093750e+02 8.869072198867797852e-01 -4.139178097248077393e-01 2.051037997007369995e-01 0.000000000000000000e+00 2.000000000000000000e+00
2.289678192138671875e+02 3.697314758300781250e+02 2.498731384277343750e+02 8.892105221748352051e-01 -4.048164188861846924e-01 2.131391614675521851e-01 0.000000000000000000e+00 2.000000000000000000e+00
2.283078002929687500e+02 3.700319519042968750e+02 2.497149353027343750e+02 8.921207785606384277e-01 -3.959009647369384766e-01 2.176763266324996948e-01 0.000000000000000000e+00 2.000000000000000000e+00
2.276390991210937500e+02 3.703287048339843750e+02 2.495517730712890625e+02 8.951330780982971191e-01 -3.871315121650695801e-01 2.210564166307449341e-01 0.000000000000000000e+00 2.000000000000000000e+00
2.269628906250000000e+02 3.706211547851562500e+02 2.493847808837890625e+02 8.976476788520812988e-01 -3.789069354534149170e-01 2.250737696886062622e-01 0.000000000000000000e+00 2.000000000000000000e+00
2.262799682617187500e+02 3.709094238281250000e+02 2.492135467529296875e+02 8.990411758422851562e-01 -3.718713223934173584e-01 2.311637997627258301e-01 0.000000000000000000e+00 2.000000000000000000e+00
2.255917510986328125e+02 3.711940917968750000e+02 2.490365905761718750e+02 8.988899588584899902e-01 -3.668023347854614258e-01 2.396934032440185547e-01 0.000000000000000000e+00 2.000000000000000000e+00
2.249004974365234375e+02 3.714761657714843750e+02 2.488522644042968750e+02 8.966867327690124512e-01 -3.648848235607147217e-01 2.506231665611267090e-01 0.000000000000000000e+00 2.000000000000000000e+00
2.242095642089843750e+02 3.717573242187500000e+02 2.486591491699218750e+02 8.919147849082946777e-01 -3.675712347030639648e-01 2.633996605873107910e-01 0.000000000000000000e+00 2.000000000000000000e+00
2.235223693847656250e+02 3.720405273437500000e+02 2.484562072753906250e+02 8.841181397438049316e-01 -3.761022984981536865e-01 2.772762477397918701e-01 0.000000000000000000e+00 2.000000000000000000e+00
2.228422851562500000e+02 3.723298339843750000e+02 2.482429199218750000e+02 8.733900189399719238e-01 -3.905455768108367920e-01 2.909709513187408447e-01 0.000000000000000000e+00 2.000000000000000000e+00
2.221718902587890625e+02 3.726296081542968750e+02 2.480195770263671875e+02 8.601004481315612793e-01 -4.105581939220428467e-01 3.027692437171936035e-01 0.000000000000000000e+00 2.000000000000000000e+00
2.215130615234375000e+02 3.729440917968750000e+02 2.477876586914062500e+02 8.448821306228637695e-01 -4.347401261329650879e-01 3.117294609546661377e-01 0.000000000000000000e+00 2.000000000000000000e+00
2.208673706054687500e+02 3.732763366699218750e+02 2.475494232177734375e+02 8.285630941390991211e-01 -4.609140157699584961e-01 3.178703486919403076e-01 0.000000000000000000e+00 2.000000000000000000e+00
2.202364807128906250e+02 3.736272888183593750e+02 2.473073883056640625e+02 8.116601705551147461e-01 -4.870162904262542725e-01 3.225257396697998047e-01 0.000000000000000000e+00 2.000000000000000000e+00
2.196225433349609375e+02 3.739956665039062500e+02 2.470634307861328125e+02 7.944822311401367188e-01 -5.118061900138854980e-01 3.268830478191375732e-01 0.000000000000000000e+00 2.000000000000000000e+00
2.190280151367187500e+02 3.743786621093750000e+02 2.468188171386718750e+02 7.770332694053649902e-01 -5.344471335411071777e-01 3.325439691543579102e-01 0.000000000000000000e+00 2.000000000000000000e+00
2.184553375244140625e+02 3.747725524902343750e+02 2.465737304687500000e+02 7.595442533493041992e-01 -5.545932054519653320e-01 3.398806154727935791e-01 0.000000000000000000e+00 2.000000000000000000e+00
2.179068145751953125e+02 3.751730651855468750e+02 2.463282775878906250e+02 7.423480749130249023e-01 -5.722893476486206055e-01 3.484309911727905273e-01 0.000000000000000000e+00 2.000000000000000000e+00
2.173836059570312500e+02 3.755764160156250000e+02 2.460827026367187500e+02 7.257405519485473633e-01 -5.878369212150573730e-01 3.574191033840179443e-01 0.000000000000000000e+00 2.000000000000000000e+00
2.168858947753906250e+02 3.759795532226562500e+02 2.458375854492187500e+02 7.103434205055236816e-01 -6.013205647468566895e-01 3.658220767974853516e-01 0.000000000000000000e+00 2.000000000000000000e+00
2.164126586914062500e+02 3.763801574707031250e+02 2.455938720703125000e+02 6.966258883476257324e-01 -6.125759482383728027e-01 3.734477162361145020e-01 0.000000000000000000e+00 2.000000000000000000e+00
2.159620513916015625e+02 3.767763977050781250e+02 2.453523101806640625e+02 6.852431297302246094e-01 -6.210668683052062988e-01 3.804180324077606201e-01 0.000000000000000000e+00 2.000000000000000000e+00
2.155316009521484375e+02 3.771665344238281250e+02 2.451133422851562500e+02 6.770804524421691895e-01 -6.258744001388549805e-01 3.870960175991058350e-01 0.000000000000000000e+00 2.000000000000000000e+00
2.151183929443359375e+02 3.775484924316406250e+02 2.448771057128906250e+02 6.731280684471130371e-01 -6.260507702827453613e-01 3.936484754085540771e-01 0.000000000000000000e+00 2.000000000000000000e+00
2.147191314697265625e+02 3.779198303222656250e+02 2.446436157226562500e+02 6.749297380447387695e-01 -6.201399564743041992e-01 3.998702168464660645e-01 0.000000000000000000e+00 2.000000000000000000e+00
2.143296661376953125e+02 3.782776794433593750e+02 2.444128723144531250e+02 6.842258572578430176e-01 -6.067561507225036621e-01 4.045763313770294189e-01 0.000000000000000000e+00 2.000000000000000000e+00
2.139442291259765625e+02 3.786194763183593750e+02 2.441849670410156250e+02 7.027426362037658691e-01 -5.837846994400024414e-01 4.066303670406341553e-01 0.000000000000000000e+00 2.000000000000000000e+00
2.135554504394531250e+02 3.789424438476562500e+02 2.439600067138671875e+02 7.312796711921691895e-01 -5.490162968635559082e-01 4.047360122203826904e-01 0.000000000000000000e+00 2.000000000000000000e+00
2.131544494628906250e+02 3.792434997558593750e+02 2.437380676269531250e+02 7.678980827331542969e-01 -5.015887022018432617e-01 3.984232842922210693e-01 0.000000000000000000e+00 2.000000000000000000e+00
2.127322845458984375e+02 3.795192565917968750e+02 2.435190277099609375e+02 8.080182075500488281e-01 -4.429214000701904297e-01 3.884934484958648682e-01 0.000000000000000000e+00 2.000000000000000000e+00
2.122817230224609375e+02 3.797662353515625000e+02 2.433023986816406250e+02 8.462969660758972168e-01 -3.766838610172271729e-01 3.766838610172271729e-01 0.000000000000000000e+00 2.000000000000000000e+00
2.117981414794921875e+02 3.799814758300781250e+02 2.430871582031250000e+02 8.781769275665283203e-01 -3.095793128013610840e-01 3.646449744701385498e-01 0.000000000000000000e+00 2.000000000000000000e+00
2.112805480957031250e+02 3.801639404296875000e+02 2.428722381591796875e+02 9.015951752662658691e-01 -2.481376677751541138e-01 3.543357849121093750e-01 0.000000000000000000e+00 2.000000000000000000e+00
2.107308959960937500e+02 3.803152160644531250e+02 2.426562194824218750e+02 9.173573255538940430e-01 -1.960852444171905518e-01 3.464188873767852783e-01 0.000000000000000000e+00 2.000000000000000000e+00
2.101529541015625000e+02 3.804387512207031250e+02 2.424379730224609375e+02 9.272791743278503418e-01 -1.537212133407592773e-01 3.413549661636352539e-01 0.000000000000000000e+00 2.000000000000000000e+00
2.095500640869140625e+02 3.805386962890625000e+02 2.422160339355468750e+02 9.332700371742248535e-01 -1.185342967510223389e-01 3.390526473522186279e-01 0.000000000000000000e+00 2.000000000000000000e+00
2.089236602783203125e+02 3.806182556152343750e+02 2.419884643554687500e+02 9.366692304611206055e-01 -8.642995357513427734e-02 3.393827974796295166e-01 0.000000000000000000e+00 2.000000000000000000e+00
2.082741088867187500e+02 3.806781921386718750e+02 2.417531127929687500e+02 9.380533695220947266e-01 -5.447805672883987427e-02 3.421809971332550049e-01 0.000000000000000000e+00 2.000000000000000000e+00
2.076020202636718750e+02 3.807172241210937500e+02 2.415079498291015625e+02 9.377191066741943359e-01 -2.029310353100299835e-02 3.468012809753417969e-01 0.000000000000000000e+00 2.000000000000000000e+00
2.069096221923828125e+02 3.807322082519531250e+02 2.412518768310546875e+02 9.358045458793640137e-01 1.744186505675315857e-02 3.520874679088592529e-01 0.000000000000000000e+00 2.000000000000000000e+00
2.062022857666015625e+02 3.807190246582031250e+02 2.409857482910156250e+02 9.324702024459838867e-01 5.946937203407287598e-02 3.563183546066284180e-01 0.000000000000000000e+00 2.000000000000000000e+00
2.054878692626953125e+02 3.806734619140625000e+02 2.407127532958984375e+02 9.279462099075317383e-01 1.058363765478134155e-01 3.573716580867767334e-01 0.000000000000000000e+00 2.000000000000000000e+00
2.047753295898437500e+02 3.805921936035156250e+02 2.404383392333984375e+02 9.225361347198486328e-01 1.553909480571746826e-01 3.532431423664093018e-01 0.000000000000000000e+00 2.000000000000000000e+00
2.040721740722656250e+02 3.804737548828125000e+02 2.401690979003906250e+02 9.167002439498901367e-01 2.052511125802993774e-01 3.428303301334381104e-01 0.000000000000000000e+00 2.000000000000000000e+00
2.033838653564453125e+02 3.803196411132812500e+02 2.399116821289062500e+02 9.112858176231384277e-01 2.507421672344207764e-01 3.266290128231048584e-01 0.000000000000000000e+00 2.000000000000000000e+00
2.027139587402343750e+02 3.801353149414062500e+02 2.396715698242187500e+02 9.073454737663269043e-01 2.875809669494628906e-01 3.066293001174926758e-01 0.000000000000000000e+00 2.000000000000000000e+00
2.020648956298828125e+02 3.799295959472656250e+02 2.394522247314453125e+02 9.058147668838500977e-01 3.131848573684692383e-01 2.853329777717590332e-01 0.000000000000000000e+00 2.000000000000000000e+00
2.014381256103515625e+02 3.797128906250000000e+02 2.392547912597656250e+02 9.070380926132202148e-01 3.270924687385559082e-01 2.651271820068359375e-01 0.000000000000000000e+00 2.000000000000000000e+00
2.008337249755859375e+02 3.794949340820312500e+02 2.390781250000000000e+02 9.104941487312316895e-01 3.309374153614044189e-01 2.479533255100250244e-01 0.000000000000000000e+00 2.000000000000000000e+00
2.002496032714843750e+02 3.792826232910156250e+02 2.389190521240234375e+02 9.149941205978393555e-01 3.279908001422882080e-01 2.349634617567062378e-01 0.000000000000000000e+00 2.000000000000000000e+00
1.996812438964843750e+02 3.790788879394531250e+02 2.387731018066406250e+02 9.193120598793029785e-01 3.214633762836456299e-01 2.269949615001678467e-01 0.000000000000000000e+00 2.000000000000000000e+00
1.991217346191406250e+02 3.788832397460937500e+02 2.386349487304687500e+02 9.226378798484802246e-01 3.137250840663909912e-01 2.243124246597290039e-01 0.000000000000000000e+00 2.000000000000000000e+00
1.985627746582031250e+02 3.786931762695312500e+02 2.384990539550781250e+02 9.248158931732177734e-01 3.058109581470489502e-01 2.262633293867111206e-01 0.000000000000000000e+00 2.000000000000000000e+00
1.979951019287109375e+02 3.785054626464843750e+02 2.383601684570312500e+02 9.261957406997680664e-01 2.973373532295227051e-01 2.318448722362518311e-01 0.000000000000000000e+00 2.000000000000000000e+00
1.974100952148437500e+02 3.783176574707031250e+02 2.382137298583984375e+02 9.274838566780090332e-01 2.874566614627838135e-01 2.390446215867996216e-01 0.000000000000000000e+00 2.000000000000000000e+00
1.968000030517578125e+02 3.781285705566406250e+02 2.380564880371093750e+02 9.291411638259887695e-01 2.755893468856811523e-01 2.464693933725357056e-01 0.000000000000000000e+00 2.000000000000000000e+00
1.961587982177734375e+02 3.779383850097656250e+02 2.378863983154296875e+02 9.314942359924316406e-01 2.619761824607849121e-01 2.523629665374755859e-01 0.000000000000000000e+00 2.000000000000000000e+00
1.954831085205078125e+02 3.777483520507812500e+02 2.377033386230468750e+02 9.343182444572448730e-01 2.474908679723739624e-01 2.565106451511383057e-01 0.000000000000000000e+00 2.000000000000000000e+00
1.947734222412109375e+02 3.775603637695312500e+02 2.375084991455078125e+02 9.374836087226867676e-01 2.328097522258758545e-01 2.586968243122100830e-01 0.000000000000000000e+00 2.000000000000000000e+00
1.940335083007812500e+02 3.773766174316406250e+02 2.373043212890625000e+02 9.406777024269104004e-01 2.189169824123382568e-01 2.592309415340423584e-01 0.000000000000000000e+00 2.000000000000000000e+00
1.932697906494140625e+02 3.771988830566406250e+02 2.370938568115234375e+02 9.433825016021728516e-01 2.073327600955963135e-01 2.589257061481475830e-01 0.000000000000000000e+00 2.000000000000000000e+00
1.924907989501953125e+02 3.770276794433593750e+02 2.368800506591796875e+02 9.450363516807556152e-01 1.997075974941253662e-01 2.588883936405181885e-01 0.000000000000000000e+00 2.000000000000000000e+00
1.917062072753906250e+02 3.768618774414062500e+02 2.366651153564453125e+02 9.452815055847167969e-01 1.970761567354202271e-01 2.600074112415313721e-01 0.000000000000000000e+00 2.000000000000000000e+00
1.909260101318359375e+02 3.766992187500000000e+02 2.364505157470703125e+02 9.437553882598876953e-01 2.008597552776336670e-01 2.626425325870513916e-01 0.000000000000000000e+00 2.000000000000000000e+00
1.901591644287109375e+02 3.765360107421875000e+02 2.362371063232421875e+02 -9.406955838203430176e-01 -2.099873274564743042e-01 -2.664529085159301758e-01 0.000000000000000000e+00 2.000000000000000000e+00
1.894123077392578125e+02 3.763692932128906250e+02 2.360255584716796875e+02 -9.368734955787658691e-01 -2.226835787296295166e-01 -2.695923745632171631e-01 0.000000000000000000e+00 2.000000000000000000e+00
1.886879119873046875e+02 3.761971130371093750e+02 2.358171081542968750e+02 -9.337905049324035645e-01 -2.352749556303024292e-01 -2.695943117141723633e-01 0.000000000000000000e+00 2.000000000000000000e+00
1.879841918945312500e+02 3.760198059082031250e+02 2.356139373779296875e+02 -9.328074455261230469e-01 -2.448245286941528320e-01 -2.644451856613159180e-01 0.000000000000000000e+00 2.000000000000000000e+00
1.872950286865234375e+02 3.758389282226562500e+02 2.354185638427734375e+02 -9.343415498733520508e-01 -2.497844099998474121e-01 -2.541918754577636719e-01 0.000000000000000000e+00 2.000000000000000000e+00
1.866125030517578125e+02 3.756564636230468750e+02 2.352328796386718750e+02 -9.374611973762512207e-01 -2.517689466476440430e-01 -2.403725236654281616e-01 0.000000000000000000e+00 2.000000000000000000e+00
1.859296875000000000e+02 3.754730834960937500e+02 2.350578002929687500e+02 -9.403492212295532227e-01 -2.534829080104827881e-01 -2.269138097763061523e-01 0.000000000000000000e+00 2.000000000000000000e+00
1.852432861328125000e+02 3.752880554199218750e+02 2.348921661376953125e+02 -9.415905475616455078e-01 -2.578693926334381104e-01 -2.165885865688323975e-01 0.000000000000000000e+00 2.000000000000000000e+00
1.845548553466796875e+02 3.750995178222656250e+02 2.347338104248046875e+02 -9.404718875885009766e-01 -2.660873830318450928e-01 -2.114478200674057007e-01 0.000000000000000000e+00 2.000000000000000000e+00
1.838706817626953125e+02 3.749059448242187500e+02 2.345799865722656250e+02 -9.372335076332092285e-01 -2.766536474227905273e-01 -2.122645378112792969e-01 0.000000000000000000e+00 2.000000000000000000e+00
1.831997070312500000e+02 3.747078857421875000e+02 2.344280242919921875e+02 -9.323824048042297363e-01 -2.873014807701110840e-01 -2.193647623062133789e-01 0.000000000000000000e+00 2.000000000000000000e+00
1.825503082275390625e+02 3.745077819824218750e+02 2.342752380371093750e+02 -9.269213080406188965e-01 -2.937932610511779785e-01 -2.334574609994888306e-01 0.000000000000000000e+00 2.000000000000000000e+00
1.819279327392578125e+02 3.743105163574218750e+02 2.341184844970703125e+02 -9.219968318939208984e-01 -2.917262911796569824e-01 -2.545931935310363770e-01 0.000000000000000000e+00 2.000000000000000000e+00
1.813323516845703125e+02 3.741220703125000000e+02 2.339540252685546875e+02 -9.183547496795654297e-01 -2.770009040832519531e-01 -2.826569676399230957e-01 0.000000000000000000e+00 2.000000000000000000e+00
1.807575683593750000e+02 3.739486999511718750e+02 2.337771148681640625e+02 -9.163063168525695801e-01 -2.481755763292312622e-01 -3.143112361431121826e-01 0.000000000000000000e+00 2.000000000000000000e+00
1.801920471191406250e+02 3.737955322265625000e+02 2.335831298828125000e+02 -9.160370826721191406e-01 -2.062062174081802368e-01 -3.440277278423309326e-01 0.000000000000000000e+00 2.000000000000000000e+00
1.796207580566406250e+02 3.736669311523437500e+02 2.333685760498046875e+02 -9.174724221229553223e-01 -1.573795825242996216e-01 -3.653437793254852295e-01 0.000000000000000000e+00 2.000000000000000000e+00
1.790285034179687500e+02 3.735653381347656250e+02 2.331327362060546875e+02 -9.204843044281005859e-01 -1.105920374393463135e-01 -3.748040795326232910e-01 0.000000000000000000e+00 2.000000000000000000e+00
1.784033966064453125e+02 3.734902343750000000e+02 2.328782043457031250e+02 -9.251946210861206055e-01 -7.277385890483856201e-02 -3.724497258663177490e-01 0.000000000000000000e+00 2.000000000000000000e+00
1.777403411865234375e+02 3.734380798339843750e+02 2.326112823486328125e+02 -9.315257072448730469e-01 -4.749897122383117676e-02 -3.605603575706481934e-01 0.000000000000000000e+00 2.000000000000000000e+00
1.770424957275390625e+02 3.734024963378906250e+02 2.323411712646484375e+02 -9.389601349830627441e-01 -3.624363243579864502e-02 -3.421112895011901855e-01 0.000000000000000000e+00 2.000000000000000000e+00
1.763206634521484375e+02 3.733746337890625000e+02 2.320781707763671875e+02 -9.468405842781066895e-01 -3.841587156057357788e-02 -3.194011151790618896e-01 0.000000000000000000e+00 2.000000000000000000e+00
1.755895538330078125e+02 3.733449707031250000e+02 2.318315429687500000e+02 -9.542976617813110352e-01 -5.233426392078399658e-02 -2.942397594451904297e-01 0.000000000000000000e+00 2.000000000000000000e+00
1.748639068603515625e+02 3.733051757812500000e+02 2.316078033447265625e+02 -9.604005813598632812e-01 -7.583414018154144287e-02 -2.681042551994323730e-01 0.000000000000000000e+00 2.000000000000000000e+00
1.741543121337890625e+02 3.732491455078125000e+02 2.314097137451171875e+02 -9.641682505607604980e-01 -1.063797846436500549e-01 -2.430286705493927002e-01 0.000000000000000000e+00 2.000000000000000000e+00
1.734655914306640625e+02 3.731731567382812500e+02 2.312361145019531250e+02 -9.651922583580017090e-01 -1.417103558778762817e-01 -2.198231220245361328e-01 0.000000000000000000e+00 2.000000000000000000e+00
1.727979583740234375e+02 3.730751342773437500e+02 2.310840606689453125e+02 -9.627714753150939941e-01 -1.825723499059677124e-01 -1.993447393178939819e-01 0.000000000000000000e+00 2.000000000000000000e+00
1.721489257812500000e+02 3.729520568847656250e+02 2.309496765136718750e+02 -9.559594988822937012e-01 -2.312336862087249756e-01 -1.807550340890884399e-01 0.000000000000000000e+00 2.000000000000000000e+00
1.715160827636718750e+02 3.727989807128906250e+02 2.308300170898437500e+02 -9.429845809936523438e-01 -2.900236546993255615e-01 -1.632984727621078491e-01 0.000000000000000000e+00 2.000000000000000000e+00
1.708984069824218750e+02 3.726090087890625000e+02 2.307230529785156250e+02 -9.218274354934692383e-01 -3.591025471687316895e-01 -1.458751857280731201e-01 0.000000000000000000e+00 2.000000000000000000e+00
1.702965240478515625e+02 3.723745422363281250e+02 2.306278076171875000e+02 -8.923497200012207031e-01 -4.324722290039062500e-01 -1.291497498750686646e-01 0.000000000000000000e+00 2.000000000000000000e+00
1.697122344970703125e+02 3.720913696289062500e+02 2.305432434082031250e+02 -8.574348092079162598e-01 -5.018430352210998535e-01 -1.138384491205215454e-01 0.000000000000000000e+00 2.000000000000000000e+00
1.691471252441406250e+02 3.717606201171875000e+02 2.304682159423828125e+02 -8.230434060096740723e-01 -5.590778589248657227e-01 -1.001573875546455383e-01 0.000000000000000000e+00 2.000000000000000000e+00
1.686011810302734375e+02 3.713897705078125000e+02 2.304017791748046875e+02 -7.958777546882629395e-01 -5.991073846817016602e-01 -8.745858818292617798e-02 0.000000000000000000e+00 2.000000000000000000e+00
1.680710296630859375e+02 3.709906921386718750e+02 2.303435211181640625e+02 -7.801121473312377930e-01 -6.211568713188171387e-01 -7.476084679365158081e-02 0.000000000000000000e+00 2.000000000000000000e+00
1.675498962402343750e+02 3.705757446289062500e+02 2.302935791015625000e+02 -7.766290307044982910e-01 -6.269207000732421875e-01 -6.178763881325721741e-02 0.000000000000000000e+00 2.000000000000000000e+00
1.670284118652343750e+02 3.701547851562500000e+02 2.302520904541015625e+02 -7.824308872222900391e-01 -6.206905841827392578e-01 -5.044966563582420349e-02 0.000000000000000000e+00 2.000000000000000000e+00
1.664976043701171875e+02 3.697337036132812500e+02 2.302178649902343750e+02 -7.931056618690490723e-01 -6.074625253677368164e-01 -4.441604390740394592e-02 0.000000000000000000e+00 2.000000000000000000e+00
1.659515838623046875e+02 3.693154907226562500e+02 2.301872863769531250e+02 -8.047364950180053711e-01 -5.917784571647644043e-01 -4.687700420618057251e-02 0.000000000000000000e+00 2.000000000000000000e+00
1.653899688720703125e+02 3.689024963378906250e+02 2.301545715332031250e+02 -8.151652216911315918e-01 -5.761981606483459473e-01 -5.917135253548622131e-02 0.000000000000000000e+00 2.000000000000000000e+00
1.648175659179687500e+02 3.684978942871093750e+02 2.301130218505859375e+02 -8.235108852386474609e-01 -5.616763234138488770e-01 -7.968403398990631104e-02 0.000000000000000000e+00 2.000000000000000000e+00
1.642422943115234375e+02 3.681055297851562500e+02 2.300573577880859375e+02 -8.307153582572937012e-01 -5.467864871025085449e-01 -1.045784652233123779e-01 0.000000000000000000e+00 2.000000000000000000e+00
1.636720123291015625e+02 3.677301635742187500e+02 2.299855651855468750e+02 -8.373897075653076172e-01 -5.313426852226257324e-01 -1.282708793878555298e-01 0.000000000000000000e+00 2.000000000000000000e+00
1.631121826171875000e+02 3.673749389648437500e+02 2.298998107910156250e+02 -8.449369668960571289e-01 -5.146408677101135254e-01 -1.456925719976425171e-01 0.000000000000000000e+00 2.000000000000000000e+00
1.625641479492187500e+02 3.670411376953125000e+02 2.298053131103515625e+02 -8.539863824844360352e-01 -4.971214532852172852e-01 -1.535498201847076416e-01 0.000000000000000000e+00 2.000000000000000000e+00
1.620250091552734375e+02 3.667272949218750000e+02 2.297083740234375000e+02 -8.645007014274597168e-01 -4.791285693645477295e-01 -1.519026309251785278e-01 0.000000000000000000e+00 2.000000000000000000e+00
1.614882507324218750e+02 3.664298095703125000e+02 2.296140594482421875e+02 -8.752865791320800781e-01 -4.619185924530029297e-01 -1.431947648525238037e-01 0.000000000000000000e+00 2.000000000000000000e+00
1.609446716308593750e+02 3.661429443359375000e+02 2.295251312255859375e+02 -8.850577473640441895e-01 -4.465854763984680176e-01 -1.312792748212814331e-01 0.000000000000000000e+00 2.000000000000000000e+00
1.603837127685546875e+02 3.658598937988281250e+02 2.294419250488281250e+02 -8.927948474884033203e-01 -4.342124164104461670e-01 -1.199041530489921570e-01 0.000000000000000000e+00 2.000000000000000000e+00
1.597956390380859375e+02 3.655738830566406250e+02 2.293629455566406250e+02 -8.983642458915710449e-01 -4.252304434776306152e-01 -1.100940927863121033e-01 0.000000000000000000e+00 2.000000000000000000e+00
1.591729583740234375e+02 3.652791442871093750e+02 2.292866363525390625e+02 -9.018525481224060059e-01 -4.199381768703460693e-01 -1.015576273202896118e-01 0.000000000000000000e+00 2.000000000000000000e+00
1.585123901367187500e+02 3.649715576171875000e+02 2.292122497558593750e+02 -9.039251208305358887e-01 -4.173605144023895264e-01 -9.343242645263671875e-02 0.000000000000000000e+00 2.000000000000000000e+00
1.578150177001953125e+02 3.646495666503906250e+02 2.291401672363281250e+02 -9.047787189483642578e-01 -4.174969792366027832e-01 -8.409371227025985718e-02 0.000000000000000000e+00 2.000000000000000000e+00
1.570856018066406250e+02 3.643129882812500000e+02 2.290723724365234375e+02 -9.048433899879455566e-01 -4.195537269115447998e-01 -7.234062999486923218e-02 0.000000000000000000e+00 2.000000000000000000e+00
1.563309478759765625e+02 3.639630737304687500e+02 2.290120391845703125e+02 -9.041791558265686035e-01 -4.232647120952606201e-01 -5.750685185194015503e-02 0.000000000000000000e+00 2.000000000000000000e+00
1.555584259033203125e+02 3.636014404296875000e+02 2.289629058837890625e+02 -9.030225276947021484e-01 -4.277678728103637695e-01 -3.956061974167823792e-02 0.000000000000000000e+00 2.000000000000000000e+00
1.547743988037109375e+02 3.632300415039062500e+02 2.289285583496093750e+02 -9.012778997421264648e-01 -4.328263103961944580e-01 -1.896072179079055786e-02 0.000000000000000000e+00 2.000000000000000000e+00
1.539838104248046875e+02 3.628503723144531250e+02 2.289119262695312500e+02 -8.989673852920532227e-01 -4.380067288875579834e-01 2.780721057206392288e-03 0.000000000000000000e+00 2.000000000000000000e+00
1.531896057128906250e+02 3.624634094238281250e+02 2.289143829345703125e+02 -8.961652517318725586e-01 -4.430807828903198242e-01 2.381674945354461670e-02 0.000000000000000000e+00 2.000000000000000000e+00
1.523926849365234375e+02 3.620693969726562500e+02 2.289355621337890625e+02 -8.928365707397460938e-01 -4.484018087387084961e-01 4.217388108372688293e-02 0.000000000000000000e+00 2.000000000000000000e+00
1.515925292968750000e+02 3.616675415039062500e+02 2.289733581542968750e+02 -8.893909454345703125e-01 -4.537038207054138184e-01 5.600511655211448669e-02 0.000000000000000000e+00 2.000000000000000000e+00
1.507873077392578125e+02 3.612567749023437500e+02 2.290240631103515625e+02 -8.861202597618103027e-01 -4.589865207672119141e-01 6.420485675334930420e-02 0.000000000000000000e+00 2.000000000000000000e+00
1.499748382568359375e+02 3.608359375000000000e+02 2.290829315185546875e+02 -8.832691907882690430e-01 -4.641239345073699951e-01 6.651666760444641113e-02 0.000000000000000000e+00 2.000000000000000000e+00
1.491532135009765625e+02 3.604042053222656250e+02 2.291448059082031250e+02 -8.811247944831848145e-01 -4.686011970043182373e-01 6.349749863147735596e-02 0.000000000000000000e+00 2.000000000000000000e+00
1.483215026855468750e+02 3.599618835449218750e+02 2.292047424316406250e+02 -8.795889019966125488e-01 -4.723597168922424316e-01 5.656448751688003540e-02 0.000000000000000000e+00 2.000000000000000000e+00
1.474801177978515625e+02 3.595100402832031250e+02 2.292588500976562500e+02 -8.788031339645385742e-01 -4.747905731201171875e-01 4.773804172873497009e-02 0.000000000000000000e+00 2.000000000000000000e+00
1.466309661865234375e+02 3.590512695312500000e+02 2.293049774169921875e+02 -8.785361051559448242e-01 -4.760373234748840332e-01 3.953365236520767212e-02 0.000000000000000000e+00 2.000000000000000000e+00
1.457774810791015625e+02 3.585888061523437500e+02 2.293433837890625000e+02 -8.787491321563720703e-01 -4.760617911815643311e-01 3.413457050919532776e-02 0.000000000000000000e+00 2.000000000000000000e+00
1.449238891601562500e+02 3.581263732910156250e+02 2.293765411376953125e+02 -8.791895508766174316e-01 -4.752939939498901367e-01 3.348676487803459167e-02 0.000000000000000000e+00 2.000000000000000000e+00
1.440749816894531250e+02 3.576674499511718750e+02 2.294088745117187500e+02 -8.792949914932250977e-01 -4.746639430522918701e-01 3.917176276445388794e-02 0.000000000000000000e+00 2.000000000000000000e+00
1.432354736328125000e+02 3.572142639160156250e+02 2.294462738037109375e+02 -8.785631656646728516e-01 -4.748322963714599609e-01 5.158467590808868408e-02 0.000000000000000000e+00 2.000000000000000000e+00
1.424098358154296875e+02 3.567680358886718750e+02 2.294947509765625000e+02 -8.760892152786254883e-01 -4.769730865955352783e-01 7.045854628086090088e-02 0.000000000000000000e+00 2.000000000000000000e+00
1.416021575927734375e+02 3.563283081054687500e+02 2.295597076416015625e+02 -8.709947466850280762e-01 -4.821786284446716309e-01 9.419083595275878906e-02 0.000000000000000000e+00 2.000000000000000000e+00
1.408159484863281250e+02 3.558930664062500000e+02 2.296447296142578125e+02 -8.625757098197937012e-01 -4.912962019443511963e-01 1.207941174507141113e-01 0.000000000000000000e+00 2.000000000000000000e+00
1.400540924072265625e+02 3.554591369628906250e+02 2.297514190673828125e+02 -8.504943847656250000e-01 -5.048410296440124512e-01 1.476305276155471802e-01 0.000000000000000000e+00 2.000000000000000000e+00
1.393185882568359375e+02 3.550225524902343750e+02 2.298790893554687500e+02 -8.349699974060058594e-01 -5.226768255233764648e-01 1.721452176570892334e-01 0.000000000000000000e+00 2.000000000000000000e+00
1.386102294921875000e+02 3.545791320800781250e+02 2.300251312255859375e+02 -8.169836997985839844e-01 -5.435586571693420410e-01 1.925659775733947754e-01 0.000000000000000000e+00 2.000000000000000000e+00
1.379284820556640625e+02 3.541255493164062500e+02 2.301858215332031250e+02 -7.981134057044982910e-01 -5.652970671653747559e-01 2.084567695856094360e-01 0.000000000000000000e+00 2.000000000000000000e+00
1.372720642089843750e+02 3.536606140136718750e+02 2.303572692871093750e+02 -7.798439264297485352e-01 -5.857523679733276367e-01 2.207662314176559448e-01 0.000000000000000000e+00 2.000000000000000000e+00
1.366390533447265625e+02 3.531851501464843750e+02 2.305364685058593750e+02 -7.637578248977661133e-01 -6.026940345764160156e-01 2.311577945947647095e-01 0.000000000000000000e+00 2.000000000000000000e+00
1.360272064208984375e+02 3.527023315429687500e+02 2.307216491699218750e+02 -7.503869533538818359e-01 -6.152782440185546875e-01 2.415619939565658569e-01 0.000000000000000000e+00 2.000000000000000000e+00
1.354342346191406250e+02 3.522161254882812500e+02 2.309125366210937500e+02 -7.399911880493164062e-01 -6.230453252792358398e-01 2.534315586090087891e-01 0.000000000000000000e+00 2.000000000000000000e+00
1.348575286865234375e+02 3.517305603027343750e+02 2.311100463867187500e+02 -7.321667671203613281e-01 -6.268339753150939941e-01 2.664788961410522461e-01 0.000000000000000000e+00 2.000000000000000000e+00
1.342948608398437500e+02 3.512488403320312500e+02 2.313148345947265625e+02 -7.263955473899841309e-01 -6.281154155731201172e-01 2.789634168148040771e-01 0.000000000000000000e+00 2.000000000000000000e+00
1.337440490722656250e+02 3.507725524902343750e+02 2.315263671875000000e+02 -7.225213646888732910e-01 -6.284319162368774414e-01 2.881604135036468506e-01 0.000000000000000000e+00 2.000000000000000000e+00
1.332032928466796875e+02 3.503022155761718750e+02 2.317420349121093750e+02 -7.202180027961730957e-01 -6.296508908271789551e-01 2.912486791610717773e-01 0.000000000000000000e+00 2.000000000000000000e+00
1.326714477539062500e+02 3.498372497558593750e+02 2.319571075439453125e+02 -7.190098762512207031e-01 -6.330021023750305176e-01 2.869372069835662842e-01 0.000000000000000000e+00 2.000000000000000000e+00
1.321481933593750000e+02 3.493765869140625000e+02 2.321659240722656250e+02 -7.184770107269287109e-01 -6.384992599487304688e-01 2.758794724941253662e-01 0.000000000000000000e+00 2.000000000000000000e+00
1.316342926025390625e+02 3.489198913574218750e+02 2.323632507324218750e+02 -7.171174287796020508e-01 -6.463157534599304199e-01 2.608036398887634277e-01 0.000000000000000000e+00 2.000000000000000000e+00
1.311316986083984375e+02 3.484669189453125000e+02 2.325460357666015625e+02 -7.139167189598083496e-01 -6.557288169860839844e-01 2.456473112106323242e-01 0.000000000000000000e+00 2.000000000000000000e+00
1.306434478759765625e+02 3.480184631347656250e+02 2.327140350341796875e+02 -7.082871198654174805e-01 -6.659443378448486328e-01 2.341954112052917480e-01 0.000000000000000000e+00 2.000000000000000000e+00
1.301732940673828125e+02 3.475764160156250000e+02 2.328694915771484375e+02 -6.998165845870971680e-01 -6.765884757041931152e-01 2.290957272052764893e-01 0.000000000000000000e+00 2.000000000000000000e+00
1.297241516113281250e+02 3.471421813964843750e+02 2.330165252685546875e+02 -6.888695359230041504e-01 -6.870991587638854980e-01 2.309837341308593750e-01 0.000000000000000000e+00 2.000000000000000000e+00
1.292966613769531250e+02 3.467157897949218750e+02 2.331598663330078125e+02 -6.762140989303588867e-01 -6.969137787818908691e-01 2.388422042131423950e-01 0.000000000000000000e+00 2.000000000000000000e+00
1.288884124755859375e+02 3.462950439453125000e+02 2.333040618896484375e+02 -6.626615524291992188e-01 -7.057781815528869629e-01 2.505127787590026855e-01 0.000000000000000000e+00 2.000000000000000000e+00
1.284944305419921875e+02 3.458754272460937500e+02 2.334530029296875000e+02 -6.495360136032104492e-01 -7.132905125617980957e-01 2.632858455181121826e-01 0.000000000000000000e+00 2.000000000000000000e+00
1.281084289550781250e+02 3.454515380859375000e+02 2.336094665527343750e+02 -6.373975872993469238e-01 -7.197585105895996094e-01 2.750855088233947754e-01 0.000000000000000000e+00 2.000000000000000000e+00
1.277246398925781250e+02 3.450181579589843750e+02 2.337751007080078125e+02 -6.267697811126708984e-01 -7.252542376518249512e-01 2.848964929580688477e-01 0.000000000000000000e+00 2.000000000000000000e+00
1.273391647338867188e+02 3.445721130371093750e+02 2.339503173828125000e+02 -6.178748607635498047e-01 -7.295818924903869629e-01 2.931568026542663574e-01 0.000000000000000000e+00 2.000000000000000000e+00
1.269503784179687500e+02 3.441130371093750000e+02 2.341347808837890625e+02 -6.105875372886657715e-01 -7.328237891197204590e-01 3.002535402774810791e-01 0.000000000000000000e+00 2.000000000000000000e+00
1.265580368041992188e+02 3.436421508789062500e+02 2.343277130126953125e+02 -6.049634218215942383e-01 -7.347750663757324219e-01 3.067978620529174805e-01 0.000000000000000000e+00 2.000000000000000000e+00
1.261623764038085938e+02 3.431615905761718750e+02 2.345283660888671875e+02 -6.012228131294250488e-01 -7.349733114242553711e-01 3.136005699634552002e-01 0.000000000000000000e+00 2.000000000000000000e+00
1.257629776000976562e+02 3.426733398437500000e+02 2.347366943359375000e+02 -5.991831421852111816e-01 -7.335634231567382812e-01 3.207246363162994385e-01 0.000000000000000000e+00 2.000000000000000000e+00
1.253590087890625000e+02 3.421787719726562500e+02 2.349529266357421875e+02 -5.987863540649414062e-01 -7.305734753608703613e-01 3.282031714916229248e-01 0.000000000000000000e+00 2.000000000000000000e+00
1.249490280151367188e+02 3.416785583496093750e+02 2.351776428222656250e+02 -6.000037193298339844e-01 -7.260335087776184082e-01 3.359626233577728271e-01 0.000000000000000000e+00 2.000000000000000000e+00
1.245314331054687500e+02 3.411732482910156250e+02 2.354114685058593750e+02 -6.026780605316162109e-01 -7.200229763984680176e-01 3.440147936344146729e-01 0.000000000000000000e+00 2.000000000000000000e+00
1.241048736572265625e+02 3.406636352539062500e+02 2.356549530029296875e+02 -6.066361665725708008e-01 -7.127816081047058105e-01 3.520440459251403809e-01 0.000000000000000000e+00 2.000000000000000000e+00
1.236683197021484375e+02 3.401506958007812500e+02 2.359082946777343750e+02 -6.117362380027770996e-01 -7.041919827461242676e-01 3.604061305522918701e-01 0.000000000000000000e+00 2.000000000000000000e+00
1.232212677001953125e+02 3.396360778808593750e+02 2.361716766357421875e+02 -6.177710890769958496e-01 -6.944573521614074707e-01 3.689008653163909912e-01 0.000000000000000000e+00 2.000000000000000000e+00
1.227632598876953125e+02 3.391212158203125000e+02 2.364451751708984375e+02 -6.246446967124938965e-01 -6.834990382194519043e-01 3.776878714561462402e-01 0.000000000000000000e+00 2.000000000000000000e+00
1.222940979003906250e+02 3.386078491210937500e+02 2.367288513183593750e+02 -6.321966052055358887e-01 -6.712959408760070801e-01 3.868968486785888672e-01 0.000000000000000000e+00 2.000000000000000000e+00
1.218137359619140625e+02 3.380977783203125000e+02 2.370228271484375000e+02 -6.401769518852233887e-01 -6.580225825309753418e-01 3.964590132236480713e-01 0.000000000000000000e+00 2.000000000000000000e+00
1.213221893310546875e+02 3.375925292968750000e+02 2.373272399902343750e+02 -6.485514044761657715e-01 -6.435306072235107422e-01 4.065087735652923584e-01 0.000000000000000000e+00 2.000000000000000000e+00
1.208195800781250000e+02 3.370938110351562500e+02 2.376422729492187500e+02 -6.571601629257202148e-01 -6.278697848320007324e-01 4.170372188091278076e-01 0.000000000000000000e+00 2.000000000000000000e+00
1.203060607910156250e+02 3.366031799316406250e+02 2.379681549072265625e+02 -6.658479571342468262e-01 -6.112149953842163086e-01 4.278582334518432617e-01 0.000000000000000000e+00 2.000000000000000000e+00
1.197818145751953125e+02 3.361219482421875000e+02 2.383050231933593750e+02 -6.745351552963256836e-01 -5.937063694000244141e-01 4.387653768062591553e-01 0.000000000000000000e+00 2.000000000000000000e+00
1.192469940185546875e+02 3.356512145996093750e+02 2.386529083251953125e+02 -6.833320260047912598e-01 -5.753368735313415527e-01 4.494938850402832031e-01 0.000000000000000000e+00 2.000000000000000000e+00
1.187016372680664062e+02 3.351920471191406250e+02 2.390116424560546875e+02 -6.922020316123962402e-01 -5.562088489532470703e-01 4.598783552646636963e-01 0.000000000000000000e+00 2.000000000000000000e+00
1.181457366943359375e+02 3.347453613281250000e+02 2.393809661865234375e+02 -7.010931968688964844e-01 -5.364289283752441406e-01 4.698002338409423828e-01 0.000000000000000000e+00 2.000000000000000000e+00
1.175792846679687500e+02 3.343119506835937500e+02 2.397605438232421875e+02 -7.099181413650512695e-01 -5.162392258644104004e-01 4.790752828121185303e-01 0.000000000000000000e+00 2.000000000000000000e+00
1.170024490356445312e+02 3.338924865722656250e+02 2.401498107910156250e+02 -7.186213731765747070e-01 -4.948996901512145996e-01 4.885260760784149170e-01 0.000000000000000000e+00 2.000000000000000000e+00
1.164157867431640625e+02 3.334884643554687500e+02 2.405486297607421875e+02 -7.263908386230468750e-01 -4.729986786842346191e-01 4.986265897750854492e-01 0.000000000000000000e+00 2.000000000000000000e+00
1.158206787109375000e+02 3.331009521484375000e+02 2.409571380615234375e+02 -7.329683899879455566e-01 -4.498783648014068604e-01 5.102614760398864746e-01 0.000000000000000000e+00 2.000000000000000000e+00
1.152194519042968750e+02 3.327319335937500000e+02 2.413756866455078125e+02 -7.378072142601013184e-01 -4.253191351890563965e-01 5.241603851318359375e-01 0.000000000000000000e+00 2.000000000000000000e+00
1.146150970458984375e+02 3.323835449218750000e+02 2.418050384521484375e+02 -7.406646013259887695e-01 -3.988949656486511230e-01 5.406465530395507812e-01 0.000000000000000000e+00 2.000000000000000000e+00
1.140109939575195312e+02 3.320581970214843750e+02 2.422460021972656250e+02 -7.415732741355895996e-01 -3.696006834506988525e-01 5.598789453506469727e-01 0.000000000000000000e+00 2.000000000000000000e+00
1.134098892211914062e+02 3.317586059570312500e+02 2.426998291015625000e+02 -7.407158017158508301e-01 -3.367906510829925537e-01 5.813021063804626465e-01 0.000000000000000000e+00 2.000000000000000000e+00
1.128134078979492188e+02 3.314873962402343750e+02 2.431679382324218750e+02 -7.385077476501464844e-01 -3.005707859992980957e-01 6.035424470901489258e-01 0.000000000000000000e+00 2.000000000000000000e+00
1.122220230102539062e+02 3.312467041015625000e+02 2.436512451171875000e+02 -7.356219887733459473e-01 -2.610030770301818848e-01 6.250901222229003906e-01 0.000000000000000000e+00 2.000000000000000000e+00
1.116357650756835938e+02 3.310386962890625000e+02 2.441494140625000000e+02 -7.326721549034118652e-01 -2.200923115015029907e-01 6.440115571022033691e-01 0.000000000000000000e+00 2.000000000000000000e+00
1.110549697875976562e+02 3.308642272949218750e+02 2.446599273681640625e+02 -7.299785614013671875e-01 -1.796440333127975464e-01 6.594387888908386230e-01 0.000000000000000000e+00 2.000000000000000000e+00
1.104810638427734375e+02 3.307229919433593750e+02 2.451783752441406250e+02 -7.273986339569091797e-01 -1.419736146926879883e-01 6.713677644729614258e-01 0.000000000000000000e+00 2.000000000000000000e+00
1.099163055419921875e+02 3.306127624511718750e+02 2.456996307373046875e+02 -7.241559028625488281e-01 -1.083827763795852661e-01 6.810663342475891113e-01 0.000000000000000000e+00 2.000000000000000000e+00
1.093629150390625000e+02 3.305299377441406250e+02 2.462200927734375000e+02 -7.187836170196533203e-01 -8.020613342523574829e-02 6.905918717384338379e-01 0.000000000000000000e+00 2.000000000000000000e+00
1.088219528198242188e+02 3.304695739746093750e+02 2.467398376464843750e+02 -7.103625535964965820e-01 -5.629025772213935852e-02 7.015812993049621582e-01 0.000000000000000000e+00 2.000000000000000000e+00
1.082924118041992188e+02 3.304276123046875000e+02 2.472628326416015625e+02 -6.984451413154602051e-01 -3.509013354778289795e-02 7.148028016090393066e-01 0.000000000000000000e+00 2.000000000000000000e+00
1.077718429565429688e+02 3.304014587402343750e+02 2.477955932617187500e+02 -6.837276816368103027e-01 -1.414888538420200348e-02 7.296000719070434570e-01 0.000000000000000000e+00 2.000000000000000000e+00
1.072571640014648438e+02 3.303908081054687500e+02 2.483448028564453125e+02 -6.677403450012207031e-01 6.259380839765071869e-03 7.443679571151733398e-01 0.000000000000000000e+00 2.000000000000000000e+00
1.067460403442382812e+02 3.303955993652343750e+02 2.489145812988281250e+02 -6.521672606468200684e-01 2.426322363317012787e-02 7.576867938041687012e-01 0.000000000000000000e+00 2.000000000000000000e+00
1.062382888793945312e+02 3.304144897460937500e+02 2.495044860839843750e+02 -6.394143700599670410e-01 3.591070324182510376e-02 7.680231928825378418e-01 0.000000000000000000e+00 2.000000000000000000e+00
1.057356567382812500e+02 3.304427185058593750e+02 2.501082153320312500e+02 -6.307991743087768555e-01 3.832349181175231934e-02 7.749991416931152344e-01 0.000000000000000000e+00 2.000000000000000000e+00
1.052413787841796875e+02 3.304727478027343750e+02 2.507154846191406250e+02 -6.277079582214355469e-01 3.001057729125022888e-02 7.778701782226562500e-01 0.000000000000000000e+00 2.000000000000000000e+00
1.047594528198242188e+02 3.304957885742187500e+02 2.513126983642578125e+02 -6.326066255569458008e-01 1.238866616040468216e-02 7.743742465972900391e-01 0.000000000000000000e+00 2.000000000000000000e+00
1.042919540405273438e+02 3.305049438476562500e+02 2.518849639892578125e+02 -6.481252312660217285e-01 -1.068362221121788025e-02 7.614588141441345215e-01 0.000000000000000000e+00 2.000000000000000000e+00
1.038383712768554688e+02 3.304974670410156250e+02 2.524178619384765625e+02 -6.763800978660583496e-01 -3.409986197948455811e-02 7.357629537582397461e-01 0.000000000000000000e+00 2.000000000000000000e+00
1.033964843750000000e+02 3.304751892089843750e+02 2.528985443115234375e+02 -7.174499034881591797e-01 -5.221411958336830139e-02 6.946505904197692871e-01 0.000000000000000000e+00 2.000000000000000000e+00
1.029645767211914062e+02 3.304437561035156250e+02 2.533167266845703125e+02 -7.674807310104370117e-01 -6.277789920568466187e-02 6.379908323287963867e-01 0.000000000000000000e+00 2.000000000000000000e+00
1.025448532104492188e+02 3.304094238281250000e+02 2.536656341552734375e+02 -8.199668526649475098e-01 -6.523389369249343872e-02 5.686816573143005371e-01 0.000000000000000000e+00 2.000000000000000000e+00
1.021455307006835938e+02 3.303776550292968750e+02 2.539425811767578125e+02 -8.678501248359680176e-01 -6.152546778321266174e-02 4.930018484592437744e-01 0.000000000000000000e+00 2.000000000000000000e+00
1.017804946899414062e+02 3.303517761230468750e+02 2.541499481201171875e+02 -8.678501248359680176e-01 -6.152546778321266174e-02 4.930018484592437744e-01 0.000000000000000000e+00 2.000000000000000000e+00
