2.657076110839843750e+02 2.861327209472656250e+02 2.523436431884765625e+02 8.698068261146545410e-01 -4.933035373687744141e-01 -9.368196129798889160e-03 0.000000000000000000e+00 1.000000000000000000e+00
2.650049133300781250e+02 2.865312500000000000e+02 2.523512115478515625e+02 8.752024173736572266e-01 -4.831695854663848877e-01 -2.383108809590339661e-02 0.000000000000000000e+00 1.000000000000000000e+00
2.643033142089843750e+02 2.869185791015625000e+02 2.523703155517578125e+02 8.829764127731323242e-01 -4.681565761566162109e-01 -3.438060730695724487e-02 0.000000000000000000e+00 1.000000000000000000e+00
2.635975341796875000e+02 2.872927856445312500e+02 2.523977966308593750e+02 8.948261737823486328e-01 -4.449076354503631592e-01 -3.665173426270484924e-02 0.000000000000000000e+00 1.000000000000000000e+00
2.628781738281250000e+02 2.876504516601562500e+02 2.524272613525390625e+02 9.103429317474365234e-01 -4.129217267036437988e-01 -2.777374535799026489e-02 0.000000000000000000e+00 1.000000000000000000e+00
2.621354675292968750e+02 2.879873352050781250e+02 2.524499206542968750e+02 9.269300103187561035e-01 -3.751606047153472900e-01 -7.430557627230882645e-03 0.000000000000000000e+00 1.000000000000000000e+00
2.613645629882812500e+02 2.882993469238281250e+02 2.524561004638671875e+02 9.416749477386474609e-01 -3.358070254325866699e-01 2.195147611200809479e-02 0.000000000000000000e+00 1.000000000000000000e+00
2.605686035156250000e+02 2.885831909179687500e+02 2.524375457763671875e+02 9.521947503089904785e-01 -3.002710640430450439e-01 5.623565614223480225e-02 0.000000000000000000e+00 1.000000000000000000e+00
2.597604370117187500e+02 2.888380432128906250e+02 2.523898162841796875e+02 9.583578109741210938e-01 -2.706945538520812988e-01 9.096604585647583008e-02 0.000000000000000000e+00 1.000000000000000000e+00
2.589574584960937500e+02 2.890648498535156250e+02 2.523135986328125000e+02 9.612643122673034668e-01 -2.470516413450241089e-01 1.222143024206161499e-01 0.000000000000000000e+00 1.000000000000000000e+00
2.581745910644531250e+02 2.892660522460937500e+02 2.522140655517578125e+02 9.628209471702575684e-01 -2.270760238170623779e-01 1.463296860456466675e-01 0.000000000000000000e+00 1.000000000000000000e+00
2.574178771972656250e+02 2.894445190429687500e+02 2.520990600585937500e+02 9.650700688362121582e-01 -2.066550850868225098e-01 1.610382497310638428e-01 0.000000000000000000e+00 1.000000000000000000e+00
2.566812133789062500e+02 2.896022644042968750e+02 2.519761352539062500e+02 9.691341519355773926e-01 -1.822338104248046875e-01 1.660415232181549072e-01 0.000000000000000000e+00 1.000000000000000000e+00
2.559487762451171875e+02 2.897399902343750000e+02 2.518506469726562500e+02 9.743754863739013672e-01 -1.532153338193893433e-01 1.646736562252044678e-01 0.000000000000000000e+00 1.000000000000000000e+00
2.552013854980468750e+02 2.898575134277343750e+02 2.517243347167968750e+02 9.793100953102111816e-01 -1.213885843753814697e-01 1.619154661893844604e-01 0.000000000000000000e+00 1.000000000000000000e+00
2.544233856201171875e+02 2.899539489746093750e+02 2.515957031250000000e+02 9.827297925949096680e-01 -9.036722779273986816e-02 1.614803820848464966e-01 0.000000000000000000e+00 1.000000000000000000e+00
2.536079711914062500e+02 2.900289306640625000e+02 2.514617156982421875e+02 9.843298792839050293e-01 -6.348921358585357666e-02 1.645108312368392944e-01 0.000000000000000000e+00 1.000000000000000000e+00
2.527567901611328125e+02 2.900838317871093750e+02 2.513194580078125000e+02 9.843800067901611328e-01 -4.252713173627853394e-02 1.708435267210006714e-01 0.000000000000000000e+00 1.000000000000000000e+00
2.518780364990234375e+02 2.901217956542968750e+02 2.511669464111328125e+02 9.832730293273925781e-01 -2.858799509704113007e-02 1.798800826072692871e-01 0.000000000000000000e+00 1.000000000000000000e+00
2.509816436767578125e+02 2.901478576660156250e+02 2.510029602050781250e+02 9.814517498016357422e-01 -2.242448925971984863e-02 1.903931647539138794e-01 0.000000000000000000e+00 1.000000000000000000e+00
2.500760650634765625e+02 2.901685485839843750e+02 2.508272857666015625e+02 9.791570305824279785e-01 -2.436425536870956421e-02 2.016380578279495239e-01 0.000000000000000000e+00 1.000000000000000000e+00
2.491672668457031250e+02 2.901911621093750000e+02 2.506401367187500000e+02 9.763737320899963379e-01 -3.322750702500343323e-02 2.135187089443206787e-01 0.000000000000000000e+00 1.000000000000000000e+00
2.482588653564453125e+02 2.902220764160156250e+02 2.504414825439453125e+02 9.730141162872314453e-01 -4.585836455225944519e-02 2.261427491903305054e-01 0.000000000000000000e+00 1.000000000000000000e+00
2.473536376953125000e+02 2.902647399902343750e+02 2.502310943603515625e+02 9.690721035003662109e-01 -5.775294825434684753e-02 2.399246841669082642e-01 0.000000000000000000e+00 1.000000000000000000e+00
2.464544372558593750e+02 2.903183288574218750e+02 2.500084686279296875e+02 9.648581147193908691e-01 -6.412434577941894531e-02 2.548273205757141113e-01 0.000000000000000000e+00 1.000000000000000000e+00
2.455640716552734375e+02 2.903775024414062500e+02 2.497733154296875000e+02 9.608907699584960938e-01 -6.064286828041076660e-02 2.702062129974365234e-01 0.000000000000000000e+00 1.000000000000000000e+00
2.446854553222656250e+02 2.904329528808593750e+02 2.495262451171875000e+02 9.575561881065368652e-01 -4.474324733018875122e-02 2.847527861595153809e-01 0.000000000000000000e+00 1.000000000000000000e+00
2.438200836181640625e+02 2.904733886718750000e+02 2.492689056396484375e+02 -9.548975825309753418e-01 1.611569337546825409e-02 -2.964979410171508789e-01 0.000000000000000000e+00 1.000000000000000000e+00
2.429683990478515625e+02 2.904877624511718750e+02 2.490044555664062500e+02 -9.525026082992553711e-01 -2.256638742983341217e-02 -3.036929666996002197e-01 0.000000000000000000e+00 1.000000000000000000e+00
2.421298370361328125e+02 2.904678955078125000e+02 2.487370910644531250e+02 -9.496175646781921387e-01 -6.696291267871856689e-02 -3.061738014221191406e-01 0.000000000000000000e+00 1.000000000000000000e+00
2.413036651611328125e+02 2.904096374511718750e+02 2.484707183837890625e+02 -9.457136392593383789e-01 -1.106369420886039734e-01 -3.055897951126098633e-01 0.000000000000000000e+00 1.000000000000000000e+00
2.404895172119140625e+02 2.903143920898437500e+02 2.482076416015625000e+02 -9.410059452056884766e-01 -1.470265835523605347e-01 -3.047801852226257324e-01 0.000000000000000000e+00 1.000000000000000000e+00
2.396877288818359375e+02 2.901891174316406250e+02 2.479479522705078125e+02 -9.365075826644897461e-01 -1.705740243196487427e-01 -3.063625395298004150e-01 0.000000000000000000e+00 1.000000000000000000e+00
2.388993988037109375e+02 2.900455322265625000e+02 2.476900634765625000e+02 -9.331701993942260742e-01 -1.786428093910217285e-01 -3.118976056575775146e-01 0.000000000000000000e+00 1.000000000000000000e+00
2.381260833740234375e+02 2.898974914550781250e+02 2.474315948486328125e+02 -9.312457442283630371e-01 -1.722211837768554688e-01 -3.211250603199005127e-01 0.000000000000000000e+00 1.000000000000000000e+00
2.373698120117187500e+02 2.897576293945312500e+02 2.471708068847656250e+02 -9.302987456321716309e-01 -1.566895991563796997e-01 -3.316513001918792725e-01 0.000000000000000000e+00 1.000000000000000000e+00
2.366325531005859375e+02 2.896334533691406250e+02 2.469079742431640625e+02 -9.294419288635253906e-01 -1.410862654447555542e-01 -3.409287631511688232e-01 0.000000000000000000e+00 1.000000000000000000e+00
2.359166412353515625e+02 2.895247802734375000e+02 2.466453704833984375e+02 -9.278787374496459961e-01 -1.350401192903518677e-01 -3.475706577301025391e-01 0.000000000000000000e+00 1.000000000000000000e+00
2.352250823974609375e+02 2.894241333007812500e+02 2.463863220214843750e+02 -9.246563911437988281e-01 -1.450182944536209106e-01 -3.521083295345306396e-01 0.000000000000000000e+00 1.000000000000000000e+00
2.345613555908203125e+02 2.893200378417968750e+02 2.461335754394531250e+02 -9.182966947555541992e-01 -1.720656454563140869e-01 -3.565451800823211670e-01 0.000000000000000000e+00 1.000000000000000000e+00
2.339292602539062500e+02 2.892015991210937500e+02 2.458881530761718750e+02 -9.073324203491210938e-01 -2.105074375867843628e-01 -3.639155328273773193e-01 0.000000000000000000e+00 1.000000000000000000e+00
2.333318176269531250e+02 2.890629882812500000e+02 2.456485290527343750e+02 -8.914632201194763184e-01 -2.513532340526580811e-01 -3.769814074039459229e-01 0.000000000000000000e+00 1.000000000000000000e+00
2.327704010009765625e+02 2.889046936035156250e+02 2.454111175537109375e+02 -8.723194003105163574e-01 -2.854734957218170166e-01 -3.969431221485137939e-01 0.000000000000000000e+00 1.000000000000000000e+00
2.322438049316406250e+02 2.887323608398437500e+02 2.451714935302734375e+02 -8.531301617622375488e-01 -3.070040643215179443e-01 -4.218025803565979004e-01 0.000000000000000000e+00 1.000000000000000000e+00
2.317476959228515625e+02 2.885538330078125000e+02 2.449262084960937500e+02 -8.369708061218261719e-01 -3.159512281417846680e-01 -4.468275308609008789e-01 0.000000000000000000e+00 1.000000000000000000e+00
2.312750091552734375e+02 2.883753967285156250e+02 2.446738586425781250e+02 -8.262533545494079590e-01 -3.160248994827270508e-01 -4.662978649139404297e-01 0.000000000000000000e+00 1.000000000000000000e+00
2.308172607421875000e+02 2.882003173828125000e+02 2.444155273437500000e+02 -8.229627013206481934e-01 -3.131608366966247559e-01 -4.739859104156494141e-01 0.000000000000000000e+00 1.000000000000000000e+00
2.303646240234375000e+02 2.880280761718750000e+02 2.441548309326171875e+02 -8.282003998756408691e-01 -3.118919730186462402e-01 -4.656259715557098389e-01 0.000000000000000000e+00 1.000000000000000000e+00
2.299075775146484375e+02 2.878559570312500000e+02 2.438978729248046875e+02 -8.408107161521911621e-01 -3.139201998710632324e-01 -4.410118460655212402e-01 0.000000000000000000e+00 1.000000000000000000e+00
2.294393768310546875e+02 2.876811523437500000e+02 2.436522979736328125e+02 -8.583762049674987793e-01 -3.184237182140350342e-01 -4.022395014762878418e-01 0.000000000000000000e+00 1.000000000000000000e+00
2.289586944580078125e+02 2.875028381347656250e+02 2.434270477294921875e+02 -8.773998022079467773e-01 -3.231844604015350342e-01 -3.545722663402557373e-01 0.000000000000000000e+00 1.000000000000000000e+00
2.284724426269531250e+02 2.873237304687500000e+02 2.432305450439453125e+02 -8.950582146644592285e-01 -3.265248537063598633e-01 -3.037306964397430420e-01 0.000000000000000000e+00 1.000000000000000000e+00
2.279967041015625000e+02 2.871501770019531250e+02 2.430691070556640625e+02 -9.099369049072265625e-01 -3.276174366474151611e-01 -2.543255090713500977e-01 0.000000000000000000e+00 1.000000000000000000e+00
2.275541687011718750e+02 2.869908447265625000e+02 2.429454193115234375e+02 -9.216154813766479492e-01 -3.269354999065399170e-01 -2.091366648674011230e-01 0.000000000000000000e+00 1.000000000000000000e+00
2.271683349609375000e+02 2.868539733886718750e+02 2.428578643798828125e+02 -9.216154813766479492e-01 -3.269354999065399170e-01 -2.091366648674011230e-01 0.000000000000000000e+00 1.000000000000000000e+00
