1.582525939941406250e+02 1.321576843261718750e+02 1.705880584716796875e+02 -5.886211991310119629e-01 -4.326333403587341309e-01 -6.829007863998413086e-01 0.000000000000000000e+00 2.000000000000000000e+00
1.585716400146484375e+02 1.323921813964843750e+02 1.709582061767578125e+02 -5.840333104133605957e-01 -4.156862795352935791e-01 -6.972158551216125488e-01 0.000000000000000000e+00 2.000000000000000000e+00
1.588932800292968750e+02 1.326211090087890625e+02 1.713421783447265625e+02 -5.779359936714172363e-01 -3.994847238063812256e-01 -7.116192579269409180e-01 0.000000000000000000e+00 2.000000000000000000e+00
1.592200775146484375e+02 1.328470001220703125e+02 1.717445678710937500e+02 -5.714132189750671387e-01 -3.859091401100158691e-01 -7.242658734321594238e-01 0.000000000000000000e+00 2.000000000000000000e+00
1.595536041259765625e+02 1.330722503662109375e+02 1.721673126220703125e+02 -5.655267834663391113e-01 -3.762073814868927002e-01 -7.339260578155517578e-01 0.000000000000000000e+00 2.000000000000000000e+00
1.598943176269531250e+02 1.332989044189453125e+02 1.726094818115234375e+02 -5.604739785194396973e-01 -3.712268471717834473e-01 -7.403104305267333984e-01 0.000000000000000000e+00 2.000000000000000000e+00
1.602414703369140625e+02 1.335288391113281250e+02 1.730680236816406250e+02 -5.561988353729248047e-01 -3.709918558597564697e-01 -7.436450719833374023e-01 0.000000000000000000e+00 2.000000000000000000e+00
1.605939483642578125e+02 1.337639465332031250e+02 1.735392913818359375e+02 -5.527397990226745605e-01 -3.748133778572082520e-01 -7.443073987960815430e-01 0.000000000000000000e+00 2.000000000000000000e+00
1.609506988525390625e+02 1.340058593750000000e+02 1.740196838378906250e+02 -5.495499968528747559e-01 -3.822157084941864014e-01 -7.429037094116210938e-01 0.000000000000000000e+00 2.000000000000000000e+00
1.613110046386718750e+02 1.342564544677734375e+02 1.745067596435546875e+02 -5.463417768478393555e-01 -3.921148180961608887e-01 -7.401058673858642578e-01 0.000000000000000000e+00 2.000000000000000000e+00
1.616745147705078125e+02 1.345173492431640625e+02 1.749991912841796875e+02 -5.421987175941467285e-01 -4.042075276374816895e-01 -7.366388440132141113e-01 0.000000000000000000e+00 2.000000000000000000e+00
1.620404815673828125e+02 1.347901763916015625e+02 1.754963989257812500e+02 -5.365648269653320312e-01 -4.180541038513183594e-01 -7.330272793769836426e-01 0.000000000000000000e+00 2.000000000000000000e+00
1.624076690673828125e+02 1.350762634277343750e+02 1.759980316162109375e+02 -5.291928648948669434e-01 -4.335163533687591553e-01 -7.293959259986877441e-01 0.000000000000000000e+00 2.000000000000000000e+00
1.627744598388671875e+02 1.353767395019531250e+02 1.765035858154296875e+02 -5.203365087509155273e-01 -4.506303369998931885e-01 -7.253842353820800781e-01 0.000000000000000000e+00 2.000000000000000000e+00
1.631391754150390625e+02 1.356925964355468750e+02 1.770120239257812500e+02 -5.102616548538208008e-01 -4.690248668193817139e-01 -7.208666801452636719e-01 0.000000000000000000e+00 2.000000000000000000e+00
1.635001831054687500e+02 1.360244293212890625e+02 1.775220336914062500e+02 -5.002672672271728516e-01 -4.879816174507141113e-01 -7.152668833732604980e-01 0.000000000000000000e+00 2.000000000000000000e+00
1.638568267822265625e+02 1.363723144531250000e+02 1.780319519042968750e+02 -4.912152290344238281e-01 -5.065423846244812012e-01 -7.086058855056762695e-01 0.000000000000000000e+00 2.000000000000000000e+00
1.642089233398437500e+02 1.367353973388671875e+02 1.785398712158203125e+02 -4.841340184211730957e-01 -5.236802697181701660e-01 -7.009801864624023438e-01 0.000000000000000000e+00 2.000000000000000000e+00
1.645567474365234375e+02 1.371116333007812500e+02 1.790434875488281250e+02 -4.800228774547576904e-01 -5.386478900909423828e-01 -6.924135088920593262e-01 0.000000000000000000e+00 2.000000000000000000e+00
1.649009552001953125e+02 1.374978790283203125e+02 1.795399932861328125e+02 -4.799319803714752197e-01 -5.508853793144226074e-01 -6.827814579010009766e-01 0.000000000000000000e+00 2.000000000000000000e+00
1.652425842285156250e+02 1.378900146484375000e+02 1.800260162353515625e+02 -4.845623970031738281e-01 -5.604158043861389160e-01 -6.716645956039428711e-01 0.000000000000000000e+00 2.000000000000000000e+00
1.655828704833984375e+02 1.382835693359375000e+02 1.804976959228515625e+02 -4.940606653690338135e-01 -5.674371123313903809e-01 -6.587253808975219727e-01 0.000000000000000000e+00 2.000000000000000000e+00
1.659229431152343750e+02 1.386741485595703125e+02 1.809511108398437500e+02 -5.082564353942871094e-01 -5.719902515411376953e-01 -6.438187360763549805e-01 0.000000000000000000e+00 2.000000000000000000e+00
1.662640228271484375e+02 1.390579986572265625e+02 1.813831634521484375e+02 -5.258194208145141602e-01 -5.745696425437927246e-01 -6.272030472755432129e-01 0.000000000000000000e+00 2.000000000000000000e+00
1.666070098876953125e+02 1.394327850341796875e+02 1.817922821044921875e+02 -5.445846915245056152e-01 -5.758702158927917480e-01 -6.097548604011535645e-01 0.000000000000000000e+00 2.000000000000000000e+00
1.669523010253906250e+02 1.397979125976562500e+02 1.821788940429687500e+02 -5.624338984489440918e-01 -5.762949585914611816e-01 -5.929183363914489746e-01 0.000000000000000000e+00 2.000000000000000000e+00
1.673002624511718750e+02 1.401544494628906250e+02 1.825457153320312500e+02 -5.767640471458435059e-01 -5.771406888961791992e-01 -5.781451463699340820e-01 0.000000000000000000e+00 2.000000000000000000e+00
1.676507415771484375e+02 1.405051574707031250e+02 1.828970336914062500e+02 -5.862862467765808105e-01 -5.792170763015747070e-01 -5.663709044456481934e-01 0.000000000000000000e+00 2.000000000000000000e+00
1.680038146972656250e+02 1.408539733886718750e+02 1.832381134033203125e+02 -5.905619859695434570e-01 -5.834763646125793457e-01 -5.574872493743896484e-01 0.000000000000000000e+00 2.000000000000000000e+00
1.683599090576171875e+02 1.412057952880859375e+02 1.835742645263671875e+02 -5.910543799400329590e-01 -5.894286632537841797e-01 -5.506619811058044434e-01 0.000000000000000000e+00 2.000000000000000000e+00
1.687205047607421875e+02 1.415653991699218750e+02 1.839102172851562500e+02 -5.900481343269348145e-01 -5.952877998352050781e-01 -5.454131960868835449e-01 0.000000000000000000e+00 2.000000000000000000e+00
1.690882263183593750e+02 1.419363861083984375e+02 1.842501220703125000e+02 -5.905211567878723145e-01 -5.985954403877258301e-01 -5.412653684616088867e-01 0.000000000000000000e+00 2.000000000000000000e+00
1.694665374755859375e+02 1.423198699951171875e+02 1.845968780517578125e+02 -5.955568552017211914e-01 -5.964822173118591309e-01 -5.380715727806091309e-01 0.000000000000000000e+00 2.000000000000000000e+00
1.698593750000000000e+02 1.427133178710937500e+02 1.849517974853515625e+02 -6.062901616096496582e-01 -5.872533917427062988e-01 -5.362329483032226562e-01 0.000000000000000000e+00 2.000000000000000000e+00
1.702695312500000000e+02 1.431105957031250000e+02 1.853145599365234375e+02 -6.224991679191589355e-01 -5.702785253524780273e-01 -5.359824299812316895e-01 0.000000000000000000e+00 2.000000000000000000e+00
1.706977081298828125e+02 1.435028533935546875e+02 1.856832275390625000e+02 -6.419333219528198242e-01 -5.468378067016601562e-01 -5.374848842620849609e-01 0.000000000000000000e+00 2.000000000000000000e+00
1.711417541503906250e+02 1.438811187744140625e+02 1.860550231933593750e+02 -6.609513759613037109e-01 -5.195121169090270996e-01 -5.415260791778564453e-01 0.000000000000000000e+00 2.000000000000000000e+00
1.715966796875000000e+02 1.442386932373046875e+02 1.864277496337890625e+02 -6.757169961929321289e-01 -4.919370710849761963e-01 -5.490031838417053223e-01 0.000000000000000000e+00 2.000000000000000000e+00
1.720556030273437500e+02 1.445727996826171875e+02 1.868006134033203125e+02 -6.832817196846008301e-01 -4.678407907485961914e-01 -5.605810284614562988e-01 0.000000000000000000e+00 2.000000000000000000e+00
1.725114746093750000e+02 1.448849334716796875e+02 1.871746215820312500e+02 -6.818123459815979004e-01 -4.509856104850769043e-01 -5.759721398353576660e-01 0.000000000000000000e+00 2.000000000000000000e+00
1.729581298828125000e+02 1.451803741455078125e+02 1.875519409179687500e+02 -6.725663542747497559e-01 -4.430641531944274902e-01 -5.927466750144958496e-01 0.000000000000000000e+00 2.000000000000000000e+00
1.733920593261718750e+02 1.454662322998046875e+02 1.879343719482421875e+02 -6.583567261695861816e-01 -4.435069262981414795e-01 -6.081677675247192383e-01 0.000000000000000000e+00 2.000000000000000000e+00
1.738125915527343750e+02 1.457495269775390625e+02 1.883228454589843750e+02 -6.435824036598205566e-01 -4.498718976974487305e-01 -6.192066669464111328e-01 0.000000000000000000e+00 2.000000000000000000e+00
1.742219085693359375e+02 1.460356445312500000e+02 1.887166595458984375e+02 -6.318553686141967773e-01 -4.585699141025543213e-01 -6.248779296875000000e-01 0.000000000000000000e+00 2.000000000000000000e+00
1.746240081787109375e+02 1.463274688720703125e+02 1.891143188476562500e+02 -6.258710622787475586e-01 -4.661407172679901123e-01 -6.252985000610351562e-01 0.000000000000000000e+00 2.000000000000000000e+00
1.750242919921875000e+02 1.466255950927734375e+02 1.895142364501953125e+02 -6.256501078605651855e-01 -4.708162248134613037e-01 -6.220080852508544922e-01 0.000000000000000000e+00 2.000000000000000000e+00
1.754279632568359375e+02 1.469293670654296875e+02 1.899155578613281250e+02 -6.295045614242553711e-01 -4.723152816295623779e-01 -6.169621348381042480e-01 0.000000000000000000e+00 2.000000000000000000e+00
1.758392181396484375e+02 1.472379302978515625e+02 1.903186187744140625e+02 -6.344949603080749512e-01 -4.722325503826141357e-01 -6.118927001953125000e-01 0.000000000000000000e+00 2.000000000000000000e+00
1.762602844238281250e+02 1.475513153076171875e+02 1.907246856689453125e+02 -6.370738148689270020e-01 -4.729612767696380615e-01 -6.086415052413940430e-01 0.000000000000000000e+00 2.000000000000000000e+00
1.766907348632812500e+02 1.478708801269531250e+02 1.911359252929687500e+02 -6.354768276214599609e-01 -4.760479927062988281e-01 -6.079042553901672363e-01 0.000000000000000000e+00 2.000000000000000000e+00
1.771282196044921875e+02 1.481986083984375000e+02 1.915544281005859375e+02 -6.285948753356933594e-01 -4.817658066749572754e-01 -6.105490922927856445e-01 0.000000000000000000e+00 2.000000000000000000e+00
1.775683135986328125e+02 1.485359039306640625e+02 1.919818878173828125e+02 -6.170872449874877930e-01 -4.893553853034973145e-01 -6.162261366844177246e-01 0.000000000000000000e+00 2.000000000000000000e+00
1.780056762695312500e+02 1.488827362060546875e+02 1.924186401367187500e+02 -6.027089953422546387e-01 -4.980435967445373535e-01 -6.234536767005920410e-01 0.000000000000000000e+00 2.000000000000000000e+00
1.784352569580078125e+02 1.492377166748046875e+02 1.928630065917968750e+02 -5.875747799873352051e-01 -5.074870586395263672e-01 -6.302481889724731445e-01 0.000000000000000000e+00 2.000000000000000000e+00
1.788529357910156250e+02 1.495984649658203125e+02 1.933110198974609375e+02 -5.738579034805297852e-01 -5.181117057800292969e-01 -6.342297196388244629e-01 0.000000000000000000e+00 2.000000000000000000e+00
1.792561492919921875e+02 1.499625091552734375e+02 1.937566528320312500e+02 -5.637702941894531250e-01 -5.307676196098327637e-01 -6.328101754188537598e-01 0.000000000000000000e+00 2.000000000000000000e+00
1.796445312500000000e+02 1.503281555175781250e+02 1.941925964355468750e+02 -5.585033893585205078e-01 -5.465207099914550781e-01 -6.240104436874389648e-01 0.000000000000000000e+00 2.000000000000000000e+00
1.800193328857421875e+02 1.506949157714843750e+02 1.946113586425781250e+02 5.589182972908020020e-01 5.654282569885253906e-01 6.065486073493957520e-01 0.000000000000000000e+00 2.000000000000000000e+00
1.803835296630859375e+02 1.510633544921875000e+02 1.950065917968750000e+02 5.648223757743835449e-01 5.862655639648437500e-01 5.807481408119201660e-01 0.000000000000000000e+00 2.000000000000000000e+00
1.807412414550781250e+02 1.514346466064453125e+02 1.953743896484375000e+02 5.742269158363342285e-01 6.077626943588256836e-01 5.485325455665588379e-01 0.000000000000000000e+00 2.000000000000000000e+00
1.810965728759765625e+02 1.518107299804687500e+02 1.957138214111328125e+02 5.842499136924743652e-01 6.282504200935363770e-01 5.137641429901123047e-01 0.000000000000000000e+00 2.000000000000000000e+00
1.814533691406250000e+02 1.521943969726562500e+02 1.960275726318359375e+02 5.917391180992126465e-01 6.465386152267456055e-01 4.814899265766143799e-01 0.000000000000000000e+00 2.000000000000000000e+00
1.818143768310546875e+02 1.525888366699218750e+02 1.963213195800781250e+02 5.937225222587585449e-01 6.635823845863342285e-01 4.551394879817962646e-01 0.000000000000000000e+00 2.000000000000000000e+00
1.821809844970703125e+02 1.529985809326171875e+02 1.966023559570312500e+02 5.887207984924316406e-01 6.806941032409667969e-01 4.359626173973083496e-01 0.000000000000000000e+00 2.000000000000000000e+00
1.825534057617187500e+02 1.534291839599609375e+02 1.968781433105468750e+02 5.768172144889831543e-01 6.988182067871093750e-01 4.230070710182189941e-01 0.000000000000000000e+00 2.000000000000000000e+00
1.829299926757812500e+02 1.538854217529296875e+02 1.971543121337890625e+02 5.587890148162841797e-01 7.186949253082275391e-01 4.138022661209106445e-01 0.000000000000000000e+00 2.000000000000000000e+00
1.833071899414062500e+02 1.543705596923828125e+02 1.974336395263671875e+02 5.363057255744934082e-01 7.400422096252441406e-01 4.058494269847869873e-01 0.000000000000000000e+00 2.000000000000000000e+00
1.836801757812500000e+02 1.548852386474609375e+02 1.977158966064453125e+02 5.112625360488891602e-01 7.619475126266479492e-01 3.975508809089660645e-01 0.000000000000000000e+00 2.000000000000000000e+00
1.840437164306640625e+02 1.554270324707031250e+02 1.979985809326171875e+02 4.853682816028594971e-01 7.835499644279479980e-01 3.879008591175079346e-01 0.000000000000000000e+00 2.000000000000000000e+00
1.843935546875000000e+02 1.559917907714843750e+02 1.982781677246093750e+02 4.611214399337768555e-01 8.031000494956970215e-01 3.773556947708129883e-01 0.000000000000000000e+00 2.000000000000000000e+00
1.847282867431640625e+02 1.565747680664062500e+02 1.985520935058593750e+02 4.411909282207489014e-01 8.191423416137695312e-01 3.665465414524078369e-01 0.000000000000000000e+00 2.000000000000000000e+00
1.850499877929687500e+02 1.571720581054687500e+02 1.988193664550781250e+02 4.281737208366394043e-01 8.306108117103576660e-01 3.560236692428588867e-01 0.000000000000000000e+00 2.000000000000000000e+00
1.853637542724609375e+02 1.577807312011718750e+02 1.990802612304687500e+02 4.231271743774414062e-01 8.375257849693298340e-01 3.457079529762268066e-01 0.000000000000000000e+00 2.000000000000000000e+00
1.856759033203125000e+02 1.583985900878906250e+02 1.993352966308593750e+02 4.252503514289855957e-01 8.408662676811218262e-01 3.348222672939300537e-01 0.000000000000000000e+00 2.000000000000000000e+00
1.859917755126953125e+02 1.590231781005859375e+02 1.995839996337890625e+02 4.318034648895263672e-01 8.426650166511535645e-01 3.216541111469268799e-01 0.000000000000000000e+00 2.000000000000000000e+00
1.863139495849609375e+02 1.596519012451171875e+02 1.998239898681640625e+02 4.389511346817016602e-01 8.451246023178100586e-01 3.051003813743591309e-01 0.000000000000000000e+00 2.000000000000000000e+00
1.866415100097656250e+02 1.602825622558593750e+02 2.000516662597656250e+02 4.438125789165496826e-01 8.495612144470214844e-01 2.850895822048187256e-01 0.000000000000000000e+00 2.000000000000000000e+00
1.869713592529296875e+02 1.609139709472656250e+02 2.002635498046875000e+02 4.444594383239746094e-01 8.563541173934936523e-01 2.628943622112274170e-01 0.000000000000000000e+00 2.000000000000000000e+00
1.872995758056640625e+02 1.615463562011718750e+02 2.004576873779296875e+02 4.405232667922973633e-01 8.648455142974853516e-01 2.407933622598648071e-01 0.000000000000000000e+00 2.000000000000000000e+00
1.876231994628906250e+02 1.621817016601562500e+02 2.006345825195312500e+02 4.333588480949401855e-01 8.740546703338623047e-01 2.196100503206253052e-01 0.000000000000000000e+00 2.000000000000000000e+00
1.879413452148437500e+02 1.628233795166015625e+02 2.007958068847656250e+02 4.244666695594787598e-01 8.834946751594543457e-01 1.981546729803085327e-01 0.000000000000000000e+00 2.000000000000000000e+00
1.882548675537109375e+02 1.634759521484375000e+02 2.009421691894531250e+02 4.153584539890289307e-01 8.929676413536071777e-01 1.734535694122314453e-01 0.000000000000000000e+00 2.000000000000000000e+00
1.885655975341796875e+02 1.641439819335937500e+02 2.010719299316406250e+02 4.059925973415374756e-01 9.026353359222412109e-01 1.428967267274856567e-01 0.000000000000000000e+00 2.000000000000000000e+00
1.888748321533203125e+02 1.648314971923828125e+02 2.011807708740234375e+02 3.960257470607757568e-01 9.120254516601562500e-01 1.066456884145736694e-01 0.000000000000000000e+00 2.000000000000000000e+00
1.891831359863281250e+02 1.655415039062500000e+02 2.012637939453125000e+02 3.850247859954833984e-01 9.203610420227050781e-01 6.849393993616104126e-02 0.000000000000000000e+00 2.000000000000000000e+00
1.894900360107421875e+02 1.662751159667968750e+02 2.013183898925781250e+02 3.728685379028320312e-01 9.272002577781677246e-01 3.561985865235328674e-02 0.000000000000000000e+00 2.000000000000000000e+00
1.897944793701171875e+02 1.670321655273437500e+02 2.013474731445312500e+02 3.607152998447418213e-01 9.325565099716186523e-01 1.492791157215833664e-02 0.000000000000000000e+00 2.000000000000000000e+00
1.900960845947265625e+02 1.678119049072265625e+02 2.013599548339843750e+02 3.498462140560150146e-01 9.367557764053344727e-01 9.804108180105686188e-03 0.000000000000000000e+00 2.000000000000000000e+00
1.903955535888671875e+02 1.686137695312500000e+02 2.013683471679687500e+02 3.407498598098754883e-01 9.399732351303100586e-01 1.843255385756492615e-02 0.000000000000000000e+00 2.000000000000000000e+00
1.906942749023437500e+02 1.694378051757812500e+02 2.013845062255859375e+02 3.336681425571441650e-01 9.420608878135681152e-01 3.444886207580566406e-02 0.000000000000000000e+00 2.000000000000000000e+00
1.909940032958984375e+02 1.702840423583984375e+02 2.014154510498046875e+02 3.282282948493957520e-01 9.432852268218994141e-01 4.979237541556358337e-02 0.000000000000000000e+00 2.000000000000000000e+00
1.912959594726562500e+02 1.711518249511718750e+02 2.014612579345703125e+02 3.237013220787048340e-01 9.444265365600585938e-01 5.723551288247108459e-02 0.000000000000000000e+00 2.000000000000000000e+00
1.916001586914062500e+02 1.720393524169921875e+02 2.015150451660156250e+02 3.191339075565338135e-01 9.461911916732788086e-01 5.362548306584358215e-02 0.000000000000000000e+00 2.000000000000000000e+00
1.919050903320312500e+02 1.729434356689453125e+02 2.015662841796875000e+02 3.138918876647949219e-01 9.486264586448669434e-01 3.974594920873641968e-02 0.000000000000000000e+00 2.000000000000000000e+00
1.922082824707031250e+02 1.738597259521484375e+02 2.016046752929687500e+02 3.077421486377716064e-01 9.512744545936584473e-01 1.928004249930381775e-02 0.000000000000000000e+00 2.000000000000000000e+00
1.925071258544921875e+02 1.747834930419921875e+02 2.016233978271484375e+02 3.008896410465240479e-01 9.536573886871337891e-01 -1.743058906868100166e-03 0.000000000000000000e+00 2.000000000000000000e+00
1.927994995117187500e+02 1.757101593017578125e+02 2.016217041015625000e+02 2.942786514759063721e-01 9.555508494377136230e-01 -1.796207390725612640e-02 0.000000000000000000e+00 2.000000000000000000e+00
1.930844879150390625e+02 1.766355438232421875e+02 2.016043090820312500e+02 2.889130711555480957e-01 9.570195674896240234e-01 -2.535466477274894714e-02 0.000000000000000000e+00 2.000000000000000000e+00
1.933623352050781250e+02 1.775559082031250000e+02 2.015799255371093750e+02 2.858512699604034424e-01 9.580313563346862793e-01 -2.156067639589309692e-02 0.000000000000000000e+00 2.000000000000000000e+00
1.936344299316406250e+02 1.784678344726562500e+02 2.015594024658203125e+02 2.852988243103027344e-01 9.584135413169860840e-01 -6.940667517483234406e-03 0.000000000000000000e+00 2.000000000000000000e+00
1.939022521972656250e+02 1.793675384521484375e+02 2.015528869628906250e+02 2.865154445171356201e-01 9.579320549964904785e-01 1.658799685537815094e-02 0.000000000000000000e+00 2.000000000000000000e+00
1.941663360595703125e+02 1.802504730224609375e+02 2.015681762695312500e+02 2.879452407360076904e-01 9.565578103065490723e-01 4.565770924091339111e-02 0.000000000000000000e+00 2.000000000000000000e+00
1.944255828857421875e+02 1.811116943359375000e+02 2.016092834472656250e+02 2.869282066822052002e-01 9.548434019088745117e-01 7.711283117532730103e-02 0.000000000000000000e+00 2.000000000000000000e+00
1.946761932373046875e+02 1.819456787109375000e+02 2.016766357421875000e+02 2.803381979465484619e-01 9.538353681564331055e-01 1.077428609132766724e-01 0.000000000000000000e+00 2.000000000000000000e+00
1.949120635986328125e+02 1.827482147216796875e+02 2.017672882080078125e+02 2.654922306537628174e-01 9.547469019889831543e-01 1.340606212615966797e-01 0.000000000000000000e+00 2.000000000000000000e+00
1.951262512207031250e+02 1.835184631347656250e+02 2.018754425048828125e+02 2.409947216510772705e-01 9.585568308830261230e-01 1.519550234079360962e-01 0.000000000000000000e+00 2.000000000000000000e+00
1.953127593994140625e+02 1.842602996826171875e+02 2.019930419921875000e+02 2.086446434259414673e-01 9.651601910591125488e-01 1.579026281833648682e-01 0.000000000000000000e+00 2.000000000000000000e+00
1.954686737060546875e+02 1.849815368652343750e+02 2.021110382080078125e+02 1.725583523511886597e-01 9.735758900642395020e-01 1.495784223079681396e-01 0.000000000000000000e+00 2.000000000000000000e+00
1.955947113037109375e+02 1.856926422119140625e+02 2.022202911376953125e+02 1.383048892021179199e-01 9.820090532302856445e-01 1.285692751407623291e-01 0.000000000000000000e+00 2.000000000000000000e+00
1.956946411132812500e+02 1.864021759033203125e+02 2.023131866455078125e+02 1.098270565271377563e-01 9.889112114906311035e-01 9.996260702610015869e-02 0.000000000000000000e+00 2.000000000000000000e+00
1.957734680175781250e+02 1.871119537353515625e+02 2.023849334716796875e+02 8.810307830572128296e-02 9.936549663543701172e-01 6.991210579872131348e-02 0.000000000000000000e+00 2.000000000000000000e+00
1.958356933593750000e+02 1.878137512207031250e+02 2.024343109130859375e+02 7.215053588151931763e-02 9.964610934257507324e-01 4.312368482351303101e-02 0.000000000000000000e+00 2.000000000000000000e+00
1.958845825195312500e+02 1.884889526367187500e+02 2.024635314941406250e+02 6.015162914991378784e-02 9.979501962661743164e-01 2.184222452342510223e-02 0.000000000000000000e+00 2.000000000000000000e+00
1.959221496582031250e+02 1.891122131347656250e+02 2.024771728515625000e+02 5.065004155039787292e-02 9.986969828605651855e-01 6.229982711374759674e-03 0.000000000000000000e+00 2.000000000000000000e+00
1.959498138427734375e+02 1.896576843261718750e+02 2.024805755615234375e+02 5.065004155039787292e-02 9.986969828605651855e-01 6.229982711374759674e-03 0.000000000000000000e+00 2.000000000000000000e+00
