4.150929565429687500e+02 2.100950317382812500e+02 1.999578247070312500e+02 4.055299460887908936e-01 6.780597567558288574e-02 -9.115634560585021973e-01 0.000000000000000000e+00 1.000000000000000000e+00
4.149697570800781250e+02 2.100744323730468750e+02 2.002347564697265625e+02 4.348005652427673340e-01 4.848550260066986084e-02 -8.992205262184143066e-01 0.000000000000000000e+00 1.000000000000000000e+00
4.147963867187500000e+02 2.100550994873046875e+02 2.005933074951171875e+02 4.710081219673156738e-01 2.453296817839145660e-02 -8.817876577377319336e-01 0.000000000000000000e+00 1.000000000000000000e+00
4.145652465820312500e+02 2.100430603027343750e+02 2.010260314941406250e+02 5.122087001800537109e-01 -3.599217860028147697e-03 -8.588533997535705566e-01 0.000000000000000000e+00 1.000000000000000000e+00
4.142720947265625000e+02 2.100451202392578125e+02 2.015175781250000000e+02 5.560030341148376465e-01 -3.368847817182540894e-02 -8.304973244667053223e-01 0.000000000000000000e+00 1.000000000000000000e+00
4.139165039062500000e+02 2.100666656494140625e+02 2.020487213134765625e+02 5.981327295303344727e-01 -6.292882561683654785e-02 -7.989224791526794434e-01 0.000000000000000000e+00 1.000000000000000000e+00
4.135028686523437500e+02 2.101101837158203125e+02 2.026012115478515625e+02 6.351482868194580078e-01 -8.855915814638137817e-02 -7.672964930534362793e-01 0.000000000000000000e+00 1.000000000000000000e+00
4.130397338867187500e+02 2.101747589111328125e+02 2.031607055664062500e+02 6.649714112281799316e-01 -1.095875501632690430e-01 -7.387852072715759277e-01 0.000000000000000000e+00 1.000000000000000000e+00
4.125382690429687500e+02 2.102574005126953125e+02 2.037178344726562500e+02 6.872290968894958496e-01 -1.271226853132247925e-01 -7.152314186096191406e-01 0.000000000000000000e+00 1.000000000000000000e+00
4.120102539062500000e+02 2.103550720214843750e+02 2.042673645019531250e+02 7.029473185539245605e-01 -1.444379985332489014e-01 -6.964213848114013672e-01 0.000000000000000000e+00 1.000000000000000000e+00
4.114662170410156250e+02 2.104668579101562500e+02 2.048063507080078125e+02 7.136703133583068848e-01 -1.650572121143341064e-01 -6.807575225830078125e-01 0.000000000000000000e+00 1.000000000000000000e+00
4.109140014648437500e+02 2.105945739746093750e+02 2.053330993652343750e+02 7.203490138053894043e-01 -1.920071989297866821e-01 -6.665061712265014648e-01 0.000000000000000000e+00 1.000000000000000000e+00
4.103593444824218750e+02 2.107424163818359375e+02 2.058462982177734375e+02 7.238866686820983887e-01 -2.252977639436721802e-01 -6.520959138870239258e-01 0.000000000000000000e+00 1.000000000000000000e+00
4.098051452636718750e+02 2.109149017333984375e+02 2.063455352783203125e+02 7.245348691940307617e-01 -2.632399201393127441e-01 -6.369882225990295410e-01 0.000000000000000000e+00 1.000000000000000000e+00
4.092524108886718750e+02 2.111157226562500000e+02 2.068314819335937500e+02 7.224786877632141113e-01 -3.027647733688354492e-01 -6.215770840644836426e-01 0.000000000000000000e+00 1.000000000000000000e+00
4.087007751464843750e+02 2.113468933105468750e+02 2.073060760498046875e+02 7.176551818847656250e-01 -3.408434689044952393e-01 -6.072863936424255371e-01 0.000000000000000000e+00 1.000000000000000000e+00
4.081497192382812500e+02 2.116086120605468750e+02 2.077723846435546875e+02 7.100258469581604004e-01 -3.755546212196350098e-01 -5.956693291664123535e-01 0.000000000000000000e+00 1.000000000000000000e+00
4.075990905761718750e+02 2.118998565673828125e+02 2.082343292236328125e+02 6.995300650596618652e-01 -4.062709212303161621e-01 -5.878789424896240234e-01 0.000000000000000000e+00 1.000000000000000000e+00
4.070499572753906250e+02 2.122187805175781250e+02 2.086958160400390625e+02 6.866282820701599121e-01 -4.319380521774291992e-01 -5.847829580307006836e-01 0.000000000000000000e+00 1.000000000000000000e+00
4.065055541992187500e+02 2.125612487792968750e+02 2.091594696044921875e+02 6.729463338851928711e-01 -4.522370994091033936e-01 -5.853416919708251953e-01 0.000000000000000000e+00 1.000000000000000000e+00
4.059702453613281250e+02 2.129209899902343750e+02 2.096250915527343750e+02 6.606687307357788086e-01 -4.665885865688323975e-01 -5.880577564239501953e-01 0.000000000000000000e+00 1.000000000000000000e+00
4.054486389160156250e+02 2.132893676757812500e+02 2.100893707275390625e+02 6.530095338821411133e-01 -4.746468365192413330e-01 -5.901601314544677734e-01 0.000000000000000000e+00 1.000000000000000000e+00
4.049438476562500000e+02 2.136562805175781250e+02 2.105455780029296875e+02 6.515841484069824219e-01 -4.772937595844268799e-01 -5.896005630493164062e-01 0.000000000000000000e+00 1.000000000000000000e+00
4.044578247070312500e+02 2.140122985839843750e+02 2.109853668212890625e+02 6.574564576148986816e-01 -4.757676720619201660e-01 -5.842911601066589355e-01 0.000000000000000000e+00 1.000000000000000000e+00
4.039908142089843750e+02 2.143502502441406250e+02 2.114004058837890625e+02 6.692208647727966309e-01 -4.722144901752471924e-01 -5.737219452857971191e-01 0.000000000000000000e+00 1.000000000000000000e+00
4.035421447753906250e+02 2.146668395996093750e+02 2.117850494384765625e+02 6.847912073135375977e-01 -4.680204987525939941e-01 -5.585855841636657715e-01 0.000000000000000000e+00 1.000000000000000000e+00
4.031102905273437500e+02 2.149619903564453125e+02 2.121373138427734375e+02 7.004666924476623535e-01 -4.647791087627410889e-01 -5.415964126586914062e-01 0.000000000000000000e+00 1.000000000000000000e+00
4.026938476562500000e+02 2.152383117675781250e+02 2.124593048095703125e+02 7.138911485671997070e-01 -4.629521667957305908e-01 -5.253899693489074707e-01 0.000000000000000000e+00 1.000000000000000000e+00
4.022903137207031250e+02 2.155000000000000000e+02 2.127562866210937500e+02 7.238392233848571777e-01 -4.619292318820953369e-01 -5.125213861465454102e-01 0.000000000000000000e+00 1.000000000000000000e+00
4.018953857421875000e+02 2.157520294189453125e+02 2.130359191894531250e+02 7.307053208351135254e-01 -4.605140089988708496e-01 -5.039806962013244629e-01 0.000000000000000000e+00 1.000000000000000000e+00
4.015024108886718750e+02 2.159996948242187500e+02 2.133069610595703125e+02 7.356197237968444824e-01 -4.571957886219024658e-01 -4.998355209827423096e-01 0.000000000000000000e+00 1.000000000000000000e+00
4.011033325195312500e+02 2.162477264404296875e+02 2.135781250000000000e+02 7.399541139602661133e-01 -4.508967399597167969e-01 -4.991593658924102783e-01 0.000000000000000000e+00 1.000000000000000000e+00
4.006894836425781250e+02 2.164999084472656250e+02 2.138572998046875000e+02 7.446198463439941406e-01 -4.412098228931427002e-01 -5.008744001388549805e-01 0.000000000000000000e+00 1.000000000000000000e+00
4.002539672851562500e+02 2.167579650878906250e+02 2.141502532958984375e+02 7.497520446777343750e-01 -4.287773370742797852e-01 -5.040057897567749023e-01 0.000000000000000000e+00 1.000000000000000000e+00
3.997931823730468750e+02 2.170214843750000000e+02 2.144600067138671875e+02 7.549701929092407227e-01 -4.149183034896850586e-01 -5.078020095825195312e-01 0.000000000000000000e+00 1.000000000000000000e+00
3.993072509765625000e+02 2.172885437011718750e+02 2.147868499755859375e+02 7.600296139717102051e-01 -4.008334875106811523e-01 -5.115540027618408203e-01 0.000000000000000000e+00 1.000000000000000000e+00
3.987997741699218750e+02 2.175561828613281250e+02 2.151284179687500000e+02 7.642769813537597656e-01 -3.878453969955444336e-01 -5.152248740196228027e-01 0.000000000000000000e+00 1.000000000000000000e+00
3.982766418457031250e+02 2.178216552734375000e+02 2.154810791015625000e+02 7.680913209915161133e-01 -3.758496940135955811e-01 -5.184330344200134277e-01 0.000000000000000000e+00 1.000000000000000000e+00
3.977432556152343750e+02 2.180826568603515625e+02 2.158410949707031250e+02 7.716296911239624023e-01 -3.641147911548614502e-01 -5.215438604354858398e-01 0.000000000000000000e+00 1.000000000000000000e+00
3.972044677734375000e+02 2.183368988037109375e+02 2.162052612304687500e+02 7.755264639854431152e-01 -3.512341678142547607e-01 -5.245887041091918945e-01 0.000000000000000000e+00 1.000000000000000000e+00
3.966631469726562500e+02 2.185820617675781250e+02 2.165714263916015625e+02 7.801302671432495117e-01 -3.362275063991546631e-01 -5.275868177413940430e-01 0.000000000000000000e+00 1.000000000000000000e+00
3.961203308105468750e+02 2.188160095214843750e+02 2.169385223388671875e+02 7.856995463371276855e-01 -3.190281689167022705e-01 -5.299973487854003906e-01 0.000000000000000000e+00 1.000000000000000000e+00
3.955754699707031250e+02 2.190372467041015625e+02 2.173060607910156250e+02 7.918286323547363281e-01 -3.011591732501983643e-01 -5.313290953636169434e-01 0.000000000000000000e+00 1.000000000000000000e+00
3.950269165039062500e+02 2.192458801269531250e+02 2.176741485595703125e+02 7.975790500640869141e-01 -2.851417660713195801e-01 -5.315654277801513672e-01 0.000000000000000000e+00 1.000000000000000000e+00
3.944733886718750000e+02 2.194437713623046875e+02 2.180430603027343750e+02 8.019649982452392578e-01 -2.737413644790649414e-01 -5.309593081474304199e-01 0.000000000000000000e+00 1.000000000000000000e+00
3.939142456054687500e+02 2.196346282958984375e+02 2.184132537841796875e+02 8.041471838951110840e-01 -2.682448625564575195e-01 -5.304639339447021484e-01 0.000000000000000000e+00 1.000000000000000000e+00
3.933501892089843750e+02 2.198227844238281250e+02 2.187853393554687500e+02 8.039672970771789551e-01 -2.691363692283630371e-01 -5.302850604057312012e-01 0.000000000000000000e+00 1.000000000000000000e+00
3.927834777832031250e+02 2.200124969482421875e+02 2.191591339111328125e+02 8.021159172058105469e-01 -2.751660048961639404e-01 -5.299941301345825195e-01 0.000000000000000000e+00 1.000000000000000000e+00
3.922165832519531250e+02 2.202069702148437500e+02 2.195337066650390625e+02 7.998952865600585938e-01 -2.852138876914978027e-01 -5.280345678329467773e-01 0.000000000000000000e+00 1.000000000000000000e+00
3.916517028808593750e+02 2.204083862304687500e+02 2.199066009521484375e+02 7.987246513366699219e-01 -2.975564301013946533e-01 -5.229713916778564453e-01 0.000000000000000000e+00 1.000000000000000000e+00
3.910904846191406250e+02 2.206174621582031250e+02 2.202740631103515625e+02 7.995982170104980469e-01 -3.107408881187438965e-01 -5.138898491859436035e-01 0.000000000000000000e+00 1.000000000000000000e+00
3.905328979492187500e+02 2.208341522216796875e+02 2.206324157714843750e+02 8.027092218399047852e-01 -3.234673142433166504e-01 -5.010256171226501465e-01 0.000000000000000000e+00 1.000000000000000000e+00
3.899779357910156250e+02 2.210577850341796875e+02 2.209788055419921875e+02 8.071498870849609375e-01 -3.348108232021331787e-01 -4.862209558486938477e-01 0.000000000000000000e+00 1.000000000000000000e+00
3.894243164062500000e+02 2.212874298095703125e+02 2.213123016357421875e+02 8.115704059600830078e-01 -3.443419635295867920e-01 -4.719979465007781982e-01 0.000000000000000000e+00 1.000000000000000000e+00
3.888712768554687500e+02 2.215220794677734375e+02 2.216339416503906250e+02 8.146752119064331055e-01 -3.529703021049499512e-01 -4.601264297962188721e-01 0.000000000000000000e+00 1.000000000000000000e+00
3.883200073242187500e+02 2.217609252929687500e+02 2.219452972412109375e+02 8.157557845115661621e-01 -3.617962896823883057e-01 -4.512715637683868408e-01 0.000000000000000000e+00 1.000000000000000000e+00
3.877735595703125000e+02 2.220032806396484375e+02 2.222475891113281250e+02 8.146278858184814453e-01 -3.725548088550567627e-01 -4.445045888423919678e-01 0.000000000000000000e+00 1.000000000000000000e+00
3.872367858886718750e+02 2.222487640380859375e+02 2.225404815673828125e+02 8.115669488906860352e-01 -3.858568370342254639e-01 -4.387181401252746582e-01 0.000000000000000000e+00 1.000000000000000000e+00
3.867141418457031250e+02 2.224972534179687500e+02 2.228230133056640625e+02 8.072800636291503906e-01 -4.009841680526733398e-01 -4.330249130725860596e-01 0.000000000000000000e+00 1.000000000000000000e+00
3.862085876464843750e+02 2.227483673095703125e+02 2.230941925048828125e+02 8.029837608337402344e-01 -4.156725108623504639e-01 -4.271222352981567383e-01 0.000000000000000000e+00 1.000000000000000000e+00
3.857195434570312500e+02 2.230015258789062500e+02 2.233543243408203125e+02 7.996885776519775391e-01 -4.268161952495574951e-01 -4.222867488861083984e-01 0.000000000000000000e+00 1.000000000000000000e+00
3.852427062988281250e+02 2.232560272216796875e+02 2.236061248779296875e+02 7.985861301422119141e-01 -4.312117099761962891e-01 -4.199007451534271240e-01 0.000000000000000000e+00 1.000000000000000000e+00
3.847708435058593750e+02 2.235108184814453125e+02 2.238542327880859375e+02 7.996059656143188477e-01 -4.285179674625396729e-01 -4.207169115543365479e-01 0.000000000000000000e+00 1.000000000000000000e+00
3.842953796386718750e+02 2.237656250000000000e+02 2.241044006347656250e+02 8.020300865173339844e-01 -4.199984669685363770e-01 -4.246751666069030762e-01 0.000000000000000000e+00 1.000000000000000000e+00
3.838086547851562500e+02 2.240205078125000000e+02 2.243621215820312500e+02 8.040410876274108887e-01 -4.094098210334777832e-01 -4.311630725860595703e-01 0.000000000000000000e+00 1.000000000000000000e+00
3.833055725097656250e+02 2.242766723632812500e+02 2.246318969726562500e+02 8.046538829803466797e-01 -4.003713726997375488e-01 -4.384458959102630615e-01 0.000000000000000000e+00 1.000000000000000000e+00
3.827844543457031250e+02 2.245359649658203125e+02 2.249158477783203125e+02 8.029906153678894043e-01 -3.958333730697631836e-01 -4.455579817295074463e-01 0.000000000000000000e+00 1.000000000000000000e+00
3.822477722167968750e+02 2.248005218505859375e+02 2.252136383056640625e+02 7.996270060539245605e-01 -3.969612121582031250e-01 -4.505757093429565430e-01 0.000000000000000000e+00 1.000000000000000000e+00
3.817002258300781250e+02 2.250723419189453125e+02 2.255221710205078125e+02 7.949591279029846191e-01 -4.042630195617675781e-01 -4.523399174213409424e-01 0.000000000000000000e+00 1.000000000000000000e+00
3.811476745605468750e+02 2.253533325195312500e+02 2.258365783691406250e+02 7.900726795196533203e-01 -4.170300662517547607e-01 -4.493006467819213867e-01 0.000000000000000000e+00 1.000000000000000000e+00
3.805951538085937500e+02 2.256449737548828125e+02 2.261507873535156250e+02 7.856834530830383301e-01 -4.342153370380401611e-01 -4.406342506408691406e-01 0.000000000000000000e+00 1.000000000000000000e+00
3.800460510253906250e+02 2.259484405517578125e+02 2.264587402343750000e+02 7.818536758422851562e-01 -4.545650780200958252e-01 -4.267027974128723145e-01 0.000000000000000000e+00 1.000000000000000000e+00
3.795018310546875000e+02 2.262648468017578125e+02 2.267557525634765625e+02 7.780218720436096191e-01 -4.763345122337341309e-01 -4.096185863018035889e-01 0.000000000000000000e+00 1.000000000000000000e+00
3.789631958007812500e+02 2.265946197509765625e+02 2.270393371582031250e+02 7.740160226821899414e-01 -4.974076747894287109e-01 -3.917714059352874756e-01 0.000000000000000000e+00 1.000000000000000000e+00
3.784301147460937500e+02 2.269371948242187500e+02 2.273091583251953125e+02 7.692002058029174805e-01 -5.167722702026367188e-01 -3.758687973022460938e-01 0.000000000000000000e+00 1.000000000000000000e+00
3.779031677246093750e+02 2.272912139892578125e+02 2.275666503906250000e+02 7.644332647323608398e-01 -5.324091911315917969e-01 -3.635686337947845459e-01 0.000000000000000000e+00 1.000000000000000000e+00
3.773827514648437500e+02 2.276536712646484375e+02 2.278141632080078125e+02 7.600080370903015137e-01 -5.434799194335937500e-01 -3.563950955867767334e-01 0.000000000000000000e+00 1.000000000000000000e+00
3.768699340820312500e+02 2.280203857421875000e+02 2.280546417236328125e+02 7.568930387496948242e-01 -5.485780239105224609e-01 -3.552113771438598633e-01 0.000000000000000000e+00 1.000000000000000000e+00
3.763654174804687500e+02 2.283860473632812500e+02 2.282914123535156250e+02 7.553213834762573242e-01 -5.473765134811401367e-01 -3.603726923465728760e-01 0.000000000000000000e+00 1.000000000000000000e+00
3.758700866699218750e+02 2.287450103759765625e+02 2.285277404785156250e+02 7.555094957351684570e-01 -5.396767258644104004e-01 -3.714220523834228516e-01 0.000000000000000000e+00 1.000000000000000000e+00
3.753840332031250000e+02 2.290922088623046875e+02 2.287666931152343750e+02 7.567409873008728027e-01 -5.271820425987243652e-01 -3.865517377853393555e-01 0.000000000000000000e+00 1.000000000000000000e+00
3.749069824218750000e+02 2.294245452880859375e+02 2.290103759765625000e+02 7.588100433349609375e-01 -5.121325850486755371e-01 -4.024022519588470459e-01 0.000000000000000000e+00 1.000000000000000000e+00
3.744377441406250000e+02 2.297412414550781250e+02 2.292592163085937500e+02 7.607619762420654297e-01 -4.986960887908935547e-01 -4.153833687305450439e-01 0.000000000000000000e+00 1.000000000000000000e+00
3.739754333496093750e+02 2.300442962646484375e+02 2.295116424560546875e+02 7.627580165863037109e-01 -4.900018572807312012e-01 -4.220169186592102051e-01 0.000000000000000000e+00 1.000000000000000000e+00
3.735191955566406250e+02 2.303373870849609375e+02 2.297640686035156250e+02 7.643501162528991699e-01 -4.875419437885284424e-01 -4.219855070114135742e-01 0.000000000000000000e+00 1.000000000000000000e+00
3.730689086914062500e+02 2.306246032714843750e+02 2.300126647949218750e+02 7.655748128890991211e-01 -4.906518757343292236e-01 -4.161201417446136475e-01 0.000000000000000000e+00 1.000000000000000000e+00
3.726248779296875000e+02 2.309091796875000000e+02 2.302540130615234375e+02 7.667606472969055176e-01 -4.970832765102386475e-01 -4.061850011348724365e-01 0.000000000000000000e+00 1.000000000000000000e+00
3.721867370605468750e+02 2.311932220458984375e+02 2.304861145019531250e+02 7.683486938476562500e-01 -5.039359927177429199e-01 -3.945742845535278320e-01 0.000000000000000000e+00 1.000000000000000000e+00
3.717538452148437500e+02 2.314771423339843750e+02 2.307084197998046875e+02 7.703264951705932617e-01 -5.098136067390441895e-01 -3.829975724220275879e-01 0.000000000000000000e+00 1.000000000000000000e+00
3.713250732421875000e+02 2.317609100341796875e+02 2.309216003417968750e+02 7.729330658912658691e-01 -5.134163498878479004e-01 -3.727975487709045410e-01 0.000000000000000000e+00 1.000000000000000000e+00
3.708988342285156250e+02 2.320440368652343750e+02 2.311271820068359375e+02 7.755693197250366211e-01 -5.149413347244262695e-01 -3.651407063007354736e-01 0.000000000000000000e+00 1.000000000000000000e+00
3.704734191894531250e+02 2.323264923095703125e+02 2.313274688720703125e+02 7.773086428642272949e-01 -5.150032043457031250e-01 -3.613348901271820068e-01 0.000000000000000000e+00 1.000000000000000000e+00
3.700475158691406250e+02 2.326086730957031250e+02 2.315254516601562500e+02 7.775693535804748535e-01 -5.137907266616821289e-01 -3.624982237815856934e-01 0.000000000000000000e+00 1.000000000000000000e+00
3.696191711425781250e+02 2.328917083740234375e+02 2.317251434326171875e+02 7.762162685394287109e-01 -5.107261538505554199e-01 -3.696580529212951660e-01 0.000000000000000000e+00 1.000000000000000000e+00
3.691858520507812500e+02 2.331768188476562500e+02 2.319315032958984375e+02 7.737744450569152832e-01 -5.049387216567993164e-01 -3.825050294399261475e-01 0.000000000000000000e+00 1.000000000000000000e+00
3.687439880371093750e+02 2.334651641845703125e+02 2.321499328613281250e+02 7.724797725677490234e-01 -4.948213696479797363e-01 -3.980287313461303711e-01 0.000000000000000000e+00 1.000000000000000000e+00
3.682880554199218750e+02 2.337572174072265625e+02 2.323848571777343750e+02 7.738468647003173828e-01 -4.809869825839996338e-01 -4.120831489562988281e-01 0.000000000000000000e+00 1.000000000000000000e+00
3.678121643066406250e+02 2.340530090332031250e+02 2.326382751464843750e+02 7.783061861991882324e-01 -4.666512906551361084e-01 -4.200906455516815186e-01 0.000000000000000000e+00 1.000000000000000000e+00
3.673119812011718750e+02 2.343529052734375000e+02 2.329082489013671875e+02 7.857317924499511719e-01 -4.559350609779357910e-01 -4.180297553539276123e-01 0.000000000000000000e+00 1.000000000000000000e+00
3.667859802246093750e+02 2.346581268310546875e+02 2.331880950927734375e+02 7.939569950103759766e-01 -4.535192549228668213e-01 -4.049105644226074219e-01 0.000000000000000000e+00 1.000000000000000000e+00
3.662376708984375000e+02 2.349713287353515625e+02 2.334677276611328125e+02 8.003953695297241211e-01 -4.623280465602874756e-01 -3.816020190715789795e-01 0.000000000000000000e+00 1.000000000000000000e+00
3.656754760742187500e+02 2.352960662841796875e+02 2.337357635498046875e+02 8.028591275215148926e-01 -4.817588031291961670e-01 -3.511777222156524658e-01 0.000000000000000000e+00 1.000000000000000000e+00
3.651101379394531250e+02 2.356352996826171875e+02 2.339830474853515625e+02 8.006862401962280273e-01 -5.079178810119628906e-01 -3.176806569099426270e-01 0.000000000000000000e+00 1.000000000000000000e+00
3.645505676269531250e+02 2.359902648925781250e+02 2.342050628662109375e+02 7.951701283454895020e-01 -5.341410040855407715e-01 -2.870502769947052002e-01 0.000000000000000000e+00 1.000000000000000000e+00
3.640012817382812500e+02 2.363592376708984375e+02 2.344033508300781250e+02 7.902284860610961914e-01 -5.530753731727600098e-01 -2.639065682888031006e-01 0.000000000000000000e+00 1.000000000000000000e+00
3.634595336914062500e+02 2.367384033203125000e+02 2.345842742919921875e+02 7.897657752037048340e-01 -5.595710873603820801e-01 -2.512971758842468262e-01 0.000000000000000000e+00 1.000000000000000000e+00
3.629170227050781250e+02 2.371227874755859375e+02 2.347568969726562500e+02 7.954839468002319336e-01 -5.526739358901977539e-01 -2.485092729330062866e-01 0.000000000000000000e+00 1.000000000000000000e+00
3.623632812500000000e+02 2.375075073242187500e+02 2.349298858642578125e+02 8.059886693954467773e-01 -5.355548858642578125e-01 -2.521178126335144043e-01 0.000000000000000000e+00 1.000000000000000000e+00
3.617891845703125000e+02 2.378889770507812500e+02 2.351094665527343750e+02 8.177818059921264648e-01 -5.144218802452087402e-01 -2.580757737159729004e-01 0.000000000000000000e+00 1.000000000000000000e+00
3.611903991699218750e+02 2.382656402587890625e+02 2.352984313964843750e+02 8.276822566986083984e-01 -4.955664575099945068e-01 -2.633552849292755127e-01 0.000000000000000000e+00 1.000000000000000000e+00
3.605679321289062500e+02 2.386383361816406250e+02 2.354964904785156250e+02 -8.335416316986083984e-01 4.838280379772186279e-01 2.666809260845184326e-01 0.000000000000000000e+00 1.000000000000000000e+00
3.599270324707031250e+02 2.390103454589843750e+02 2.357015380859375000e+02 -8.344683051109313965e-01 4.814946353435516357e-01 2.680028378963470459e-01 0.000000000000000000e+00 1.000000000000000000e+00
3.592753295898437500e+02 2.393863830566406250e+02 2.359108428955078125e+02 -8.309623599052429199e-01 4.880341291427612305e-01 2.670660018920898438e-01 0.000000000000000000e+00 1.000000000000000000e+00
3.586201477050781250e+02 2.397711791992187500e+02 2.361214141845703125e+02 -8.245553970336914062e-01 5.005265474319458008e-01 2.637829482555389404e-01 0.000000000000000000e+00 1.000000000000000000e+00
3.579673156738281250e+02 2.401674652099609375e+02 2.363302612304687500e+02 -8.171755671501159668e-01 5.157808065414428711e-01 2.572825551033020020e-01 0.000000000000000000e+00 1.000000000000000000e+00
3.573211364746093750e+02 2.405753173828125000e+02 2.365337066650390625e+02 -8.115090727806091309e-01 5.299183726310729980e-01 2.462511658668518066e-01 0.000000000000000000e+00 1.000000000000000000e+00
3.566830749511718750e+02 2.409919738769531250e+02 2.367273254394531250e+02 -8.088597059249877930e-01 5.412176847457885742e-01 2.298466563224792480e-01 0.000000000000000000e+00 1.000000000000000000e+00
3.560528259277343750e+02 2.414136810302734375e+02 2.369064178466796875e+02 -8.094450235366821289e-01 5.495570898056030273e-01 2.068472057580947876e-01 0.000000000000000000e+00 1.000000000000000000e+00
3.554278259277343750e+02 2.418380126953125000e+02 2.370661315917968750e+02 -8.123151659965515137e-01 5.556355118751525879e-01 1.772378236055374146e-01 0.000000000000000000e+00 1.000000000000000000e+00
3.548045043945312500e+02 2.422643737792968750e+02 2.372021331787109375e+02 -8.156662583351135254e-01 5.605394244194030762e-01 1.431223601102828979e-01 0.000000000000000000e+00 1.000000000000000000e+00
3.541785583496093750e+02 2.426945343017578125e+02 2.373119659423828125e+02 -8.178754448890686035e-01 5.652201771736145020e-01 1.077305898070335388e-01 0.000000000000000000e+00 1.000000000000000000e+00
3.535467529296875000e+02 2.431311645507812500e+02 2.373951873779296875e+02 -8.178312182426452637e-01 5.706148743629455566e-01 7.450275123119354248e-02 0.000000000000000000e+00 1.000000000000000000e+00
3.529077453613281250e+02 2.435770111083984375e+02 2.374533996582031250e+02 -8.150995373725891113e-01 5.774296522140502930e-01 4.677432775497436523e-02 0.000000000000000000e+00 1.000000000000000000e+00
3.522626647949218750e+02 2.440339965820312500e+02 2.374904174804687500e+02 -8.098835945129394531e-01 5.859966278076171875e-01 2.639349363744258881e-02 0.000000000000000000e+00 1.000000000000000000e+00
3.516146545410156250e+02 2.445028686523437500e+02 2.375115356445312500e+02 -8.022468686103820801e-01 5.968465209007263184e-01 1.319970842450857162e-02 0.000000000000000000e+00 1.000000000000000000e+00
3.509682617187500000e+02 2.449837646484375000e+02 2.375221710205078125e+02 -7.925871014595031738e-01 6.097273826599121094e-01 6.175267510116100311e-03 0.000000000000000000e+00 1.000000000000000000e+00
3.503278503417968750e+02 2.454764251708984375e+02 2.375271606445312500e+02 -7.811902761459350586e-01 6.242825984954833984e-01 3.594027599319815636e-03 0.000000000000000000e+00 1.000000000000000000e+00
3.496976928710937500e+02 2.459800109863281250e+02 2.375300598144531250e+02 -7.683039903640747070e-01 6.400759816169738770e-01 3.420427208766341209e-03 0.000000000000000000e+00 1.000000000000000000e+00
3.490807495117187500e+02 2.464939880371093750e+02 2.375328063964843750e+02 -7.542186975479125977e-01 6.566103696823120117e-01 4.129143897444009781e-03 0.000000000000000000e+00 1.000000000000000000e+00
3.484787292480468750e+02 2.470180969238281250e+02 2.375361022949218750e+02 -7.394865751266479492e-01 6.731554269790649414e-01 4.614341072738170624e-03 0.000000000000000000e+00 1.000000000000000000e+00
3.478918457031250000e+02 2.475523376464843750e+02 2.375397644042968750e+02 -7.248601913452148438e-01 6.888800263404846191e-01 4.695591516792774200e-03 0.000000000000000000e+00 1.000000000000000000e+00
3.473194580078125000e+02 2.480963134765625000e+02 2.375434722900390625e+02 -7.115795016288757324e-01 7.025901079177856445e-01 4.659729544073343277e-03 0.000000000000000000e+00 1.000000000000000000e+00
3.467602233886718750e+02 2.486484832763671875e+02 2.375471343994140625e+02 -7.011095285415649414e-01 7.130331993103027344e-01 5.394954700022935867e-03 0.000000000000000000e+00 1.000000000000000000e+00
3.462129211425781250e+02 2.492050933837890625e+02 2.375513458251953125e+02 -6.947607994079589844e-01 7.191938757896423340e-01 8.223424665629863739e-03 0.000000000000000000e+00 1.000000000000000000e+00
3.456766357421875000e+02 2.497602386474609375e+02 2.375576934814453125e+02 -6.931143999099731445e-01 7.206837534904479980e-01 1.439798995852470398e-02 0.000000000000000000e+00 1.000000000000000000e+00
3.451506958007812500e+02 2.503070983886718750e+02 2.375686187744140625e+02 -6.963438987731933594e-01 7.172712087631225586e-01 2.504286356270313263e-02 0.000000000000000000e+00 1.000000000000000000e+00
3.446343383789062500e+02 2.508389739990234375e+02 2.375871887207031250e+02 -7.035621404647827148e-01 7.094758749008178711e-01 4.055113345384597778e-02 0.000000000000000000e+00 1.000000000000000000e+00
3.441260375976562500e+02 2.513515472412109375e+02 2.376164855957031250e+02 -7.133904099464416504e-01 6.981003880500793457e-01 6.107349693775177002e-02 0.000000000000000000e+00 1.000000000000000000e+00
3.436234130859375000e+02 2.518433990478515625e+02 2.376595153808593750e+02 -7.254698872566223145e-01 6.829054951667785645e-01 8.563625067472457886e-02 0.000000000000000000e+00 1.000000000000000000e+00
3.431217346191406250e+02 2.523156433105468750e+02 2.377187347412109375e+02 -7.401965260505676270e-01 6.628963947296142578e-01 1.125941500067710876e-01 0.000000000000000000e+00 1.000000000000000000e+00
3.426135559082031250e+02 2.527707519531250000e+02 2.377960357666015625e+02 -7.591740489006042480e-01 6.358650326728820801e-01 1.390341371297836304e-01 0.000000000000000000e+00 1.000000000000000000e+00
3.420883178710937500e+02 2.532106781005859375e+02 2.378922271728515625e+02 -7.831289768218994141e-01 6.003587245941162109e-01 1.621060967445373535e-01 0.000000000000000000e+00 1.000000000000000000e+00
3.415331726074218750e+02 2.536362609863281250e+02 2.380071411132812500e+02 -8.111634850502014160e-01 5.566475391387939453e-01 1.793246418237686157e-01 0.000000000000000000e+00 1.000000000000000000e+00
3.409353027343750000e+02 2.540465393066406250e+02 2.381393127441406250e+02 -8.399972319602966309e-01 5.084962248802185059e-01 1.893051415681838989e-01 0.000000000000000000e+00 1.000000000000000000e+00
3.402855834960937500e+02 2.544398498535156250e+02 2.382857360839843750e+02 -8.663194179534912109e-01 4.606544673442840576e-01 1.931014060974121094e-01 0.000000000000000000e+00 1.000000000000000000e+00
3.395812377929687500e+02 2.548143768310546875e+02 2.384427337646484375e+02 -8.878418803215026855e-01 4.180423021316528320e-01 1.922951489686965942e-01 0.000000000000000000e+00 1.000000000000000000e+00
3.388263549804687500e+02 2.551698150634765625e+02 2.386062316894531250e+02 -9.040328264236450195e-01 3.836037814617156982e-01 1.886077821254730225e-01 0.000000000000000000e+00 1.000000000000000000e+00
3.380317077636718750e+02 2.555070037841796875e+02 2.387720184326171875e+02 -9.155383706092834473e-01 3.578265607357025146e-01 1.837110072374343872e-01 0.000000000000000000e+00 1.000000000000000000e+00
3.372120361328125000e+02 2.558273620605468750e+02 2.389364929199218750e+02 -9.236127734184265137e-01 3.391587138175964355e-01 1.786360442638397217e-01 0.000000000000000000e+00 1.000000000000000000e+00
3.363826293945312500e+02 2.561319274902343750e+02 2.390969085693359375e+02 -9.297025799751281738e-01 3.241350948810577393e-01 1.748989671468734741e-01 0.000000000000000000e+00 1.000000000000000000e+00
3.355567626953125000e+02 2.564198608398437500e+02 2.392522735595703125e+02 -9.355171322822570801e-01 3.075061440467834473e-01 1.739185750484466553e-01 0.000000000000000000e+00 1.000000000000000000e+00
3.347441101074218750e+02 2.566869812011718750e+02 2.394033508300781250e+02 -9.421796798706054688e-01 2.842097282409667969e-01 1.775451451539993286e-01 0.000000000000000000e+00 1.000000000000000000e+00
3.339494323730468750e+02 2.569266967773437500e+02 2.395531005859375000e+02 -9.502466917037963867e-01 2.498726397752761841e-01 1.859972476959228516e-01 0.000000000000000000e+00 1.000000000000000000e+00
3.331715087890625000e+02 2.571312561035156250e+02 2.397053680419921875e+02 -9.587175846099853516e-01 2.039361447095870972e-01 1.981683224439620972e-01 0.000000000000000000e+00 1.000000000000000000e+00
3.324055480957031250e+02 2.572941894531250000e+02 2.398636932373046875e+02 -9.657735824584960938e-01 1.513586491346359253e-01 2.106465995311737061e-01 0.000000000000000000e+00 1.000000000000000000e+00
3.316449584960937500e+02 2.574133911132812500e+02 2.400295867919921875e+02 -9.703880548477172852e-01 9.988716244697570801e-02 2.199307531118392944e-01 0.000000000000000000e+00 1.000000000000000000e+00
3.308839111328125000e+02 2.574917297363281250e+02 2.402020721435546875e+02 -9.728736281394958496e-01 5.763072893023490906e-02 2.240438312292098999e-01 0.000000000000000000e+00 1.000000000000000000e+00
3.301209411621093750e+02 2.575369262695312500e+02 2.403777770996093750e+02 -9.743693470954895020e-01 2.903620712459087372e-02 2.230721265077590942e-01 0.000000000000000000e+00 1.000000000000000000e+00
3.293580017089843750e+02 2.575596618652343750e+02 2.405524444580078125e+02 -9.758850932121276855e-01 1.339249964803457260e-02 2.178735733032226562e-01 0.000000000000000000e+00 1.000000000000000000e+00
3.285997009277343750e+02 2.575700683593750000e+02 2.407217407226562500e+02 -9.777864217758178711e-01 7.284437306225299835e-03 2.094773203134536743e-01 0.000000000000000000e+00 1.000000000000000000e+00
3.278500671386718750e+02 2.575756530761718750e+02 2.408823394775390625e+02 -9.800673723220825195e-01 5.507361609488725662e-03 1.985889822244644165e-01 0.000000000000000000e+00 1.000000000000000000e+00
3.271114807128906250e+02 2.575798034667968750e+02 2.410319976806640625e+02 -9.826418161392211914e-01 2.802367322146892548e-03 1.854919791221618652e-01 0.000000000000000000e+00 1.000000000000000000e+00
3.263838195800781250e+02 2.575818786621093750e+02 2.411693572998046875e+02 -9.850996732711791992e-01 -5.231432616710662842e-03 1.719048768281936646e-01 0.000000000000000000e+00 1.000000000000000000e+00
3.256654968261718750e+02 2.575780639648437500e+02 2.412947082519531250e+02 -9.869977831840515137e-01 -2.084817737340927124e-02 1.593760401010513306e-01 0.000000000000000000e+00 1.000000000000000000e+00
3.249561157226562500e+02 2.575630798339843750e+02 2.414092559814453125e+02 -9.876136183738708496e-01 -4.519507288932800293e-02 1.502553075551986694e-01 0.000000000000000000e+00 1.000000000000000000e+00
3.242565612792968750e+02 2.575310668945312500e+02 2.415156860351562500e+02 -9.861204028129577637e-01 -7.791028916835784912e-02 1.466173678636550903e-01 0.000000000000000000e+00 1.000000000000000000e+00
3.235682373046875000e+02 2.574766845703125000e+02 2.416180267333984375e+02 -9.818001985549926758e-01 -1.173289939761161804e-01 1.493398845195770264e-01 0.000000000000000000e+00 1.000000000000000000e+00
3.228915100097656250e+02 2.573958129882812500e+02 2.417209625244140625e+02 -9.741361141204833984e-01 -1.617172807455062866e-01 1.578180640935897827e-01 0.000000000000000000e+00 1.000000000000000000e+00
3.222243957519531250e+02 2.572850646972656250e+02 2.418290405273437500e+02 -9.634160399436950684e-01 -2.074544578790664673e-01 1.696830093860626221e-01 0.000000000000000000e+00 1.000000000000000000e+00
3.215619812011718750e+02 2.571424255371093750e+02 2.419457092285156250e+02 -9.504488110542297363e-01 -2.515482902526855469e-01 1.826761215925216675e-01 0.000000000000000000e+00 1.000000000000000000e+00
3.208980407714843750e+02 2.569667053222656250e+02 2.420733184814453125e+02 -9.362624287605285645e-01 -2.923102676868438721e-01 1.948522031307220459e-01 0.000000000000000000e+00 1.000000000000000000e+00
3.202276916503906250e+02 2.567574157714843750e+02 2.422128295898437500e+02 -9.216225743293762207e-01 -3.291509151458740234e-01 2.056000679731369019e-01 0.000000000000000000e+00 1.000000000000000000e+00
3.195496520996093750e+02 2.565152587890625000e+02 2.423640899658203125e+02 -9.069465398788452148e-01 -3.618230223655700684e-01 2.157130986452102661e-01 0.000000000000000000e+00 1.000000000000000000e+00
3.188660888671875000e+02 2.562425537109375000e+02 2.425266723632812500e+02 -8.925880193710327148e-01 -3.902038335800170898e-01 2.258928269147872925e-01 0.000000000000000000e+00 1.000000000000000000e+00
3.181815795898437500e+02 2.559433135986328125e+02 2.426999053955078125e+02 -8.794323205947875977e-01 -4.126760959625244141e-01 2.372705340385437012e-01 0.000000000000000000e+00 1.000000000000000000e+00
3.175007019042968750e+02 2.556238098144531250e+02 2.428836059570312500e+02 -8.694106340408325195e-01 -4.265352189540863037e-01 2.493850290775299072e-01 0.000000000000000000e+00 1.000000000000000000e+00
3.168252258300781250e+02 2.552924194335937500e+02 2.430773620605468750e+02 -8.648535609245300293e-01 -4.283788204193115234e-01 2.617630362510681152e-01 0.000000000000000000e+00 1.000000000000000000e+00
3.161536560058593750e+02 2.549597778320312500e+02 2.432806243896484375e+02 -8.677492737770080566e-01 -4.152673482894897461e-01 2.730643749237060547e-01 0.000000000000000000e+00 1.000000000000000000e+00
3.154812011718750000e+02 2.546379699707031250e+02 2.434922332763671875e+02 -8.786413669586181641e-01 -3.851508200168609619e-01 2.822202146053314209e-01 0.000000000000000000e+00 1.000000000000000000e+00
3.148020629882812500e+02 2.543402709960937500e+02 2.437103729248046875e+02 -8.960795402526855469e-01 -3.378252089023590088e-01 2.879506647586822510e-01 0.000000000000000000e+00 1.000000000000000000e+00
3.141109313964843750e+02 2.540797119140625000e+02 2.439324645996093750e+02 -9.167880415916442871e-01 -2.752186655998229980e-01 2.894035577774047852e-01 0.000000000000000000e+00 1.000000000000000000e+00
3.134048156738281250e+02 2.538677368164062500e+02 2.441553649902343750e+02 -9.370351433753967285e-01 -2.004845291376113892e-01 2.859561145305633545e-01 0.000000000000000000e+00 1.000000000000000000e+00
3.126836547851562500e+02 2.537134399414062500e+02 2.443754425048828125e+02 -9.533986449241638184e-01 -1.185850724577903748e-01 2.774319946765899658e-01 0.000000000000000000e+00 1.000000000000000000e+00
3.119497985839843750e+02 2.536221618652343750e+02 2.445889892578125000e+02 -9.638657569885253906e-01 -3.425104916095733643e-02 2.641770839691162109e-01 0.000000000000000000e+00 1.000000000000000000e+00
3.112077941894531250e+02 2.535957946777343750e+02 2.447923583984375000e+02 -9.678832292556762695e-01 4.802928119897842407e-02 2.467697709798812866e-01 0.000000000000000000e+00 1.000000000000000000e+00
3.104630432128906250e+02 2.536327514648437500e+02 2.449822387695312500e+02 -9.658960103988647461e-01 1.254149526357650757e-01 2.265303879976272583e-01 0.000000000000000000e+00 1.000000000000000000e+00
3.097218627929687500e+02 2.537289886474609375e+02 2.451560668945312500e+02 -9.589905738830566406e-01 1.959036886692047119e-01 2.048383802175521851e-01 0.000000000000000000e+00 1.000000000000000000e+00
3.089897766113281250e+02 2.538785400390625000e+02 2.453124389648437500e+02 -9.483307003974914551e-01 2.588445544242858887e-01 1.834893524646759033e-01 0.000000000000000000e+00 1.000000000000000000e+00
3.082719726562500000e+02 2.540744628906250000e+02 2.454513244628906250e+02 -9.350552558898925781e-01 3.142903745174407959e-01 1.639917939901351929e-01 0.000000000000000000e+00 1.000000000000000000e+00
3.075728149414062500e+02 2.543094635009765625e+02 2.455739440917968750e+02 -9.198902249336242676e-01 3.633035123348236084e-01 1.476912647485733032e-01 0.000000000000000000e+00 1.000000000000000000e+00
3.068964233398437500e+02 2.545765991210937500e+02 2.456825408935546875e+02 -9.033517241477966309e-01 4.070771634578704834e-01 1.350697278976440430e-01 0.000000000000000000e+00 1.000000000000000000e+00
3.062470703125000000e+02 2.548692169189453125e+02 2.457796325683593750e+02 -8.856343030929565430e-01 4.470758438110351562e-01 1.255988031625747681e-01 0.000000000000000000e+00 1.000000000000000000e+00
3.056282958984375000e+02 2.551815795898437500e+02 2.458673858642578125e+02 -8.666768074035644531e-01 4.846012592315673828e-01 1.184605956077575684e-01 0.000000000000000000e+00 1.000000000000000000e+00
3.050432128906250000e+02 2.555087280273437500e+02 2.459473571777343750e+02 -8.465347290039062500e-01 5.201731920242309570e-01 1.131311580538749695e-01 0.000000000000000000e+00 1.000000000000000000e+00
3.044931030273437500e+02 2.558467559814453125e+02 2.460208740234375000e+02 -8.257262110710144043e-01 5.534054636955261230e-01 1.091724112629890442e-01 0.000000000000000000e+00 1.000000000000000000e+00
3.039769897460937500e+02 2.561926574707031250e+02 2.460891113281250000e+02 -8.054629564285278320e-01 5.828755497932434082e-01 1.071707904338836670e-01 0.000000000000000000e+00 1.000000000000000000e+00
3.034910888671875000e+02 2.565442810058593750e+02 2.461537628173828125e+02 -7.866428494453430176e-01 6.076946258544921875e-01 1.090880930423736572e-01 0.000000000000000000e+00 1.000000000000000000e+00
3.030302734375000000e+02 2.569002685546875000e+02 2.462176666259765625e+02 -7.700945734977722168e-01 6.271240711212158203e-01 1.169178336858749390e-01 0.000000000000000000e+00 1.000000000000000000e+00
3.025882568359375000e+02 2.572602233886718750e+02 2.462847747802734375e+02 -7.558482885360717773e-01 6.410767436027526855e-01 1.330942064523696899e-01 0.000000000000000000e+00 1.000000000000000000e+00
3.021589660644531250e+02 2.576243286132812500e+02 2.463603668212890625e+02 -7.433952093124389648e-01 6.501417756080627441e-01 1.570965647697448730e-01 0.000000000000000000e+00 1.000000000000000000e+00
3.017366333007812500e+02 2.579936828613281250e+02 2.464496154785156250e+02 -7.330442667007446289e-01 6.541132926940917969e-01 1.864989846944808960e-01 0.000000000000000000e+00 1.000000000000000000e+00
3.013151855468750000e+02 2.583697509765625000e+02 2.465568389892578125e+02 -7.256106734275817871e-01 6.531895399093627930e-01 2.164079248905181885e-01 0.000000000000000000e+00 1.000000000000000000e+00
3.008880310058593750e+02 2.587542724609375000e+02 2.466842346191406250e+02 -7.226352095603942871e-01 6.479074358940124512e-01 2.408616989850997925e-01 0.000000000000000000e+00 1.000000000000000000e+00
3.004477233886718750e+02 2.591490478515625000e+02 2.468309936523437500e+02 -7.246475219726562500e-01 6.398861408233642578e-01 2.557960748672485352e-01 0.000000000000000000e+00 1.000000000000000000e+00
2.999869689941406250e+02 2.595559082031250000e+02 2.469936370849609375e+02 -7.313935160636901855e-01 6.306174397468566895e-01 2.595865428447723389e-01 0.000000000000000000e+00 1.000000000000000000e+00
2.994994812011718750e+02 2.599762268066406250e+02 2.471666564941406250e+02 -7.415059208869934082e-01 6.209226846694946289e-01 2.542124986648559570e-01 0.000000000000000000e+00 1.000000000000000000e+00
2.989817199707031250e+02 2.604097900390625000e+02 2.473441619873046875e+02 -7.532420158386230469e-01 6.115135550498962402e-01 2.422348856925964355e-01 0.000000000000000000e+00 1.000000000000000000e+00
2.984338378906250000e+02 2.608545837402343750e+02 2.475203552246093750e+02 -7.657541632652282715e-01 6.017017364501953125e-01 2.271025478839874268e-01 0.000000000000000000e+00 1.000000000000000000e+00
2.978593444824218750e+02 2.613059997558593750e+02 2.476907348632812500e+02 -7.782325744628906250e-01 5.912250280380249023e-01 2.116768658161163330e-01 0.000000000000000000e+00 1.000000000000000000e+00
2.972648620605468750e+02 2.617576293945312500e+02 2.478524322509765625e+02 -7.901951670646667480e-01 5.796223878860473633e-01 1.990710794925689697e-01 0.000000000000000000e+00 1.000000000000000000e+00
2.966589355468750000e+02 2.622020874023437500e+02 2.480050811767578125e+02 -8.004772663116455078e-01 5.678042173385620117e-01 1.919230669736862183e-01 0.000000000000000000e+00 1.000000000000000000e+00
2.960516662597656250e+02 2.626328430175781250e+02 2.481506805419921875e+02 -8.078370094299316406e-01 5.571346879005432129e-01 1.923549026250839233e-01 0.000000000000000000e+00 1.000000000000000000e+00
2.954535827636718750e+02 2.630453186035156250e+02 2.482930908203125000e+02 -8.108745217323303223e-01 5.497106313705444336e-01 2.007504850625991821e-01 0.000000000000000000e+00 1.000000000000000000e+00
2.948752136230468750e+02 2.634374084472656250e+02 2.484362792968750000e+02 -8.084508180618286133e-01 5.475414991378784180e-01 2.158831655979156494e-01 0.000000000000000000e+00 1.000000000000000000e+00
2.943256225585937500e+02 2.638096313476562500e+02 2.485830383300781250e+02 -8.001656532287597656e-01 5.522443652153015137e-01 2.340107113122940063e-01 0.000000000000000000e+00 1.000000000000000000e+00
2.938112792968750000e+02 2.641646118164062500e+02 2.487334594726562500e+02 -7.868887782096862793e-01 5.643593072891235352e-01 2.496088445186614990e-01 0.000000000000000000e+00 1.000000000000000000e+00
2.933346252441406250e+02 2.645064697265625000e+02 2.488846588134765625e+02 -7.706519365310668945e-01 5.829235315322875977e-01 2.574796974658966064e-01 0.000000000000000000e+00 1.000000000000000000e+00
2.928937683105468750e+02 2.648399353027343750e+02 2.490319519042968750e+02 -7.539007663726806641e-01 6.057770848274230957e-01 2.542985975742340088e-01 0.000000000000000000e+00 1.000000000000000000e+00
2.924832458496093750e+02 2.651697998046875000e+02 2.491704254150390625e+02 -7.398720979690551758e-01 6.286761164665222168e-01 2.394901216030120850e-01 0.000000000000000000e+00 1.000000000000000000e+00
2.920950012207031250e+02 2.654996948242187500e+02 2.492960968017578125e+02 -7.306165695190429688e-01 6.478626132011413574e-01 2.155771404504776001e-01 0.000000000000000000e+00 1.000000000000000000e+00
2.917204895019531250e+02 2.658317871093750000e+02 2.494066009521484375e+02 -7.306165695190429688e-01 6.478626132011413574e-01 2.155771404504776001e-01 0.000000000000000000e+00 1.000000000000000000e+00
