3.277771301269531250e+02 2.157948913574218750e+02 2.438634338378906250e+02 -3.050120174884796143e-01 9.166705608367919922e-01 2.582299709320068359e-01 0.000000000000000000e+00 1.000000000000000000e+00
3.279650573730468750e+02 2.152301025390625000e+02 2.437043304443359375e+02 -3.331966400146484375e-01 9.096992611885070801e-01 2.478451877832412720e-01 0.000000000000000000e+00 1.000000000000000000e+00
3.281756286621093750e+02 2.146551971435546875e+02 2.435476989746093750e+02 -3.629924952983856201e-01 9.029704332351684570e-01 2.299584746360778809e-01 0.000000000000000000e+00 1.000000000000000000e+00
3.284150695800781250e+02 2.140595703125000000e+02 2.433960113525390625e+02 -3.931186199188232422e-01 8.952808380126953125e-01 2.095945179462432861e-01 0.000000000000000000e+00 1.000000000000000000e+00
3.286884155273437500e+02 2.134370574951171875e+02 2.432502746582031250e+02 -4.228795468807220459e-01 8.859164118766784668e-01 1.905912458896636963e-01 0.000000000000000000e+00 1.000000000000000000e+00
3.289985351562500000e+02 2.127873687744140625e+02 2.431105041503906250e+02 -4.524609744548797607e-01 8.744035363197326660e-01 1.752071827650070190e-01 0.000000000000000000e+00 1.000000000000000000e+00
3.293453369140625000e+02 2.121171569824218750e+02 2.429762115478515625e+02 -4.818375110626220703e-01 8.608433604240417480e-01 1.636502146720886230e-01 0.000000000000000000e+00 1.000000000000000000e+00
3.297261352539062500e+02 2.114368286132812500e+02 2.428468780517578125e+02 -5.109590888023376465e-01 8.453518748283386230e-01 1.558877676725387573e-01 0.000000000000000000e+00 1.000000000000000000e+00
3.301363525390625000e+02 2.107581481933593750e+02 2.427217254638671875e+02 -5.395111441612243652e-01 8.281750082969665527e-01 1.518346220254898071e-01 0.000000000000000000e+00 1.000000000000000000e+00
3.305708618164062500e+02 2.100911560058593750e+02 2.425994415283203125e+02 -5.675768256187438965e-01 8.091179132461547852e-01 1.522655636072158813e-01 0.000000000000000000e+00 1.000000000000000000e+00
3.310255432128906250e+02 2.094429779052734375e+02 2.424774627685546875e+02 -5.946812033653259277e-01 7.882602810859680176e-01 1.581136435270309448e-01 0.000000000000000000e+00 1.000000000000000000e+00
3.314973449707031250e+02 2.088175964355468750e+02 2.423520202636718750e+02 -6.214689612388610840e-01 7.648011445999145508e-01 1.698694676160812378e-01 0.000000000000000000e+00 1.000000000000000000e+00
3.319854736328125000e+02 2.082168884277343750e+02 2.422185974121093750e+02 -6.475775241851806641e-01 7.386614680290222168e-01 1.871432363986968994e-01 0.000000000000000000e+00 1.000000000000000000e+00
3.324899291992187500e+02 2.076414794921875000e+02 2.420728149414062500e+02 -6.727365851402282715e-01 7.099554538726806641e-01 2.082993090152740479e-01 0.000000000000000000e+00 1.000000000000000000e+00
3.330109252929687500e+02 2.070916595458984375e+02 2.419114990234375000e+02 -6.964769363403320312e-01 6.791797876358032227e-01 2.315916419029235840e-01 0.000000000000000000e+00 1.000000000000000000e+00
3.335479125976562500e+02 2.065680084228515625e+02 2.417329406738281250e+02 -7.180278897285461426e-01 6.476879715919494629e-01 2.548257708549499512e-01 0.000000000000000000e+00 1.000000000000000000e+00
3.340991516113281250e+02 2.060707702636718750e+02 2.415373077392578125e+02 -7.371124625205993652e-01 6.164315342903137207e-01 2.769066989421844482e-01 0.000000000000000000e+00 1.000000000000000000e+00
3.346620788574218750e+02 2.056000061035156250e+02 2.413258361816406250e+02 -7.535020709037780762e-01 5.861847400665283203e-01 2.976947426795959473e-01 0.000000000000000000e+00 1.000000000000000000e+00
3.352329101562500000e+02 2.051559295654296875e+02 2.411003112792968750e+02 -7.674490213394165039e-01 5.574082136154174805e-01 3.167304694652557373e-01 0.000000000000000000e+00 1.000000000000000000e+00
3.358081665039062500e+02 2.047381134033203125e+02 2.408628997802734375e+02 -7.790743112564086914e-01 5.303339958190917969e-01 3.343486189842224121e-01 0.000000000000000000e+00 1.000000000000000000e+00
3.363845825195312500e+02 2.043457336425781250e+02 2.406155242919921875e+02 -7.888321876525878906e-01 5.051205754280090332e-01 3.501384854316711426e-01 0.000000000000000000e+00 1.000000000000000000e+00
3.369595336914062500e+02 2.039775695800781250e+02 2.403603210449218750e+02 -7.969505190849304199e-01 4.819760620594024658e-01 3.641000986099243164e-01 0.000000000000000000e+00 1.000000000000000000e+00
3.375308532714843750e+02 2.036320495605468750e+02 2.400993041992187500e+02 -8.038451075553894043e-01 4.611149132251739502e-01 3.757738471031188965e-01 0.000000000000000000e+00 1.000000000000000000e+00
3.380965576171875000e+02 2.033075408935546875e+02 2.398348541259765625e+02 -8.094946742057800293e-01 4.431966841220855713e-01 3.850910365581512451e-01 0.000000000000000000e+00 1.000000000000000000e+00
3.386545715332031250e+02 2.030020294189453125e+02 2.395693969726562500e+02 -8.135479688644409180e-01 4.294090270996093750e-01 3.921065032482147217e-01 0.000000000000000000e+00 1.000000000000000000e+00
3.392030029296875000e+02 2.027125549316406250e+02 2.393050689697265625e+02 -8.154528737068176270e-01 4.210447967052459717e-01 3.971875905990600586e-01 0.000000000000000000e+00 1.000000000000000000e+00
3.397402038574218750e+02 2.024351806640625000e+02 2.390434112548828125e+02 -8.143306374549865723e-01 4.200630486011505127e-01 4.005153179168701172e-01 0.000000000000000000e+00 1.000000000000000000e+00
3.402652587890625000e+02 2.021643371582031250e+02 2.387851715087890625e+02 -8.096868395805358887e-01 4.277104735374450684e-01 4.018346071243286133e-01 0.000000000000000000e+00 1.000000000000000000e+00
3.407785339355468750e+02 2.018932037353515625e+02 2.385304412841796875e+02 -8.010324835777282715e-01 4.444364607334136963e-01 4.010275304317474365e-01 0.000000000000000000e+00 1.000000000000000000e+00
3.412805786132812500e+02 2.016146545410156250e+02 2.382790985107421875e+02 -7.886790037155151367e-01 4.695381224155426025e-01 3.968869447708129883e-01 0.000000000000000000e+00 1.000000000000000000e+00
3.417718811035156250e+02 2.013221588134765625e+02 2.380318603515625000e+02 -7.732337713241577148e-01 5.015318393707275391e-01 3.880404531955718994e-01 0.000000000000000000e+00 1.000000000000000000e+00
3.422525939941406250e+02 2.010103607177734375e+02 2.377906188964843750e+02 -7.560083270072937012e-01 5.382189750671386719e-01 3.725208640098571777e-01 0.000000000000000000e+00 1.000000000000000000e+00
3.427238464355468750e+02 2.006748657226562500e+02 2.375584106445312500e+02 -7.383621931076049805e-01 5.774626135826110840e-01 3.483650684356689453e-01 0.000000000000000000e+00 1.000000000000000000e+00
3.431882324218750000e+02 2.003116760253906250e+02 2.373393096923828125e+02 -7.215145230293273926e-01 6.161558032035827637e-01 3.158619701862335205e-01 0.000000000000000000e+00 1.000000000000000000e+00
3.436507263183593750e+02 1.999167175292968750e+02 2.371368408203125000e+02 -7.068030834197998047e-01 6.511071920394897461e-01 2.765660881996154785e-01 0.000000000000000000e+00 1.000000000000000000e+00
3.441185607910156250e+02 1.994857482910156250e+02 2.369537811279296875e+02 -6.945357322692871094e-01 6.798105239868164062e-01 2.355372458696365356e-01 0.000000000000000000e+00 1.000000000000000000e+00
3.445986022949218750e+02 1.990158843994140625e+02 2.367909851074218750e+02 -6.854209899902343750e-01 7.008584141731262207e-01 1.974728256464004517e-01 0.000000000000000000e+00 1.000000000000000000e+00
3.450965576171875000e+02 1.985067138671875000e+02 2.366475219726562500e+02 -6.785593628883361816e-01 7.155159711837768555e-01 1.661144345998764038e-01 0.000000000000000000e+00 1.000000000000000000e+00
3.456134643554687500e+02 1.979616546630859375e+02 2.365209808349609375e+02 -6.733405590057373047e-01 7.254355549812316895e-01 1.426732391119003296e-01 0.000000000000000000e+00 1.000000000000000000e+00
3.461463623046875000e+02 1.973875274658203125e+02 2.364080657958984375e+02 -6.685698032379150391e-01 7.328321933746337891e-01 1.263782978057861328e-01 0.000000000000000000e+00 1.000000000000000000e+00
3.466881713867187500e+02 1.967936401367187500e+02 2.363056488037109375e+02 -6.630003452301025391e-01 7.395895719528198242e-01 1.159213110804557800e-01 0.000000000000000000e+00 1.000000000000000000e+00
3.472293395996093750e+02 1.961899566650390625e+02 2.362110290527343750e+02 -6.557539701461791992e-01 7.469943761825561523e-01 1.094809547066688538e-01 0.000000000000000000e+00 1.000000000000000000e+00
3.477597961425781250e+02 1.955856933593750000e+02 2.361224670410156250e+02 -6.462153196334838867e-01 7.558417916297912598e-01 1.053989604115486145e-01 0.000000000000000000e+00 1.000000000000000000e+00
3.482705993652343750e+02 1.949882354736328125e+02 2.360391540527343750e+02 -6.340943574905395508e-01 7.663953304290771484e-01 1.027743145823478699e-01 0.000000000000000000e+00 1.000000000000000000e+00
3.487552490234375000e+02 1.944024658203125000e+02 2.359606018066406250e+02 -6.203783154487609863e-01 7.777970433235168457e-01 1.008094027638435364e-01 0.000000000000000000e+00 1.000000000000000000e+00
3.492114257812500000e+02 1.938305358886718750e+02 2.358864746093750000e+02 -6.059162616729736328e-01 7.892907261848449707e-01 9.942665696144104004e-02 0.000000000000000000e+00 1.000000000000000000e+00
3.496402893066406250e+02 1.932718811035156250e+02 2.358161010742187500e+02 -5.930398106575012207e-01 7.990540862083435059e-01 9.907745569944381714e-02 0.000000000000000000e+00 1.000000000000000000e+00
3.500467224121093750e+02 1.927242584228515625e+02 2.357481994628906250e+02 -5.827939510345458984e-01 8.064236640930175781e-01 1.001598909497261047e-01 0.000000000000000000e+00 1.000000000000000000e+00
3.504373779296875000e+02 1.921837005615234375e+02 2.356810607910156250e+02 -5.759935379028320312e-01 8.108807206153869629e-01 1.034589409828186035e-01 0.000000000000000000e+00 1.000000000000000000e+00
3.508194885253906250e+02 1.916457672119140625e+02 2.356124267578125000e+02 -5.717990994453430176e-01 8.130067586898803711e-01 1.098446547985076904e-01 0.000000000000000000e+00 1.000000000000000000e+00
3.511990051269531250e+02 1.911061553955078125e+02 2.355395202636718750e+02 -5.691845417022705078e-01 8.133583664894104004e-01 1.203211694955825806e-01 0.000000000000000000e+00 1.000000000000000000e+00
3.515802001953125000e+02 1.905614318847656250e+02 2.354589385986328125e+02 -5.663578510284423828e-01 8.130628466606140137e-01 1.347871422767639160e-01 0.000000000000000000e+00 1.000000000000000000e+00
3.519645080566406250e+02 1.900097198486328125e+02 2.353674774169921875e+02 -5.625838041305541992e-01 8.123918175697326660e-01 1.533593386411666870e-01 0.000000000000000000e+00 1.000000000000000000e+00
3.523514099121093750e+02 1.894510192871093750e+02 2.352620086669921875e+02 -5.582005977630615234e-01 8.110631704330444336e-01 1.748964041471481323e-01 0.000000000000000000e+00 1.000000000000000000e+00
3.527390136718750000e+02 1.888878326416015625e+02 2.351405639648437500e+02 -5.544888377189636230e-01 8.082517385482788086e-01 1.981694251298904419e-01 0.000000000000000000e+00 1.000000000000000000e+00
3.531252746582031250e+02 1.883247985839843750e+02 2.350025177001953125e+02 -5.533657073974609375e-01 8.030077815055847168e-01 2.212802171707153320e-01 0.000000000000000000e+00 1.000000000000000000e+00
3.535087280273437500e+02 1.877683563232421875e+02 2.348491821289062500e+02 -5.568047165870666504e-01 7.944200634956359863e-01 2.426215112209320068e-01 0.000000000000000000e+00 1.000000000000000000e+00
3.538888854980468750e+02 1.872259674072265625e+02 2.346835327148437500e+02 -5.658100843429565430e-01 7.822986841201782227e-01 2.605143785476684570e-01 0.000000000000000000e+00 1.000000000000000000e+00
3.542659912109375000e+02 1.867045745849609375e+02 2.345099029541015625e+02 -5.799607634544372559e-01 7.671333551406860352e-01 2.741383314132690430e-01 0.000000000000000000e+00 1.000000000000000000e+00
3.546402587890625000e+02 1.862095184326171875e+02 2.343329925537109375e+02 -5.971268415451049805e-01 7.504836916923522949e-01 2.832203805446624756e-01 0.000000000000000000e+00 1.000000000000000000e+00
3.550114135742187500e+02 1.857430419921875000e+02 2.341569519042968750e+02 -6.137773990631103516e-01 7.346946597099304199e-01 2.889655828475952148e-01 0.000000000000000000e+00 1.000000000000000000e+00
3.553782348632812500e+02 1.853039550781250000e+02 2.339842529296875000e+02 -6.268421411514282227e-01 7.217444777488708496e-01 2.935196459293365479e-01 0.000000000000000000e+00 1.000000000000000000e+00
3.557396545410156250e+02 1.848878173828125000e+02 2.338150177001953125e+02 -6.336147785186767578e-01 7.132720351219177246e-01 2.996253669261932373e-01 0.000000000000000000e+00 1.000000000000000000e+00
3.560952758789062500e+02 1.844874877929687500e+02 2.336468505859375000e+02 -6.335765719413757324e-01 7.092266678810119629e-01 3.091571629047393799e-01 0.000000000000000000e+00 1.000000000000000000e+00
3.564461975097656250e+02 1.840946655273437500e+02 2.334756164550781250e+02 -6.280692219734191895e-01 7.083756327629089355e-01 3.220762312412261963e-01 0.000000000000000000e+00 1.000000000000000000e+00
3.567953796386718750e+02 1.837008361816406250e+02 2.332965545654296875e+02 -6.200770139694213867e-01 7.087017297744750977e-01 3.365209400653839111e-01 0.000000000000000000e+00 1.000000000000000000e+00
3.571469421386718750e+02 1.832990264892578125e+02 2.331057586669921875e+02 -6.128159761428833008e-01 7.086630463600158691e-01 3.496474623680114746e-01 0.000000000000000000e+00 1.000000000000000000e+00
3.575052795410156250e+02 1.828846435546875000e+02 2.329013061523437500e+02 -6.083624958992004395e-01 7.075459957122802734e-01 3.595465123653411865e-01 0.000000000000000000e+00 1.000000000000000000e+00
3.578734741210937500e+02 1.824564208984375000e+02 2.326837005615234375e+02 -6.075499057769775391e-01 7.052617073059082031e-01 3.653615117073059082e-01 0.000000000000000000e+00 1.000000000000000000e+00
3.582525024414062500e+02 1.820164337158203125e+02 2.324557647705078125e+02 -6.095187067985534668e-01 7.024393081665039062e-01 3.675130903720855713e-01 0.000000000000000000e+00 1.000000000000000000e+00
3.586406555175781250e+02 1.815691070556640625e+02 2.322217254638671875e+02 -6.128373146057128906e-01 6.997782588005065918e-01 3.670707046985626221e-01 0.000000000000000000e+00 1.000000000000000000e+00
3.590344238281250000e+02 1.811194763183593750e+02 2.319858703613281250e+02 -6.160880923271179199e-01 6.980809569358825684e-01 3.648540675640106201e-01 0.000000000000000000e+00 1.000000000000000000e+00
3.594297485351562500e+02 1.806715393066406250e+02 2.317517547607421875e+02 -6.179738044738769531e-01 6.981712579727172852e-01 3.614763021469116211e-01 0.000000000000000000e+00 1.000000000000000000e+00
3.598228149414062500e+02 1.802274627685546875e+02 2.315218353271484375e+02 -6.179710626602172852e-01 7.000821828842163086e-01 3.577663302421569824e-01 0.000000000000000000e+00 1.000000000000000000e+00
3.602109680175781250e+02 1.797877349853515625e+02 2.312971191406250000e+02 -6.165311932563781738e-01 7.031908035278320312e-01 3.541355133056640625e-01 0.000000000000000000e+00 1.000000000000000000e+00
3.605924377441406250e+02 1.793526458740234375e+02 2.310780029296875000e+02 -6.143324375152587891e-01 7.064019441604614258e-01 3.515564501285552979e-01 0.000000000000000000e+00 1.000000000000000000e+00
3.609657897949218750e+02 1.789233398437500000e+02 2.308643493652343750e+02 -6.129011511802673340e-01 7.083798646926879883e-01 3.500716090202331543e-01 0.000000000000000000e+00 1.000000000000000000e+00
3.613302612304687500e+02 1.785020904541015625e+02 2.306561737060546875e+02 -6.129010319709777832e-01 7.084693908691406250e-01 3.498906791210174561e-01 0.000000000000000000e+00 1.000000000000000000e+00
3.616854858398437500e+02 1.780914764404296875e+02 2.304533843994140625e+02 -6.144534349441528320e-01 7.064886689186096191e-01 3.511704802513122559e-01 0.000000000000000000e+00 1.000000000000000000e+00
3.620313415527343750e+02 1.776938171386718750e+02 2.302557220458984375e+02 -6.177314519882202148e-01 7.026855349540710449e-01 3.530451953411102295e-01 0.000000000000000000e+00 1.000000000000000000e+00
3.623690795898437500e+02 1.773096313476562500e+02 2.300626983642578125e+02 -6.214938759803771973e-01 6.982427239418029785e-01 3.552498221397399902e-01 0.000000000000000000e+00 1.000000000000000000e+00
3.627002258300781250e+02 1.769375915527343750e+02 2.298734130859375000e+02 -6.252835988998413086e-01 6.938567161560058594e-01 3.571879863739013672e-01 0.000000000000000000e+00 1.000000000000000000e+00
3.630266418457031250e+02 1.765753784179687500e+02 2.296869506835937500e+02 -6.282298564910888672e-01 6.903647780418395996e-01 3.587808907032012939e-01 0.000000000000000000e+00 1.000000000000000000e+00
3.633498535156250000e+02 1.762201995849609375e+02 2.295023651123046875e+02 -6.302439570426940918e-01 6.879959106445312500e-01 3.597974181175231934e-01 0.000000000000000000e+00 1.000000000000000000e+00
3.636712341308593750e+02 1.758693695068359375e+02 2.293188934326171875e+02 -6.315369009971618652e-01 6.865106821060180664e-01 3.603669703006744385e-01 0.000000000000000000e+00 1.000000000000000000e+00
3.639916687011718750e+02 1.755210418701171875e+02 2.291360473632812500e+02 -6.323254108428955078e-01 6.856068968772888184e-01 3.607045412063598633e-01 0.000000000000000000e+00 1.000000000000000000e+00
3.643118286132812500e+02 1.751739044189453125e+02 2.289534149169921875e+02 -6.330115199089050293e-01 6.848329305648803711e-01 3.609715104103088379e-01 0.000000000000000000e+00 1.000000000000000000e+00
3.646322326660156250e+02 1.748272705078125000e+02 2.287707061767578125e+02 -6.343166828155517578e-01 6.835247278213500977e-01 3.611596226692199707e-01 0.000000000000000000e+00 1.000000000000000000e+00
3.649538269042968750e+02 1.744807281494140625e+02 2.285876007080078125e+02 -6.367619633674621582e-01 6.810814142227172852e-01 3.614726364612579346e-01 0.000000000000000000e+00 1.000000000000000000e+00
3.652782897949218750e+02 1.741336822509765625e+02 2.284034118652343750e+02 -6.413791775703430176e-01 6.765264868736267090e-01 3.618630170822143555e-01 0.000000000000000000e+00 1.000000000000000000e+00
3.656079711914062500e+02 1.737859344482421875e+02 2.282174072265625000e+02 -6.492816805839538574e-01 6.686034798622131348e-01 3.624951541423797607e-01 0.000000000000000000e+00 1.000000000000000000e+00
3.659468994140625000e+02 1.734369201660156250e+02 2.280281829833984375e+02 -6.610422134399414062e-01 6.566729545593261719e-01 3.630477786064147949e-01 0.000000000000000000e+00 1.000000000000000000e+00
3.663001098632812500e+02 1.730860443115234375e+02 2.278341979980468750e+02 -6.766970157623291016e-01 6.403326988220214844e-01 3.633939325809478760e-01 0.000000000000000000e+00 1.000000000000000000e+00
3.666732177734375000e+02 1.727329864501953125e+02 2.276338348388671875e+02 -6.952666640281677246e-01 6.199470162391662598e-01 3.636894524097442627e-01 0.000000000000000000e+00 1.000000000000000000e+00
3.670709838867187500e+02 1.723783111572265625e+02 2.274257659912109375e+02 -7.150567173957824707e-01 5.968997478485107422e-01 3.638742566108703613e-01 0.000000000000000000e+00 1.000000000000000000e+00
3.674956665039062500e+02 1.720238037109375000e+02 2.272096557617187500e+02 -7.348743677139282227e-01 5.721166133880615234e-01 3.642009496688842773e-01 0.000000000000000000e+00 1.000000000000000000e+00
3.679461059570312500e+02 1.716731262207031250e+02 2.269864196777343750e+02 -7.540146112442016602e-01 5.460694432258605957e-01 3.650620281696319580e-01 0.000000000000000000e+00 1.000000000000000000e+00
3.684180603027343750e+02 1.713313293457031250e+02 2.267579193115234375e+02 -7.723169922828674316e-01 5.187199711799621582e-01 3.666826188564300537e-01 0.000000000000000000e+00 1.000000000000000000e+00
3.689057617187500000e+02 1.710037689208984375e+02 2.265263671875000000e+02 -7.896216511726379395e-01 4.899847805500030518e-01 3.693407177925109863e-01 0.000000000000000000e+00 1.000000000000000000e+00
3.694034118652343750e+02 1.706949615478515625e+02 2.262935943603515625e+02 -8.060072660446166992e-01 4.594534039497375488e-01 3.731686770915985107e-01 0.000000000000000000e+00 1.000000000000000000e+00
3.699075622558593750e+02 1.704075775146484375e+02 2.260601806640625000e+02 -8.207997679710388184e-01 4.278631806373596191e-01 3.784452378749847412e-01 0.000000000000000000e+00 1.000000000000000000e+00
3.704174804687500000e+02 1.701417694091796875e+02 2.258250732421875000e+02 -8.331568241119384766e-01 3.969695270061492920e-01 3.850518167018890381e-01 0.000000000000000000e+00 1.000000000000000000e+00
3.709348449707031250e+02 1.698952636718750000e+02 2.255859680175781250e+02 -8.422564268112182617e-01 3.693124055862426758e-01 3.926989436149597168e-01 0.000000000000000000e+00 1.000000000000000000e+00
3.714624023437500000e+02 1.696639404296875000e+02 2.253399963378906250e+02 -8.478642702102661133e-01 3.476894795894622803e-01 4.002978503704071045e-01 0.000000000000000000e+00 1.000000000000000000e+00
3.720026855468750000e+02 1.694423828125000000e+02 2.250849151611328125e+02 -8.501296043395996094e-01 3.343358933925628662e-01 4.068159461021423340e-01 0.000000000000000000e+00 1.000000000000000000e+00
3.725564270019531250e+02 1.692246093750000000e+02 2.248199310302734375e+02 -8.495650291442871094e-01 3.299942612648010254e-01 4.115130603313446045e-01 0.000000000000000000e+00 1.000000000000000000e+00
3.731220703125000000e+02 1.690048980712890625e+02 2.245459442138671875e+02 -8.468134403228759766e-01 3.337139189243316650e-01 4.141762852668762207e-01 0.000000000000000000e+00 1.000000000000000000e+00
3.736960144042968750e+02 1.687787170410156250e+02 2.242652282714843750e+02 -8.422977924346923828e-01 3.436824083328247070e-01 4.152310192584991455e-01 0.000000000000000000e+00 1.000000000000000000e+00
3.742737121582031250e+02 1.685429992675781250e+02 2.239804382324218750e+02 -8.364927768707275391e-01 3.574876189231872559e-01 4.153100252151489258e-01 0.000000000000000000e+00 1.000000000000000000e+00
3.748518371582031250e+02 1.682959289550781250e+02 2.236934051513671875e+02 -8.298201560974121094e-01 3.726466596126556396e-01 4.153708815574645996e-01 0.000000000000000000e+00 1.000000000000000000e+00
3.754288635253906250e+02 1.680368041992187500e+02 2.234045715332031250e+02 -8.229919075965881348e-01 3.870075643062591553e-01 4.158238172531127930e-01 0.000000000000000000e+00 1.000000000000000000e+00
3.760062866210937500e+02 1.677652740478515625e+02 2.231128234863281250e+02 -8.161695003509521484e-01 3.997245430946350098e-01 4.172380864620208740e-01 0.000000000000000000e+00 1.000000000000000000e+00
3.765872497558593750e+02 1.674807434082031250e+02 2.228158264160156250e+02 -8.098250627517700195e-01 4.104578495025634766e-01 4.191749095916748047e-01 0.000000000000000000e+00 1.000000000000000000e+00
3.771755371093750000e+02 1.671825714111328125e+02 2.225113220214843750e+02 -8.038643002510070801e-01 4.193227589130401611e-01 4.218657314777374268e-01 0.000000000000000000e+00 1.000000000000000000e+00
3.777736511230468750e+02 1.668705749511718750e+02 2.221974334716796875e+02 -7.982369661331176758e-01 4.270007312297821045e-01 4.248390197753906250e-01 0.000000000000000000e+00 1.000000000000000000e+00
3.783821716308593750e+02 1.665450592041015625e+02 2.218735656738281250e+02 -7.926262617111206055e-01 4.336808025836944580e-01 4.285611510276794434e-01 0.000000000000000000e+00 1.000000000000000000e+00
3.789987487792968750e+02 1.662077026367187500e+02 2.215401916503906250e+02 -7.871781587600708008e-01 4.392436444759368896e-01 4.329150915145874023e-01 0.000000000000000000e+00 1.000000000000000000e+00
3.796193847656250000e+02 1.658613891601562500e+02 2.211988677978515625e+02 -7.817741632461547852e-01 4.432404339313507080e-01 4.385966658592224121e-01 0.000000000000000000e+00 1.000000000000000000e+00
3.802384643554687500e+02 1.655103912353515625e+02 2.208515472412109375e+02 -7.765989899635314941e-01 4.450084865093231201e-01 4.459387660026550293e-01 0.000000000000000000e+00 1.000000000000000000e+00
3.808498840332031250e+02 1.651600341796875000e+02 2.205004577636718750e+02 -7.717381715774536133e-01 4.439770579338073730e-01 4.553070068359375000e-01 0.000000000000000000e+00 1.000000000000000000e+00
3.814475097656250000e+02 1.648162231445312500e+02 2.201478729248046875e+02 -7.675365209579467773e-01 4.396843314170837402e-01 4.664390981197357178e-01 0.000000000000000000e+00 1.000000000000000000e+00
3.820266418457031250e+02 1.644844665527343750e+02 2.197959289550781250e+02 -7.642570734024047852e-01 4.324603378772735596e-01 4.784235954284667969e-01 0.000000000000000000e+00 1.000000000000000000e+00
3.825845642089843750e+02 1.641687622070312500e+02 2.194466705322265625e+02 -7.622666358947753906e-01 4.231995642185211182e-01 4.897466599941253662e-01 0.000000000000000000e+00 1.000000000000000000e+00
3.831209716796875000e+02 1.638709564208984375e+02 2.191020355224609375e+02 -7.613116502761840820e-01 4.136556088924407959e-01 4.992930293083190918e-01 0.000000000000000000e+00 1.000000000000000000e+00
3.836373901367187500e+02 1.635903625488281250e+02 2.187633514404296875e+02 -7.614742517471313477e-01 4.054485559463500977e-01 5.057355165481567383e-01 0.000000000000000000e+00 1.000000000000000000e+00
3.841372070312500000e+02 1.633242340087890625e+02 2.184313964843750000e+02 -7.618746161460876465e-01 4.001286029815673828e-01 5.093565583229064941e-01 0.000000000000000000e+00 1.000000000000000000e+00
3.846242370605468750e+02 1.630684509277343750e+02 2.181057891845703125e+02 -7.616149187088012695e-01 3.981986939907073975e-01 5.112539529800415039e-01 0.000000000000000000e+00 1.000000000000000000e+00
3.851020202636718750e+02 1.628186492919921875e+02 2.177850646972656250e+02 -7.592930793762207031e-01 4.005576074123382568e-01 5.128623247146606445e-01 0.000000000000000000e+00 1.000000000000000000e+00
3.855729675292968750e+02 1.625702056884765625e+02 2.174669647216796875e+02 -7.542873620986938477e-01 4.069032371044158936e-01 5.152477622032165527e-01 0.000000000000000000e+00 1.000000000000000000e+00
3.860390014648437500e+02 1.623188018798828125e+02 2.171486206054687500e+02 -7.461909651756286621e-01 4.166327416896820068e-01 5.192456841468811035e-01 0.000000000000000000e+00 1.000000000000000000e+00
3.865013732910156250e+02 1.620606384277343750e+02 2.168268737792968750e+02 -7.362657189369201660e-01 4.277720451354980469e-01 5.243318676948547363e-01 0.000000000000000000e+00 1.000000000000000000e+00
3.869617614746093750e+02 1.617931518554687500e+02 2.164990081787109375e+02 -7.262139916419982910e-01 4.382300972938537598e-01 5.296863913536071777e-01 0.000000000000000000e+00 1.000000000000000000e+00
3.874224243164062500e+02 1.615151672363281250e+02 2.161630096435546875e+02 -7.193343043327331543e-01 4.447619020938873291e-01 5.336149930953979492e-01 0.000000000000000000e+00 1.000000000000000000e+00
3.878867797851562500e+02 1.612280578613281250e+02 2.158185424804687500e+02 -7.181121706962585449e-01 4.450605809688568115e-01 5.350102782249450684e-01 0.000000000000000000e+00 1.000000000000000000e+00
3.883589477539062500e+02 1.609354248046875000e+02 2.154667663574218750e+02 -7.233746051788330078e-01 4.378500282764434814e-01 5.338693857192993164e-01 0.000000000000000000e+00 1.000000000000000000e+00
3.888425598144531250e+02 1.606427001953125000e+02 2.151098480224609375e+02 -7.344893217086791992e-01 4.239828586578369141e-01 5.298716425895690918e-01 0.000000000000000000e+00 1.000000000000000000e+00
3.893403320312500000e+02 1.603553619384765625e+02 2.147507476806640625e+02 -7.482565045356750488e-01 4.061282873153686523e-01 5.245684385299682617e-01 0.000000000000000000e+00 1.000000000000000000e+00
3.898526916503906250e+02 1.600772705078125000e+02 2.143915557861328125e+02 -7.608660459518432617e-01 3.881120681762695312e-01 5.200498104095458984e-01 0.000000000000000000e+00 1.000000000000000000e+00
3.903773193359375000e+02 1.598096618652343750e+02 2.140329742431640625e+02 -7.698248028755187988e-01 3.736763596534729004e-01 5.174319148063659668e-01 0.000000000000000000e+00 1.000000000000000000e+00
3.909104919433593750e+02 1.595508575439453125e+02 2.136746063232421875e+02 -7.736210823059082031e-01 3.657509684562683105e-01 5.174327492713928223e-01 0.000000000000000000e+00 1.000000000000000000e+00
3.914474792480468750e+02 1.592969818115234375e+02 2.133154449462890625e+02 -7.727329730987548828e-01 3.648345470428466797e-01 5.194031000137329102e-01 0.000000000000000000e+00 1.000000000000000000e+00
3.919841308593750000e+02 1.590436096191406250e+02 2.129547271728515625e+02 -7.694147229194641113e-01 3.683966994285583496e-01 5.218092203140258789e-01 0.000000000000000000e+00 1.000000000000000000e+00
3.925182189941406250e+02 1.587878875732421875e+02 2.125925140380859375e+02 -7.661467194557189941e-01 3.716899454593658447e-01 5.242763757705688477e-01 0.000000000000000000e+00 1.000000000000000000e+00
3.930491638183593750e+02 1.585303039550781250e+02 2.122291870117187500e+02 -7.652344703674316406e-01 3.695065081119537354e-01 5.271443724632263184e-01 0.000000000000000000e+00 1.000000000000000000e+00
3.935781860351562500e+02 1.582748565673828125e+02 2.118647613525390625e+02 -7.677496671676635742e-01 3.581842482089996338e-01 5.312855839729309082e-01 0.000000000000000000e+00 1.000000000000000000e+00
3.941071472167968750e+02 1.580280761718750000e+02 2.114987182617187500e+02 -7.732638716697692871e-01 3.368271589279174805e-01 5.372247695922851562e-01 0.000000000000000000e+00 1.000000000000000000e+00
3.946378173828125000e+02 1.577969207763671875e+02 2.111300354003906250e+02 -7.801937460899353027e-01 3.072171807289123535e-01 5.448993444442749023e-01 0.000000000000000000e+00 1.000000000000000000e+00
3.951712951660156250e+02 1.575868530273437500e+02 2.107574462890625000e+02 -7.866144180297851562e-01 2.738540470600128174e-01 5.533910393714904785e-01 0.000000000000000000e+00 1.000000000000000000e+00
3.957077636718750000e+02 1.574000854492187500e+02 2.103800354003906250e+02 -7.913284897804260254e-01 2.434425950050354004e-01 5.608342289924621582e-01 0.000000000000000000e+00 1.000000000000000000e+00
3.962467651367187500e+02 1.572342681884765625e+02 2.099980316162109375e+02 -7.937621474266052246e-01 2.216354757547378540e-01 5.664092302322387695e-01 0.000000000000000000e+00 1.000000000000000000e+00
3.967869567871093750e+02 1.570834350585937500e+02 2.096125640869140625e+02 -7.940925359725952148e-01 2.110907286405563354e-01 5.699629187583923340e-01 0.000000000000000000e+00 1.000000000000000000e+00
3.973268737792968750e+02 1.569399108886718750e+02 2.092250366210937500e+02 -7.925887703895568848e-01 2.122756838798522949e-01 5.716134905815124512e-01 0.000000000000000000e+00 1.000000000000000000e+00
3.978648681640625000e+02 1.567958221435546875e+02 2.088370361328125000e+02 -7.892415523529052734e-01 2.217953205108642578e-01 5.726294517517089844e-01 0.000000000000000000e+00 1.000000000000000000e+00
3.983992614746093750e+02 1.566456451416015625e+02 2.084493103027343750e+02 -7.843406200408935547e-01 2.346238791942596436e-01 5.742485523223876953e-01 0.000000000000000000e+00 1.000000000000000000e+00
3.989285888671875000e+02 1.564873046875000000e+02 2.080617675781250000e+02 -7.784005403518676758e-01 2.456589937210083008e-01 5.777060389518737793e-01 0.000000000000000000e+00 1.000000000000000000e+00
3.994518737792968750e+02 1.563221588134765625e+02 2.076734008789062500e+02 -7.724421620368957520e-01 2.520816922187805176e-01 5.829132199287414551e-01 0.000000000000000000e+00 1.000000000000000000e+00
3.999685363769531250e+02 1.561535491943359375e+02 2.072835083007812500e+02 -7.667092680931091309e-01 2.547346651554107666e-01 5.892937183380126953e-01 0.000000000000000000e+00 1.000000000000000000e+00
4.004775390625000000e+02 1.559844360351562500e+02 2.068922882080078125e+02 -7.619198560714721680e-01 2.563447058200836182e-01 5.947819948196411133e-01 0.000000000000000000e+00 1.000000000000000000e+00
4.009776000976562500e+02 1.558161926269531250e+02 2.065019226074218750e+02 7.586361765861511230e-01 -2.601207196712493896e-01 -5.973343849182128906e-01 0.000000000000000000e+00 1.000000000000000000e+00
4.014672546386718750e+02 1.556483001708984375e+02 2.061163787841796875e+02 7.577972412109375000e-01 -2.666923999786376953e-01 -5.954985022544860840e-01 0.000000000000000000e+00 1.000000000000000000e+00
4.019453125000000000e+02 1.554800567626953125e+02 2.057407073974609375e+02 7.605041265487670898e-01 -2.738461196422576904e-01 -5.887629389762878418e-01 0.000000000000000000e+00 1.000000000000000000e+00
4.024120788574218750e+02 1.553119812011718750e+02 2.053793487548828125e+02 7.683523297309875488e-01 -2.766518592834472656e-01 -5.771468281745910645e-01 0.000000000000000000e+00 1.000000000000000000e+00
4.028703613281250000e+02 1.551469726562500000e+02 2.050351104736328125e+02 7.830135822296142578e-01 -2.685784697532653809e-01 -5.610306262969970703e-01 0.000000000000000000e+00 1.000000000000000000e+00
4.033267822265625000e+02 1.549904174804687500e+02 2.047080841064453125e+02 8.038161993026733398e-01 -2.455957978963851929e-01 -5.418137907981872559e-01 0.000000000000000000e+00 1.000000000000000000e+00
4.037902832031250000e+02 1.548488006591796875e+02 2.043956604003906250e+02 8.276905417442321777e-01 -2.072119712829589844e-01 -5.215281844139099121e-01 0.000000000000000000e+00 1.000000000000000000e+00
4.042704467773437500e+02 1.547285919189453125e+02 2.040931091308593750e+02 8.498032689094543457e-01 -1.571328490972518921e-01 -5.031337738037109375e-01 0.000000000000000000e+00 1.000000000000000000e+00
4.047746582031250000e+02 1.546353607177734375e+02 2.037945861816406250e+02 8.660476803779602051e-01 -1.012777239084243774e-01 -4.895960688591003418e-01 0.000000000000000000e+00 1.000000000000000000e+00
4.053058471679687500e+02 1.545732421875000000e+02 2.034942932128906250e+02 8.745268583297729492e-01 -4.453431069850921631e-02 -4.829279482364654541e-01 0.000000000000000000e+00 1.000000000000000000e+00
4.058607788085937500e+02 1.545449829101562500e+02 2.031878509521484375e+02 8.754664659500122070e-01 9.292555972933769226e-03 -4.831895232200622559e-01 0.000000000000000000e+00 1.000000000000000000e+00
4.064314880371093750e+02 1.545510406494140625e+02 2.028728637695312500e+02 8.705145716667175293e-01 5.785590782761573792e-02 -4.887301623821258545e-01 0.000000000000000000e+00 1.000000000000000000e+00
4.070072937011718750e+02 1.545893096923828125e+02 2.025495910644531250e+02 8.616465330123901367e-01 9.916724264621734619e-02 -4.977259933948516846e-01 0.000000000000000000e+00 1.000000000000000000e+00
4.075777893066406250e+02 1.546549682617187500e+02 2.022200469970703125e+02 8.510321378707885742e-01 1.308994144201278687e-01 -5.085368156433105469e-01 0.000000000000000000e+00 1.000000000000000000e+00
4.081365051269531250e+02 1.547409057617187500e+02 2.018861846923828125e+02 8.402457237243652344e-01 1.512179225683212280e-01 -5.206921696662902832e-01 0.000000000000000000e+00 1.000000000000000000e+00
4.086825256347656250e+02 1.548391723632812500e+02 2.015478210449218750e+02 8.303570151329040527e-01 1.589629352092742920e-01 -5.340768694877624512e-01 0.000000000000000000e+00 1.000000000000000000e+00
4.092204589843750000e+02 1.549421539306640625e+02 2.012018280029296875e+02 8.219226598739624023e-01 1.554674804210662842e-01 -5.479717254638671875e-01 0.000000000000000000e+00 1.000000000000000000e+00
4.097599792480468750e+02 1.550442047119140625e+02 2.008421325683593750e+02 8.148127794265747070e-01 1.453028768301010132e-01 -5.612193942070007324e-01 0.000000000000000000e+00 1.000000000000000000e+00
4.103122253417968750e+02 1.551426849365234375e+02 2.004617614746093750e+02 8.093904256820678711e-01 1.349414885044097900e-01 -5.715574026107788086e-01 0.000000000000000000e+00 1.000000000000000000e+00
4.108856201171875000e+02 1.552382812500000000e+02 2.000568542480468750e+02 8.058445453643798828e-01 1.297033429145812988e-01 -5.777469873428344727e-01 0.000000000000000000e+00 1.000000000000000000e+00
4.114829711914062500e+02 1.553344268798828125e+02 1.996285858154296875e+02 8.042929172515869141e-01 1.329424530267715454e-01 -5.791711807250976562e-01 0.000000000000000000e+00 1.000000000000000000e+00
4.121004638671875000e+02 1.554364929199218750e+02 1.991839294433593750e+02 8.048806786537170410e-01 1.449760794639587402e-01 -5.754555463790893555e-01 0.000000000000000000e+00 1.000000000000000000e+00
4.127298889160156250e+02 1.555498657226562500e+02 1.987339172363281250e+02 8.070122599601745605e-01 1.642067432403564453e-01 -5.672454833984375000e-01 0.000000000000000000e+00 1.000000000000000000e+00
4.133622131347656250e+02 1.556785278320312500e+02 1.982894592285156250e+02 8.104227185249328613e-01 1.870508491992950439e-01 -5.551819801330566406e-01 0.000000000000000000e+00 1.000000000000000000e+00
4.139918518066406250e+02 1.558238525390625000e+02 1.978581237792968750e+02 8.147442340850830078e-01 2.093101143836975098e-01 -5.407227873802185059e-01 0.000000000000000000e+00 1.000000000000000000e+00
4.146185302734375000e+02 1.559848480224609375e+02 1.974422149658203125e+02 8.196964263916015625e-01 2.271068692207336426e-01 -5.258520245552062988e-01 0.000000000000000000e+00 1.000000000000000000e+00
4.152463684082031250e+02 1.561587982177734375e+02 1.970394439697265625e+02 8.248112201690673828e-01 2.386901378631591797e-01 -5.125558376312255859e-01 0.000000000000000000e+00 1.000000000000000000e+00
4.158807373046875000e+02 1.563423767089843750e+02 1.966452331542968750e+02 8.295975923538208008e-01 2.451539337635040283e-01 -5.016646981239318848e-01 0.000000000000000000e+00 1.000000000000000000e+00
4.165249938964843750e+02 1.565327606201171875e+02 1.962556457519531250e+02 8.334472775459289551e-01 2.484901100397109985e-01 -4.935770332813262939e-01 0.000000000000000000e+00 1.000000000000000000e+00
4.171789550781250000e+02 1.567277374267578125e+02 1.958683624267578125e+02 8.361128568649291992e-01 2.503358423709869385e-01 -4.881056845188140869e-01 0.000000000000000000e+00 1.000000000000000000e+00
4.178399047851562500e+02 1.569256286621093750e+02 1.954825134277343750e+02 8.373756408691406250e-01 2.501676082611083984e-01 -4.860229194164276123e-01 0.000000000000000000e+00 1.000000000000000000e+00
4.185050048828125000e+02 1.571243286132812500e+02 1.950964813232421875e+02 8.368442654609680176e-01 2.466794252395629883e-01 -4.887135326862335205e-01 0.000000000000000000e+00 1.000000000000000000e+00
4.191729736328125000e+02 1.573212280273437500e+02 1.947063903808593750e+02 8.343691229820251465e-01 2.383045107126235962e-01 -4.970302283763885498e-01 0.000000000000000000e+00 1.000000000000000000e+00
4.198444213867187500e+02 1.575130004882812500e+02 1.943064117431640625e+02 8.293901085853576660e-01 2.251560091972351074e-01 -5.112894177436828613e-01 0.000000000000000000e+00 1.000000000000000000e+00
4.205205993652343750e+02 1.576965637207031250e+02 1.938895721435546875e+02 8.213545083999633789e-01 2.094547897577285767e-01 -5.305709242820739746e-01 0.000000000000000000e+00 1.000000000000000000e+00
4.212011108398437500e+02 1.578701019287109375e+02 1.934499816894531250e+02 8.101627230644226074e-01 1.943226903676986694e-01 -5.530596971511840820e-01 0.000000000000000000e+00 1.000000000000000000e+00
4.218810424804687500e+02 1.580331878662109375e+02 1.929858245849609375e+02 7.954415678977966309e-01 1.832590401172637939e-01 -5.776580572128295898e-01 0.000000000000000000e+00 1.000000000000000000e+00
4.225497131347656250e+02 1.581872406005859375e+02 1.925002288818359375e+02 7.773400545120239258e-01 1.778993606567382812e-01 -6.034021973609924316e-01 0.000000000000000000e+00 1.000000000000000000e+00
4.231934509277343750e+02 1.583345642089843750e+02 1.920005340576171875e+02 7.557899951934814453e-01 1.783412545919418335e-01 -6.300602555274963379e-01 0.000000000000000000e+00 1.000000000000000000e+00
4.237980041503906250e+02 1.584772186279296875e+02 1.914965515136718750e+02 7.316109538078308105e-01 1.823395192623138428e-01 -6.568849086761474609e-01 0.000000000000000000e+00 1.000000000000000000e+00
4.243529968261718750e+02 1.586155395507812500e+02 1.909982452392578125e+02 7.058236598968505859e-01 1.862637996673583984e-01 -6.834608316421508789e-01 0.000000000000000000e+00 1.000000000000000000e+00
4.248548278808593750e+02 1.587479705810546875e+02 1.905123138427734375e+02 6.807071566581726074e-01 1.858311593532562256e-01 -7.085933089256286621e-01 0.000000000000000000e+00 1.000000000000000000e+00
4.253070068359375000e+02 1.588714141845703125e+02 1.900416107177734375e+02 6.585387587547302246e-01 1.776257306337356567e-01 -7.312837243080139160e-01 0.000000000000000000e+00 1.000000000000000000e+00
4.257185058593750000e+02 1.589824066162109375e+02 1.895846557617187500e+02 6.408864259719848633e-01 1.601577103137969971e-01 -7.507424354553222656e-01 0.000000000000000000e+00 1.000000000000000000e+00
4.261011047363281250e+02 1.590780181884765625e+02 1.891364746093750000e+02 6.273412704467773438e-01 1.372456550598144531e-01 -7.665550708770751953e-01 0.000000000000000000e+00 1.000000000000000000e+00
4.264658813476562500e+02 1.591578216552734375e+02 1.886907501220703125e+02 6.177554130554199219e-01 1.163944453001022339e-01 -7.777085304260253906e-01 0.000000000000000000e+00 1.000000000000000000e+00
4.268222961425781250e+02 1.592249755859375000e+02 1.882420501708984375e+02 6.120576262474060059e-01 1.046477034687995911e-01 -7.838586568832397461e-01 0.000000000000000000e+00 1.000000000000000000e+00
4.271774902343750000e+02 1.592857055664062500e+02 1.877871551513671875e+02 6.111702919006347656e-01 1.066199913620948792e-01 -7.842850089073181152e-01 0.000000000000000000e+00 1.000000000000000000e+00
4.275368041992187500e+02 1.593483886718750000e+02 1.873260650634765625e+02 6.155216693878173828e-01 1.221464201807975769e-01 -7.785969972610473633e-01 0.000000000000000000e+00 1.000000000000000000e+00
4.279035034179687500e+02 1.594211578369140625e+02 1.868622131347656250e+02 6.254191994667053223e-01 1.474542915821075439e-01 -7.662298083305358887e-01 0.000000000000000000e+00 1.000000000000000000e+00
4.282798461914062500e+02 1.595098876953125000e+02 1.864011383056640625e+02 6.399403810501098633e-01 1.745865046977996826e-01 -7.483287453651428223e-01 0.000000000000000000e+00 1.000000000000000000e+00
4.286670532226562500e+02 1.596155242919921875e+02 1.859483489990234375e+02 6.576655507087707520e-01 1.958127319812774658e-01 -7.274156808853149414e-01 0.000000000000000000e+00 1.000000000000000000e+00
4.290665893554687500e+02 1.597344818115234375e+02 1.855064392089843750e+02 6.767848730087280273e-01 2.047034502029418945e-01 -7.071483135223388672e-01 0.000000000000000000e+00 1.000000000000000000e+00
4.294801635742187500e+02 1.598595733642578125e+02 1.850743103027343750e+02 6.953276395797729492e-01 1.996981352567672729e-01 -6.903913021087646484e-01 0.000000000000000000e+00 1.000000000000000000e+00
4.299100341796875000e+02 1.599830322265625000e+02 1.846474914550781250e+02 7.107486724853515625e-01 1.827521771192550659e-01 -6.792923212051391602e-01 0.000000000000000000e+00 1.000000000000000000e+00
4.303575439453125000e+02 1.600980987548828125e+02 1.842197875976562500e+02 7.218844890594482422e-01 1.583358496427536011e-01 -6.736561655998229980e-01 0.000000000000000000e+00 1.000000000000000000e+00
4.308223266601562500e+02 1.602000427246093750e+02 1.837860565185546875e+02 7.284268140792846680e-01 1.302354335784912109e-01 -6.726315617561340332e-01 0.000000000000000000e+00 1.000000000000000000e+00
4.313010253906250000e+02 1.602856292724609375e+02 1.833440246582031250e+02 7.314005494117736816e-01 1.005778834223747253e-01 -6.744904518127441406e-01 0.000000000000000000e+00 1.000000000000000000e+00
4.317881469726562500e+02 1.603526153564453125e+02 1.828948059082031250e+02 7.312001585960388184e-01 6.966639310121536255e-02 -6.785963177680969238e-01 0.000000000000000000e+00 1.000000000000000000e+00
4.322766113281250000e+02 1.603991546630859375e+02 1.824414825439453125e+02 7.287134528160095215e-01 3.861707448959350586e-02 -6.837291121482849121e-01 0.000000000000000000e+00 1.000000000000000000e+00
4.327603454589843750e+02 1.604247894287109375e+02 1.819876098632812500e+02 7.247129678726196289e-01 1.111865509301424026e-02 -6.889611482620239258e-01 0.000000000000000000e+00 1.000000000000000000e+00
4.332357482910156250e+02 1.604320831298828125e+02 1.815356597900390625e+02 7.201291322708129883e-01 -6.934751290827989578e-03 -6.938053369522094727e-01 0.000000000000000000e+00 1.000000000000000000e+00
4.337015991210937500e+02 1.604275970458984375e+02 1.810868377685546875e+02 7.162567377090454102e-01 -8.832066319882869720e-03 -6.977809667587280273e-01 0.000000000000000000e+00 1.000000000000000000e+00
4.341594543457031250e+02 1.604219512939453125e+02 1.806407928466796875e+02 7.133241295814514160e-01 8.771757595241069794e-03 -7.007793188095092773e-01 0.000000000000000000e+00 1.000000000000000000e+00
4.346123657226562500e+02 1.604275207519531250e+02 1.801958465576171875e+02 7.107446193695068359e-01 4.439751431345939636e-02 -7.020477056503295898e-01 0.000000000000000000e+00 1.000000000000000000e+00
4.350637817382812500e+02 1.604557189941406250e+02 1.797499542236328125e+02 7.075893878936767578e-01 9.185788035392761230e-02 -7.006279230117797852e-01 0.000000000000000000e+00 1.000000000000000000e+00
4.355166625976562500e+02 1.605145111083984375e+02 1.793015289306640625e+02 7.032622098922729492e-01 1.420865207910537720e-01 -6.965872049331665039e-01 0.000000000000000000e+00 1.000000000000000000e+00
4.359716186523437500e+02 1.606064300537109375e+02 1.788508911132812500e+02 6.986663937568664551e-01 1.871971040964126587e-01 -6.905233263969421387e-01 0.000000000000000000e+00 1.000000000000000000e+00
4.364272155761718750e+02 1.607285003662109375e+02 1.784006042480468750e+02 6.945638656616210938e-01 2.235841155052185059e-01 -6.838064789772033691e-01 0.000000000000000000e+00 1.000000000000000000e+00
4.368794250488281250e+02 1.608740692138671875e+02 1.779553985595703125e+02 6.909345984458923340e-01 2.523187994956970215e-01 -6.774544715881347656e-01 0.000000000000000000e+00 1.000000000000000000e+00
4.373228759765625000e+02 1.610360107421875000e+02 1.775205993652343750e+02 6.872125864028930664e-01 2.758907675743103027e-01 -6.720290780067443848e-01 0.000000000000000000e+00 1.000000000000000000e+00
4.377524414062500000e+02 1.612084655761718750e+02 1.771005249023437500e+02 6.817167997360229492e-01 2.976172566413879395e-01 -6.683458685874938965e-01 0.000000000000000000e+00 1.000000000000000000e+00
4.381647644042968750e+02 1.613884735107421875e+02 1.766962890625000000e+02 6.736204028129577637e-01 3.196339607238769531e-01 -6.663855314254760742e-01 0.000000000000000000e+00 1.000000000000000000e+00
4.385597229003906250e+02 1.615758819580078125e+02 1.763055725097656250e+02 6.623615026473999023e-01 3.426356017589569092e-01 -6.662417650222778320e-01 0.000000000000000000e+00 1.000000000000000000e+00
4.389400024414062500e+02 1.617725982666015625e+02 1.759230651855468750e+02 6.486642360687255859e-01 3.656282424926757812e-01 -6.674959063529968262e-01 0.000000000000000000e+00 1.000000000000000000e+00
4.393105468750000000e+02 1.619814605712890625e+02 1.755417633056640625e+02 6.344031095504760742e-01 3.870191574096679688e-01 -6.691403388977050781e-01 0.000000000000000000e+00 1.000000000000000000e+00
4.396772766113281250e+02 1.622051849365234375e+02 1.751549530029296875e+02 6.203362345695495605e-01 4.061486423015594482e-01 -6.709890365600585938e-01 0.000000000000000000e+00 1.000000000000000000e+00
4.400452270507812500e+02 1.624460906982421875e+02 1.747569580078125000e+02 6.078537106513977051e-01 4.231933951377868652e-01 -6.718789339065551758e-01 0.000000000000000000e+00 1.000000000000000000e+00
4.404179687500000000e+02 1.627055969238281250e+02 1.743449554443359375e+02 5.964701175689697266e-01 4.388838112354278564e-01 -6.720152497291564941e-01 0.000000000000000000e+00 1.000000000000000000e+00
4.407962646484375000e+02 1.629839477539062500e+02 1.739187469482421875e+02 5.859332680702209473e-01 4.535510838031768799e-01 -6.715456247329711914e-01 0.000000000000000000e+00 1.000000000000000000e+00
4.411785888671875000e+02 1.632798919677734375e+02 1.734805603027343750e+02 5.762034654617309570e-01 4.668540060520172119e-01 -6.708478331565856934e-01 0.000000000000000000e+00 1.000000000000000000e+00
4.415624389648437500e+02 1.635908966064453125e+02 1.730336608886718750e+02 5.672400593757629395e-01 4.781495332717895508e-01 -6.705308556556701660e-01 0.000000000000000000e+00 1.000000000000000000e+00
4.419452209472656250e+02 1.639135589599609375e+02 1.725811767578125000e+02 5.596019625663757324e-01 4.867819547653198242e-01 -6.707376241683959961e-01 0.000000000000000000e+00 1.000000000000000000e+00
4.423260803222656250e+02 1.642448577880859375e+02 1.721246795654296875e+02 5.536377429962158203e-01 4.919717311859130859e-01 -6.718995571136474609e-01 0.000000000000000000e+00 1.000000000000000000e+00
4.427059631347656250e+02 1.645824279785156250e+02 1.716636505126953125e+02 5.501750111579895020e-01 4.933763742446899414e-01 -6.737115383148193359e-01 0.000000000000000000e+00 1.000000000000000000e+00
4.430877380371093750e+02 1.649247894287109375e+02 1.711961517333984375e+02 5.500305294990539551e-01 4.908620715141296387e-01 -6.756633520126342773e-01 0.000000000000000000e+00 1.000000000000000000e+00
4.434754028320312500e+02 1.652707519531250000e+02 1.707199401855468750e+02 5.532147884368896484e-01 4.849552214145660400e-01 -6.773269772529602051e-01 0.000000000000000000e+00 1.000000000000000000e+00
4.438727416992187500e+02 1.656190643310546875e+02 1.702334594726562500e+02 5.598558783531188965e-01 4.763631224632263184e-01 -6.779671311378479004e-01 0.000000000000000000e+00 1.000000000000000000e+00
4.442826232910156250e+02 1.659678192138671875e+02 1.697371063232421875e+02 5.693183541297912598e-01 4.660857617855072021e-01 -6.772302389144897461e-01 0.000000000000000000e+00 1.000000000000000000e+00
4.447059020996093750e+02 1.663143463134765625e+02 1.692335968017578125e+02 5.816183686256408691e-01 4.553456604480743408e-01 -6.740773916244506836e-01 0.000000000000000000e+00 1.000000000000000000e+00
4.451426391601562500e+02 1.666562652587890625e+02 1.687274322509765625e+02 5.958096385002136230e-01 4.453161954879760742e-01 -6.683595776557922363e-01 0.000000000000000000e+00 1.000000000000000000e+00
4.455910034179687500e+02 1.669913787841796875e+02 1.682244720458984375e+02 6.111708283424377441e-01 4.369349479675292969e-01 -6.599682569503784180e-01 0.000000000000000000e+00 1.000000000000000000e+00
4.460485229492187500e+02 1.673184661865234375e+02 1.677304229736328125e+02 6.266085505485534668e-01 4.308346509933471680e-01 -6.494175791740417480e-01 0.000000000000000000e+00 1.000000000000000000e+00
4.465121459960937500e+02 1.676372375488281250e+02 1.672499237060546875e+02 6.412966847419738770e-01 4.278808236122131348e-01 -6.369117498397827148e-01 0.000000000000000000e+00 1.000000000000000000e+00
4.469785461425781250e+02 1.679484252929687500e+02 1.667867126464843750e+02 6.545016765594482422e-01 4.283082485198974609e-01 -6.230406165122985840e-01 0.000000000000000000e+00 1.000000000000000000e+00
4.474439086914062500e+02 1.682529602050781250e+02 1.663437194824218750e+02 6.670393943786621094e-01 4.322291612625122070e-01 -6.068248152732849121e-01 0.000000000000000000e+00 1.000000000000000000e+00
4.479050292968750000e+02 1.685517578125000000e+02 1.659242248535156250e+02 6.806185841560363770e-01 4.394112229347229004e-01 -5.862390398979187012e-01 0.000000000000000000e+00 1.000000000000000000e+00
4.483602600097656250e+02 1.688456573486328125e+02 1.655321197509765625e+02 6.967687010765075684e-01 4.487755000591278076e-01 -5.595658421516418457e-01 0.000000000000000000e+00 1.000000000000000000e+00
4.488090820312500000e+02 1.691347351074218750e+02 1.651716766357421875e+02 7.167599797248840332e-01 4.589045047760009766e-01 -5.250351428985595703e-01 0.000000000000000000e+00 1.000000000000000000e+00
4.492536315917968750e+02 1.694193572998046875e+02 1.648460388183593750e+02 7.399914264678955078e-01 4.674968421459197998e-01 -4.835902452468872070e-01 0.000000000000000000e+00 1.000000000000000000e+00
4.496977539062500000e+02 1.696999359130859375e+02 1.645558013916015625e+02 7.639371752738952637e-01 4.727202653884887695e-01 -4.392443597316741943e-01 0.000000000000000000e+00 1.000000000000000000e+00
4.501459045410156250e+02 1.699772491455078125e+02 1.642981262207031250e+02 7.858808636665344238e-01 4.732841551303863525e-01 -3.979865610599517822e-01 0.000000000000000000e+00 1.000000000000000000e+00
4.506021728515625000e+02 1.702520294189453125e+02 1.640670623779296875e+02 8.038853406906127930e-01 4.692180156707763672e-01 -3.655171990394592285e-01 0.000000000000000000e+00 1.000000000000000000e+00
4.510685729980468750e+02 1.705242614746093750e+02 1.638549957275390625e+02 8.178771138191223145e-01 4.608423113822937012e-01 -3.445307314395904541e-01 0.000000000000000000e+00 1.000000000000000000e+00
4.515446472167968750e+02 1.707925109863281250e+02 1.636544494628906250e+02 8.283323645591735840e-01 4.486320614814758301e-01 -3.355515599250793457e-01 0.000000000000000000e+00 1.000000000000000000e+00
4.520276184082031250e+02 1.710540924072265625e+02 1.634588012695312500e+02 8.364201784133911133e-01 4.324555993080139160e-01 -3.367245793342590332e-01 0.000000000000000000e+00 1.000000000000000000e+00
4.525140991210937500e+02 1.713056182861328125e+02 1.632629547119140625e+02 8.424090147018432617e-01 4.126343429088592529e-01 -3.465253114700317383e-01 0.000000000000000000e+00 1.000000000000000000e+00
4.530015563964843750e+02 1.715443878173828125e+02 1.630624389648437500e+02 8.463515639305114746e-01 3.897427916526794434e-01 -3.630281686782836914e-01 0.000000000000000000e+00 1.000000000000000000e+00
4.534898071289062500e+02 1.717692260742187500e+02 1.628530120849609375e+02 8.479735255241394043e-01 3.648429512977600098e-01 -3.844873309135437012e-01 0.000000000000000000e+00 1.000000000000000000e+00
4.539811706542968750e+02 1.719806365966796875e+02 1.626302185058593750e+02 8.470728397369384766e-01 3.393887579441070557e-01 -4.090023040771484375e-01 0.000000000000000000e+00 1.000000000000000000e+00
4.544800720214843750e+02 1.721805267333984375e+02 1.623893280029296875e+02 8.441098928451538086e-01 3.142264485359191895e-01 -4.344423413276672363e-01 0.000000000000000000e+00 1.000000000000000000e+00
4.549906005859375000e+02 1.723705749511718750e+02 1.621265716552734375e+02 8.394476175308227539e-01 2.896145582199096680e-01 -4.598381817340850830e-01 0.000000000000000000e+00 1.000000000000000000e+00
4.555152282714843750e+02 1.725515747070312500e+02 1.618391876220703125e+02 8.335051536560058594e-01 2.645234465599060059e-01 -4.850738346576690674e-01 0.000000000000000000e+00 1.000000000000000000e+00
4.560537719726562500e+02 1.727224884033203125e+02 1.615257720947265625e+02 8.265088200569152832e-01 2.378878146409988403e-01 -5.101886391639709473e-01 0.000000000000000000e+00 1.000000000000000000e+00
4.566038513183593750e+02 1.728808135986328125e+02 1.611862182617187500e+02 8.181849122047424316e-01 2.085125595331192017e-01 -5.358133912086486816e-01 0.000000000000000000e+00 1.000000000000000000e+00
4.571609802246093750e+02 1.730227966308593750e+02 1.608213653564453125e+02 8.082917332649230957e-01 1.747747361660003662e-01 -5.622438788414001465e-01 0.000000000000000000e+00 1.000000000000000000e+00
4.577200927734375000e+02 1.731436920166015625e+02 1.604324493408203125e+02 7.960423827171325684e-01 1.364181935787200928e-01 -5.896666646003723145e-01 0.000000000000000000e+00 1.000000000000000000e+00
4.582758789062500000e+02 1.732389373779296875e+02 1.600207519531250000e+02 7.807102203369140625e-01 9.242445230484008789e-02 -6.180205345153808594e-01 0.000000000000000000e+00 1.000000000000000000e+00
4.588231506347656250e+02 1.733037261962890625e+02 1.595875244140625000e+02 7.611952424049377441e-01 4.301915690302848816e-02 -6.470943689346313477e-01 0.000000000000000000e+00 1.000000000000000000e+00
4.593566589355468750e+02 1.733338775634765625e+02 1.591339874267578125e+02 7.368022799491882324e-01 -1.090847887098789215e-02 -6.760202050209045410e-01 0.000000000000000000e+00 1.000000000000000000e+00
4.598719787597656250e+02 1.733262481689453125e+02 1.586611785888671875e+02 7.073849439620971680e-01 -6.727929413318634033e-02 -7.036192417144775391e-01 0.000000000000000000e+00 1.000000000000000000e+00
4.603649902343750000e+02 1.732793579101562500e+02 1.581707916259765625e+02 6.738977432250976562e-01 -1.237726584076881409e-01 -7.283831834793090820e-01 0.000000000000000000e+00 1.000000000000000000e+00
4.608332214355468750e+02 1.731933593750000000e+02 1.576647033691406250e+02 6.380066275596618652e-01 -1.773783564567565918e-01 -7.493227124214172363e-01 0.000000000000000000e+00 1.000000000000000000e+00
4.612748718261718750e+02 1.730705718994140625e+02 1.571459960937500000e+02 6.025141477584838867e-01 -2.261422872543334961e-01 -7.653995156288146973e-01 0.000000000000000000e+00 1.000000000000000000e+00
4.616896667480468750e+02 1.729148864746093750e+02 1.566190643310546875e+02 5.696989297866821289e-01 -2.687246203422546387e-01 -7.766789197921752930e-01 0.000000000000000000e+00 1.000000000000000000e+00
4.620778198242187500e+02 1.727317962646484375e+02 1.560898895263671875e+02 5.412402749061584473e-01 -3.052120506763458252e-01 -7.835205793380737305e-01 0.000000000000000000e+00 1.000000000000000000e+00
4.624397583007812500e+02 1.725276947021484375e+02 1.555659332275390625e+02 5.177254080772399902e-01 -3.362137079238891602e-01 -7.867151498794555664e-01 0.000000000000000000e+00 1.000000000000000000e+00
4.627759704589843750e+02 1.723093566894531250e+02 1.550550384521484375e+02 4.991203248500823975e-01 -3.625671565532684326e-01 -7.870348095893859863e-01 0.000000000000000000e+00 1.000000000000000000e+00
4.630871276855468750e+02 1.720833282470703125e+02 1.545643920898437500e+02 4.843616187572479248e-01 -3.846461772918701172e-01 -7.857742309570312500e-01 0.000000000000000000e+00 1.000000000000000000e+00
4.633741149902343750e+02 1.718554229736328125e+02 1.540988159179687500e+02 4.730877876281738281e-01 -4.026314020156860352e-01 -7.836300134658813477e-01 0.000000000000000000e+00 1.000000000000000000e+00
4.636390686035156250e+02 1.716299285888671875e+02 1.536599426269531250e+02 4.646930098533630371e-01 -4.166044294834136963e-01 -7.813457846641540527e-01 0.000000000000000000e+00 1.000000000000000000e+00
4.638851623535156250e+02 1.714093017578125000e+02 1.532461547851562500e+02 4.586667418479919434e-01 -4.265364408493041992e-01 -7.795457243919372559e-01 0.000000000000000000e+00 1.000000000000000000e+00
4.641162719726562500e+02 1.711943817138671875e+02 1.528533630371093750e+02 4.548422098159790039e-01 -4.328367710113525391e-01 -7.783128619194030762e-01 0.000000000000000000e+00 1.000000000000000000e+00
4.643367309570312500e+02 1.709845886230468750e+02 1.524761199951171875e+02 4.525293111801147461e-01 -4.363883435726165771e-01 -7.776775956153869629e-01 0.000000000000000000e+00 1.000000000000000000e+00
4.645502014160156250e+02 1.707787322998046875e+02 1.521092681884765625e+02 4.512669742107391357e-01 -4.382749497890472412e-01 -7.773501276969909668e-01 0.000000000000000000e+00 1.000000000000000000e+00
4.647595520019531250e+02 1.705754089355468750e+02 1.517486419677734375e+02 4.507444500923156738e-01 -4.389596283435821533e-01 -7.772669196128845215e-01 0.000000000000000000e+00 1.000000000000000000e+00
4.649667358398437500e+02 1.703736419677734375e+02 1.513913726806640625e+02 4.499906301498413086e-01 -4.393971264362335205e-01 -7.774564623832702637e-01 0.000000000000000000e+00 1.000000000000000000e+00
4.651728515625000000e+02 1.701723785400390625e+02 1.510352630615234375e+02 4.497222602367401123e-01 -4.396995604038238525e-01 -7.774407863616943359e-01 0.000000000000000000e+00 1.000000000000000000e+00
4.653789367675781250e+02 1.699708862304687500e+02 1.506790008544921875e+02 4.484854042530059814e-01 -4.402624070644378662e-01 -7.778366804122924805e-01 0.000000000000000000e+00 1.000000000000000000e+00
4.655853271484375000e+02 1.697682800292968750e+02 1.503210449218750000e+02 4.467856884002685547e-01 -4.410054385662078857e-01 -7.783936858177185059e-01 0.000000000000000000e+00 1.000000000000000000e+00
4.657929077148437500e+02 1.695633850097656250e+02 1.499593963623046875e+02 4.440524876117706299e-01 -4.424702823162078857e-01 -7.791261076927185059e-01 0.000000000000000000e+00 1.000000000000000000e+00
4.660027465820312500e+02 1.693542938232421875e+02 1.495912170410156250e+02 4.405164420604705811e-01 -4.441040158271789551e-01 -7.802031636238098145e-01 0.000000000000000000e+00 1.000000000000000000e+00
4.662163391113281250e+02 1.691389617919921875e+02 1.492129211425781250e+02 4.369425177574157715e-01 -4.457312524318695068e-01 -7.812841534614562988e-01 0.000000000000000000e+00 1.000000000000000000e+00
4.664355773925781250e+02 1.689153137207031250e+02 1.488209075927734375e+02 4.344980716705322266e-01 -4.467769861221313477e-01 -7.820497751235961914e-01 0.000000000000000000e+00 1.000000000000000000e+00
4.666623535156250000e+02 1.686821289062500000e+02 1.484127349853515625e+02 4.343446493148803711e-01 -4.464410245418548584e-01 -7.823266983032226562e-01 0.000000000000000000e+00 1.000000000000000000e+00
4.668979492187500000e+02 1.684399719238281250e+02 1.479883880615234375e+02 4.372942447662353516e-01 -4.449560046195983887e-01 -7.815291285514831543e-01 0.000000000000000000e+00 1.000000000000000000e+00
4.671426696777343750e+02 1.681909637451171875e+02 1.475510253906250000e+02 4.438460469245910645e-01 -4.433650076389312744e-01 -7.787349820137023926e-01 0.000000000000000000e+00 1.000000000000000000e+00
4.673960876464843750e+02 1.679378204345703125e+02 1.471063995361328125e+02 4.535676240921020508e-01 -4.444602429866790771e-01 -7.724840044975280762e-01 0.000000000000000000e+00 1.000000000000000000e+00
4.676575012207031250e+02 1.676816558837890625e+02 1.466611785888671875e+02 4.667309522628784180e-01 -4.517320692539215088e-01 -7.603291273117065430e-01 0.000000000000000000e+00 1.000000000000000000e+00
4.679276733398437500e+02 1.674201660156250000e+02 1.462210540771484375e+02 4.822523891925811768e-01 -4.683382213115692139e-01 -7.403323650360107422e-01 0.000000000000000000e+00 1.000000000000000000e+00
4.682084960937500000e+02 1.671474456787109375e+02 1.457899475097656250e+02 4.994170367717742920e-01 -4.948989450931549072e-01 -7.110961079597473145e-01 0.000000000000000000e+00 1.000000000000000000e+00
4.685036621093750000e+02 1.668549499511718750e+02 1.453696746826171875e+02 5.165569186210632324e-01 -5.279397368431091309e-01 -6.741279363632202148e-01 0.000000000000000000e+00 1.000000000000000000e+00
4.688166503906250000e+02 1.665350646972656250e+02 1.449612121582031250e+02 5.324105620384216309e-01 -5.613874197006225586e-01 -6.335479617118835449e-01 0.000000000000000000e+00 1.000000000000000000e+00
4.691483154296875000e+02 1.661853485107421875e+02 1.445665435791015625e+02 5.460343956947326660e-01 -5.904089808464050293e-01 -5.943598151206970215e-01 0.000000000000000000e+00 1.000000000000000000e+00
4.694941711425781250e+02 1.658113861083984375e+02 1.441900787353515625e+02 5.571903586387634277e-01 -6.127681732177734375e-01 -5.604052543640136719e-01 0.000000000000000000e+00 1.000000000000000000e+00
4.698432617187500000e+02 1.654274749755859375e+02 1.438389739990234375e+02 5.664386153221130371e-01 -6.284820437431335449e-01 -5.330642461776733398e-01 0.000000000000000000e+00 1.000000000000000000e+00
4.701794128417968750e+02 1.650545043945312500e+02 1.435226287841796875e+02 5.735689401626586914e-01 -6.390434503555297852e-01 -5.124862790107727051e-01 0.000000000000000000e+00 1.000000000000000000e+00
4.704843139648437500e+02 1.647147979736328125e+02 1.432501983642578125e+02 5.792195796966552734e-01 -6.458024382591247559e-01 -4.974373579025268555e-01 0.000000000000000000e+00 1.000000000000000000e+00
4.707424926757812500e+02 1.644269409179687500e+02 1.430284729003906250e+02 5.792195796966552734e-01 -6.458024382591247559e-01 -4.974373579025268555e-01 0.000000000000000000e+00 1.000000000000000000e+00
