1.961875305175781250e+02 1.900471801757812500e+02 2.019053497314453125e+02 9.005499631166458130e-02 9.954718947410583496e-01 -3.042653016746044159e-02 0.000000000000000000e+00 2.000000000000000000e+00
1.961437683105468750e+02 1.895634307861328125e+02 2.019201354980468750e+02 1.158688217401504517e-01 9.931300282478332520e-01 -1.634421572089195251e-02 0.000000000000000000e+00 2.000000000000000000e+00
1.960710754394531250e+02 1.889403686523437500e+02 2.019303894042968750e+02 1.426829248666763306e-01 9.897680878639221191e-01 -8.284945506602525711e-04 0.000000000000000000e+00 2.000000000000000000e+00
1.959633331298828125e+02 1.881929779052734375e+02 2.019310150146484375e+02 1.693389266729354858e-01 9.854344725608825684e-01 1.559395529329776764e-02 0.000000000000000000e+00 2.000000000000000000e+00
1.958185119628906250e+02 1.873502197265625000e+02 2.019176788330078125e+02 1.937113851308822632e-01 9.805415868759155273e-01 3.184319287538528442e-02 0.000000000000000000e+00 2.000000000000000000e+00
1.956401977539062500e+02 1.864476165771484375e+02 2.018883666992187500e+02 2.140382975339889526e-01 9.756954312324523926e-01 4.696760326623916626e-02 0.000000000000000000e+00 2.000000000000000000e+00
1.954363861083984375e+02 1.855185394287109375e+02 2.018436431884765625e+02 2.293014079332351685e-01 9.715402722358703613e-01 5.941606685519218445e-02 0.000000000000000000e+00 2.000000000000000000e+00
1.952167358398437500e+02 1.845878906250000000e+02 2.017867279052734375e+02 2.394547313451766968e-01 9.685372114181518555e-01 6.780178844928741455e-02 0.000000000000000000e+00 2.000000000000000000e+00
1.949897003173828125e+02 1.836695861816406250e+02 2.017224426269531250e+02 2.457275986671447754e-01 9.667030572891235352e-01 7.143681496381759644e-02 0.000000000000000000e+00 2.000000000000000000e+00
1.947604370117187500e+02 1.827676544189453125e+02 2.016557922363281250e+02 2.502183616161346436e-01 9.656185507774353027e-01 7.050974667072296143e-02 0.000000000000000000e+00 2.000000000000000000e+00
1.945303039550781250e+02 1.818795471191406250e+02 2.015909423828125000e+02 2.546043992042541504e-01 9.647665023803710938e-01 6.634870916604995728e-02 0.000000000000000000e+00 2.000000000000000000e+00
1.942980804443359375e+02 1.809995880126953125e+02 2.015304260253906250e+02 2.599416971206665039e-01 9.637136459350585938e-01 6.071508303284645081e-02 0.000000000000000000e+00 2.000000000000000000e+00
1.940614624023437500e+02 1.801223449707031250e+02 2.014751586914062500e+02 2.655964493751525879e-01 9.625180363655090332e-01 5.493142455816268921e-02 0.000000000000000000e+00 2.000000000000000000e+00
1.938185882568359375e+02 1.792421722412109375e+02 2.014249267578125000e+02 2.709739804267883301e-01 9.613046050071716309e-01 4.966478422284126282e-02 0.000000000000000000e+00 2.000000000000000000e+00
1.935684967041015625e+02 1.783549499511718750e+02 2.013790893554687500e+02 2.762609124183654785e-01 9.600222110748291016e-01 4.513448476791381836e-02 0.000000000000000000e+00 2.000000000000000000e+00
1.933103485107421875e+02 1.774578704833984375e+02 2.013369140625000000e+02 2.817682921886444092e-01 9.586141109466552734e-01 4.081126302480697632e-02 0.000000000000000000e+00 2.000000000000000000e+00
1.930431823730468750e+02 1.765489349365234375e+02 2.012982177734375000e+02 2.877402007579803467e-01 9.570313096046447754e-01 3.600912913680076599e-02 0.000000000000000000e+00 2.000000000000000000e+00
1.927661590576171875e+02 1.756275482177734375e+02 2.012635498046875000e+02 2.945839166641235352e-01 9.551413655281066895e-01 3.041712380945682526e-02 0.000000000000000000e+00 2.000000000000000000e+00
1.924782867431640625e+02 1.746941680908203125e+02 2.012338256835937500e+02 3.020514547824859619e-01 9.529917240142822266e-01 2.391234226524829865e-02 0.000000000000000000e+00 2.000000000000000000e+00
1.921795349121093750e+02 1.737515869140625000e+02 2.012101745605468750e+02 3.100665807723999023e-01 9.505704641342163086e-01 1.656937971711158752e-02 0.000000000000000000e+00 2.000000000000000000e+00
1.918708648681640625e+02 1.728052978515625000e+02 2.011936798095703125e+02 3.183958828449249268e-01 9.479203224182128906e-01 8.435040712356567383e-03 0.000000000000000000e+00 2.000000000000000000e+00
1.915546569824218750e+02 1.718638916015625000e+02 2.011853027343750000e+02 3.268823027610778809e-01 9.450650215148925781e-01 -2.027902664849534631e-04 0.000000000000000000e+00 2.000000000000000000e+00
1.912349090576171875e+02 1.709394531250000000e+02 2.011855010986328125e+02 3.356350362300872803e-01 9.419491887092590332e-01 -8.989936672151088715e-03 0.000000000000000000e+00 2.000000000000000000e+00
1.909164581298828125e+02 1.700457305908203125e+02 2.011940307617187500e+02 3.449257314205169678e-01 9.384726881980895996e-01 -1.718401350080966949e-02 0.000000000000000000e+00 2.000000000000000000e+00
1.906037445068359375e+02 1.691949005126953125e+02 2.012096099853515625e+02 3.548031449317932129e-01 9.346585273742675781e-01 -2.298413589596748352e-02 0.000000000000000000e+00 2.000000000000000000e+00
1.902996520996093750e+02 1.683938293457031250e+02 2.012293090820312500e+02 3.651227056980133057e-01 9.306749105453491211e-01 -2.301248908042907715e-02 0.000000000000000000e+00 2.000000000000000000e+00
1.900045318603515625e+02 1.676415863037109375e+02 2.012479095458984375e+02 3.754832446575164795e-01 9.267266988754272461e-01 -1.377810910344123840e-02 0.000000000000000000e+00 2.000000000000000000e+00
1.897159423828125000e+02 1.669293212890625000e+02 2.012584991455078125e+02 3.853222727775573730e-01 9.227524995803833008e-01 7.393850013613700867e-03 0.000000000000000000e+00 2.000000000000000000e+00
1.894296722412109375e+02 1.662437744140625000e+02 2.012530059814453125e+02 3.936282396316528320e-01 9.183754920959472656e-01 4.053680598735809326e-02 0.000000000000000000e+00 2.000000000000000000e+00
1.891416320800781250e+02 1.655717468261718750e+02 2.012233428955078125e+02 3.996821045875549316e-01 9.129837751388549805e-01 8.194380253553390503e-02 0.000000000000000000e+00 2.000000000000000000e+00
1.888493652343750000e+02 1.649041290283203125e+02 2.011634216308593750e+02 4.034077525138854980e-01 9.062262773513793945e-01 1.265548169612884521e-01 0.000000000000000000e+00 2.000000000000000000e+00
1.885525207519531250e+02 1.642372894287109375e+02 2.010702972412109375e+02 4.047033190727233887e-01 8.985628485679626465e-01 1.697056591510772705e-01 0.000000000000000000e+00 2.000000000000000000e+00
1.882526092529296875e+02 1.635713958740234375e+02 2.009445343017578125e+02 4.041617214679718018e-01 8.906382918357849121e-01 2.083670943975448608e-01 0.000000000000000000e+00 2.000000000000000000e+00
1.879514312744140625e+02 1.629076995849609375e+02 2.007892608642578125e+02 4.033751487731933594e-01 8.829422593116760254e-01 2.402114719152450562e-01 0.000000000000000000e+00 2.000000000000000000e+00
1.876493835449218750e+02 1.622465515136718750e+02 2.006093902587890625e+02 4.038393199443817139e-01 8.755722045898437500e-01 2.651169598102569580e-01 0.000000000000000000e+00 2.000000000000000000e+00
1.873449707031250000e+02 1.615865478515625000e+02 2.004095458984375000e+02 4.075662493705749512e-01 8.680504560470581055e-01 2.835104167461395264e-01 0.000000000000000000e+00 2.000000000000000000e+00
1.870343627929687500e+02 1.609250030517578125e+02 2.001934814453125000e+02 4.154886603355407715e-01 8.598589301109313965e-01 2.966676950454711914e-01 0.000000000000000000e+00 2.000000000000000000e+00
1.867129974365234375e+02 1.602599334716796875e+02 1.999640197753906250e+02 4.277102351188659668e-01 8.505744338035583496e-01 3.059199154376983643e-01 0.000000000000000000e+00 2.000000000000000000e+00
1.863763122558593750e+02 1.595903778076171875e+02 1.997232055664062500e+02 4.429706931114196777e-01 8.402397632598876953e-01 3.126885592937469482e-01 0.000000000000000000e+00 2.000000000000000000e+00
1.860216522216796875e+02 1.589176483154296875e+02 1.994728546142578125e+02 4.591168165206909180e-01 8.292824625968933105e-01 3.185942769050598145e-01 0.000000000000000000e+00 2.000000000000000000e+00
1.856494445800781250e+02 1.582453460693359375e+02 1.992145690917968750e+02 4.742555916309356689e-01 8.180876374244689941e-01 3.252910673618316650e-01 0.000000000000000000e+00 2.000000000000000000e+00
1.852630462646484375e+02 1.575788116455078125e+02 1.989495391845703125e+02 4.869778156280517578e-01 8.067035079002380371e-01 3.347866535186767578e-01 0.000000000000000000e+00 2.000000000000000000e+00
1.848683471679687500e+02 1.569249725341796875e+02 1.986781921386718750e+02 4.959297180175781250e-01 7.951794862747192383e-01 3.489173948764801025e-01 0.000000000000000000e+00 2.000000000000000000e+00
1.844729766845703125e+02 1.562910308837890625e+02 1.984000244140625000e+02 5.006216764450073242e-01 7.834792733192443848e-01 3.681550621986389160e-01 0.000000000000000000e+00 2.000000000000000000e+00
1.840843048095703125e+02 1.556827545166015625e+02 1.981141967773437500e+02 5.016304254531860352e-01 7.714748382568359375e-01 3.913994133472442627e-01 0.000000000000000000e+00 2.000000000000000000e+00
1.837078094482421875e+02 1.551037292480468750e+02 1.978204345703125000e+02 5.003398656845092773e-01 7.590221762657165527e-01 4.165877401828765869e-01 0.000000000000000000e+00 2.000000000000000000e+00
1.833459167480468750e+02 1.545547332763671875e+02 1.975191192626953125e+02 4.998546540737152100e-01 7.454072833061218262e-01 4.410366415977478027e-01 0.000000000000000000e+00 2.000000000000000000e+00
1.829972229003906250e+02 1.540347442626953125e+02 1.972114562988281250e+02 5.035796761512756348e-01 7.298171520233154297e-01 4.623574018478393555e-01 0.000000000000000000e+00 2.000000000000000000e+00
1.826566619873046875e+02 1.535411834716796875e+02 1.968987731933593750e+02 5.134456157684326172e-01 7.115564942359924316e-01 4.796465933322906494e-01 0.000000000000000000e+00 2.000000000000000000e+00
1.823170776367187500e+02 1.530705718994140625e+02 1.965815429687500000e+02 5.297833085060119629e-01 6.901180148124694824e-01 4.930180907249450684e-01 0.000000000000000000e+00 2.000000000000000000e+00
1.819705505371093750e+02 1.526191711425781250e+02 1.962590637207031250e+02 5.509831905364990234e-01 6.658626794815063477e-01 5.030351281166076660e-01 0.000000000000000000e+00 2.000000000000000000e+00
1.816100463867187500e+02 1.521835021972656250e+02 1.959299316406250000e+02 5.736392140388488770e-01 6.399270296096801758e-01 5.113037228584289551e-01 0.000000000000000000e+00 2.000000000000000000e+00
1.812313385009765625e+02 1.517610321044921875e+02 1.955923767089843750e+02 5.951163172721862793e-01 6.131377220153808594e-01 5.195177197456359863e-01 0.000000000000000000e+00 2.000000000000000000e+00
1.808332672119140625e+02 1.513509063720703125e+02 1.952448730468750000e+02 6.134637594223022461e-01 5.864449739456176758e-01 5.289087891578674316e-01 0.000000000000000000e+00 2.000000000000000000e+00
1.804185638427734375e+02 1.509544677734375000e+02 1.948873291015625000e+02 6.276044249534606934e-01 5.602766871452331543e-01 5.405578017234802246e-01 0.000000000000000000e+00 2.000000000000000000e+00
1.799931335449218750e+02 1.505746765136718750e+02 1.945209045410156250e+02 6.366438865661621094e-01 5.353214144706726074e-01 5.550816655158996582e-01 0.000000000000000000e+00 2.000000000000000000e+00
1.795654296875000000e+02 1.502150421142578125e+02 1.941479949951171875e+02 6.405934095382690430e-01 5.128046870231628418e-01 5.715517401695251465e-01 0.000000000000000000e+00 2.000000000000000000e+00
1.791448059082031250e+02 1.498783264160156250e+02 1.937727050781250000e+02 6.401298046112060547e-01 4.937751889228820801e-01 5.885744094848632812e-01 0.000000000000000000e+00 2.000000000000000000e+00
1.787393646240234375e+02 1.495655822753906250e+02 1.933999176025390625e+02 6.370442509651184082e-01 4.790760576725006104e-01 6.038714647293090820e-01 0.000000000000000000e+00 2.000000000000000000e+00
1.783540344238281250e+02 1.492758026123046875e+02 1.930346527099609375e+02 6.333083510398864746e-01 4.687055051326751709e-01 6.158211231231689453e-01 0.000000000000000000e+00 2.000000000000000000e+00
1.779898681640625000e+02 1.490062866210937500e+02 1.926805419921875000e+02 6.307235360145568848e-01 4.624692797660827637e-01 6.231452822685241699e-01 0.000000000000000000e+00 2.000000000000000000e+00
1.776444396972656250e+02 1.487530059814453125e+02 1.923392639160156250e+02 6.301701068878173828e-01 4.594047963619232178e-01 6.259655356407165527e-01 0.000000000000000000e+00 2.000000000000000000e+00
1.773128356933593750e+02 1.485112609863281250e+02 1.920098724365234375e+02 6.307289004325866699e-01 4.594043791294097900e-01 6.254029273986816406e-01 0.000000000000000000e+00 2.000000000000000000e+00
1.769893798828125000e+02 1.482756652832031250e+02 1.916891479492187500e+02 6.308990120887756348e-01 4.620186686515808105e-01 6.233018040657043457e-01 0.000000000000000000e+00 2.000000000000000000e+00
1.766687927246093750e+02 1.480408935546875000e+02 1.913724212646484375e+02 6.286892890930175781e-01 4.663459658622741699e-01 6.223112344741821289e-01 0.000000000000000000e+00 2.000000000000000000e+00
1.763469238281250000e+02 1.478021392822265625e+02 1.910538177490234375e+02 6.229416131973266602e-01 4.715508520603179932e-01 6.241663098335266113e-01 0.000000000000000000e+00 2.000000000000000000e+00
1.760209350585937500e+02 1.475553741455078125e+02 1.907271881103515625e+02 6.139216423034667969e-01 4.755190610885620117e-01 6.300648450851440430e-01 0.000000000000000000e+00 2.000000000000000000e+00
1.756890106201171875e+02 1.472982788085937500e+02 1.903865356445312500e+02 6.040223240852355957e-01 4.766410589218139648e-01 6.387256383895874023e-01 0.000000000000000000e+00 2.000000000000000000e+00
1.753495941162109375e+02 1.470304412841796875e+02 1.900276184082031250e+02 5.967245697975158691e-01 4.746755659580230713e-01 6.469953656196594238e-01 0.000000000000000000e+00 2.000000000000000000e+00
1.750007476806640625e+02 1.467529449462890625e+02 1.896493835449218750e+02 5.953371524810791016e-01 4.709897935390472412e-01 6.509549617767333984e-01 0.000000000000000000e+00 2.000000000000000000e+00
1.746397857666015625e+02 1.464673767089843750e+02 1.892546997070312500e+02 6.022030115127563477e-01 4.679785072803497314e-01 6.467980146408081055e-01 0.000000000000000000e+00 2.000000000000000000e+00
1.742635345458984375e+02 1.461749877929687500e+02 1.888505859375000000e+02 6.167350411415100098e-01 4.682701826095581055e-01 6.327407956123352051e-01 0.000000000000000000e+00 2.000000000000000000e+00
1.738690185546875000e+02 1.458754425048828125e+02 1.884458312988281250e+02 6.353839039802551270e-01 4.729619920253753662e-01 6.104049086570739746e-01 0.000000000000000000e+00 2.000000000000000000e+00
1.734548797607421875e+02 1.455671691894531250e+02 1.880479736328125000e+02 6.533908843994140625e-01 4.818009436130523682e-01 5.839076638221740723e-01 0.000000000000000000e+00 2.000000000000000000e+00
1.730218353271484375e+02 1.452478485107421875e+02 1.876609802246093750e+02 6.667672991752624512e-01 4.929087460041046143e-01 5.589831471443176270e-01 0.000000000000000000e+00 2.000000000000000000e+00
1.725725250244140625e+02 1.449156951904296875e+02 1.872843017578125000e+02 6.741067171096801758e-01 5.031628012657165527e-01 5.407468676567077637e-01 0.000000000000000000e+00 2.000000000000000000e+00
1.721108245849609375e+02 1.445710754394531250e+02 1.869139404296875000e+02 6.758236289024353027e-01 5.110170245170593262e-01 5.311534404754638672e-01 0.000000000000000000e+00 2.000000000000000000e+00
1.716417236328125000e+02 1.442163696289062500e+02 1.865452575683593750e+02 6.736088395118713379e-01 5.156894922256469727e-01 5.294482111930847168e-01 0.000000000000000000e+00 2.000000000000000000e+00
1.711710815429687500e+02 1.438560638427734375e+02 1.861753387451171875e+02 6.684176325798034668e-01 5.185624361038208008e-01 5.332081317901611328e-01 0.000000000000000000e+00 2.000000000000000000e+00
1.707058868408203125e+02 1.434951629638671875e+02 1.858042449951171875e+02 6.604239940643310547e-01 5.219001770019531250e-01 5.398706197738647461e-01 0.000000000000000000e+00 2.000000000000000000e+00
1.702539062500000000e+02 1.431379852294921875e+02 1.854347686767578125e+02 6.490865349769592285e-01 5.281852483749389648e-01 5.474550127983093262e-01 0.000000000000000000e+00 2.000000000000000000e+00
1.698226776123046875e+02 1.427870788574218750e+02 1.850710601806640625e+02 6.338744759559631348e-01 5.382462143898010254e-01 5.554225444793701172e-01 0.000000000000000000e+00 2.000000000000000000e+00
1.694178009033203125e+02 1.424432830810546875e+02 1.847162933349609375e+02 6.152793169021606445e-01 5.520055890083312988e-01 5.627798438072204590e-01 0.000000000000000000e+00 2.000000000000000000e+00
1.690413665771484375e+02 1.421055603027343750e+02 1.843719787597656250e+02 5.948451757431030273e-01 5.674658417701721191e-01 5.693343877792358398e-01 0.000000000000000000e+00 2.000000000000000000e+00
1.686916198730468750e+02 1.417719116210937500e+02 1.840372314453125000e+02 5.745501518249511719e-01 5.819329619407653809e-01 5.755398273468017578e-01 0.000000000000000000e+00 2.000000000000000000e+00
1.683638763427734375e+02 1.414399566650390625e+02 1.837089233398437500e+02 5.564596056938171387e-01 5.930927395820617676e-01 5.818879604339599609e-01 0.000000000000000000e+00 2.000000000000000000e+00
1.680516662597656250e+02 1.411071929931640625e+02 1.833824462890625000e+02 5.409995913505554199e-01 5.999642610549926758e-01 5.893745422363281250e-01 0.000000000000000000e+00 2.000000000000000000e+00
1.677484283447265625e+02 1.407709045410156250e+02 1.830520935058593750e+02 5.277321934700012207e-01 6.027275323867797852e-01 5.985134243965148926e-01 0.000000000000000000e+00 2.000000000000000000e+00
1.674484252929687500e+02 1.404282684326171875e+02 1.827118530273437500e+02 5.164004564285278320e-01 6.021754741668701172e-01 6.088639497756958008e-01 0.000000000000000000e+00 2.000000000000000000e+00
1.671468353271484375e+02 1.400765838623046875e+02 1.823562622070312500e+02 5.065341591835021973e-01 5.994789600372314453e-01 6.197161674499511719e-01 0.000000000000000000e+00 2.000000000000000000e+00
1.668401489257812500e+02 1.397136230468750000e+02 1.819810485839843750e+02 4.984295070171356201e-01 5.953698754310607910e-01 6.301609277725219727e-01 0.000000000000000000e+00 2.000000000000000000e+00
1.665260162353515625e+02 1.393383941650390625e+02 1.815838928222656250e+02 4.925917983055114746e-01 5.902068614959716797e-01 6.395382285118103027e-01 0.000000000000000000e+00 2.000000000000000000e+00
1.662031555175781250e+02 1.389515533447265625e+02 1.811647186279296875e+02 4.890223443508148193e-01 5.834925770759582520e-01 6.483775377273559570e-01 0.000000000000000000e+00 2.000000000000000000e+00
1.658714904785156250e+02 1.385558166503906250e+02 1.807249755859375000e+02 4.875192046165466309e-01 5.751035213470458984e-01 6.569482088088989258e-01 0.000000000000000000e+00 2.000000000000000000e+00
1.655319213867187500e+02 1.381552429199218750e+02 1.802673950195312500e+02 4.878771007061004639e-01 5.641737580299377441e-01 6.660960912704467773e-01 0.000000000000000000e+00 2.000000000000000000e+00
1.651856384277343750e+02 1.377548065185546875e+02 1.797946166992187500e+02 4.897645711898803711e-01 5.505680441856384277e-01 6.760217547416687012e-01 0.000000000000000000e+00 2.000000000000000000e+00
1.648339996337890625e+02 1.373595123291015625e+02 1.793092498779296875e+02 4.928203225135803223e-01 5.344662070274353027e-01 6.866396069526672363e-01 0.000000000000000000e+00 2.000000000000000000e+00
1.644781036376953125e+02 1.369735412597656250e+02 1.788133850097656250e+02 4.968121349811553955e-01 5.162213444709777832e-01 6.976340413093566895e-01 0.000000000000000000e+00 2.000000000000000000e+00
1.641187744140625000e+02 1.366001739501953125e+02 1.783088073730468750e+02 5.016275644302368164e-01 4.969576299190521240e-01 7.080980539321899414e-01 0.000000000000000000e+00 2.000000000000000000e+00
1.637565460205078125e+02 1.362413177490234375e+02 1.777974853515625000e+02 5.069897174835205078e-01 4.774985313415527344e-01 7.176046967506408691e-01 0.000000000000000000e+00 2.000000000000000000e+00
1.633916625976562500e+02 1.358976593017578125e+02 1.772810211181640625e+02 5.130101442337036133e-01 4.590090811252593994e-01 7.253490090370178223e-01 0.000000000000000000e+00 2.000000000000000000e+00
1.630243377685546875e+02 1.355690002441406250e+02 1.767616577148437500e+02 5.197467207908630371e-01 4.421802759170532227e-01 7.309856414794921875e-01 0.000000000000000000e+00 2.000000000000000000e+00
1.626544189453125000e+02 1.352542877197265625e+02 1.762413940429687500e+02 5.272099375724792480e-01 4.275702238082885742e-01 7.343250513076782227e-01 0.000000000000000000e+00 2.000000000000000000e+00
1.622817382812500000e+02 1.349520416259765625e+02 1.757223052978515625e+02 5.353690981864929199e-01 4.152468442916870117e-01 7.354930639266967773e-01 0.000000000000000000e+00 2.000000000000000000e+00
1.619064788818359375e+02 1.346609802246093750e+02 1.752067718505859375e+02 5.439986586570739746e-01 4.053003787994384766e-01 7.347088456153869629e-01 0.000000000000000000e+00 2.000000000000000000e+00
1.615296783447265625e+02 1.343802490234375000e+02 1.746978759765625000e+02 5.524488091468811035e-01 3.973919749259948730e-01 7.327208518981933594e-01 0.000000000000000000e+00 2.000000000000000000e+00
1.611535797119140625e+02 1.341097106933593750e+02 1.741990509033203125e+02 5.599153637886047363e-01 3.913386762142181396e-01 7.303074002265930176e-01 0.000000000000000000e+00 2.000000000000000000e+00
1.607817840576171875e+02 1.338498535156250000e+02 1.737141113281250000e+02 5.653814077377319336e-01 3.876765370368957520e-01 7.280458807945251465e-01 0.000000000000000000e+00 2.000000000000000000e+00
1.604187011718750000e+02 1.336008911132812500e+02 1.732465667724609375e+02 5.682486891746520996e-01 3.869248628616333008e-01 7.262110710144042969e-01 0.000000000000000000e+00 2.000000000000000000e+00
1.600683288574218750e+02 1.333623199462890625e+02 1.727987976074218750e+02 5.682141780853271484e-01 3.901152610778808594e-01 7.245293259620666504e-01 0.000000000000000000e+00 2.000000000000000000e+00
1.597332000732421875e+02 1.331322326660156250e+02 1.723714752197265625e+02 5.663939118385314941e-01 3.975522220134735107e-01 7.219073772430419922e-01 0.000000000000000000e+00 2.000000000000000000e+00
1.594128723144531250e+02 1.329073944091796875e+02 1.719631958007812500e+02 5.642938613891601562e-01 4.086448848247528076e-01 7.173435688018798828e-01 0.000000000000000000e+00 2.000000000000000000e+00
1.591047973632812500e+02 1.326842956542968750e+02 1.715715637207031250e+02 5.643301606178283691e-01 4.209054112434387207e-01 7.101901769638061523e-01 0.000000000000000000e+00 2.000000000000000000e+00
1.588042449951171875e+02 1.324601287841796875e+02 1.711933288574218750e+02 5.686712265014648438e-01 4.309550225734710693e-01 7.006359696388244629e-01 0.000000000000000000e+00 2.000000000000000000e+00
1.585055236816406250e+02 1.322337493896484375e+02 1.708252868652343750e+02 5.773516297340393066e-01 4.356881380081176758e-01 6.905366778373718262e-01 0.000000000000000000e+00 2.000000000000000000e+00
1.582032928466796875e+02 1.320056762695312500e+02 1.704638061523437500e+02 5.889270305633544922e-01 4.330729842185974121e-01 6.823582649230957031e-01 0.000000000000000000e+00 2.000000000000000000e+00
1.578934936523437500e+02 1.317778625488281250e+02 1.701048583984375000e+02 5.999402403831481934e-01 4.237857460975646973e-01 6.785847544670104980e-01 0.000000000000000000e+00 2.000000000000000000e+00
1.575742034912109375e+02 1.315523223876953125e+02 1.697437133789062500e+02 6.070113778114318848e-01 4.099162220954895020e-01 6.808127164840698242e-01 0.000000000000000000e+00 2.000000000000000000e+00
1.572461395263671875e+02 1.313307800292968750e+02 1.693757629394531250e+02 6.073791384696960449e-01 3.947311341762542725e-01 6.894040703773498535e-01 0.000000000000000000e+00 2.000000000000000000e+00
1.569125976562500000e+02 1.311140136718750000e+02 1.689971771240234375e+02 6.002074480056762695e-01 3.806440830230712891e-01 7.034636139869689941e-01 0.000000000000000000e+00 2.000000000000000000e+00
1.565785675048828125e+02 1.309021759033203125e+02 1.686056823730468750e+02 5.861883759498596191e-01 3.695157170295715332e-01 7.210002541542053223e-01 0.000000000000000000e+00 2.000000000000000000e+00
1.562496795654296875e+02 1.306948547363281250e+02 1.682011566162109375e+02 5.673929452896118164e-01 3.612456917762756348e-01 7.399775385856628418e-01 0.000000000000000000e+00 2.000000000000000000e+00
1.559303283691406250e+02 1.304915313720703125e+02 1.677846679687500000e+02 5.456063747406005859e-01 3.551721572875976562e-01 7.590562701225280762e-01 0.000000000000000000e+00 2.000000000000000000e+00
1.556228637695312500e+02 1.302913818359375000e+02 1.673569183349609375e+02 5.220243334770202637e-01 3.500484824180603027e-01 7.777895927429199219e-01 0.000000000000000000e+00 2.000000000000000000e+00
1.553275909423828125e+02 1.300933837890625000e+02 1.669169769287109375e+02 4.962356686592102051e-01 3.437981307506561279e-01 7.972157597541809082e-01 0.000000000000000000e+00 2.000000000000000000e+00
1.550437622070312500e+02 1.298967437744140625e+02 1.664609985351562500e+02 4.669103324413299561e-01 3.340064287185668945e-01 8.188006281852722168e-01 0.000000000000000000e+00 2.000000000000000000e+00
1.547704772949218750e+02 1.297012481689453125e+02 1.659817504882812500e+02 4.330804049968719482e-01 3.178182542324066162e-01 8.434648513793945312e-01 0.000000000000000000e+00 2.000000000000000000e+00
1.545072631835937500e+02 1.295080871582031250e+02 1.654691162109375000e+02 3.954530954360961914e-01 2.933015227317810059e-01 8.703970909118652344e-01 0.000000000000000000e+00 2.000000000000000000e+00
1.542540283203125000e+02 1.293202667236328125e+02 1.649117431640625000e+02 3.561491370201110840e-01 2.604339122772216797e-01 8.974028825759887695e-01 0.000000000000000000e+00 2.000000000000000000e+00
1.540109100341796875e+02 1.291424865722656250e+02 1.642991485595703125e+02 3.186295330524444580e-01 2.206137031316757202e-01 9.218486547470092773e-01 0.000000000000000000e+00 2.000000000000000000e+00
1.537775268554687500e+02 1.289808959960937500e+02 1.636239318847656250e+02 2.860109508037567139e-01 1.776725798845291138e-01 9.416103959083557129e-01 0.000000000000000000e+00 2.000000000000000000e+00
1.535526275634765625e+02 1.288411865234375000e+02 1.628835144042968750e+02 2.593250870704650879e-01 1.351965367794036865e-01 9.562805294990539551e-01 0.000000000000000000e+00 2.000000000000000000e+00
1.533348999023437500e+02 1.287276763916015625e+02 1.620806274414062500e+02 2.387601733207702637e-01 9.648457169532775879e-02 9.662734270095825195e-01 0.000000000000000000e+00 2.000000000000000000e+00
1.531231079101562500e+02 1.286420898437500000e+02 1.612234954833984375e+02 2.235720306634902954e-01 6.357607990503311157e-02 9.726117253303527832e-01 0.000000000000000000e+00 2.000000000000000000e+00
1.529163055419921875e+02 1.285832824707031250e+02 1.603238372802734375e+02 2.128070741891860962e-01 3.726250305771827698e-02 9.763834476470947266e-01 0.000000000000000000e+00 2.000000000000000000e+00
1.527139587402343750e+02 1.285478515625000000e+02 1.593954467773437500e+02 2.058508247137069702e-01 1.715687476098537445e-02 9.784330129623413086e-01 0.000000000000000000e+00 2.000000000000000000e+00
1.525156860351562500e+02 1.285313262939453125e+02 1.584530334472656250e+02 2.021843492984771729e-01 2.062781946733593941e-03 9.793453216552734375e-01 0.000000000000000000e+00 2.000000000000000000e+00
1.523212585449218750e+02 1.285293426513671875e+02 1.575112609863281250e+02 2.016927301883697510e-01 -9.606719017028808594e-03 9.794017672538757324e-01 0.000000000000000000e+00 2.000000000000000000e+00
1.521303253173828125e+02 1.285384368896484375e+02 1.565841064453125000e+02 2.039105743169784546e-01 -1.923215389251708984e-02 9.788005948066711426e-01 0.000000000000000000e+00 2.000000000000000000e+00
1.519426574707031250e+02 1.285561370849609375e+02 1.556832733154296875e+02 2.080956250429153442e-01 -2.779778465628623962e-02 9.777134060859680176e-01 0.000000000000000000e+00 2.000000000000000000e+00
1.517584075927734375e+02 1.285807495117187500e+02 1.548175964355468750e+02 2.130599319934844971e-01 -3.533281385898590088e-02 9.764000773429870605e-01 0.000000000000000000e+00 2.000000000000000000e+00
1.515779724121093750e+02 1.286106719970703125e+02 1.539907073974609375e+02 2.166058272123336792e-01 -4.176055267453193665e-02 9.753655195236206055e-01 0.000000000000000000e+00 2.000000000000000000e+00
1.514021911621093750e+02 1.286445617675781250e+02 1.531991729736328125e+02 2.153148949146270752e-01 -4.635641723871231079e-02 9.754437804222106934e-01 0.000000000000000000e+00 2.000000000000000000e+00
1.512328033447265625e+02 1.286810302734375000e+02 1.524317932128906250e+02 2.061438262462615967e-01 -4.897166043519973755e-02 9.772955179214477539e-01 0.000000000000000000e+00 2.000000000000000000e+00
1.510724182128906250e+02 1.287191314697265625e+02 1.516714324951171875e+02 1.875399947166442871e-01 -5.073723569512367249e-02 9.809457063674926758e-01 0.000000000000000000e+00 2.000000000000000000e+00
1.509245910644531250e+02 1.287591247558593750e+02 1.508982086181640625e+02 1.608141809701919556e-01 -5.400392785668373108e-02 9.855061769485473633e-01 0.000000000000000000e+00 2.000000000000000000e+00
1.507934570312500000e+02 1.288031616210937500e+02 1.500945892333984375e+02 1.298860758543014526e-01 -6.131722778081893921e-02 9.896311163902282715e-01 0.000000000000000000e+00 2.000000000000000000e+00
1.506824951171875000e+02 1.288555450439453125e+02 1.492491455078125000e+02 9.902753680944442749e-02 -7.438552379608154297e-02 9.923005104064941406e-01 0.000000000000000000e+00 2.000000000000000000e+00
1.505937042236328125e+02 1.289222412109375000e+02 1.483594207763671875e+02 7.109428942203521729e-02 -9.380133450031280518e-02 9.930493235588073730e-01 0.000000000000000000e+00 2.000000000000000000e+00
1.505272979736328125e+02 1.290098571777343750e+02 1.474318542480468750e+02 4.651159048080444336e-02 -1.186633706092834473e-01 9.918445348739624023e-01 0.000000000000000000e+00 2.000000000000000000e+00
1.504826507568359375e+02 1.291237640380859375e+02 1.464797668457031250e+02 2.311614528298377991e-02 -1.470727324485778809e-01 9.888555407524108887e-01 0.000000000000000000e+00 2.000000000000000000e+00
1.504602050781250000e+02 1.292665710449218750e+02 1.455195922851562500e+02 -2.065287437289953232e-03 -1.765426695346832275e-01 9.842907786369323730e-01 0.000000000000000000e+00 2.000000000000000000e+00
1.504622039794921875e+02 1.294374389648437500e+02 1.445669403076171875e+02 -3.173784166574478149e-02 -2.046554684638977051e-01 9.783194065093994141e-01 0.000000000000000000e+00 2.000000000000000000e+00
1.504924621582031250e+02 1.296325531005859375e+02 1.436342315673828125e+02 -6.602562218904495239e-02 -2.292824387550354004e-01 9.711180329322814941e-01 0.000000000000000000e+00 2.000000000000000000e+00
1.505540618896484375e+02 1.298464660644531250e+02 1.427282104492187500e+02 -1.012554168701171875e-01 -2.488324642181396484e-01 9.632391929626464844e-01 0.000000000000000000e+00 2.000000000000000000e+00
1.506464538574218750e+02 1.300735168457031250e+02 1.418492889404296875e+02 -1.310630142688751221e-01 -2.627390325069427490e-01 9.559239745140075684e-01 0.000000000000000000e+00 2.000000000000000000e+00
1.507639007568359375e+02 1.303089599609375000e+02 1.409926757812500000e+02 -1.494278758764266968e-01 -2.714365422725677490e-01 9.507856965065002441e-01 0.000000000000000000e+00 2.000000000000000000e+00
1.508962860107421875e+02 1.305494384765625000e+02 1.401503295898437500e+02 -1.541554182767868042e-01 -2.760674655437469482e-01 9.486953020095825195e-01 0.000000000000000000e+00 2.000000000000000000e+00
1.510321960449218750e+02 1.307928314208984375e+02 1.393139190673828125e+02 -1.478903144598007202e-01 -2.781956195831298828e-01 9.490709304809570312e-01 0.000000000000000000e+00 2.000000000000000000e+00
1.511627044677734375e+02 1.310383300781250000e+02 1.384763946533203125e+02 -1.371058821678161621e-01 -2.792547047138214111e-01 9.503782391548156738e-01 0.000000000000000000e+00 2.000000000000000000e+00
1.512842559814453125e+02 1.312859039306640625e+02 1.376338348388671875e+02 -1.287021338939666748e-01 -2.805775105953216553e-01 9.511635303497314453e-01 0.000000000000000000e+00 2.000000000000000000e+00
1.513990020751953125e+02 1.315360565185546875e+02 1.367858123779296875e+02 -1.264670491218566895e-01 -2.832643687725067139e-01 9.506668448448181152e-01 0.000000000000000000e+00 2.000000000000000000e+00
1.515122528076171875e+02 1.317897186279296875e+02 1.359344940185546875e+02 -1.312738955020904541e-01 -2.874372303485870361e-01 9.487607479095458984e-01 0.000000000000000000e+00 2.000000000000000000e+00
1.516299133300781250e+02 1.320473480224609375e+02 1.350841217041015625e+02 -1.409777998924255371e-01 -2.930314540863037109e-01 9.456520080566406250e-01 0.000000000000000000e+00 2.000000000000000000e+00
1.517557678222656250e+02 1.323089447021484375e+02 1.342399139404296875e+02 -1.519461125135421753e-01 -2.997664511203765869e-01 9.418346285820007324e-01 0.000000000000000000e+00 2.000000000000000000e+00
1.518900756835937500e+02 1.325739135742187500e+02 1.334074096679687500e+02 -1.616201102733612061e-01 -3.079781532287597656e-01 9.375650882720947266e-01 0.000000000000000000e+00 2.000000000000000000e+00
1.520306549072265625e+02 1.328417968750000000e+02 1.325919036865234375e+02 -1.682609468698501587e-01 -3.181029558181762695e-01 9.330052733421325684e-01 0.000000000000000000e+00 2.000000000000000000e+00
1.521739501953125000e+02 1.331127014160156250e+02 1.317973327636718750e+02 -1.715807914733886719e-01 -3.304600417613983154e-01 9.280927181243896484e-01 0.000000000000000000e+00 2.000000000000000000e+00
1.523165893554687500e+02 1.333874206542968750e+02 1.310257873535156250e+02 -1.727341413497924805e-01 -3.454870581626892090e-01 9.223890304565429688e-01 0.000000000000000000e+00 2.000000000000000000e+00
1.524568176269531250e+02 1.336678924560546875e+02 1.302769775390625000e+02 -1.730140745639801025e-01 -3.626729846000671387e-01 9.157152175903320312e-01 0.000000000000000000e+00 2.000000000000000000e+00
1.525943298339843750e+02 1.339561462402343750e+02 1.295491638183593750e+02 -1.737515926361083984e-01 -3.813245594501495361e-01 9.079657793045043945e-01 0.000000000000000000e+00 2.000000000000000000e+00
1.527301788330078125e+02 1.342542877197265625e+02 1.288392639160156250e+02 -1.757891625165939331e-01 -4.003176391124725342e-01 8.993574976921081543e-01 0.000000000000000000e+00 2.000000000000000000e+00
1.528660583496093750e+02 1.345637207031250000e+02 1.281440887451171875e+02 -1.794674098491668701e-01 -4.192747175693511963e-01 8.899438381195068359e-01 0.000000000000000000e+00 2.000000000000000000e+00
1.530036621093750000e+02 1.348851928710937500e+02 1.274617385864257812e+02 -1.850789785385131836e-01 -4.376380145549774170e-01 8.798969984054565430e-01 0.000000000000000000e+00 2.000000000000000000e+00
1.531445312500000000e+02 1.352182922363281250e+02 1.267920227050781250e+02 -1.925560384988784790e-01 -4.554177224636077881e-01 8.692046999931335449e-01 0.000000000000000000e+00 2.000000000000000000e+00
1.532896728515625000e+02 1.355615692138671875e+02 1.261368484497070312e+02 -2.021534591913223267e-01 -4.718763232231140137e-01 8.581764101982116699e-01 0.000000000000000000e+00 2.000000000000000000e+00
1.534398193359375000e+02 1.359120483398437500e+02 1.254994506835937500e+02 -2.137370109558105469e-01 -4.861169159412384033e-01 8.473528027534484863e-01 0.000000000000000000e+00 2.000000000000000000e+00
1.535952606201171875e+02 1.362655792236328125e+02 1.248832092285156250e+02 -2.266372442245483398e-01 -4.966804385185241699e-01 8.378210663795471191e-01 0.000000000000000000e+00 2.000000000000000000e+00
1.537557983398437500e+02 1.366174011230468750e+02 1.242897415161132812e+02 -2.398826181888580322e-01 -5.021072626113891602e-01 8.308697938919067383e-01 0.000000000000000000e+00 2.000000000000000000e+00
1.539207763671875000e+02 1.369627227783203125e+02 1.237183151245117188e+02 -2.516686022281646729e-01 -5.015100240707397461e-01 8.277382254600524902e-01 0.000000000000000000e+00 2.000000000000000000e+00
1.540889129638671875e+02 1.372977752685546875e+02 1.231653137207031250e+02 -2.611949443817138672e-01 -4.946494698524475098e-01 8.289144635200500488e-01 0.000000000000000000e+00 2.000000000000000000e+00
1.542593078613281250e+02 1.376204681396484375e+02 1.226245574951171875e+02 -2.687216401100158691e-01 -4.816852211952209473e-01 8.341271281242370605e-01 0.000000000000000000e+00 2.000000000000000000e+00
1.544319763183593750e+02 1.379299774169921875e+02 1.220885848999023438e+02 -2.756229341030120850e-01 -4.628853201866149902e-01 8.424779772758483887e-01 0.000000000000000000e+00 2.000000000000000000e+00
1.546083221435546875e+02 1.382261352539062500e+02 1.215495605468750000e+02 -2.846318185329437256e-01 -4.390413463115692139e-01 8.521898388862609863e-01 0.000000000000000000e+00 2.000000000000000000e+00
1.547916564941406250e+02 1.385089263916015625e+02 1.210006561279296875e+02 -2.979033291339874268e-01 -4.114725589752197266e-01 8.613616824150085449e-01 0.000000000000000000e+00 2.000000000000000000e+00
1.549864196777343750e+02 1.387779388427734375e+02 1.204375152587890625e+02 -3.164166212081909180e-01 -3.824532032012939453e-01 8.681071400642395020e-01 0.000000000000000000e+00 2.000000000000000000e+00
1.551972045898437500e+02 1.390327148437500000e+02 1.198592147827148438e+02 -3.389500975608825684e-01 -3.541071414947509766e-01 8.716197609901428223e-01 0.000000000000000000e+00 2.000000000000000000e+00
1.554268493652343750e+02 1.392726287841796875e+02 1.192686767578125000e+02 -3.632188141345977783e-01 -3.286159336566925049e-01 8.718277215957641602e-01 0.000000000000000000e+00 2.000000000000000000e+00
1.556754302978515625e+02 1.394975280761718750e+02 1.186720123291015625e+02 -3.857636153697967529e-01 -3.073281347751617432e-01 8.699056506156921387e-01 0.000000000000000000e+00 2.000000000000000000e+00
1.559397430419921875e+02 1.397080993652343750e+02 1.180759811401367188e+02 -4.032879769802093506e-01 -2.897151410579681396e-01 8.680000305175781250e-01 0.000000000000000000e+00 2.000000000000000000e+00
1.562137451171875000e+02 1.399049377441406250e+02 1.174862442016601562e+02 -4.132684767246246338e-01 -2.755047082901000977e-01 8.679322004318237305e-01 0.000000000000000000e+00 2.000000000000000000e+00
1.564903106689453125e+02 1.400893096923828125e+02 1.169054107666015625e+02 -4.148041605949401855e-01 -2.635169029235839844e-01 8.709169626235961914e-01 0.000000000000000000e+00 2.000000000000000000e+00
1.567630462646484375e+02 1.402625732421875000e+02 1.163327789306640625e+02 -4.089801907539367676e-01 -2.534903883934020996e-01 8.766286373138427734e-01 0.000000000000000000e+00 2.000000000000000000e+00
1.570276947021484375e+02 1.404266052246093750e+02 1.157655181884765625e+02 -3.979965746402740479e-01 -2.460802048444747925e-01 8.837665319442749023e-01 0.000000000000000000e+00 2.000000000000000000e+00
1.572823791503906250e+02 1.405840759277343750e+02 1.151999816894531250e+02 -3.847050964832305908e-01 -2.422403544187545776e-01 8.906860947608947754e-01 0.000000000000000000e+00 2.000000000000000000e+00
1.575274200439453125e+02 1.407383728027343750e+02 1.146326522827148438e+02 -3.712075650691986084e-01 -2.433352321386337280e-01 8.960986733436584473e-01 0.000000000000000000e+00 2.000000000000000000e+00
1.577643127441406250e+02 1.408936614990234375e+02 1.140607910156250000e+02 -3.583867847919464111e-01 -2.498516738414764404e-01 8.995182514190673828e-01 0.000000000000000000e+00 2.000000000000000000e+00
1.579945220947265625e+02 1.410541534423828125e+02 1.134829864501953125e+02 -3.468617796897888184e-01 -2.618468701839447021e-01 9.006237983703613281e-01 0.000000000000000000e+00 2.000000000000000000e+00
1.582193908691406250e+02 1.412239074707031250e+02 1.128991165161132812e+02 -3.366916179656982422e-01 -2.782492339611053467e-01 8.995643854141235352e-01 0.000000000000000000e+00 2.000000000000000000e+00
1.584394226074218750e+02 1.414057464599609375e+02 1.123112411499023438e+02 -3.279589414596557617e-01 -2.979837059974670410e-01 8.964645862579345703e-01 0.000000000000000000e+00 2.000000000000000000e+00
1.586544494628906250e+02 1.416011199951171875e+02 1.117234725952148438e+02 -3.209794461727142334e-01 -3.193669617176055908e-01 8.916147351264953613e-01 0.000000000000000000e+00 2.000000000000000000e+00
1.588640289306640625e+02 1.418096466064453125e+02 1.111413040161132812e+02 -3.155540525913238525e-01 -3.412015438079833984e-01 8.854417800903320312e-01 0.000000000000000000e+00 2.000000000000000000e+00
1.590675354003906250e+02 1.420296936035156250e+02 1.105702667236328125e+02 -3.111470043659210205e-01 -3.618997931480407715e-01 8.787582516670227051e-01 0.000000000000000000e+00 2.000000000000000000e+00
1.592644500732421875e+02 1.422587280273437500e+02 1.100141296386718750e+02 -3.075245916843414307e-01 -3.800428211688995361e-01 8.723508119583129883e-01 0.000000000000000000e+00 2.000000000000000000e+00
1.594548187255859375e+02 1.424939880371093750e+02 1.094741134643554688e+02 -3.044184148311614990e-01 -3.947769105434417725e-01 8.668798208236694336e-01 0.000000000000000000e+00 2.000000000000000000e+00
1.596392669677734375e+02 1.427331848144531250e+02 1.089488677978515625e+02 -3.020040690898895264e-01 -4.054582118988037109e-01 8.627845644950866699e-01 0.000000000000000000e+00 2.000000000000000000e+00
1.598190002441406250e+02 1.429744873046875000e+02 1.084353942871093750e+02 -3.001771271228790283e-01 -4.126331508159637451e-01 8.600160479545593262e-01 0.000000000000000000e+00 2.000000000000000000e+00
1.599953613281250000e+02 1.432169189453125000e+02 1.079301147460937500e+02 -2.989070117473602295e-01 -4.168201386928558350e-01 8.584379553794860840e-01 0.000000000000000000e+00 2.000000000000000000e+00
1.601695404052734375e+02 1.434598083496093750e+02 1.074298858642578125e+02 -2.981787621974945068e-01 -4.190549254417419434e-01 8.576025962829589844e-01 0.000000000000000000e+00 2.000000000000000000e+00
1.603424987792968750e+02 1.437028808593750000e+02 1.069324340820312500e+02 -2.979779243469238281e-01 -4.197306334972381592e-01 8.573420643806457520e-01 0.000000000000000000e+00 2.000000000000000000e+00
1.605150299072265625e+02 1.439459075927734375e+02 1.064360275268554688e+02 -2.983485162258148193e-01 -4.187361598014831543e-01 8.576993346214294434e-01 0.000000000000000000e+00 2.000000000000000000e+00
1.606878814697265625e+02 1.441885070800781250e+02 1.059391098022460938e+02 -2.999498844146728516e-01 -4.153011143207550049e-01 8.588102459907531738e-01 0.000000000000000000e+00 2.000000000000000000e+00
1.608623046875000000e+02 1.444300079345703125e+02 1.054397048950195312e+02 -3.032603263854980469e-01 -4.081669449806213379e-01 8.610650300979614258e-01 0.000000000000000000e+00 2.000000000000000000e+00
1.610399780273437500e+02 1.446691436767578125e+02 1.049352264404296875e+02 -3.096097111701965332e-01 -3.949014246463775635e-01 8.649824261665344238e-01 0.000000000000000000e+00 2.000000000000000000e+00
1.612238159179687500e+02 1.449036254882812500e+02 1.044216232299804688e+02 -3.203164041042327881e-01 -3.728891611099243164e-01 8.708335161209106445e-01 0.000000000000000000e+00 2.000000000000000000e+00
1.614181213378906250e+02 1.451298217773437500e+02 1.038933715820312500e+02 -3.359743952751159668e-01 -3.409557640552520752e-01 8.779922127723693848e-01 0.000000000000000000e+00 2.000000000000000000e+00
1.616280670166015625e+02 1.453428802490234375e+02 1.033447265625000000e+02 3.558862507343292236e-01 3.003659248352050781e-01 -8.849436044692993164e-01 0.000000000000000000e+00 2.000000000000000000e+00
1.618585052490234375e+02 1.455373687744140625e+02 1.027717208862304688e+02 3.782138824462890625e-01 2.547048032283782959e-01 -8.899886012077331543e-01 0.000000000000000000e+00 2.000000000000000000e+00
1.621122741699218750e+02 1.457082672119140625e+02 1.021745681762695312e+02 4.006596803665161133e-01 2.092704623937606812e-01 -8.920076489448547363e-01 0.000000000000000000e+00 2.000000000000000000e+00
1.623888702392578125e+02 1.458527374267578125e+02 1.015587692260742188e+02 4.213514626026153564e-01 1.689242124557495117e-01 -8.910261988639831543e-01 0.000000000000000000e+00 2.000000000000000000e+00
1.626838378906250000e+02 1.459709930419921875e+02 1.009350051879882812e+02 4.393416941165924072e-01 1.375281065702438354e-01 -8.877301812171936035e-01 0.000000000000000000e+00 2.000000000000000000e+00
1.629902496337890625e+02 1.460669097900390625e+02 1.003158721923828125e+02 4.541202783584594727e-01 1.171966418623924255e-01 -8.831986188888549805e-01 0.000000000000000000e+00 2.000000000000000000e+00
1.633011322021484375e+02 1.461471405029296875e+02 9.971125030517578125e+01 4.654541611671447754e-01 1.092539280652999878e-01 -8.783029317855834961e-01 0.000000000000000000e+00 2.000000000000000000e+00
1.636120605468750000e+02 1.462201232910156250e+02 9.912453460693359375e+01 4.737490713596343994e-01 1.134299337863922119e-01 -8.733243942260742188e-01 0.000000000000000000e+00 2.000000000000000000e+00
1.639228057861328125e+02 1.462945251464843750e+02 9.855169677734375000e+01 4.791049361228942871e-01 1.279492825269699097e-01 -8.683820962905883789e-01 0.000000000000000000e+00 2.000000000000000000e+00
1.642365417480468750e+02 1.463783111572265625e+02 9.798304748535156250e+01 4.819913506507873535e-01 1.492395401000976562e-01 -8.633723855018615723e-01 0.000000000000000000e+00 2.000000000000000000e+00
1.645579986572265625e+02 1.464778442382812500e+02 9.740723419189453125e+01 4.829473495483398438e-01 1.734378039836883545e-01 -8.583012819290161133e-01 0.000000000000000000e+00 2.000000000000000000e+00
1.648908996582031250e+02 1.465973968505859375e+02 9.681559753417968750e+01 4.827000498771667480e-01 1.981844156980514526e-01 -8.530671596527099609e-01 0.000000000000000000e+00 2.000000000000000000e+00
1.652363433837890625e+02 1.467392272949218750e+02 9.620510101318359375e+01 4.811095595359802246e-01 2.224034070968627930e-01 -8.479801416397094727e-01 0.000000000000000000e+00 2.000000000000000000e+00
1.655916442871093750e+02 1.469034729003906250e+02 9.557886505126953125e+01 4.783180356025695801e-01 2.460992336273193359e-01 -8.429988026618957520e-01 0.000000000000000000e+00 2.000000000000000000e+00
1.659518280029296875e+02 1.470887908935546875e+02 9.494406890869140625e+01 4.740495979785919189e-01 2.689370214939117432e-01 -8.384211063385009766e-01 0.000000000000000000e+00 2.000000000000000000e+00
1.663108673095703125e+02 1.472924804687500000e+02 9.430905914306640625e+01 4.684303104877471924e-01 2.905417978763580322e-01 -8.343611359596252441e-01 0.000000000000000000e+00 2.000000000000000000e+00
1.666638946533203125e+02 1.475114440917968750e+02 9.368025207519531250e+01 4.612752497196197510e-01 3.098658621311187744e-01 -8.313893675804138184e-01 0.000000000000000000e+00 2.000000000000000000e+00
1.670074768066406250e+02 1.477422485351562500e+02 9.306098937988281250e+01 4.529878199100494385e-01 3.261213302612304688e-01 -8.297270536422729492e-01 0.000000000000000000e+00 2.000000000000000000e+00
1.673405303955078125e+02 1.479820251464843750e+02 9.245094299316406250e+01 4.436199367046356201e-01 3.399757146835327148e-01 -8.292272686958312988e-01 0.000000000000000000e+00 2.000000000000000000e+00
1.676631011962890625e+02 1.482292327880859375e+02 9.184798431396484375e+01 4.321787953376770020e-01 3.540235161781311035e-01 -8.293905854225158691e-01 0.000000000000000000e+00 2.000000000000000000e+00
1.679751281738281250e+02 1.484848327636718750e+02 9.124917602539062500e+01 4.170058965682983398e-01 3.720799684524536133e-01 -8.292543292045593262e-01 0.000000000000000000e+00 2.000000000000000000e+00
1.682753906250000000e+02 1.487527465820312500e+02 9.065207672119140625e+01 3.965382874011993408e-01 3.966230750083923340e-01 -8.279175162315368652e-01 0.000000000000000000e+00 2.000000000000000000e+00
1.685608978271484375e+02 1.490383148193359375e+02 9.005597686767578125e+01 3.704694807529449463e-01 4.274192154407501221e-01 -8.246605992317199707e-01 0.000000000000000000e+00 2.000000000000000000e+00
1.688281097412109375e+02 1.493466033935546875e+02 8.946116638183593750e+01 3.401523232460021973e-01 4.609128236770629883e-01 -8.196680545806884766e-01 0.000000000000000000e+00 2.000000000000000000e+00
1.690739135742187500e+02 1.496796722412109375e+02 8.886885070800781250e+01 3.086180984973907471e-01 4.929999411106109619e-01 -8.134530782699584961e-01 0.000000000000000000e+00 2.000000000000000000e+00
1.692971343994140625e+02 1.500362548828125000e+02 8.828048706054687500e+01 2.795219123363494873e-01 5.198296904563903809e-01 -8.072450757026672363e-01 0.000000000000000000e+00 2.000000000000000000e+00
1.694992218017578125e+02 1.504120788574218750e+02 8.769686889648437500e+01 2.551774978637695312e-01 5.399423241615295410e-01 -8.020889759063720703e-01 0.000000000000000000e+00 2.000000000000000000e+00
1.696835937500000000e+02 1.508022003173828125e+02 8.711734008789062500e+01 2.357841581106185913e-01 5.540432333946228027e-01 -7.983996272087097168e-01 0.000000000000000000e+00 2.000000000000000000e+00
1.698542022705078125e+02 1.512030944824218750e+02 8.653963470458984375e+01 2.203377783298492432e-01 5.643246769905090332e-01 -7.956059575080871582e-01 0.000000000000000000e+00 2.000000000000000000e+00
1.700145721435546875e+02 1.516138305664062500e+02 8.596056365966796875e+01 2.069358527660369873e-01 5.730260014533996582e-01 -7.929809093475341797e-01 0.000000000000000000e+00 2.000000000000000000e+00
1.701667633056640625e+02 1.520352630615234375e+02 8.537736511230468750e+01 1.947927623987197876e-01 5.818806886672973633e-01 -7.896016240119934082e-01 0.000000000000000000e+00 2.000000000000000000e+00
1.703119506835937500e+02 1.524689636230468750e+02 8.478884124755859375e+01 1.840366572141647339e-01 5.918983817100524902e-01 -7.847208380699157715e-01 0.000000000000000000e+00 2.000000000000000000e+00
1.704509887695312500e+02 1.529161376953125000e+02 8.419599151611328125e+01 1.752168089151382446e-01 6.034913063049316406e-01 -7.778800129890441895e-01 0.000000000000000000e+00 2.000000000000000000e+00
1.705849761962890625e+02 1.533776245117187500e+02 8.360115051269531250e+01 1.686568409204483032e-01 6.159461140632629395e-01 -7.695227861404418945e-01 0.000000000000000000e+00 2.000000000000000000e+00
1.707152709960937500e+02 1.538534698486328125e+02 8.300666046142578125e+01 1.638102978467941284e-01 6.288985013961791992e-01 -7.600347995758056641e-01 0.000000000000000000e+00 2.000000000000000000e+00
1.708429870605468750e+02 1.543437957763671875e+02 8.241409301757812500e+01 1.596190482378005981e-01 6.415603756904602051e-01 -7.502813339233398438e-01 0.000000000000000000e+00 2.000000000000000000e+00
1.709685516357421875e+02 1.548484802246093750e+02 8.182388305664062500e+01 1.544246971607208252e-01 6.538190841674804688e-01 -7.407250404357910156e-01 0.000000000000000000e+00 2.000000000000000000e+00
1.710910644531250000e+02 1.553671875000000000e+02 8.123622894287109375e+01 1.481129080057144165e-01 6.655631661415100098e-01 -7.314971685409545898e-01 0.000000000000000000e+00 2.000000000000000000e+00
1.712094573974609375e+02 1.558992004394531250e+02 8.065151214599609375e+01 1.416649073362350464e-01 6.774345040321350098e-01 -7.218127846717834473e-01 0.000000000000000000e+00 2.000000000000000000e+00
1.713232421875000000e+02 1.564433135986328125e+02 8.007175445556640625e+01 1.368454843759536743e-01 6.898059844970703125e-01 -7.109438180923461914e-01 0.000000000000000000e+00 2.000000000000000000e+00
1.714332885742187500e+02 1.569980316162109375e+02 7.950003814697265625e+01 1.361105591058731079e-01 7.027373313903808594e-01 -6.983080506324768066e-01 0.000000000000000000e+00 2.000000000000000000e+00
1.715425415039062500e+02 1.575621032714843750e+02 7.893952178955078125e+01 1.406698375940322876e-01 7.160853147506713867e-01 -6.836913228034973145e-01 0.000000000000000000e+00 2.000000000000000000e+00
1.716549530029296875e+02 1.581343383789062500e+02 7.839317321777343750e+01 1.500777155160903931e-01 7.294921278953552246e-01 -6.673215031623840332e-01 0.000000000000000000e+00 2.000000000000000000e+00
1.717741851806640625e+02 1.587138977050781250e+02 7.786300659179687500e+01 1.619400978088378906e-01 7.426634430885314941e-01 -6.497894525527954102e-01 0.000000000000000000e+00 2.000000000000000000e+00
1.719020538330078125e+02 1.593003082275390625e+02 7.734992980957031250e+01 1.736309230327606201e-01 7.558017373085021973e-01 -6.313604116439819336e-01 0.000000000000000000e+00 2.000000000000000000e+00
1.720383758544921875e+02 1.598937072753906250e+02 7.685423278808593750e+01 1.831516027450561523e-01 7.691038250923156738e-01 -6.123191118240356445e-01 0.000000000000000000e+00 2.000000000000000000e+00
1.721814117431640625e+02 1.604943542480468750e+02 7.637602996826171875e+01 1.903235465288162231e-01 7.829254269599914551e-01 -5.922877788543701172e-01 0.000000000000000000e+00 2.000000000000000000e+00
1.723293609619140625e+02 1.611029663085937500e+02 7.591561126708984375e+01 1.968220025300979614e-01 7.974127531051635742e-01 -5.704331398010253906e-01 0.000000000000000000e+00 2.000000000000000000e+00
1.724818267822265625e+02 1.617206726074218750e+02 7.547373199462890625e+01 2.046987414360046387e-01 8.120518326759338379e-01 -5.465073585510253906e-01 0.000000000000000000e+00 2.000000000000000000e+00
1.726402435302734375e+02 1.623491210937500000e+02 7.505078887939453125e+01 2.150621712207794189e-01 8.263380527496337891e-01 -5.204936861991882324e-01 0.000000000000000000e+00 2.000000000000000000e+00
1.728071746826171875e+02 1.629905242919921875e+02 7.464678192138671875e+01 2.270334810018539429e-01 8.399887681007385254e-01 -4.928230643272399902e-01 0.000000000000000000e+00 2.000000000000000000e+00
1.729846954345703125e+02 1.636473236083984375e+02 7.426143646240234375e+01 2.384213656187057495e-01 8.534681797027587891e-01 -4.634083807468414307e-01 0.000000000000000000e+00 2.000000000000000000e+00
1.731731719970703125e+02 1.643220062255859375e+02 7.389510345458984375e+01 2.467999011278152466e-01 8.675736784934997559e-01 -4.317473471164703369e-01 0.000000000000000000e+00 2.000000000000000000e+00
1.733707427978515625e+02 1.650165252685546875e+02 7.354947662353515625e+01 2.506506145000457764e-01 8.829793334007263184e-01 -3.968901932239532471e-01 0.000000000000000000e+00 2.000000000000000000e+00
1.735736389160156250e+02 1.657312774658203125e+02 7.322820281982421875e+01 2.501669228076934814e-01 8.993852138519287109e-01 -3.585008978843688965e-01 0.000000000000000000e+00 2.000000000000000000e+00
1.737777252197265625e+02 1.664649963378906250e+02 7.293573760986328125e+01 2.463164031505584717e-01 9.154433608055114746e-01 -3.182635307312011719e-01 0.000000000000000000e+00 2.000000000000000000e+00
1.739793701171875000e+02 1.672144165039062500e+02 7.267519378662109375e+01 2.409887760877609253e-01 9.292294383049011230e-01 -2.801018357276916504e-01 0.000000000000000000e+00 2.000000000000000000e+00
1.741763305664062500e+02 1.679738769531250000e+02 7.244626617431640625e+01 2.356186956167221069e-01 9.393889307975769043e-01 -2.490630000829696655e-01 0.000000000000000000e+00 2.000000000000000000e+00
1.743674011230468750e+02 1.687356567382812500e+02 7.224429321289062500e+01 2.308627068996429443e-01 9.455496072769165039e-01 -2.294301986694335938e-01 0.000000000000000000e+00 2.000000000000000000e+00
1.745518341064453125e+02 1.694910430908203125e+02 7.206100463867187500e+01 2.257913202047348022e-01 9.483821392059326172e-01 -2.226870656013488770e-01 0.000000000000000000e+00 2.000000000000000000e+00
1.747283020019531250e+02 1.702322540283203125e+02 7.188696289062500000e+01 2.184438854455947876e-01 9.491252303123474121e-01 -2.268116176128387451e-01 0.000000000000000000e+00 2.000000000000000000e+00
1.748944091796875000e+02 1.709539794921875000e+02 7.171449279785156250e+01 2.065099328756332397e-01 9.493058323860168457e-01 -2.370065301656723022e-01 0.000000000000000000e+00 2.000000000000000000e+00
1.750470733642578125e+02 1.716557617187500000e+02 7.153928375244140625e+01 1.880097091197967529e-01 9.506635069847106934e-01 -2.467614263296127319e-01 0.000000000000000000e+00 2.000000000000000000e+00
1.751830139160156250e+02 1.723431396484375000e+02 7.136086273193359375e+01 1.629436761140823364e-01 9.544117450714111328e-01 -2.500951290130615234e-01 0.000000000000000000e+00 2.000000000000000000e+00
1.752998962402343750e+02 1.730277557373046875e+02 7.118146514892578125e+01 1.342877298593521118e-01 9.604587554931640625e-01 -2.438968569040298462e-01 0.000000000000000000e+00 2.000000000000000000e+00
1.753974151611328125e+02 1.737252349853515625e+02 7.100434875488281250e+01 1.072265431284904480e-01 9.672973752021789551e-01 -2.298656404018402100e-01 0.000000000000000000e+00 2.000000000000000000e+00
1.754778289794921875e+02 1.744506530761718750e+02 7.083196258544921875e+01 8.755020052194595337e-02 9.731063246726989746e-01 -2.130705863237380981e-01 0.000000000000000000e+00 2.000000000000000000e+00
1.755465240478515625e+02 1.752141876220703125e+02 7.066477966308593750e+01 7.915957272052764893e-02 9.768399000167846680e-01 -1.987902522087097168e-01 0.000000000000000000e+00 2.000000000000000000e+00
1.756115722656250000e+02 1.760168914794921875e+02 7.050142669677734375e+01 8.377917855978012085e-02 9.780749082565307617e-01 -1.906581223011016846e-01 0.000000000000000000e+00 2.000000000000000000e+00
1.756829071044921875e+02 1.768496856689453125e+02 7.033908843994140625e+01 1.017326563596725464e-01 9.766088724136352539e-01 -1.894350498914718628e-01 0.000000000000000000e+00 2.000000000000000000e+00
1.757710876464843750e+02 1.776961975097656250e+02 7.017488861083984375e+01 1.315175443887710571e-01 9.721934199333190918e-01 -1.937601268291473389e-01 0.000000000000000000e+00 2.000000000000000000e+00
1.758849487304687500e+02 1.785378723144531250e+02 7.000714111328125000e+01 1.709929406642913818e-01 9.645650386810302734e-01 -2.009368687868118286e-01 0.000000000000000000e+00 2.000000000000000000e+00
1.760305938720703125e+02 1.793594512939453125e+02 6.983599090576171875e+01 2.163878232240676880e-01 9.539252519607543945e-01 -2.078529596328735352e-01 0.000000000000000000e+00 2.000000000000000000e+00
1.762106781005859375e+02 1.801533355712890625e+02 6.966300964355468750e+01 2.633104324340820312e-01 9.410934448242187500e-01 -2.121575325727462769e-01 0.000000000000000000e+00 2.000000000000000000e+00
1.764249877929687500e+02 1.809192962646484375e+02 6.949033355712890625e+01 3.082950413227081299e-01 9.272249341011047363e-01 -2.126221954822540283e-01 0.000000000000000000e+00 2.000000000000000000e+00
1.766722869873046875e+02 1.816630706787109375e+02 6.931977844238281250e+01 3.491862416267395020e-01 9.134046435356140137e-01 -2.091910541057586670e-01 0.000000000000000000e+00 2.000000000000000000e+00
1.769514160156250000e+02 1.823932189941406250e+02 6.915255737304687500e+01 3.846058845520019531e-01 9.003644585609436035e-01 -2.035245597362518311e-01 0.000000000000000000e+00 2.000000000000000000e+00
1.772610168457031250e+02 1.831179962158203125e+02 6.898872375488281250e+01 4.139575362205505371e-01 8.886844515800476074e-01 -1.971778571605682373e-01 0.000000000000000000e+00 2.000000000000000000e+00
1.775987243652343750e+02 1.838429870605468750e+02 6.882786560058593750e+01 4.373215734958648682e-01 8.786810040473937988e-01 -1.914929747581481934e-01 0.000000000000000000e+00 2.000000000000000000e+00
1.779606475830078125e+02 1.845701751708984375e+02 6.866938781738281250e+01 4.552551209926605225e-01 8.705022931098937988e-01 -1.869990080595016479e-01 0.000000000000000000e+00 2.000000000000000000e+00
1.783412475585937500e+02 1.852979278564453125e+02 6.851305389404296875e+01 4.694415330886840820e-01 8.638583421707153320e-01 -1.826839596033096313e-01 0.000000000000000000e+00 2.000000000000000000e+00
1.787348022460937500e+02 1.860221405029296875e+02 6.835990142822265625e+01 4.830416142940521240e-01 8.575557470321655273e-01 -1.768305152654647827e-01 0.000000000000000000e+00 2.000000000000000000e+00
1.791377410888671875e+02 1.867374877929687500e+02 6.821239471435546875e+01 4.985756576061248779e-01 8.504331111907958984e-01 -1.678865849971771240e-01 0.000000000000000000e+00 2.000000000000000000e+00
1.795492401123046875e+02 1.874393920898437500e+02 6.807382965087890625e+01 5.177874565124511719e-01 8.411563038825988770e-01 -1.560522168874740601e-01 0.000000000000000000e+00 2.000000000000000000e+00
1.799707794189453125e+02 1.881241912841796875e+02 6.794678497314453125e+01 5.396059155464172363e-01 8.294579982757568359e-01 -1.443081200122833252e-01 0.000000000000000000e+00 2.000000000000000000e+00
1.804038391113281250e+02 1.887898712158203125e+02 6.783097076416015625e+01 5.618614554405212402e-01 8.156799674034118652e-01 -1.377599239349365234e-01 0.000000000000000000e+00 2.000000000000000000e+00
1.808482818603515625e+02 1.894350891113281250e+02 6.772200012207031250e+01 5.818148255348205566e-01 8.009622097015380859e-01 -1.412483602762222290e-01 0.000000000000000000e+00 2.000000000000000000e+00
1.813016357421875000e+02 1.900592041015625000e+02 6.761193847656250000e+01 5.973330140113830566e-01 7.867166996002197266e-01 -1.557888388633728027e-01 0.000000000000000000e+00 2.000000000000000000e+00
1.817601470947265625e+02 1.906630859375000000e+02 6.749235534667968750e+01 6.080762743949890137e-01 7.737118601799011230e-01 -1.778007298707962036e-01 0.000000000000000000e+00 2.000000000000000000e+00
1.822204437255859375e+02 1.912487640380859375e+02 6.735776519775390625e+01 6.148282289505004883e-01 7.630248069763183594e-01 -1.994475722312927246e-01 0.000000000000000000e+00 2.000000000000000000e+00
1.826805419921875000e+02 1.918197631835937500e+02 6.720851135253906250e+01 6.198367476463317871e-01 7.551937103271484375e-01 -2.132716327905654907e-01 0.000000000000000000e+00 2.000000000000000000e+00
1.831397552490234375e+02 1.923792572021484375e+02 6.705050659179687500e+01 6.251910924911499023e-01 7.503210306167602539e-01 -2.148358672857284546e-01 0.000000000000000000e+00 2.000000000000000000e+00
1.835975646972656250e+02 1.929286956787109375e+02 6.689318847656250000e+01 6.324170231819152832e-01 7.472441792488098145e-01 -2.041441351175308228e-01 0.000000000000000000e+00 2.000000000000000000e+00
1.840533905029296875e+02 1.934672851562500000e+02 6.674604797363281250e+01 6.413566470146179199e-01 7.442393898963928223e-01 -1.864655315876007080e-01 0.000000000000000000e+00 2.000000000000000000e+00
1.845056915283203125e+02 1.939921417236328125e+02 6.661454772949218750e+01 6.518705487251281738e-01 7.392605543136596680e-01 -1.689931899309158325e-01 0.000000000000000000e+00 2.000000000000000000e+00
1.849534606933593750e+02 1.944999389648437500e+02 6.649846649169921875e+01 6.636900901794433594e-01 7.310993075370788574e-01 -1.581436544656753540e-01 0.000000000000000000e+00 2.000000000000000000e+00
1.853973999023437500e+02 1.949889678955078125e+02 6.639268493652343750e+01 6.762629747390747070e-01 7.194445729255676270e-01 -1.583286374807357788e-01 0.000000000000000000e+00 2.000000000000000000e+00
1.858399658203125000e+02 1.954597930908203125e+02 6.628907012939453125e+01 6.891093254089355469e-01 7.046786546707153320e-01 -1.689865291118621826e-01 0.000000000000000000e+00 2.000000000000000000e+00
1.862857055664062500e+02 1.959156036376953125e+02 6.617976379394531250e+01 7.013117671012878418e-01 6.884959936141967773e-01 -1.847572177648544312e-01 0.000000000000000000e+00 2.000000000000000000e+00
1.867399444580078125e+02 1.963615417480468750e+02 6.606009674072265625e+01 7.124047279357910156e-01 6.727426648139953613e-01 -1.997419297695159912e-01 0.000000000000000000e+00 2.000000000000000000e+00
1.872069702148437500e+02 1.968025665283203125e+02 6.592915344238281250e+01 7.218154668807983398e-01 6.592398285865783691e-01 -2.106781750917434692e-01 0.000000000000000000e+00 2.000000000000000000e+00
1.876885375976562500e+02 1.972423858642578125e+02 6.578859710693359375e+01 7.296850681304931641e-01 6.478838324546813965e-01 -2.186467200517654419e-01 0.000000000000000000e+00 2.000000000000000000e+00
1.881833038330078125e+02 1.976816864013671875e+02 6.564034271240234375e+01 7.358335256576538086e-01 6.378961801528930664e-01 -2.272391021251678467e-01 0.000000000000000000e+00 2.000000000000000000e+00
1.886871643066406250e+02 1.981184844970703125e+02 6.548474121093750000e+01 7.401791214942932129e-01 6.281015872955322266e-01 -2.400484681129455566e-01 0.000000000000000000e+00 2.000000000000000000e+00
1.891945495605468750e+02 1.985490417480468750e+02 6.532019042968750000e+01 7.423713207244873047e-01 6.181309819221496582e-01 -2.584548592567443848e-01 0.000000000000000000e+00 2.000000000000000000e+00
1.896999359130859375e+02 1.989698486328125000e+02 6.514424133300781250e+01 7.420541048049926758e-01 6.087672710418701172e-01 -2.806390821933746338e-01 0.000000000000000000e+00 2.000000000000000000e+00
1.901994476318359375e+02 1.993796386718750000e+02 6.495532989501953125e+01 7.391130924224853516e-01 6.013418436050415039e-01 -3.034795522689819336e-01 0.000000000000000000e+00 2.000000000000000000e+00
1.906913452148437500e+02 1.997798461914062500e+02 6.475335693359375000e+01 7.335942387580871582e-01 5.973507165908813477e-01 -3.240549564361572266e-01 0.000000000000000000e+00 2.000000000000000000e+00
1.911758422851562500e+02 2.001743621826171875e+02 6.453933715820312500e+01 7.263073325157165527e-01 5.966881513595581055e-01 -3.412341475486755371e-01 0.000000000000000000e+00 2.000000000000000000e+00
1.916546478271484375e+02 2.005677185058593750e+02 6.431438446044921875e+01 7.182009220123291016e-01 5.982895493507385254e-01 -3.552985191345214844e-01 0.000000000000000000e+00 2.000000000000000000e+00
1.921302490234375000e+02 2.009639129638671875e+02 6.407910156250000000e+01 7.104218006134033203e-01 6.004364490509033203e-01 -3.671196997165679932e-01 0.000000000000000000e+00 2.000000000000000000e+00
1.926054077148437500e+02 2.013655090332031250e+02 6.383355712890625000e+01 7.039586901664733887e-01 6.019425392150878906e-01 -3.769711554050445557e-01 0.000000000000000000e+00 2.000000000000000000e+00
1.930824890136718750e+02 2.017734527587890625e+02 6.357807922363281250e+01 6.994072794914245605e-01 6.027895808219909668e-01 -3.840236663818359375e-01 0.000000000000000000e+00 2.000000000000000000e+00
1.935633087158203125e+02 2.021878509521484375e+02 6.331407546997070312e+01 6.964773535728454590e-01 6.032893657684326172e-01 -3.885372281074523926e-01 0.000000000000000000e+00 2.000000000000000000e+00
1.940482177734375000e+02 2.026078796386718750e+02 6.304356384277343750e+01 6.943329572677612305e-01 6.039150953292846680e-01 -3.913928568363189697e-01 0.000000000000000000e+00 2.000000000000000000e+00
1.945361328125000000e+02 2.030322570800781250e+02 6.276852798461914062e+01 6.917201280593872070e-01 6.053307652473449707e-01 -3.938247561454772949e-01 0.000000000000000000e+00 2.000000000000000000e+00
1.950245971679687500e+02 2.034597167968750000e+02 6.249042510986328125e+01 6.873633861541748047e-01 6.079857349395751953e-01 -3.973475098609924316e-01 0.000000000000000000e+00 2.000000000000000000e+00
1.955099182128906250e+02 2.038889923095703125e+02 6.220987319946289062e+01 6.802106499671936035e-01 6.123264431953430176e-01 -4.029514789581298828e-01 0.000000000000000000e+00 2.000000000000000000e+00
1.959878692626953125e+02 2.043192443847656250e+02 6.192673873901367188e+01 6.698703765869140625e-01 6.185694336891174316e-01 -4.106648266315460205e-01 0.000000000000000000e+00 2.000000000000000000e+00
1.964542999267578125e+02 2.047499542236328125e+02 6.164079284667968750e+01 6.569103598594665527e-01 6.264358162879943848e-01 -4.195793867111206055e-01 0.000000000000000000e+00 2.000000000000000000e+00
1.969062347412109375e+02 2.051809234619140625e+02 6.135213470458984375e+01 6.424432992935180664e-01 6.351077556610107422e-01 -4.288411736488342285e-01 0.000000000000000000e+00 2.000000000000000000e+00
1.973418884277343750e+02 2.056116027832031250e+02 6.106132888793945312e+01 6.277193427085876465e-01 6.440011858940124512e-01 -4.372996985912322998e-01 0.000000000000000000e+00 2.000000000000000000e+00
1.977607421875000000e+02 2.060413208007812500e+02 6.076953506469726562e+01 6.136642098426818848e-01 6.528347730636596680e-01 -4.440978765487670898e-01 0.000000000000000000e+00 2.000000000000000000e+00
1.981628265380859375e+02 2.064690704345703125e+02 6.047855377197265625e+01 6.003948450088500977e-01 6.621816754341125488e-01 -4.483764469623565674e-01 0.000000000000000000e+00 2.000000000000000000e+00
1.985481872558593750e+02 2.068940887451171875e+02 6.019076538085937500e+01 5.869855284690856934e-01 6.729517579078674316e-01 -4.500932693481445312e-01 0.000000000000000000e+00 2.000000000000000000e+00
1.989160766601562500e+02 2.073158569335937500e+02 5.990867233276367188e+01 5.723783373832702637e-01 6.856284737586975098e-01 -4.497740566730499268e-01 0.000000000000000000e+00 2.000000000000000000e+00
1.992652740478515625e+02 2.077341461181640625e+02 5.963427352905273438e+01 5.561497211456298828e-01 6.998665332794189453e-01 -4.482011497020721436e-01 0.000000000000000000e+00 2.000000000000000000e+00
1.995948791503906250e+02 2.081489257812500000e+02 5.936864471435546875e+01 5.386981964111328125e-01 7.147321105003356934e-01 -4.460518956184387207e-01 0.000000000000000000e+00 2.000000000000000000e+00
1.999051666259765625e+02 2.085606079101562500e+02 5.911172103881835938e+01 5.219166278839111328e-01 7.284294366836547852e-01 -4.438395798206329346e-01 0.000000000000000000e+00 2.000000000000000000e+00
2.001984405517578125e+02 2.089699249267578125e+02 5.886231994628906250e+01 5.080053210258483887e-01 7.399117946624755859e-01 -4.409774243831634521e-01 0.000000000000000000e+00 2.000000000000000000e+00
2.004789123535156250e+02 2.093784332275390625e+02 5.861885452270507812e+01 4.984145164489746094e-01 7.493194937705993652e-01 -4.360083341598510742e-01 0.000000000000000000e+00 2.000000000000000000e+00
2.007521667480468750e+02 2.097892456054687500e+02 5.837981414794921875e+01 4.942316710948944092e-01 7.569401264190673828e-01 -4.275238215923309326e-01 0.000000000000000000e+00 2.000000000000000000e+00
2.010247039794921875e+02 2.102066497802734375e+02 5.814406204223632812e+01 4.949510395526885986e-01 7.638424634933471680e-01 -4.142077267169952393e-01 0.000000000000000000e+00 2.000000000000000000e+00
2.013032989501953125e+02 2.106365966796875000e+02 5.791091537475585938e+01 4.993969202041625977e-01 7.709101438522338867e-01 -3.953482508659362793e-01 0.000000000000000000e+00 2.000000000000000000e+00
2.015944519042968750e+02 2.110860443115234375e+02 5.768042373657226562e+01 5.052889585494995117e-01 7.788125276565551758e-01 -3.716640174388885498e-01 0.000000000000000000e+00 2.000000000000000000e+00
2.019035339355468750e+02 2.115624389648437500e+02 5.745307922363281250e+01 5.108317136764526367e-01 7.874035835266113281e-01 -3.450312316417694092e-01 0.000000000000000000e+00 2.000000000000000000e+00
2.022342071533203125e+02 2.120721435546875000e+02 5.722973251342773438e+01 5.144195556640625000e-01 7.964189052581787109e-01 -3.179458677768707275e-01 0.000000000000000000e+00 2.000000000000000000e+00
2.025877380371093750e+02 2.126194763183593750e+02 5.701122665405273438e+01 5.155325531959533691e-01 8.053348064422607422e-01 -2.926807701587677002e-01 0.000000000000000000e+00 2.000000000000000000e+00
2.029628143310546875e+02 2.132053985595703125e+02 5.679828643798828125e+01 5.147463679313659668e-01 8.135025501251220703e-01 -2.706466913223266602e-01 0.000000000000000000e+00 2.000000000000000000e+00
2.033561706542968750e+02 2.138270568847656250e+02 5.659146499633789062e+01 5.132588148117065430e-01 8.203492760658264160e-01 -2.521752715110778809e-01 0.000000000000000000e+00 2.000000000000000000e+00
2.037636566162109375e+02 2.144783477783203125e+02 5.639125823974609375e+01 5.124269723892211914e-01 8.255788683891296387e-01 -2.363009601831436157e-01 0.000000000000000000e+00 2.000000000000000000e+00
2.041812591552734375e+02 2.151511535644531250e+02 5.619868469238281250e+01 5.131033658981323242e-01 8.291245698928833008e-01 -2.219848483800888062e-01 0.000000000000000000e+00 2.000000000000000000e+00
2.046057739257812500e+02 2.158371276855468750e+02 5.601502609252929688e+01 5.154375433921813965e-01 8.312172889709472656e-01 -2.083312273025512695e-01 0.000000000000000000e+00 2.000000000000000000e+00
2.050349121093750000e+02 2.165291748046875000e+02 5.584157562255859375e+01 5.192292332649230957e-01 8.321107625961303711e-01 -1.949169635772705078e-01 0.000000000000000000e+00 2.000000000000000000e+00
2.054675903320312500e+02 2.172225799560546875e+02 5.567914962768554688e+01 5.243877768516540527e-01 8.319165110588073730e-01 -1.814726144075393677e-01 0.000000000000000000e+00 2.000000000000000000e+00
2.059037170410156250e+02 2.179144744873046875e+02 5.552822113037109375e+01 5.307663679122924805e-01 8.308390974998474121e-01 -1.673121899366378784e-01 0.000000000000000000e+00 2.000000000000000000e+00
2.063442687988281250e+02 2.186040954589843750e+02 5.538934707641601562e+01 5.388653874397277832e-01 8.287746906280517578e-01 -1.508530676364898682e-01 0.000000000000000000e+00 2.000000000000000000e+00
2.067913970947265625e+02 2.192917785644531250e+02 5.526417541503906250e+01 5.490132570266723633e-01 8.257231712341308594e-01 -1.294822692871093750e-01 0.000000000000000000e+00 2.000000000000000000e+00
2.072476654052734375e+02 2.199780120849609375e+02 5.515656661987304688e+01 5.610855221748352051e-01 8.215568065643310547e-01 -1.011310964822769165e-01 0.000000000000000000e+00 2.000000000000000000e+00
2.077151641845703125e+02 2.206625366210937500e+02 5.507230377197265625e+01 5.741813182830810547e-01 8.161629438400268555e-01 -6.475976109504699707e-02 0.000000000000000000e+00 2.000000000000000000e+00
2.081949005126953125e+02 2.213444519042968750e+02 5.501819610595703125e+01 5.860747098922729492e-01 8.099643588066101074e-01 -2.177666500210762024e-02 0.000000000000000000e+00 2.000000000000000000e+00
2.086856384277343750e+02 2.220226593017578125e+02 5.499996185302734375e+01 5.941838622093200684e-01 8.039771914482116699e-01 2.379591204226016998e-02 0.000000000000000000e+00 2.000000000000000000e+00
2.091840972900390625e+02 2.226971130371093750e+02 5.501992416381835938e+01 5.965358614921569824e-01 7.997989058494567871e-01 6.683296710252761841e-02 0.000000000000000000e+00 2.000000000000000000e+00
2.096854705810546875e+02 2.233693237304687500e+02 5.507609558105468750e+01 5.925791859626770020e-01 7.989181876182556152e-01 1.028569340705871582e-01 0.000000000000000000e+00 2.000000000000000000e+00
2.101844635009765625e+02 2.240420684814453125e+02 5.516270828247070312e+01 5.840458273887634277e-01 8.012792468070983887e-01 1.297768950462341309e-01 0.000000000000000000e+00 2.000000000000000000e+00
2.106765899658203125e+02 2.247172393798828125e+02 5.527206039428710938e+01 5.741643905639648438e-01 8.050504922866821289e-01 1.490935236215591431e-01 0.000000000000000000e+00 2.000000000000000000e+00
2.111590270996093750e+02 2.253936767578125000e+02 5.539733505249023438e+01 5.659032464027404785e-01 8.077497482299804688e-01 1.652086228132247925e-01 0.000000000000000000e+00 2.000000000000000000e+00
2.116301116943359375e+02 2.260660858154296875e+02 5.553486251831054688e+01 5.615011453628540039e-01 8.069235086441040039e-01 1.832784861326217651e-01 0.000000000000000000e+00 2.000000000000000000e+00
2.120893249511718750e+02 2.267260131835937500e+02 5.568475341796875000e+01 5.608626008033752441e-01 8.016508221626281738e-01 2.068555504083633423e-01 0.000000000000000000e+00 2.000000000000000000e+00
2.125363006591796875e+02 2.273648834228515625e+02 5.584960556030273438e+01 5.615804195404052734e-01 7.929924726486206055e-01 2.361998111009597778e-01 0.000000000000000000e+00 2.000000000000000000e+00
2.129703216552734375e+02 2.279777526855468750e+02 5.603215408325195312e+01 5.607935190200805664e-01 7.831578850746154785e-01 2.686529457569122314e-01 0.000000000000000000e+00 2.000000000000000000e+00
2.133909301757812500e+02 2.285651397705078125e+02 5.623365020751953125e+01 5.564674139022827148e-01 7.752336859703063965e-01 2.989259958267211914e-01 0.000000000000000000e+00 2.000000000000000000e+00
2.137985076904296875e+02 2.291329498291015625e+02 5.645259475708007812e+01 5.481025576591491699e-01 7.717070579528808594e-01 3.225707411766052246e-01 0.000000000000000000e+00 2.000000000000000000e+00
2.141944885253906250e+02 2.296904754638671875e+02 5.668563842773437500e+01 5.369373559951782227e-01 7.734305262565612793e-01 3.369026780128479004e-01 0.000000000000000000e+00 2.000000000000000000e+00
2.145810089111328125e+02 2.302472381591796875e+02 5.692816162109375000e+01 5.259729623794555664e-01 7.785956859588623047e-01 3.422589004039764404e-01 0.000000000000000000e+00 2.000000000000000000e+00
2.149604644775390625e+02 2.308089447021484375e+02 5.717507934570312500e+01 5.186808109283447266e-01 7.847126722335815430e-01 3.394057750701904297e-01 0.000000000000000000e+00 2.000000000000000000e+00
2.153348083496093750e+02 2.313752899169921875e+02 5.742003631591796875e+01 5.191548466682434082e-01 7.890598177909851074e-01 3.284246325492858887e-01 0.000000000000000000e+00 2.000000000000000000e+00
2.157060546875000000e+02 2.319395446777343750e+02 5.765489196777343750e+01 5.316817164421081543e-01 7.890467047691345215e-01 3.077658712863922119e-01 0.000000000000000000e+00 2.000000000000000000e+00
2.160764770507812500e+02 2.324892730712890625e+02 5.786931228637695312e+01 5.605265498161315918e-01 7.815486192703247070e-01 2.738459706306457520e-01 0.000000000000000000e+00 2.000000000000000000e+00
2.164493255615234375e+02 2.330091400146484375e+02 5.805146789550781250e+01 6.085465550422668457e-01 7.619439363479614258e-01 2.216134667396545410e-01 0.000000000000000000e+00 2.000000000000000000e+00
2.168286285400390625e+02 2.334840545654296875e+02 5.818959808349609375e+01 6.745160222053527832e-01 7.236763834953308105e-01 1.460157632827758789e-01 0.000000000000000000e+00 2.000000000000000000e+00
2.172184600830078125e+02 2.339022979736328125e+02 5.827398681640625000e+01 7.501710057258605957e-01 6.597612500190734863e-01 4.425453022122383118e-02 0.000000000000000000e+00 2.000000000000000000e+00
2.176219635009765625e+02 2.342571716308593750e+02 5.829779052734375000e+01 8.199849128723144531e-01 5.670480132102966309e-01 -7.798290997743606567e-02 0.000000000000000000e+00 2.000000000000000000e+00
2.180410461425781250e+02 2.345469818115234375e+02 5.825793457031250000e+01 8.680201768875122070e-01 4.519300758838653564e-01 -2.056703716516494751e-01 0.000000000000000000e+00 2.000000000000000000e+00
2.184774932861328125e+02 2.347742156982421875e+02 5.815452194213867188e+01 8.877693414688110352e-01 3.319043815135955811e-01 -3.189122378826141357e-01 0.000000000000000000e+00 2.000000000000000000e+00
2.189339141845703125e+02 2.349448547363281250e+02 5.799056243896484375e+01 8.864679336547851562e-01 2.258685678243637085e-01 -4.039280116558074951e-01 0.000000000000000000e+00 2.000000000000000000e+00
2.194143218994140625e+02 2.350672607421875000e+02 5.777165985107421875e+01 8.768864274024963379e-01 1.452574282884597778e-01 -4.582253396511077881e-01 0.000000000000000000e+00 2.000000000000000000e+00
2.199227905273437500e+02 2.351514892578125000e+02 5.750595474243164062e+01 8.687468171119689941e-01 9.172140806913375854e-02 -4.866890311241149902e-01 0.000000000000000000e+00 2.000000000000000000e+00
2.204618682861328125e+02 2.352084045410156250e+02 5.720395278930664062e+01 8.662097454071044922e-01 6.180907785892486572e-02 -4.958430528640747070e-01 0.000000000000000000e+00 2.000000000000000000e+00
2.210308990478515625e+02 2.352490081787109375e+02 5.687822341918945312e+01 8.694192767143249512e-01 5.080354958772659302e-02 -4.914562702178955078e-01 0.000000000000000000e+00 2.000000000000000000e+00
2.216252288818359375e+02 2.352837371826171875e+02 5.654226684570312500e+01 8.771588802337646484e-01 5.499874427914619446e-02 -4.770402908325195312e-01 0.000000000000000000e+00 2.000000000000000000e+00
2.222372741699218750e+02 2.353221130371093750e+02 5.620940780639648438e+01 8.878368139266967773e-01 7.169532030820846558e-02 -4.545387327671051025e-01 0.000000000000000000e+00 2.000000000000000000e+00
2.228591308593750000e+02 2.353723297119140625e+02 5.589104080200195312e+01 8.999681472778320312e-01 9.958420693874359131e-02 -4.244293868541717529e-01 0.000000000000000000e+00 2.000000000000000000e+00
2.234846343994140625e+02 2.354415435791015625e+02 5.559605026245117188e+01 9.118980765342712402e-01 1.366589516401290894e-01 -3.869963586330413818e-01 0.000000000000000000e+00 2.000000000000000000e+00
2.241098022460937500e+02 2.355352325439453125e+02 5.533073806762695312e+01 9.220780730247497559e-01 1.809586584568023682e-01 -3.420907258987426758e-01 0.000000000000000000e+00 2.000000000000000000e+00
2.247325134277343750e+02 2.356574401855468750e+02 5.509971237182617188e+01 9.291162490844726562e-01 2.292814701795578003e-01 -2.901257276535034180e-01 0.000000000000000000e+00 2.000000000000000000e+00
2.253520812988281250e+02 2.358103332519531250e+02 5.490624618530273438e+01 9.318770766258239746e-01 2.787439525127410889e-01 -2.321789562702178955e-01 0.000000000000000000e+00 2.000000000000000000e+00
2.259683074951171875e+02 2.359946594238281250e+02 5.475271224975585938e+01 9.295299649238586426e-01 3.271801173686981201e-01 -1.700797975063323975e-01 0.000000000000000000e+00 2.000000000000000000e+00
2.265818939208984375e+02 2.362106323242187500e+02 5.464044189453125000e+01 9.222406744956970215e-01 3.715563118457794189e-01 -1.068554595112800598e-01 0.000000000000000000e+00 2.000000000000000000e+00
2.271945037841796875e+02 2.364574432373046875e+02 5.456946182250976562e+01 9.110219478607177734e-01 4.098240435123443604e-01 -4.564165696501731873e-02 0.000000000000000000e+00 2.000000000000000000e+00
2.278085174560546875e+02 2.367336578369140625e+02 5.453870010375976562e+01 8.977916836738586426e-01 4.402679204940795898e-01 1.158337108790874481e-02 0.000000000000000000e+00 2.000000000000000000e+00
2.284261627197265625e+02 2.370365447998046875e+02 5.454666900634765625e+01 8.846840858459472656e-01 4.617289304733276367e-01 6.434647738933563232e-02 0.000000000000000000e+00 2.000000000000000000e+00
2.290486602783203125e+02 2.373614349365234375e+02 5.459194564819335938e+01 8.730451464653015137e-01 4.741738140583038330e-01 1.138038411736488342e-01 0.000000000000000000e+00 2.000000000000000000e+00
2.296754455566406250e+02 2.377018585205078125e+02 5.467364883422851562e+01 8.637986183166503906e-01 4.775083959102630615e-01 1.607414036989212036e-01 0.000000000000000000e+00 2.000000000000000000e+00
2.303050079345703125e+02 2.380498809814453125e+02 5.479080200195312500e+01 8.574298024177551270e-01 4.721710681915283203e-01 2.046181708574295044e-01 0.000000000000000000e+00 2.000000000000000000e+00
2.309360504150390625e+02 2.383973846435546875e+02 5.494139480590820312e+01 8.545944690704345703e-01 4.585055410861968994e-01 2.438053041696548462e-01 0.000000000000000000e+00 2.000000000000000000e+00
2.315684509277343750e+02 2.387366790771484375e+02 5.512181091308593750e+01 8.556345105171203613e-01 4.374450147151947021e-01 2.766432464122772217e-01 0.000000000000000000e+00 2.000000000000000000e+00
2.322030944824218750e+02 2.390611419677734375e+02 5.532700347900390625e+01 8.607806563377380371e-01 4.095201790332794189e-01 3.022416234016418457e-01 0.000000000000000000e+00 2.000000000000000000e+00
2.328412475585937500e+02 2.393647460937500000e+02 5.555107498168945312e+01 8.694277405738830566e-01 3.751675486564636230e-01 3.214725852012634277e-01 0.000000000000000000e+00 2.000000000000000000e+00
2.334834442138671875e+02 2.396418609619140625e+02 5.578852844238281250e+01 8.803982138633728027e-01 3.347673714160919189e-01 3.359017074108123779e-01 0.000000000000000000e+00 2.000000000000000000e+00
2.341288757324218750e+02 2.398872833251953125e+02 5.603478240966796875e+01 8.919430971145629883e-01 2.893010377883911133e-01 3.474801480770111084e-01 0.000000000000000000e+00 2.000000000000000000e+00
2.347754058837890625e+02 2.400969848632812500e+02 5.628665542602539062e+01 9.023972153663635254e-01 2.399172186851501465e-01 3.579372167587280273e-01 0.000000000000000000e+00 2.000000000000000000e+00
2.354199829101562500e+02 2.402683563232421875e+02 5.654232788085937500e+01 9.103700518608093262e-01 1.898196190595626831e-01 3.676886856555938721e-01 0.000000000000000000e+00 2.000000000000000000e+00
2.360598754882812500e+02 2.404017791748046875e+02 5.680077362060546875e+01 9.154028296470642090e-01 1.414539068937301636e-01 3.768666684627532959e-01 0.000000000000000000e+00 2.000000000000000000e+00
2.366931304931640625e+02 2.404996337890625000e+02 5.706148147583007812e+01 9.176497459411621094e-01 9.651692211627960205e-02 3.854910433292388916e-01 0.000000000000000000e+00 2.000000000000000000e+00
2.373184051513671875e+02 2.405653991699218750e+02 5.732415008544921875e+01 9.177708029747009277e-01 5.368581786751747131e-02 3.934650421142578125e-01 0.000000000000000000e+00 2.000000000000000000e+00
2.379347991943359375e+02 2.406014556884765625e+02 5.758840942382812500e+01 9.160358309745788574e-01 9.867240674793720245e-03 4.009751081466674805e-01 0.000000000000000000e+00 2.000000000000000000e+00
2.385396728515625000e+02 2.406079711914062500e+02 5.785317993164062500e+01 9.121799468994140625e-01 -3.996932879090309143e-02 4.078360497951507568e-01 0.000000000000000000e+00 2.000000000000000000e+00
2.391285400390625000e+02 2.405821685791015625e+02 5.811646270751953125e+01 9.050204157829284668e-01 -9.945601224899291992e-02 4.135777652263641357e-01 0.000000000000000000e+00 2.000000000000000000e+00
2.396939392089843750e+02 2.405200347900390625e+02 5.837483978271484375e+01 8.929328918457031250e-01 -1.693193316459655762e-01 4.171350896358489990e-01 0.000000000000000000e+00 2.000000000000000000e+00
2.402261657714843750e+02 2.404191131591796875e+02 5.862347030639648438e+01 8.745859861373901367e-01 -2.464943677186965942e-01 4.175403416156768799e-01 0.000000000000000000e+00 2.000000000000000000e+00
2.407141265869140625e+02 2.402815856933593750e+02 5.885643005371093750e+01 8.501813411712646484e-01 -3.250393867492675781e-01 4.141751825809478760e-01 0.000000000000000000e+00 2.000000000000000000e+00
2.411473236083984375e+02 2.401159667968750000e+02 5.906746673583984375e+01 8.220076560974121094e-01 -3.979958891868591309e-01 4.073114693164825439e-01 0.000000000000000000e+00 2.000000000000000000e+00
2.415175933837890625e+02 2.399366912841796875e+02 5.925093841552734375e+01 7.930307388305664062e-01 -4.608691930770874023e-01 3.983740508556365967e-01 0.000000000000000000e+00 2.000000000000000000e+00
2.418203277587890625e+02 2.397607574462890625e+02 5.940301513671875000e+01 7.661809325218200684e-01 -5.115829110145568848e-01 3.889084160327911377e-01 0.000000000000000000e+00 2.000000000000000000e+00
2.420554351806640625e+02 2.396037750244140625e+02 5.952235412597656250e+01 7.661809325218200684e-01 -5.115829110145568848e-01 3.889084160327911377e-01 0.000000000000000000e+00 2.000000000000000000e+00
