2.853891906738281250e+02 3.592624206542968750e+02 2.118409271240234375e+02 3.395754098892211914e-02 2.775611579418182373e-01 -9.601077437400817871e-01 0.000000000000000000e+00 1.000000000000000000e+00
2.853798828125000000e+02 3.591863403320312500e+02 2.121040954589843750e+02 5.771556869149208069e-02 2.946757674217224121e-01 -9.538528323173522949e-01 0.000000000000000000e+00 1.000000000000000000e+00
2.853593750000000000e+02 3.590816345214843750e+02 2.124430236816406250e+02 8.755484968423843384e-02 3.156508207321166992e-01 -9.448273181915283203e-01 0.000000000000000000e+00 1.000000000000000000e+00
2.853216552734375000e+02 3.589456481933593750e+02 2.128500671386718750e+02 1.220728009939193726e-01 3.398659825325012207e-01 -9.325177073478698730e-01 0.000000000000000000e+00 1.000000000000000000e+00
2.852612915039062500e+02 3.587775878906250000e+02 2.133111877441406250e+02 1.576238274574279785e-01 3.643895089626312256e-01 -9.178099632263183594e-01 0.000000000000000000e+00 1.000000000000000000e+00
2.851754455566406250e+02 3.585791320800781250e+02 2.138110504150390625e+02 1.877905875444412231e-01 3.867598176002502441e-01 -9.028574824333190918e-01 0.000000000000000000e+00 1.000000000000000000e+00
2.850657348632812500e+02 3.583531799316406250e+02 2.143385162353515625e+02 2.086745202541351318e-01 4.034703373908996582e-01 -8.908796906471252441e-01 0.000000000000000000e+00 1.000000000000000000e+00
2.849367980957031250e+02 3.581038818359375000e+02 2.148889770507812500e+02 2.184369862079620361e-01 4.126449227333068848e-01 -8.843129277229309082e-01 0.000000000000000000e+00 1.000000000000000000e+00
2.847948303222656250e+02 3.578356933593750000e+02 2.154637145996093750e+02 2.194087058305740356e-01 4.160367846488952637e-01 -8.824812769889831543e-01 0.000000000000000000e+00 1.000000000000000000e+00
2.846449279785156250e+02 3.575514526367187500e+02 2.160666351318359375e+02 2.162050604820251465e-01 4.170550107955932617e-01 -8.827912807464599609e-01 0.000000000000000000e+00 1.000000000000000000e+00
2.844898071289062500e+02 3.572522277832031250e+02 2.167000122070312500e+02 2.119963020086288452e-01 4.209054708480834961e-01 -8.819842338562011719e-01 0.000000000000000000e+00 1.000000000000000000e+00
2.843305358886718750e+02 3.569360046386718750e+02 2.173626403808593750e+02 2.063710093498229980e-01 4.316805303096771240e-01 -8.781018257141113281e-01 0.000000000000000000e+00 1.000000000000000000e+00
2.841692504882812500e+02 3.565986328125000000e+02 2.180489044189453125e+02 1.968772560358047485e-01 4.511786401271820068e-01 -8.704465627670288086e-01 0.000000000000000000e+00 1.000000000000000000e+00
2.840105285644531250e+02 3.562348937988281250e+02 2.187506561279296875e+02 1.801023632287979126e-01 4.795942604541778564e-01 -8.588087558746337891e-01 0.000000000000000000e+00 1.000000000000000000e+00
2.838620605468750000e+02 3.558395385742187500e+02 2.194586181640625000e+02 1.554481089115142822e-01 5.149583816528320312e-01 -8.430027961730957031e-01 0.000000000000000000e+00 1.000000000000000000e+00
2.837321777343750000e+02 3.554092712402343750e+02 2.201629791259765625e+02 1.251015961170196533e-01 5.542185902595520020e-01 -8.229163289070129395e-01 0.000000000000000000e+00 1.000000000000000000e+00
2.836271057128906250e+02 3.549437866210937500e+02 2.208541412353515625e+02 9.316691011190414429e-02 5.951601266860961914e-01 -7.981882095336914062e-01 0.000000000000000000e+00 1.000000000000000000e+00
2.835491027832031250e+02 3.544454956054687500e+02 2.215224151611328125e+02 6.381700187921524048e-02 6.351433992385864258e-01 -7.697533369064331055e-01 0.000000000000000000e+00 1.000000000000000000e+00
2.834963378906250000e+02 3.539203491210937500e+02 2.221588592529296875e+02 3.913300484418869019e-02 6.729216575622558594e-01 -7.386779189109802246e-01 0.000000000000000000e+00 1.000000000000000000e+00
2.834646911621093750e+02 3.533761596679687500e+02 2.227562255859375000e+02 2.043709345161914825e-02 7.082134485244750977e-01 -7.057026028633117676e-01 0.000000000000000000e+00 1.000000000000000000e+00
2.834486694335937500e+02 3.528209533691406250e+02 2.233094635009765625e+02 6.306280381977558136e-03 7.407049536705017090e-01 -6.718007922172546387e-01 0.000000000000000000e+00 1.000000000000000000e+00
2.834439086914062500e+02 3.522617797851562500e+02 2.238166198730468750e+02 -3.197716083377599716e-03 7.711544632911682129e-01 -6.366400122642517090e-01 0.000000000000000000e+00 1.000000000000000000e+00
2.834462280273437500e+02 3.517024536132812500e+02 2.242783813476562500e+02 -9.472868405282497406e-03 8.000426292419433594e-01 -5.998682975769042969e-01 0.000000000000000000e+00 1.000000000000000000e+00
2.834528503417968750e+02 3.511431579589843750e+02 2.246977386474609375e+02 -1.231307722628116608e-02 8.276724815368652344e-01 -5.610764026641845703e-01 0.000000000000000000e+00 1.000000000000000000e+00
2.834612121582031250e+02 3.505810852050781250e+02 2.250787658691406250e+02 -1.282219309359788895e-02 8.529047966003417969e-01 -5.219090580940246582e-01 0.000000000000000000e+00 1.000000000000000000e+00
2.834697570800781250e+02 3.500126953125000000e+02 2.254265747070312500e+02 -1.231192331761121750e-02 8.752532601356506348e-01 -4.835081398487091064e-01 0.000000000000000000e+00 1.000000000000000000e+00
2.834779052734375000e+02 3.494334411621093750e+02 2.257465667724609375e+02 -1.171140652149915695e-02 8.940625190734863281e-01 -4.477890729904174805e-01 0.000000000000000000e+00 1.000000000000000000e+00
2.834856872558593750e+02 3.488393554687500000e+02 2.260441131591796875e+02 -1.150477491319179535e-02 9.096925258636474609e-01 -4.151230752468109131e-01 0.000000000000000000e+00 1.000000000000000000e+00
2.834934387207031250e+02 3.482264404296875000e+02 2.263238067626953125e+02 -1.222581975162029266e-02 9.235809445381164551e-01 -3.832085728645324707e-01 0.000000000000000000e+00 1.000000000000000000e+00
2.835018615722656250e+02 3.475901489257812500e+02 2.265878143310546875e+02 -1.387348305433988571e-02 9.376234412193298340e-01 -3.473756611347198486e-01 0.000000000000000000e+00 1.000000000000000000e+00
2.835116882324218750e+02 3.469260253906250000e+02 2.268338623046875000e+02 -1.590147241950035095e-02 9.527492523193359375e-01 -3.033415079116821289e-01 0.000000000000000000e+00 1.000000000000000000e+00
2.835232849121093750e+02 3.462312011718750000e+02 2.270550842285156250e+02 -1.802529767155647278e-02 9.683907628059387207e-01 -2.487858086824417114e-01 0.000000000000000000e+00 1.000000000000000000e+00
2.835367736816406250e+02 3.455065307617187500e+02 2.272412567138671875e+02 -1.855739392340183258e-02 9.827001690864562988e-01 -1.842713057994842529e-01 0.000000000000000000e+00 1.000000000000000000e+00
2.835509033203125000e+02 3.447583007812500000e+02 2.273815612792968750e+02 -1.637207716703414917e-02 9.933587908744812012e-01 -1.138875111937522888e-01 0.000000000000000000e+00 1.000000000000000000e+00
2.835634460449218750e+02 3.439972839355468750e+02 2.274688110351562500e+02 -1.009904127568006516e-02 9.989635348320007324e-01 -4.438368231058120728e-02 0.000000000000000000e+00 1.000000000000000000e+00
2.835711364746093750e+02 3.432365722656250000e+02 2.275026092529296875e+02 4.484846140258014202e-04 9.998353123664855957e-01 1.814324222505092621e-02 0.000000000000000000e+00 1.000000000000000000e+00
2.835708007812500000e+02 3.424881896972656250e+02 2.274890289306640625e+02 1.462983898818492889e-02 9.975460171699523926e-01 6.846764683723449707e-02 0.000000000000000000e+00 1.000000000000000000e+00
2.835601196289062500e+02 3.417598876953125000e+02 2.274390411376953125e+02 3.034399636089801788e-02 9.940022230148315430e-01 1.050650104880332947e-01 0.000000000000000000e+00 1.000000000000000000e+00
2.835385742187500000e+02 3.410541076660156250e+02 2.273644409179687500e+02 4.415098950266838074e-02 9.905580282211303711e-01 1.297898143529891968e-01 0.000000000000000000e+00 1.000000000000000000e+00
2.835079650878906250e+02 3.403673706054687500e+02 2.272744598388671875e+02 5.281512811779975891e-02 9.876831173896789551e-01 1.472841203212738037e-01 0.000000000000000000e+00 1.000000000000000000e+00
2.834718627929687500e+02 3.396922302246093750e+02 2.271737823486328125e+02 5.388728529214859009e-02 9.852526187896728516e-01 1.623991280794143677e-01 0.000000000000000000e+00 1.000000000000000000e+00
2.834350585937500000e+02 3.390193176269531250e+02 2.270628662109375000e+02 4.778749495744705200e-02 9.827352762222290039e-01 1.787393689155578613e-01 0.000000000000000000e+00 1.000000000000000000e+00
2.834020385742187500e+02 3.383402709960937500e+02 2.269393615722656250e+02 3.746518865227699280e-02 9.797688126564025879e-01 1.965947896242141724e-01 0.000000000000000000e+00 1.000000000000000000e+00
2.833756408691406250e+02 3.376499328613281250e+02 2.268008422851562500e+02 2.717758156359195709e-02 9.761882424354553223e-01 2.152159214019775391e-01 0.000000000000000000e+00 1.000000000000000000e+00
2.833560791015625000e+02 3.369472961425781250e+02 2.266459350585937500e+02 2.214117534458637238e-02 9.723735451698303223e-01 2.323778867721557617e-01 0.000000000000000000e+00 1.000000000000000000e+00
2.833399047851562500e+02 3.362369689941406250e+02 2.264761810302734375e+02 2.566236071288585663e-02 9.689309000968933105e-01 2.459968179464340210e-01 0.000000000000000000e+00 1.000000000000000000e+00
2.833210754394531250e+02 3.355260314941406250e+02 2.262956848144531250e+02 4.070429876446723938e-02 9.662773609161376953e-01 2.542659044265747070e-01 0.000000000000000000e+00 1.000000000000000000e+00
2.832913818359375000e+02 3.348211364746093750e+02 2.261101989746093750e+02 6.779120862483978271e-02 9.646819829940795898e-01 2.545447647571563721e-01 0.000000000000000000e+00 1.000000000000000000e+00
2.832424621582031250e+02 3.341250000000000000e+02 2.259265136718750000e+02 1.041889265179634094e-01 9.640988111495971680e-01 2.442499995231628418e-01 0.000000000000000000e+00 1.000000000000000000e+00
2.831677856445312500e+02 3.334339904785156250e+02 2.257514495849609375e+02 1.442995071411132812e-01 9.643543958663940430e-01 2.218070179224014282e-01 0.000000000000000000e+00 1.000000000000000000e+00
2.830638122558593750e+02 3.327391357421875000e+02 2.255916290283203125e+02 1.817197650671005249e-01 9.652824401855468750e-01 1.876372843980789185e-01 0.000000000000000000e+00 1.000000000000000000e+00
2.829302673339843750e+02 3.320297546386718750e+02 2.254537353515625000e+02 2.124147266149520874e-01 9.664669036865234375e-01 1.442969143390655518e-01 0.000000000000000000e+00 1.000000000000000000e+00
2.827694396972656250e+02 3.312980041503906250e+02 2.253444824218750000e+02 2.359050512313842773e-01 9.670896530151367188e-01 9.532266855239868164e-02 0.000000000000000000e+00 1.000000000000000000e+00
2.825850830078125000e+02 3.305422363281250000e+02 2.252699890136718750e+02 2.551480233669281006e-01 9.659039378166198730e-01 4.392204806208610535e-02 0.000000000000000000e+00 1.000000000000000000e+00
2.823807678222656250e+02 3.297687683105468750e+02 2.252348175048828125e+02 2.743539214134216309e-01 9.615957736968994141e-01 -7.972774095833301544e-03 0.000000000000000000e+00 1.000000000000000000e+00
2.821586608886718750e+02 3.289902954101562500e+02 2.252412719726562500e+02 2.970498204231262207e-01 9.530947804450988770e-01 -5.806661769747734070e-02 0.000000000000000000e+00 1.000000000000000000e+00
2.819190979003906250e+02 3.282216491699218750e+02 2.252881011962890625e+02 3.261739313602447510e-01 9.394993185997009277e-01 -1.046493947505950928e-01 0.000000000000000000e+00 1.000000000000000000e+00
2.816601867675781250e+02 3.274758911132812500e+02 2.253711700439453125e+02 3.625465035438537598e-01 9.204344749450683594e-01 -1.461519300937652588e-01 0.000000000000000000e+00 1.000000000000000000e+00
2.813790283203125000e+02 3.267620849609375000e+02 2.254845123291015625e+02 4.051279127597808838e-01 8.960490226745605469e-01 -1.815694272518157959e-01 0.000000000000000000e+00 1.000000000000000000e+00
2.810725097656250000e+02 3.260841369628906250e+02 2.256218872070312500e+02 4.504843056201934814e-01 8.676131963729858398e-01 -2.105022519826889038e-01 0.000000000000000000e+00 1.000000000000000000e+00
2.807390747070312500e+02 3.254419555664062500e+02 2.257776947021484375e+02 4.936397969722747803e-01 8.374171853065490723e-01 -2.346320450305938721e-01 0.000000000000000000e+00 1.000000000000000000e+00
2.803800048828125000e+02 3.248328247070312500e+02 2.259483642578125000e+02 5.300596356391906738e-01 8.083239197731018066e-01 -2.562210261821746826e-01 0.000000000000000000e+00 1.000000000000000000e+00
2.799998779296875000e+02 3.242531433105468750e+02 2.261321105957031250e+02 5.562503933906555176e-01 7.833054065704345703e-01 -2.775213122367858887e-01 0.000000000000000000e+00 1.000000000000000000e+00
2.796063232421875000e+02 3.236989440917968750e+02 2.263284606933593750e+02 5.703837871551513672e-01 7.647105455398559570e-01 -2.998003065586090088e-01 0.000000000000000000e+00 1.000000000000000000e+00
2.792083435058593750e+02 3.231653747558593750e+02 2.265376434326171875e+02 5.719167590141296387e-01 7.536444067955017090e-01 -3.239309787750244141e-01 0.000000000000000000e+00 1.000000000000000000e+00
2.788146667480468750e+02 3.226466064453125000e+02 2.267606201171875000e+02 5.614853501319885254e-01 7.499459385871887207e-01 -3.497359156608581543e-01 0.000000000000000000e+00 1.000000000000000000e+00
2.784320678710937500e+02 3.221355895996093750e+02 2.269989318847656250e+02 5.415109395980834961e-01 7.517414093017578125e-01 -3.763651549816131592e-01 0.000000000000000000e+00 1.000000000000000000e+00
2.780644226074218750e+02 3.216252136230468750e+02 2.272544555664062500e+02 5.155944824218750000e-01 7.564708590507507324e-01 -4.023857116699218750e-01 0.000000000000000000e+00 1.000000000000000000e+00
2.777129211425781250e+02 3.211094970703125000e+02 2.275287780761718750e+02 4.880252480506896973e-01 7.617123723030090332e-01 -4.261756539344787598e-01 0.000000000000000000e+00 1.000000000000000000e+00
2.773764038085937500e+02 3.205842590332031250e+02 2.278226470947265625e+02 4.620727896690368652e-01 7.665484547615051270e-01 -4.459732174873352051e-01 0.000000000000000000e+00 1.000000000000000000e+00
2.770527648925781250e+02 3.200473632812500000e+02 2.281350097656250000e+02 4.404932856559753418e-01 7.703275680541992188e-01 -4.610436558723449707e-01 0.000000000000000000e+00 1.000000000000000000e+00
2.767391052246093750e+02 3.194988403320312500e+02 2.284633026123046875e+02 4.245904982089996338e-01 7.731198072433471680e-01 -4.711779952049255371e-01 0.000000000000000000e+00 1.000000000000000000e+00
2.764324645996093750e+02 3.189404907226562500e+02 2.288035888671875000e+02 4.134209752082824707e-01 7.750858664512634277e-01 -4.778336286544799805e-01 0.000000000000000000e+00 1.000000000000000000e+00
2.761309204101562500e+02 3.183751525878906250e+02 2.291521148681640625e+02 4.061067104339599609e-01 7.756242156028747559e-01 -4.832023978233337402e-01 0.000000000000000000e+00 1.000000000000000000e+00
2.758335266113281250e+02 3.178071594238281250e+02 2.295059661865234375e+02 4.007798433303833008e-01 7.743931412696838379e-01 -4.895823597908020020e-01 0.000000000000000000e+00 1.000000000000000000e+00
2.755404357910156250e+02 3.172408447265625000e+02 2.298639984130859375e+02 3.961078226566314697e-01 7.710322737693786621e-01 -4.986059069633483887e-01 0.000000000000000000e+00 1.000000000000000000e+00
2.752522583007812500e+02 3.166799011230468750e+02 2.302267456054687500e+02 3.920827209949493408e-01 7.654506564140319824e-01 -5.102512836456298828e-01 0.000000000000000000e+00 1.000000000000000000e+00
2.749683837890625000e+02 3.161257019042968750e+02 2.305961761474609375e+02 3.881304860115051270e-01 7.585918903350830078e-01 -5.233478546142578125e-01 0.000000000000000000e+00 1.000000000000000000e+00
2.746875000000000000e+02 3.155767211914062500e+02 2.309749145507812500e+02 3.847227096557617188e-01 7.517353892326354980e-01 -5.356140732765197754e-01 0.000000000000000000e+00 1.000000000000000000e+00
2.744070739746093750e+02 3.150287780761718750e+02 2.313653259277343750e+02 3.813452422618865967e-01 7.464173436164855957e-01 -5.453777909278869629e-01 0.000000000000000000e+00 1.000000000000000000e+00
2.741253051757812500e+02 3.144772644042968750e+02 2.317682952880859375e+02 3.775497376918792725e-01 7.440105676651000977e-01 -5.512754321098327637e-01 0.000000000000000000e+00 1.000000000000000000e+00
2.738416442871093750e+02 3.139182739257812500e+02 2.321824798583984375e+02 3.724702596664428711e-01 7.450205683708190918e-01 -5.533626675605773926e-01 0.000000000000000000e+00 1.000000000000000000e+00
2.735576171875000000e+02 3.133501586914062500e+02 2.326044464111328125e+02 3.664461970329284668e-01 7.488834857940673828e-01 -5.521691441535949707e-01 0.000000000000000000e+00 1.000000000000000000e+00
2.732757873535156250e+02 3.127742004394531250e+02 2.330291137695312500e+02 3.592018485069274902e-01 7.552205324172973633e-01 -5.482847094535827637e-01 0.000000000000000000e+00 1.000000000000000000e+00
2.729994812011718750e+02 3.121932678222656250e+02 2.334508666992187500e+02 3.518210351467132568e-01 7.624656558036804199e-01 -5.430176854133605957e-01 0.000000000000000000e+00 1.000000000000000000e+00
2.727311706542968750e+02 3.116117858886718750e+02 2.338649902343750000e+02 3.437209129333496094e-01 7.699055671691894531e-01 -5.376814603805541992e-01 0.000000000000000000e+00 1.000000000000000000e+00
2.724732055664062500e+02 3.110339660644531250e+02 2.342685241699218750e+02 3.345498144626617432e-01 7.765712141990661621e-01 -5.338667035102844238e-01 0.000000000000000000e+00 1.000000000000000000e+00
2.722275390625000000e+02 3.104637145996093750e+02 2.346605529785156250e+02 3.236967027187347412e-01 7.819260954856872559e-01 -5.327401757240295410e-01 0.000000000000000000e+00 1.000000000000000000e+00
2.719957275390625000e+02 3.099037475585937500e+02 2.350420684814453125e+02 3.120770454406738281e-01 7.854631543159484863e-01 -5.344675183296203613e-01 0.000000000000000000e+00 1.000000000000000000e+00
2.717779846191406250e+02 3.093557128906250000e+02 2.354149780273437500e+02 3.002143204212188721e-01 7.874745726585388184e-01 -5.382890701293945312e-01 0.000000000000000000e+00 1.000000000000000000e+00
2.715734863281250000e+02 3.088193054199218750e+02 2.357816467285156250e+02 2.905236184597015381e-01 7.878785133361816406e-01 -5.429948568344116211e-01 0.000000000000000000e+00 1.000000000000000000e+00
2.713795166015625000e+02 3.082932739257812500e+02 2.361441802978515625e+02 2.846235334873199463e-01 7.874893546104431152e-01 -5.466718673706054688e-01 0.000000000000000000e+00 1.000000000000000000e+00
2.711921386718750000e+02 3.077748413085937500e+02 2.365040740966796875e+02 2.838999629020690918e-01 7.867884039878845215e-01 -5.480554103851318359e-01 0.000000000000000000e+00 1.000000000000000000e+00
2.710067443847656250e+02 3.072610473632812500e+02 2.368619689941406250e+02 2.879664897918701172e-01 7.867898344993591309e-01 -5.459276437759399414e-01 0.000000000000000000e+00 1.000000000000000000e+00
2.708191528320312500e+02 3.067485046386718750e+02 2.372176055908203125e+02 2.942653596401214600e-01 7.886648178100585938e-01 -5.398292541503906250e-01 0.000000000000000000e+00 1.000000000000000000e+00
2.706270141601562500e+02 3.062335510253906250e+02 2.375700836181640625e+02 2.998061776161193848e-01 7.930611371994018555e-01 -5.302549004554748535e-01 0.000000000000000000e+00 1.000000000000000000e+00
2.704299316406250000e+02 3.057122192382812500e+02 2.379186553955078125e+02 3.008475899696350098e-01 7.997336387634277344e-01 -5.195351839065551758e-01 0.000000000000000000e+00 1.000000000000000000e+00
2.702300720214843750e+02 3.051809387207031250e+02 2.382637939453125000e+02 2.944102883338928223e-01 8.076042532920837402e-01 -5.109775662422180176e-01 0.000000000000000000e+00 1.000000000000000000e+00
2.700314331054687500e+02 3.046360473632812500e+02 2.386085510253906250e+02 2.800774276256561279e-01 8.144846558570861816e-01 -5.081056356430053711e-01 0.000000000000000000e+00 1.000000000000000000e+00
2.698385620117187500e+02 3.040751647949218750e+02 2.389584503173828125e+02 2.595096826553344727e-01 8.183404207229614258e-01 -5.128096342086791992e-01 0.000000000000000000e+00 1.000000000000000000e+00
2.696555480957031250e+02 3.034980468750000000e+02 2.393200988769531250e+02 2.365023046731948853e-01 8.177611231803894043e-01 -5.247222781181335449e-01 0.000000000000000000e+00 1.000000000000000000e+00
2.694848022460937500e+02 3.029076538085937500e+02 2.396989288330078125e+02 2.146293818950653076e-01 8.129409551620483398e-01 -5.413513183593750000e-01 0.000000000000000000e+00 1.000000000000000000e+00
2.693271484375000000e+02 3.023105163574218750e+02 2.400965728759765625e+02 1.957798004150390625e-01 8.050011992454528809e-01 -5.600386261940002441e-01 0.000000000000000000e+00 1.000000000000000000e+00
2.691827087402343750e+02 3.017166137695312500e+02 2.405097503662109375e+02 1.800805330276489258e-01 7.952718138694763184e-01 -5.788901448249816895e-01 0.000000000000000000e+00 1.000000000000000000e+00
2.690516052246093750e+02 3.011376342773437500e+02 2.409311981201171875e+02 1.668871641159057617e-01 7.847459316253662109e-01 -5.969275832176208496e-01 0.000000000000000000e+00 1.000000000000000000e+00
2.689338378906250000e+02 3.005838623046875000e+02 2.413524322509765625e+02 1.553705781698226929e-01 7.738188505172729492e-01 -6.140556931495666504e-01 0.000000000000000000e+00 1.000000000000000000e+00
2.688291320800781250e+02 3.000623779296875000e+02 2.417662506103515625e+02 1.450546681880950928e-01 7.632547616958618164e-01 -6.296041011810302734e-01 0.000000000000000000e+00 1.000000000000000000e+00
2.687363586425781250e+02 2.995742187500000000e+02 2.421689300537109375e+02 1.374485045671463013e-01 7.531837224960327148e-01 -6.432901024818420410e-01 0.000000000000000000e+00 1.000000000000000000e+00
2.686527099609375000e+02 2.991158447265625000e+02 2.425604248046875000e+02 1.343730837106704712e-01 7.446529865264892578e-01 -6.537857651710510254e-01 0.000000000000000000e+00 1.000000000000000000e+00
2.685740051269531250e+02 2.986796875000000000e+02 2.429433593750000000e+02 1.374401599168777466e-01 7.382149696350097656e-01 -6.604156494140625000e-01 0.000000000000000000e+00 1.000000000000000000e+00
2.684952392578125000e+02 2.982566223144531250e+02 2.433218383789062500e+02 1.470656991004943848e-01 7.336682081222534180e-01 -6.634023189544677734e-01 0.000000000000000000e+00 1.000000000000000000e+00
2.684114379882812500e+02 2.978385620117187500e+02 2.436998596191406250e+02 1.614864915609359741e-01 7.312324643135070801e-01 -6.627375483512878418e-01 0.000000000000000000e+00 1.000000000000000000e+00
2.683186950683593750e+02 2.974186096191406250e+02 2.440804748535156250e+02 1.776871532201766968e-01 7.299099564552307129e-01 -6.600444316864013672e-01 0.000000000000000000e+00 1.000000000000000000e+00
2.682151184082031250e+02 2.969931335449218750e+02 2.444652252197265625e+02 1.925896555185317993e-01 7.300084233283996582e-01 -6.557415127754211426e-01 0.000000000000000000e+00 1.000000000000000000e+00
2.681009216308593750e+02 2.965602722167968750e+02 2.448540496826171875e+02 2.042780965566635132e-01 7.316206097602844238e-01 -6.503857374191284180e-01 0.000000000000000000e+00 1.000000000000000000e+00
2.679779052734375000e+02 2.961196899414062500e+02 2.452457122802734375e+02 2.121524214744567871e-01 7.348780035972595215e-01 -6.441627740859985352e-01 0.000000000000000000e+00 1.000000000000000000e+00
2.678485107421875000e+02 2.956714782714843750e+02 2.456385955810546875e+02 2.176352143287658691e-01 7.394156455993652344e-01 -6.371023654937744141e-01 0.000000000000000000e+00 1.000000000000000000e+00
2.677142333984375000e+02 2.952152709960937500e+02 2.460316772460937500e+02 2.222068905830383301e-01 7.447105646133422852e-01 -6.293094754219055176e-01 0.000000000000000000e+00 1.000000000000000000e+00
2.675753784179687500e+02 2.947499084472656250e+02 2.464249267578125000e+02 2.279476821422576904e-01 7.500431537628173828e-01 -6.208663582801818848e-01 0.000000000000000000e+00 1.000000000000000000e+00
2.674307861328125000e+02 2.942741394042968750e+02 2.468187561035156250e+02 2.358744442462921143e-01 7.547792792320251465e-01 -6.121041178703308105e-01 0.000000000000000000e+00 1.000000000000000000e+00
2.672787475585937500e+02 2.937876281738281250e+02 2.472133026123046875e+02 2.445389181375503540e-01 7.591509222984313965e-01 -6.032333970069885254e-01 0.000000000000000000e+00 1.000000000000000000e+00
2.671191711425781250e+02 2.932922363281250000e+02 2.476069488525390625e+02 2.524632513523101807e-01 7.637246251106262207e-01 -5.941271185874938965e-01 0.000000000000000000e+00 1.000000000000000000e+00
2.669537658691406250e+02 2.927918701171875000e+02 2.479962005615234375e+02 2.571237683296203613e-01 7.697296738624572754e-01 -5.842975378036499023e-01 0.000000000000000000e+00 1.000000000000000000e+00
2.667864685058593750e+02 2.922910461425781250e+02 2.483763732910156250e+02 2.542425394058227539e-01 7.788836956024169922e-01 -5.733243823051452637e-01 0.000000000000000000e+00 1.000000000000000000e+00
2.666241455078125000e+02 2.917937622070312500e+02 2.487424163818359375e+02 2.388784736394882202e-01 7.930489778518676758e-01 -5.603662133216857910e-01 0.000000000000000000e+00 1.000000000000000000e+00
2.664758911132812500e+02 2.913015747070312500e+02 2.490901947021484375e+02 2.052435874938964844e-01 8.133501410484313965e-01 -5.443682074546813965e-01 0.000000000000000000e+00 1.000000000000000000e+00
2.663526611328125000e+02 2.908132324218750000e+02 2.494170379638671875e+02 1.478472948074340820e-01 8.389205932617187500e-01 -5.237876176834106445e-01 0.000000000000000000e+00 1.000000000000000000e+00
2.662666625976562500e+02 2.903252563476562500e+02 2.497217102050781250e+02 6.530361622571945190e-02 8.652862906455993652e-01 -4.970061779022216797e-01 0.000000000000000000e+00 1.000000000000000000e+00
2.662295837402343750e+02 2.898339538574218750e+02 2.500039062500000000e+02 -3.700089082121849060e-02 8.856850266456604004e-01 -4.628099501132965088e-01 0.000000000000000000e+00 1.000000000000000000e+00
2.662503662109375000e+02 2.893364868164062500e+02 2.502638549804687500e+02 -1.462574601173400879e-01 8.942583799362182617e-01 -4.229783117771148682e-01 0.000000000000000000e+00 1.000000000000000000e+00
2.663328857421875000e+02 2.888319396972656250e+02 2.505025024414062500e+02 -2.488521635532379150e-01 8.900124430656433105e-01 -3.820346593856811523e-01 0.000000000000000000e+00 1.000000000000000000e+00
2.664755554199218750e+02 2.883216857910156250e+02 2.507215270996093750e+02 -3.360002040863037109e-01 8.765494227409362793e-01 -3.446229398250579834e-01 0.000000000000000000e+00 1.000000000000000000e+00
2.666723632812500000e+02 2.878082580566406250e+02 2.509233856201171875e+02 -4.078870117664337158e-01 8.576700687408447266e-01 -3.130978047847747803e-01 0.000000000000000000e+00 1.000000000000000000e+00
2.669162902832031250e+02 2.872953491210937500e+02 2.511106262207031250e+02 -4.688559770584106445e-01 8.353313803672790527e-01 -2.870464920997619629e-01 0.000000000000000000e+00 1.000000000000000000e+00
2.672018127441406250e+02 2.867866516113281250e+02 2.512854309082031250e+02 -5.243404507637023926e-01 8.094397783279418945e-01 -2.643375396728515625e-01 0.000000000000000000e+00 1.000000000000000000e+00
2.675266723632812500e+02 2.862851562500000000e+02 2.514492034912109375e+02 -5.784864425659179688e-01 7.789511084556579590e-01 -2.420509159564971924e-01 0.000000000000000000e+00 1.000000000000000000e+00
2.678919677734375000e+02 2.857932739257812500e+02 2.516020507812500000e+02 -6.298141479492187500e-01 7.452399730682373047e-01 -2.189785540103912354e-01 0.000000000000000000e+00 1.000000000000000000e+00
2.682991027832031250e+02 2.853115234375000000e+02 2.517436065673828125e+02 -6.756886839866638184e-01 7.110677361488342285e-01 -1.944928020238876343e-01 0.000000000000000000e+00 1.000000000000000000e+00
2.687484741210937500e+02 2.848386230468750000e+02 2.518729553222656250e+02 -7.127078771591186523e-01 6.806660890579223633e-01 -1.695323586463928223e-01 0.000000000000000000e+00 1.000000000000000000e+00
2.692372131347656250e+02 2.843718566894531250e+02 2.519892120361328125e+02 -7.389315366744995117e-01 6.579421162605285645e-01 -1.452321559190750122e-01 0.000000000000000000e+00 1.000000000000000000e+00
2.697590026855468750e+02 2.839072570800781250e+02 2.520917663574218750e+02 -7.556247115135192871e-01 6.436943411827087402e-01 -1.211982071399688721e-01 0.000000000000000000e+00 1.000000000000000000e+00
2.703063964843750000e+02 2.834409484863281250e+02 2.521795654296875000e+02 -7.647227048873901367e-01 6.369869112968444824e-01 -9.719477593898773193e-02 0.000000000000000000e+00 1.000000000000000000e+00
2.708718566894531250e+02 2.829699401855468750e+02 2.522514343261718750e+02 -7.684444785118103027e-01 6.358209848403930664e-01 -7.228285074234008789e-02 0.000000000000000000e+00 1.000000000000000000e+00
2.714491882324218750e+02 2.824922485351562500e+02 2.523057403564453125e+02 -7.688397169113159180e-01 6.377924680709838867e-01 -4.589459300041198730e-02 0.000000000000000000e+00 1.000000000000000000e+00
2.720343017578125000e+02 2.820068664550781250e+02 2.523406677246093750e+02 -7.673690915107727051e-01 6.409541368484497070e-01 -1.795734092593193054e-02 0.000000000000000000e+00 1.000000000000000000e+00
2.726250610351562500e+02 2.815134277343750000e+02 2.523544921875000000e+02 -7.644841670989990234e-01 6.445497274398803711e-01 1.093520037829875946e-02 0.000000000000000000e+00 1.000000000000000000e+00
2.732203063964843750e+02 2.810115661621093750e+02 2.523459777832031250e+02 -7.611550092697143555e-01 6.473439931869506836e-01 3.986098617315292358e-02 0.000000000000000000e+00 1.000000000000000000e+00
2.738199462890625000e+02 2.805015869140625000e+02 2.523145751953125000e+02 -7.573379278182983398e-01 6.495461463928222656e-01 6.729807704687118530e-02 0.000000000000000000e+00 1.000000000000000000e+00
2.744235229492187500e+02 2.799839172363281250e+02 2.522609405517578125e+02 -7.538694143295288086e-01 6.505835056304931641e-01 9.177178144454956055e-02 0.000000000000000000e+00 1.000000000000000000e+00
2.750309448242187500e+02 2.794597167968750000e+02 2.521869964599609375e+02 -7.514276504516601562e-01 6.501938104629516602e-01 1.122693493962287903e-01 0.000000000000000000e+00 1.000000000000000000e+00
2.756418762207031250e+02 2.789310913085937500e+02 2.520957183837890625e+02 -7.503647804260253906e-01 6.485186815261840820e-01 1.279696226119995117e-01 0.000000000000000000e+00 1.000000000000000000e+00
2.762559204101562500e+02 2.784003906250000000e+02 2.519909973144531250e+02 -7.509942650794982910e-01 6.454937458038330078e-01 1.390874683856964111e-01 0.000000000000000000e+00 1.000000000000000000e+00
2.768724365234375000e+02 2.778704833984375000e+02 2.518768157958984375e+02 -7.533163428306579590e-01 6.412072777748107910e-01 1.461766809225082397e-01 0.000000000000000000e+00 1.000000000000000000e+00
2.774909057617187500e+02 2.773440551757812500e+02 2.517568054199218750e+02 -7.569740414619445801e-01 6.359416842460632324e-01 1.502284556627273560e-01 0.000000000000000000e+00 1.000000000000000000e+00
2.781108398437500000e+02 2.768232421875000000e+02 2.516337738037109375e+02 -7.614549398422241211e-01 6.300237774848937988e-01 1.525005698204040527e-01 0.000000000000000000e+00 1.000000000000000000e+00
2.787317810058593750e+02 2.763094787597656250e+02 2.515094146728515625e+02 -7.662486433982849121e-01 6.238281130790710449e-01 1.539533585309982300e-01 0.000000000000000000e+00 1.000000000000000000e+00
2.793532409667968750e+02 2.758035278320312500e+02 2.513845520019531250e+02 -7.707101106643676758e-01 6.179915070533752441e-01 1.552171856164932251e-01 0.000000000000000000e+00 1.000000000000000000e+00
2.799745178222656250e+02 2.753053588867187500e+02 2.512594299316406250e+02 -7.744488716125488281e-01 6.129274964332580566e-01 1.566810607910156250e-01 0.000000000000000000e+00 1.000000000000000000e+00
2.805946350097656250e+02 2.748145751953125000e+02 2.511339721679687500e+02 -7.771865725517272949e-01 6.089906692504882812e-01 1.584657728672027588e-01 0.000000000000000000e+00 1.000000000000000000e+00
2.812125549316406250e+02 2.743303833007812500e+02 2.510079803466796875e+02 -7.785309553146362305e-01 6.066023111343383789e-01 1.610067188739776611e-01 0.000000000000000000e+00 1.000000000000000000e+00
2.818270874023437500e+02 2.738515625000000000e+02 2.508808898925781250e+02 -7.780445218086242676e-01 6.062183976173400879e-01 1.647607684135437012e-01 0.000000000000000000e+00 1.000000000000000000e+00
2.824370422363281250e+02 2.733763122558593750e+02 2.507517242431640625e+02 -7.756620049476623535e-01 6.077036857604980469e-01 1.704248338937759399e-01 0.000000000000000000e+00 1.000000000000000000e+00
2.830416564941406250e+02 2.729026184082031250e+02 2.506188812255859375e+02 -7.713916301727294922e-01 6.109387278556823730e-01 1.780693531036376953e-01 0.000000000000000000e+00 1.000000000000000000e+00
2.836409912109375000e+02 2.724279479980468750e+02 2.504805297851562500e+02 -7.655733227729797363e-01 6.156095862388610840e-01 1.868751645088195801e-01 0.000000000000000000e+00 1.000000000000000000e+00
2.842356567382812500e+02 2.719497680664062500e+02 2.503353729248046875e+02 -7.591518163681030273e-01 6.211206912994384766e-01 1.946728974580764771e-01 0.000000000000000000e+00 1.000000000000000000e+00
2.848273010253906250e+02 2.714656982421875000e+02 2.501836547851562500e+02 -7.532246708869934082e-01 6.269798278808593750e-01 1.988687664270401001e-01 0.000000000000000000e+00 1.000000000000000000e+00
2.854176025390625000e+02 2.709743347167968750e+02 2.500278015136718750e+02 -7.488538622856140137e-01 6.328026056289672852e-01 1.969231218099594116e-01 0.000000000000000000e+00 1.000000000000000000e+00
2.860077819824218750e+02 2.704756164550781250e+02 2.498726043701171875e+02 -7.464680075645446777e-01 6.384286284446716309e-01 1.876016408205032349e-01 0.000000000000000000e+00 1.000000000000000000e+00
2.865977478027343750e+02 2.699710388183593750e+02 2.497243347167968750e+02 -7.461277246475219727e-01 6.433483362197875977e-01 1.714537441730499268e-01 0.000000000000000000e+00 1.000000000000000000e+00
2.871859436035156250e+02 2.694638671875000000e+02 2.495891723632812500e+02 -7.473630309104919434e-01 6.471598744392395020e-01 1.504414230585098267e-01 0.000000000000000000e+00 1.000000000000000000e+00
2.877697753906250000e+02 2.689583129882812500e+02 2.494716491699218750e+02 -7.495661377906799316e-01 6.495288014411926270e-01 1.275258064270019531e-01 0.000000000000000000e+00 1.000000000000000000e+00
2.883464660644531250e+02 2.684585876464843750e+02 2.493735351562500000e+02 -7.519761323928833008e-01 6.506646275520324707e-01 1.056759208440780640e-01 0.000000000000000000e+00 1.000000000000000000e+00
2.889143371582031250e+02 2.679672241210937500e+02 2.492937316894531250e+02 -7.542155981063842773e-01 6.506611108779907227e-01 8.831135928630828857e-02 0.000000000000000000e+00 1.000000000000000000e+00
2.894737854003906250e+02 2.674845886230468750e+02 2.492282257080078125e+02 -7.563483715057373047e-01 6.495668292045593262e-01 7.746037840843200684e-02 0.000000000000000000e+00 1.000000000000000000e+00
2.900275878906250000e+02 2.670089721679687500e+02 2.491715087890625000e+02 -7.596981525421142578e-01 6.459024548530578613e-01 7.529181241989135742e-02 0.000000000000000000e+00 1.000000000000000000e+00
2.905815429687500000e+02 2.665379943847656250e+02 2.491166076660156250e+02 -7.658049464225769043e-01 6.377686858177185059e-01 8.242490142583847046e-02 0.000000000000000000e+00 1.000000000000000000e+00
2.911433715820312500e+02 2.660700988769531250e+02 2.490561370849609375e+02 -7.758582234382629395e-01 6.233944892883300781e-01 9.707459062337875366e-02 0.000000000000000000e+00 1.000000000000000000e+00
2.917204589843750000e+02 2.656064147949218750e+02 2.489839324951171875e+02 -7.892830371856689453e-01 6.031404733657836914e-01 1.151255890727043152e-01 0.000000000000000000e+00 1.000000000000000000e+00
2.923184204101562500e+02 2.651494750976562500e+02 2.488967132568359375e+02 -8.041706085205078125e-01 5.797021389007568359e-01 1.313585489988327026e-01 0.000000000000000000e+00 1.000000000000000000e+00
2.929388732910156250e+02 2.647022094726562500e+02 2.487953643798828125e+02 -8.176801800727844238e-01 5.580080747604370117e-01 1.415133178234100342e-01 0.000000000000000000e+00 1.000000000000000000e+00
2.935778198242187500e+02 2.642661743164062500e+02 2.486847839355468750e+02 -8.270717859268188477e-01 5.434008836746215820e-01 1.437624096870422363e-01 0.000000000000000000e+00 1.000000000000000000e+00
2.942261962890625000e+02 2.638401794433593750e+02 2.485720825195312500e+02 -8.306334018707275391e-01 5.387732982635498047e-01 1.406110078096389771e-01 0.000000000000000000e+00 1.000000000000000000e+00
2.948719482421875000e+02 2.634213256835937500e+02 2.484627685546875000e+02 -8.274889588356018066e-01 5.443532466888427734e-01 1.376281827688217163e-01 0.000000000000000000e+00 1.000000000000000000e+00
2.955033264160156250e+02 2.630059814453125000e+02 2.483577575683593750e+02 -8.179308772087097168e-01 5.578554272651672363e-01 1.406639218330383301e-01 0.000000000000000000e+00 1.000000000000000000e+00
2.961117248535156250e+02 2.625910339355468750e+02 2.482531280517578125e+02 -8.031541705131530762e-01 5.755481719970703125e-01 1.539080291986465454e-01 0.000000000000000000e+00 1.000000000000000000e+00
2.966932373046875000e+02 2.621743164062500000e+02 2.481416931152343750e+02 -7.849936485290527344e-01 5.937390923500061035e-01 1.768015325069427490e-01 0.000000000000000000e+00 1.000000000000000000e+00
2.972485046386718750e+02 2.617543334960937500e+02 2.480166320800781250e+02 -7.655516862869262695e-01 6.100880503654479980e-01 2.042627185583114624e-01 0.000000000000000000e+00 1.000000000000000000e+00
2.977806396484375000e+02 2.613302612304687500e+02 2.478746490478515625e+02 -7.471608519554138184e-01 6.238210201263427734e-01 2.293426841497421265e-01 0.000000000000000000e+00 1.000000000000000000e+00
2.982929077148437500e+02 2.609025573730468750e+02 2.477174072265625000e+02 -7.315864562988281250e-01 6.356317996978759766e-01 2.464823722839355469e-01 0.000000000000000000e+00 1.000000000000000000e+00
2.987871093750000000e+02 2.604731750488281250e+02 2.475509033203125000e+02 -7.203871011734008789e-01 6.456129550933837891e-01 2.534293830394744873e-01 0.000000000000000000e+00 1.000000000000000000e+00
2.992637023925781250e+02 2.600460510253906250e+02 2.473832397460937500e+02 -7.142653465270996094e-01 6.535991430282592773e-01 2.502660453319549561e-01 0.000000000000000000e+00 1.000000000000000000e+00
2.997225341796875000e+02 2.596261901855468750e+02 2.472224731445312500e+02 -7.133868932723999023e-01 6.592498421669006348e-01 2.376314252614974976e-01 0.000000000000000000e+00 1.000000000000000000e+00
3.001644897460937500e+02 2.592177734375000000e+02 2.470752563476562500e+02 -7.170416116714477539e-01 6.620852947235107422e-01 2.179319411516189575e-01 0.000000000000000000e+00 1.000000000000000000e+00
3.005921325683593750e+02 2.588229064941406250e+02 2.469452819824218750e+02 -7.236769795417785645e-01 6.625860333442687988e-01 1.930581033229827881e-01 0.000000000000000000e+00 1.000000000000000000e+00
3.010096740722656250e+02 2.584406127929687500e+02 2.468338928222656250e+02 -7.307125329971313477e-01 6.622893214225769043e-01 1.656263768672943115e-01 0.000000000000000000e+00 1.000000000000000000e+00
3.014222717285156250e+02 2.580666503906250000e+02 2.467403717041015625e+02 -7.360520362854003906e-01 6.626583933830261230e-01 1.382436901330947876e-01 0.000000000000000000e+00 1.000000000000000000e+00
3.018363647460937500e+02 2.576938476562500000e+02 2.466625976562500000e+02 -7.378679513931274414e-01 6.655279397964477539e-01 1.123538836836814880e-01 0.000000000000000000e+00 1.000000000000000000e+00
3.022581481933593750e+02 2.573134155273437500e+02 2.465983734130859375e+02 -7.356336712837219238e-01 6.716341376304626465e-01 8.803797513246536255e-02 0.000000000000000000e+00 1.000000000000000000e+00
3.026938171386718750e+02 2.569156494140625000e+02 2.465462341308593750e+02 -7.294414639472961426e-01 6.808479428291320801e-01 6.603926420211791992e-02 0.000000000000000000e+00 1.000000000000000000e+00
3.031487121582031250e+02 2.564910583496093750e+02 2.465050506591796875e+02 -7.199239730834960938e-01 6.924737095832824707e-01 4.679436609148979187e-02 0.000000000000000000e+00 1.000000000000000000e+00
3.036257324218750000e+02 2.560322265625000000e+02 2.464740447998046875e+02 -7.074715495109558105e-01 7.060651183128356934e-01 3.092050552368164062e-02 0.000000000000000000e+00 1.000000000000000000e+00
3.041246337890625000e+02 2.555343170166015625e+02 2.464522399902343750e+02 -6.923038363456726074e-01 7.213645577430725098e-01 1.867167092859745026e-02 0.000000000000000000e+00 1.000000000000000000e+00
3.046411743164062500e+02 2.549960937500000000e+02 2.464383087158203125e+02 -6.747772693634033203e-01 7.379570603370666504e-01 9.748519398272037506e-03 0.000000000000000000e+00 1.000000000000000000e+00
3.051682128906250000e+02 2.544197082519531250e+02 2.464306945800781250e+02 -6.552297472953796387e-01 7.554244399070739746e-01 2.793673658743500710e-03 0.000000000000000000e+00 1.000000000000000000e+00
3.056978759765625000e+02 2.538090515136718750e+02 2.464284362792968750e+02 -6.346905231475830078e-01 7.727612257003784180e-01 -2.836564555764198303e-03 0.000000000000000000e+00 1.000000000000000000e+00
3.062236633300781250e+02 2.531688842773437500e+02 2.464307861328125000e+02 -6.152622699737548828e-01 7.882900238037109375e-01 -7.155897561460733414e-03 0.000000000000000000e+00 1.000000000000000000e+00
3.067418823242187500e+02 2.525049285888671875e+02 2.464368133544921875e+02 -5.999833941459655762e-01 7.999659180641174316e-01 -8.620863780379295349e-03 0.000000000000000000e+00 1.000000000000000000e+00
3.072526855468750000e+02 2.518238677978515625e+02 2.464441528320312500e+02 -5.922625660896301270e-01 8.057284951210021973e-01 -5.159890279173851013e-03 0.000000000000000000e+00 1.000000000000000000e+00
3.077588500976562500e+02 2.511352691650390625e+02 2.464485626220703125e+02 -5.945478677749633789e-01 8.040419220924377441e-01 5.422282498329877853e-03 0.000000000000000000e+00 1.000000000000000000e+00
3.082641296386718750e+02 2.504519500732421875e+02 2.464439544677734375e+02 -6.078528761863708496e-01 7.936720848083496094e-01 2.448453754186630249e-02 0.000000000000000000e+00 1.000000000000000000e+00
3.087713623046875000e+02 2.497896575927734375e+02 2.464235229492187500e+02 -6.312321424484252930e-01 7.738324999809265137e-01 5.224329233169555664e-02 0.000000000000000000e+00 1.000000000000000000e+00
3.092805786132812500e+02 2.491654052734375000e+02 2.463813781738281250e+02 -6.623035669326782227e-01 7.441189289093017578e-01 8.741264045238494873e-02 0.000000000000000000e+00 1.000000000000000000e+00
3.097897338867187500e+02 2.485933532714843750e+02 2.463141784667968750e+02 -6.970273256301879883e-01 7.057486176490783691e-01 1.267743706703186035e-01 0.000000000000000000e+00 1.000000000000000000e+00
3.102946166992187500e+02 2.480821533203125000e+02 2.462223510742187500e+02 -7.310038208961486816e-01 6.619386076927185059e-01 1.657430231571197510e-01 0.000000000000000000e+00 1.000000000000000000e+00
3.107910766601562500e+02 2.476325988769531250e+02 2.461097869873046875e+02 -7.602860331535339355e-01 6.186299920082092285e-01 1.981467157602310181e-01 0.000000000000000000e+00 1.000000000000000000e+00
3.112773742675781250e+02 2.472369079589843750e+02 2.459830474853515625e+02 -7.822999358177185059e-01 5.839802026748657227e-01 2.167344093322753906e-01 0.000000000000000000e+00 1.000000000000000000e+00
3.117557678222656250e+02 2.468797912597656250e+02 2.458505096435546875e+02 -7.956861257553100586e-01 5.659112930297851562e-01 2.159348130226135254e-01 0.000000000000000000e+00 1.000000000000000000e+00
3.122321166992187500e+02 2.465410003662109375e+02 2.457212371826171875e+02 -7.994905114173889160e-01 5.681802034378051758e-01 1.949007958173751831e-01 0.000000000000000000e+00 1.000000000000000000e+00
3.127142639160156250e+02 2.461983489990234375e+02 2.456036987304687500e+02 -7.930331826210021973e-01 5.882225036621093750e-01 1.584061533212661743e-01 0.000000000000000000e+00 1.000000000000000000e+00
3.132091979980468750e+02 2.458312377929687500e+02 2.455048370361328125e+02 -7.769207358360290527e-01 6.188412308692932129e-01 1.158863082528114319e-01 0.000000000000000000e+00 1.000000000000000000e+00
3.137202758789062500e+02 2.454241485595703125e+02 2.454286041259765625e+02 -7.531676888465881348e-01 6.533710956573486328e-01 7.645017653703689575e-02 0.000000000000000000e+00 1.000000000000000000e+00
3.142455139160156250e+02 2.449685058593750000e+02 2.453752899169921875e+02 -7.250468730926513672e-01 6.872044205665588379e-01 4.535694420337677002e-02 0.000000000000000000e+00 1.000000000000000000e+00
3.147784729003906250e+02 2.444633636474609375e+02 2.453419494628906250e+02 -6.952822804450988770e-01 7.183105945587158203e-01 2.474591508507728577e-02 0.000000000000000000e+00 1.000000000000000000e+00
3.153096618652343750e+02 2.439145812988281250e+02 2.453230438232421875e+02 -6.658024787902832031e-01 7.460097670555114746e-01 1.328323222696781158e-02 0.000000000000000000e+00 1.000000000000000000e+00
3.158297424316406250e+02 2.433318481445312500e+02 2.453126678466796875e+02 -6.381022334098815918e-01 7.699048519134521484e-01 8.488391526043415070e-03 0.000000000000000000e+00 1.000000000000000000e+00
3.163321533203125000e+02 2.427256622314453125e+02 2.453059844970703125e+02 -6.133120656013488770e-01 7.898092269897460938e-01 7.049787323921918869e-03 0.000000000000000000e+00 1.000000000000000000e+00
3.168140258789062500e+02 2.421051177978515625e+02 2.453004455566406250e+02 -5.919912457466125488e-01 8.059201240539550781e-01 6.258662324398756027e-03 0.000000000000000000e+00 1.000000000000000000e+00
3.172758789062500000e+02 2.414763641357421875e+02 2.452955627441406250e+02 -5.747116804122924805e-01 8.183437585830688477e-01 4.470854997634887695e-03 0.000000000000000000e+00 1.000000000000000000e+00
3.177211303710937500e+02 2.408423614501953125e+02 2.452920989990234375e+02 -5.609872341156005859e-01 8.278238177299499512e-01 1.047502970322966576e-03 0.000000000000000000e+00 1.000000000000000000e+00
3.181542358398437500e+02 2.402032470703125000e+02 2.452912902832031250e+02 -5.498964786529541016e-01 8.352260589599609375e-01 -3.335457062348723412e-03 0.000000000000000000e+00 1.000000000000000000e+00
3.185793762207031250e+02 2.395575103759765625e+02 2.452938690185546875e+02 -5.400595068931579590e-01 8.415907621383666992e-01 -7.791962008923292160e-03 0.000000000000000000e+00 1.000000000000000000e+00
3.189992370605468750e+02 2.389032287597656250e+02 2.452999267578125000e+02 -5.302688479423522949e-01 8.477528691291809082e-01 -1.140404865145683289e-02 0.000000000000000000e+00 1.000000000000000000e+00
3.194150085449218750e+02 2.382385253906250000e+02 2.453088684082031250e+02 -5.198813080787658691e-01 8.541265726089477539e-01 -1.382724661380052567e-02 0.000000000000000000e+00 1.000000000000000000e+00
3.198263549804687500e+02 2.375627136230468750e+02 2.453198089599609375e+02 -5.083492398262023926e-01 8.610227704048156738e-01 -1.485908683389425278e-02 0.000000000000000000e+00 1.000000000000000000e+00
3.202314453125000000e+02 2.368765869140625000e+02 2.453316497802734375e+02 -4.952020943164825439e-01 8.686550855636596680e-01 -1.459844317287206650e-02 0.000000000000000000e+00 1.000000000000000000e+00
3.206274108886718750e+02 2.361820068359375000e+02 2.453433227539062500e+02 -4.809707999229431152e-01 8.766351938247680664e-01 -1.333270967006683350e-02 0.000000000000000000e+00 1.000000000000000000e+00
3.210116271972656250e+02 2.354817199707031250e+02 2.453539733886718750e+02 -4.652907550334930420e-01 8.850856423377990723e-01 -1.131155062466859818e-02 0.000000000000000000e+00 1.000000000000000000e+00
3.213813171386718750e+02 2.347784881591796875e+02 2.453629608154296875e+02 -4.489768445491790771e-01 8.934984207153320312e-01 -8.968689478933811188e-03 0.000000000000000000e+00 1.000000000000000000e+00
3.217349853515625000e+02 2.340746612548828125e+02 2.453700256347656250e+02 4.334157705307006836e-01 -9.011709690093994141e-01 6.449639331549406052e-03 0.000000000000000000e+00 1.000000000000000000e+00
3.220733642578125000e+02 2.333710937500000000e+02 2.453750610351562500e+02 4.199337065219879150e-01 -9.075435400009155273e-01 4.520911723375320435e-03 0.000000000000000000e+00 1.000000000000000000e+00
3.223993530273437500e+02 2.326665802001953125e+02 2.453785705566406250e+02 4.105104506015777588e-01 -9.118484258651733398e-01 3.691217163577675819e-03 0.000000000000000000e+00 1.000000000000000000e+00
3.227183837890625000e+02 2.319579315185546875e+02 2.453814392089843750e+02 4.053154885768890381e-01 -9.141645431518554688e-01 4.759047646075487137e-03 0.000000000000000000e+00 1.000000000000000000e+00
3.230367736816406250e+02 2.312398223876953125e+02 2.453851776123046875e+02 4.028376936912536621e-01 -9.152426719665527344e-01 7.249936461448669434e-03 0.000000000000000000e+00 1.000000000000000000e+00
3.233598022460937500e+02 2.305059051513671875e+02 2.453909912109375000e+02 4.001275002956390381e-01 -9.163971543312072754e-01 1.068463455885648727e-02 0.000000000000000000e+00 1.000000000000000000e+00
3.236895141601562500e+02 2.297507781982421875e+02 2.453997955322265625e+02 3.947646617889404297e-01 -9.186832308769226074e-01 1.349100098013877869e-02 0.000000000000000000e+00 1.000000000000000000e+00
3.240243835449218750e+02 2.289714813232421875e+02 2.454112396240234375e+02 3.854575753211975098e-01 -9.226266145706176758e-01 1.351467799395322800e-02 0.000000000000000000e+00 1.000000000000000000e+00
3.243599243164062500e+02 2.281683349609375000e+02 2.454230041503906250e+02 3.725211620330810547e-01 -9.279786944389343262e-01 9.145956486463546753e-03 0.000000000000000000e+00 1.000000000000000000e+00
3.246899414062500000e+02 2.273462371826171875e+02 2.454311065673828125e+02 3.575004041194915771e-01 -9.339125156402587891e-01 -9.924862533807754517e-04 0.000000000000000000e+00 1.000000000000000000e+00
3.250087280273437500e+02 2.265134582519531250e+02 2.454302215576171875e+02 3.416969776153564453e-01 -9.396409392356872559e-01 -1.783573813736438751e-02 0.000000000000000000e+00 1.000000000000000000e+00
3.253121643066406250e+02 2.256790313720703125e+02 2.454143829345703125e+02 3.244602084159851074e-01 -9.450003504753112793e-01 -4.123138263821601868e-02 0.000000000000000000e+00 1.000000000000000000e+00
3.255968627929687500e+02 2.248498382568359375e+02 2.453782043457031250e+02 3.037640452384948730e-01 -9.502014517784118652e-01 -6.960304826498031616e-02 0.000000000000000000e+00 1.000000000000000000e+00
3.258597717285156250e+02 2.240274353027343750e+02 2.453179626464843750e+02 2.779618203639984131e-01 -9.554270505905151367e-01 -9.948032349348068237e-02 0.000000000000000000e+00 1.000000000000000000e+00
3.260983581542968750e+02 2.232073516845703125e+02 2.452325744628906250e+02 2.473705559968948364e-01 -9.606666564941406250e-01 -1.262033134698867798e-01 0.000000000000000000e+00 1.000000000000000000e+00
3.263112182617187500e+02 2.223807067871093750e+02 2.451239776611328125e+02 2.164712846279144287e-01 -9.652848243713378906e-01 -1.461688578128814697e-01 0.000000000000000000e+00 1.000000000000000000e+00
3.265000000000000000e+02 2.215388946533203125e+02 2.449965057373046875e+02 1.918042600154876709e-01 -9.685015678405761719e-01 -1.587949693202972412e-01 0.000000000000000000e+00 1.000000000000000000e+00
3.266704101562500000e+02 2.206784210205078125e+02 2.448554229736328125e+02 1.786173582077026367e-01 -9.697991013526916504e-01 -1.660887449979782104e-01 0.000000000000000000e+00 1.000000000000000000e+00
3.268313903808593750e+02 2.198043823242187500e+02 2.447057342529296875e+02 1.787505596876144409e-01 -9.688774347305297852e-01 -1.712448596954345703e-01 0.000000000000000000e+00 1.000000000000000000e+00
3.269927368164062500e+02 2.189298400878906250e+02 2.445511627197265625e+02 1.916154026985168457e-01 -9.654335975646972656e-01 -1.766959428787231445e-01 0.000000000000000000e+00 1.000000000000000000e+00
3.271628417968750000e+02 2.180727844238281250e+02 2.443943023681640625e+02 2.141333222389221191e-01 -9.594127535820007324e-01 -1.835046708583831787e-01 0.000000000000000000e+00 1.000000000000000000e+00
3.273462219238281250e+02 2.172511596679687500e+02 2.442371520996093750e+02 2.426073104143142700e-01 -9.511949419975280762e-01 -1.907085776329040527e-01 0.000000000000000000e+00 1.000000000000000000e+00
3.275433044433593750e+02 2.164784545898437500e+02 2.440822296142578125e+02 2.740500867366790771e-01 -9.414035081863403320e-01 -1.966115981340408325e-01 0.000000000000000000e+00 1.000000000000000000e+00
3.277520141601562500e+02 2.157615051269531250e+02 2.439324951171875000e+02 3.064581751823425293e-01 -9.307137131690979004e-01 -1.996380686759948730e-01 0.000000000000000000e+00 1.000000000000000000e+00
3.279697570800781250e+02 2.151002197265625000e+02 2.437906494140625000e+02 3.389179408550262451e-01 -9.195236563682556152e-01 -1.990248411893844604e-01 0.000000000000000000e+00 1.000000000000000000e+00
3.281952209472656250e+02 2.144885101318359375e+02 2.436582489013671875e+02 3.710778951644897461e-01 -9.077472090721130371e-01 -1.956945061683654785e-01 0.000000000000000000e+00 1.000000000000000000e+00
3.284288330078125000e+02 2.139170379638671875e+02 2.435350494384765625e+02 4.020883440971374512e-01 -8.954892754554748535e-01 -1.908506602048873901e-01 0.000000000000000000e+00 1.000000000000000000e+00
3.286719970703125000e+02 2.133754882812500000e+02 2.434196319580078125e+02 4.310625791549682617e-01 -8.829963803291320801e-01 -1.857485026121139526e-01 0.000000000000000000e+00 1.000000000000000000e+00
3.289266357421875000e+02 2.128538818359375000e+02 2.433099060058593750e+02 4.564978480339050293e-01 -8.712370991706848145e-01 -1.804315596818923950e-01 0.000000000000000000e+00 1.000000000000000000e+00
3.291933593750000000e+02 2.123448333740234375e+02 2.432044830322265625e+02 4.775113463401794434e-01 -8.610675930976867676e-01 -1.747728288173675537e-01 0.000000000000000000e+00 1.000000000000000000e+00
3.294712219238281250e+02 2.118437805175781250e+02 2.431027832031250000e+02 4.932624399662017822e-01 -8.533718585968017578e-01 -1.686674952507019043e-01 0.000000000000000000e+00 1.000000000000000000e+00
3.297577514648437500e+02 2.113480682373046875e+02 2.430048065185546875e+02 5.034270882606506348e-01 -8.484507799148559570e-01 -1.633782237768173218e-01 0.000000000000000000e+00 1.000000000000000000e+00
3.300495910644531250e+02 2.108562164306640625e+02 2.429100952148437500e+02 5.073004364967346191e-01 -8.466621637344360352e-01 -1.606530547142028809e-01 0.000000000000000000e+00 1.000000000000000000e+00
3.303428344726562500e+02 2.103668060302734375e+02 2.428172302246093750e+02 5.039474368095397949e-01 -8.481924533843994141e-01 -1.631149500608444214e-01 0.000000000000000000e+00 1.000000000000000000e+00
3.306335144042968750e+02 2.098775634765625000e+02 2.427231445312500000e+02 4.905763864517211914e-01 -8.539977073669433594e-01 -1.732706725597381592e-01 0.000000000000000000e+00 1.000000000000000000e+00
3.309164428710937500e+02 2.093850402832031250e+02 2.426232147216796875e+02 4.655879139900207520e-01 -8.638346195220947266e-01 -1.923997700214385986e-01 0.000000000000000000e+00 1.000000000000000000e+00
3.311858825683593750e+02 2.088851318359375000e+02 2.425118713378906250e+02 4.261915683746337891e-01 -8.773963451385498047e-01 -2.203096300363540649e-01 0.000000000000000000e+00 1.000000000000000000e+00
3.314346923828125000e+02 2.083729095458984375e+02 2.423832550048828125e+02 3.727176785469055176e-01 -8.921926021575927734e-01 -2.550958395004272461e-01 0.000000000000000000e+00 1.000000000000000000e+00
3.316558532714843750e+02 2.078435058593750000e+02 2.422318878173828125e+02 3.086012601852416992e-01 -9.049373865127563477e-01 -2.930079698562622070e-01 0.000000000000000000e+00 1.000000000000000000e+00
3.318433837890625000e+02 2.072935943603515625e+02 2.420538330078125000e+02 2.392805218696594238e-01 -9.127378463745117188e-01 -3.311410844326019287e-01 0.000000000000000000e+00 1.000000000000000000e+00
3.319933471679687500e+02 2.067215576171875000e+02 2.418462982177734375e+02 1.705338209867477417e-01 -9.141920208930969238e-01 -3.676562607288360596e-01 0.000000000000000000e+00 1.000000000000000000e+00
3.321040344238281250e+02 2.061281890869140625e+02 2.416076660156250000e+02 1.060421913862228394e-01 -9.098964929580688477e-01 -4.010529220104217529e-01 0.000000000000000000e+00 1.000000000000000000e+00
3.321752929687500000e+02 2.055167541503906250e+02 2.413381652832031250e+02 4.702339693903923035e-02 -9.010467529296875000e-01 -4.311653375625610352e-01 0.000000000000000000e+00 1.000000000000000000e+00
3.322078552246093750e+02 2.048928070068359375e+02 2.410395965576171875e+02 -7.021526340395212173e-03 -8.891276717185974121e-01 -4.576053619384765625e-01 0.000000000000000000e+00 1.000000000000000000e+00
3.322028808593750000e+02 2.042629089355468750e+02 2.407154083251953125e+02 -5.609191581606864929e-02 -8.756665587425231934e-01 -4.796474575996398926e-01 0.000000000000000000e+00 1.000000000000000000e+00
3.321625671386718750e+02 2.036335601806640625e+02 2.403706817626953125e+02 -9.911423176527023315e-02 -8.617162108421325684e-01 -4.976158440113067627e-01 0.000000000000000000e+00 1.000000000000000000e+00
3.320908203125000000e+02 2.030097808837890625e+02 2.400104675292968750e+02 -1.331701576709747314e-01 -8.486337661743164062e-01 -5.119437575340270996e-01 0.000000000000000000e+00 1.000000000000000000e+00
3.319942016601562500e+02 2.023940734863281250e+02 2.396390380859375000e+02 -1.546507328748703003e-01 -8.373274803161621094e-01 -5.243718624114990234e-01 0.000000000000000000e+00 1.000000000000000000e+00
3.318818359375000000e+02 2.017856903076171875e+02 2.392580413818359375e+02 -1.607471257448196411e-01 -8.286430835723876953e-01 -5.362005233764648438e-01 0.000000000000000000e+00 1.000000000000000000e+00
3.317646484375000000e+02 2.011815948486328125e+02 2.388671417236328125e+02 -1.504931002855300903e-01 -8.225484490394592285e-01 -5.484211444854736328e-01 0.000000000000000000e+00 1.000000000000000000e+00
3.316543579101562500e+02 2.005787811279296875e+02 2.384652252197265625e+02 -1.256884783506393433e-01 -8.184053301811218262e-01 -5.607273578643798828e-01 0.000000000000000000e+00 1.000000000000000000e+00
3.315618286132812500e+02 1.999762878417968750e+02 2.380524291992187500e+02 -8.951437473297119141e-02 -8.151742815971374512e-01 -5.722571015357971191e-01 0.000000000000000000e+00 1.000000000000000000e+00
3.314960021972656250e+02 1.993768310546875000e+02 2.376316070556640625e+02 -4.559197649359703064e-02 -8.122172951698303223e-01 -5.815705657005310059e-01 0.000000000000000000e+00 1.000000000000000000e+00
3.314628601074218750e+02 1.987864074707031250e+02 2.372088470458984375e+02 2.581746084615588188e-03 -8.095495104789733887e-01 -5.870460271835327148e-01 0.000000000000000000e+00 1.000000000000000000e+00
3.314646911621093750e+02 1.982122497558593750e+02 2.367924957275390625e+02 5.235610157251358032e-02 -8.078372478485107422e-01 -5.870757102966308594e-01 0.000000000000000000e+00 1.000000000000000000e+00
3.315004882812500000e+02 1.976599121093750000e+02 2.363910980224609375e+02 1.003370732069015503e-01 -8.080892562866210938e-01 -5.804516077041625977e-01 0.000000000000000000e+00 1.000000000000000000e+00
3.315660705566406250e+02 1.971317291259765625e+02 2.360117034912109375e+02 1.428351849317550659e-01 -8.116569519042968750e-01 -5.664018988609313965e-01 0.000000000000000000e+00 1.000000000000000000e+00
3.316552124023437500e+02 1.966251831054687500e+02 2.356582183837890625e+02 1.758259385824203491e-01 -8.189706802368164062e-01 -5.462346076965332031e-01 0.000000000000000000e+00 1.000000000000000000e+00
3.317607727050781250e+02 1.961334991455078125e+02 2.353302764892578125e+02 1.964538246393203735e-01 -8.292953372001647949e-01 -5.231396555900573730e-01 0.000000000000000000e+00 1.000000000000000000e+00
3.318759765625000000e+02 1.956471862792968750e+02 2.350234985351562500e+02 2.041355520486831665e-01 -8.409099578857421875e-01 -5.011976957321166992e-01 0.000000000000000000e+00 1.000000000000000000e+00
3.319952392578125000e+02 1.951558990478515625e+02 2.347306823730468750e+02 2.013504654169082642e-01 -8.514944314956665039e-01 -4.841645061969757080e-01 0.000000000000000000e+00 1.000000000000000000e+00
3.321150207519531250e+02 1.946493530273437500e+02 2.344426574707031250e+02 1.932003200054168701e-01 -8.592512011528015137e-01 -4.736675620079040527e-01 0.000000000000000000e+00 1.000000000000000000e+00
3.322341003417968750e+02 1.941197509765625000e+02 2.341507110595703125e+02 1.858563423156738281e-01 -8.631410598754882812e-01 -4.695156216621398926e-01 0.000000000000000000e+00 1.000000000000000000e+00
3.323539428710937500e+02 1.935631866455078125e+02 2.338479614257812500e+02 1.821777969598770142e-01 -8.633781075477600098e-01 -4.705204963684082031e-01 0.000000000000000000e+00 1.000000000000000000e+00
3.324769287109375000e+02 1.929803314208984375e+02 2.335303192138671875e+02 1.837078034877777100e-01 -8.604894280433654785e-01 -4.751940369606018066e-01 0.000000000000000000e+00 1.000000000000000000e+00
3.326059570312500000e+02 1.923759613037109375e+02 2.331965637207031250e+02 1.876620650291442871e-01 -8.554462790489196777e-01 -4.826951920986175537e-01 0.000000000000000000e+00 1.000000000000000000e+00
3.327417297363281250e+02 1.917570495605468750e+02 2.328473358154296875e+02 1.913381963968276978e-01 -8.492469191551208496e-01 -4.921071231365203857e-01 0.000000000000000000e+00 1.000000000000000000e+00
3.328828125000000000e+02 1.911308593750000000e+02 2.324844818115234375e+02 1.913608014583587646e-01 -8.433192372322082520e-01 -5.021889209747314453e-01 0.000000000000000000e+00 1.000000000000000000e+00
3.330253295898437500e+02 1.905027923583984375e+02 2.321104736328125000e+02 1.879891604185104370e-01 -8.386659622192382812e-01 -5.111746191978454590e-01 0.000000000000000000e+00 1.000000000000000000e+00
3.331658935546875000e+02 1.898757019042968750e+02 2.317282562255859375e+02 1.828340142965316772e-01 -8.364859819412231445e-01 -5.165877342224121094e-01 0.000000000000000000e+00 1.000000000000000000e+00
3.333026123046875000e+02 1.892501983642578125e+02 2.313419647216796875e+02 1.800758391618728638e-01 -8.374344706535339355e-01 -5.160195827484130859e-01 0.000000000000000000e+00 1.000000000000000000e+00
3.334368896484375000e+02 1.886257476806640625e+02 2.309571838378906250e+02 1.824517995119094849e-01 -8.418083786964416504e-01 -5.080059170722961426e-01 0.000000000000000000e+00 1.000000000000000000e+00
3.335722351074218750e+02 1.880012817382812500e+02 2.305803375244140625e+02 1.888341605663299561e-01 -8.491529822349548340e-01 -4.932349920272827148e-01 0.000000000000000000e+00 1.000000000000000000e+00
3.337113342285156250e+02 1.873757781982421875e+02 2.302170104980468750e+02 1.958378404378890991e-01 -8.584712743759155273e-01 -4.739985764026641846e-01 0.000000000000000000e+00 1.000000000000000000e+00
3.338544616699218750e+02 1.867483673095703125e+02 2.298705902099609375e+02 1.970480084419250488e-01 -8.685370087623596191e-01 -4.547698199748992920e-01 0.000000000000000000e+00 1.000000000000000000e+00
3.339975280761718750e+02 1.861177673339843750e+02 2.295404052734375000e+02 1.885257363319396973e-01 -8.779152631759643555e-01 -4.401396214962005615e-01 0.000000000000000000e+00 1.000000000000000000e+00
3.341338195800781250e+02 1.854830932617187500e+02 2.292222137451171875e+02 1.692989915609359741e-01 -8.850373029708862305e-01 -4.336437582969665527e-01 0.000000000000000000e+00 1.000000000000000000e+00
3.342560729980468750e+02 1.848439941406250000e+02 2.289090728759765625e+02 1.421066522598266602e-01 -8.890937566757202148e-01 -4.351068139076232910e-01 0.000000000000000000e+00 1.000000000000000000e+00
3.343589782714843750e+02 1.842001647949218750e+02 2.285939941406250000e+02 1.115375980734825134e-01 -8.901236653327941895e-01 -4.418588876724243164e-01 0.000000000000000000e+00 1.000000000000000000e+00
3.344402770996093750e+02 1.835513610839843750e+02 2.282719268798828125e+02 8.219445496797561646e-02 -8.895132541656494141e-01 -4.494555294513702393e-01 0.000000000000000000e+00 1.000000000000000000e+00
3.345007324218750000e+02 1.828971099853515625e+02 2.279413452148437500e+02 5.673114582896232605e-02 -8.894383907318115234e-01 -4.535205364227294922e-01 0.000000000000000000e+00 1.000000000000000000e+00
3.345428771972656250e+02 1.822363586425781250e+02 2.276044311523437500e+02 3.591251373291015625e-02 -8.915830850601196289e-01 -4.514308571815490723e-01 0.000000000000000000e+00 1.000000000000000000e+00
3.345697937011718750e+02 1.815681152343750000e+02 2.272660827636718750e+02 1.921105384826660156e-02 -8.967315554618835449e-01 -4.421575963497161865e-01 0.000000000000000000e+00 1.000000000000000000e+00
3.345842895507812500e+02 1.808914794921875000e+02 2.269324493408203125e+02 4.952218849211931229e-03 -9.043436050415039062e-01 -4.267765879631042480e-01 0.000000000000000000e+00 1.000000000000000000e+00
3.345880432128906250e+02 1.802060089111328125e+02 2.266089630126953125e+02 -8.079992607235908508e-03 -9.131798148155212402e-01 -4.074768126010894775e-01 0.000000000000000000e+00 1.000000000000000000e+00
3.345819091796875000e+02 1.795127563476562500e+02 2.262996215820312500e+02 -2.417816221714019775e-02 -9.222299456596374512e-01 -3.858850896358489990e-01 0.000000000000000000e+00 1.000000000000000000e+00
3.345635681152343750e+02 1.788131713867187500e+02 2.260068969726562500e+02 -4.837866127490997314e-02 -9.306026697158813477e-01 -3.628197610378265381e-01 0.000000000000000000e+00 1.000000000000000000e+00
3.345270080566406250e+02 1.781099090576171875e+02 2.257327117919921875e+02 -8.709583431482315063e-02 -9.372870326042175293e-01 -3.375014364719390869e-01 0.000000000000000000e+00 1.000000000000000000e+00
3.344616699218750000e+02 1.774067687988281250e+02 2.254795227050781250e+02 -1.460520178079605103e-01 -9.400787353515625000e-01 -3.080919981002807617e-01 0.000000000000000000e+00 1.000000000000000000e+00
3.343533630371093750e+02 1.767096405029296875e+02 2.252510528564453125e+02 -2.273747771978378296e-01 -9.347258210182189941e-01 -2.731086909770965576e-01 0.000000000000000000e+00 1.000000000000000000e+00
3.341872253417968750e+02 1.760266571044921875e+02 2.250514984130859375e+02 -3.273962438106536865e-01 -9.160264134407043457e-01 -2.317483425140380859e-01 0.000000000000000000e+00 1.000000000000000000e+00
3.339517211914062500e+02 1.753677368164062500e+02 2.248847961425781250e+02 -4.366247951984405518e-01 -8.802183866500854492e-01 -1.859419345855712891e-01 0.000000000000000000e+00 1.000000000000000000e+00
3.336419677734375000e+02 1.747432861328125000e+02 2.247528839111328125e+02 -5.432677268981933594e-01 -8.279057741165161133e-01 -1.393990516662597656e-01 0.000000000000000000e+00 1.000000000000000000e+00
3.332601318359375000e+02 1.741613922119140625e+02 2.246549072265625000e+02 -6.362115740776062012e-01 -7.655006647109985352e-01 -9.614309668540954590e-02 0.000000000000000000e+00 1.000000000000000000e+00
3.328152465820312500e+02 1.736260986328125000e+02 2.245876770019531250e+02 -7.095835804939270020e-01 -7.021547555923461914e-01 -5.890618637204170227e-02 0.000000000000000000e+00 1.000000000000000000e+00
3.323197021484375000e+02 1.731357421875000000e+02 2.245465393066406250e+02 -7.624670863151550293e-01 -6.464110612869262695e-01 -2.822336554527282715e-02 0.000000000000000000e+00 1.000000000000000000e+00
3.317862854003906250e+02 1.726835174560546875e+02 2.245267944335937500e+02 -7.968998551368713379e-01 -6.041029095649719238e-01 -3.214006545022130013e-03 0.000000000000000000e+00 1.000000000000000000e+00
3.312263488769531250e+02 1.722590484619140625e+02 2.245245361328125000e+02 -8.163571953773498535e-01 -5.772845745086669922e-01 1.742159947752952576e-02 0.000000000000000000e+00 1.000000000000000000e+00
3.306486206054687500e+02 1.718505096435546875e+02 2.245368652343750000e+02 -8.239175081253051758e-01 -5.656102895736694336e-01 3.528389707207679749e-02 0.000000000000000000e+00 1.000000000000000000e+00
3.300599975585937500e+02 1.714464263916015625e+02 2.245620727539062500e+02 -8.224006295204162598e-01 -5.666332244873046875e-01 5.083247646689414978e-02 0.000000000000000000e+00 1.000000000000000000e+00
3.294657897949218750e+02 1.710370178222656250e+02 2.245988006591796875e+02 -8.140301704406738281e-01 -5.772813558578491211e-01 6.404032558202743530e-02 0.000000000000000000e+00 1.000000000000000000e+00
3.288707275390625000e+02 1.706150207519531250e+02 2.246456146240234375e+02 -8.005566000938415527e-01 -5.945729017257690430e-01 7.478111982345581055e-02 0.000000000000000000e+00 1.000000000000000000e+00
3.282792358398437500e+02 1.701757202148437500e+02 2.247008666992187500e+02 -7.840308547019958496e-01 -6.151582598686218262e-01 8.292082697153091431e-02 0.000000000000000000e+00 1.000000000000000000e+00
3.276950683593750000e+02 1.697173767089843750e+02 2.247626495361328125e+02 -7.652940154075622559e-01 -6.375888586044311523e-01 8.834859728813171387e-02 0.000000000000000000e+00 1.000000000000000000e+00
3.271218261718750000e+02 1.692397918701171875e+02 2.248288269042968750e+02 -7.460516691207885742e-01 -6.595717668533325195e-01 9.149882197380065918e-02 0.000000000000000000e+00 1.000000000000000000e+00
3.265615844726562500e+02 1.687444915771484375e+02 2.248975372314453125e+02 -7.264322638511657715e-01 -6.809311509132385254e-01 9.289212524890899658e-02 0.000000000000000000e+00 1.000000000000000000e+00
3.260161437988281250e+02 1.682332153320312500e+02 2.249672851562500000e+02 -7.062789797782897949e-01 -7.017750740051269531e-01 9.317599982023239136e-02 0.000000000000000000e+00 1.000000000000000000e+00
3.254873352050781250e+02 1.677077789306640625e+02 2.250370483398437500e+02 -6.840553283691406250e-01 -7.235019207000732422e-01 9.280822426080703735e-02 0.000000000000000000e+00 1.000000000000000000e+00
3.249787597656250000e+02 1.671698760986328125e+02 2.251060485839843750e+02 -6.572489738464355469e-01 -7.480287551879882812e-01 9.206891804933547974e-02 0.000000000000000000e+00 1.000000000000000000e+00
3.244964294433593750e+02 1.666209259033203125e+02 2.251736145019531250e+02 -6.227906346321105957e-01 -7.770878672599792480e-01 9.091911464929580688e-02 0.000000000000000000e+00 1.000000000000000000e+00
3.240485534667968750e+02 1.660620880126953125e+02 2.252389984130859375e+02 -5.781219005584716797e-01 -8.110618591308593750e-01 8.918324112892150879e-02 0.000000000000000000e+00 1.000000000000000000e+00
3.236437988281250000e+02 1.654942474365234375e+02 2.253014373779296875e+02 -5.218879580497741699e-01 -8.486578464508056641e-01 8.609735220670700073e-02 0.000000000000000000e+00 1.000000000000000000e+00
3.232894592285156250e+02 1.649180450439453125e+02 2.253598937988281250e+02 -4.566559493541717529e-01 -8.859449028968811035e-01 8.103676885366439819e-02 0.000000000000000000e+00 1.000000000000000000e+00
3.229882507324218750e+02 1.643336791992187500e+02 2.254133453369140625e+02 -3.871798813343048096e-01 -9.190841317176818848e-01 7.332198321819305420e-02 0.000000000000000000e+00 1.000000000000000000e+00
3.227389526367187500e+02 1.637418975830078125e+02 2.254605560302734375e+02 -3.185723423957824707e-01 -9.458988904953002930e-01 6.153854727745056152e-02 0.000000000000000000e+00 1.000000000000000000e+00
3.225374450683593750e+02 1.631435852050781250e+02 2.254994812011718750e+02 -2.522032558917999268e-01 -9.667139649391174316e-01 4.310080781579017639e-02 0.000000000000000000e+00 1.000000000000000000e+00
3.223799438476562500e+02 1.625398712158203125e+02 2.255263977050781250e+02 -1.857124567031860352e-01 -9.824795722961425781e-01 1.564465835690498352e-02 0.000000000000000000e+00 1.000000000000000000e+00
3.222651062011718750e+02 1.619323425292968750e+02 2.255360717773437500e+02 -1.138322502374649048e-01 -9.932212233543395996e-01 -2.353262901306152344e-02 0.000000000000000000e+00 1.000000000000000000e+00
3.221952819824218750e+02 1.613231048583984375e+02 2.255216369628906250e+02 -3.203577920794487000e-02 -9.967131018638610840e-01 -7.440809905529022217e-02 0.000000000000000000e+00 1.000000000000000000e+00
3.221757507324218750e+02 1.607154388427734375e+02 2.254762725830078125e+02 5.885300785303115845e-02 -9.892373085021972656e-01 -1.339620947837829590e-01 0.000000000000000000e+00 1.000000000000000000e+00
3.222115478515625000e+02 1.601137390136718750e+02 2.253947906494140625e+02 1.526758074760437012e-01 -9.686481952667236328e-01 -1.959864944219589233e-01 0.000000000000000000e+00 1.000000000000000000e+00
3.223046569824218750e+02 1.595230102539062500e+02 2.252752685546875000e+02 2.404185533523559570e-01 -9.367930889129638672e-01 -2.542000412940979004e-01 0.000000000000000000e+00 1.000000000000000000e+00
3.224523925781250000e+02 1.589473571777343750e+02 2.251190643310546875e+02 3.137375116348266602e-01 -8.995792269706726074e-01 -3.038517534732818604e-01 0.000000000000000000e+00 1.000000000000000000e+00
3.226470642089843750e+02 1.583891754150390625e+02 2.249305267333984375e+02 3.690907359123229980e-01 -8.635165095329284668e-01 -3.436731398105621338e-01 0.000000000000000000e+00 1.000000000000000000e+00
3.228783874511718750e+02 1.578479766845703125e+02 2.247151336669921875e+02 4.059848189353942871e-01 -8.333957195281982422e-01 -3.750039339065551758e-01 0.000000000000000000e+00 1.000000000000000000e+00
3.231351318359375000e+02 1.573209381103515625e+02 2.244779815673828125e+02 4.275878071784973145e-01 -8.107039928436279297e-01 -3.999096453189849854e-01 0.000000000000000000e+00 1.000000000000000000e+00
3.234078674316406250e+02 1.568038330078125000e+02 2.242229003906250000e+02 4.378830194473266602e-01 -7.945905327796936035e-01 -4.205763339996337891e-01 0.000000000000000000e+00 1.000000000000000000e+00
3.236896972656250000e+02 1.562924194335937500e+02 2.239522094726562500e+02 4.416337609291076660e-01 -7.828087210655212402e-01 -4.383719563484191895e-01 0.000000000000000000e+00 1.000000000000000000e+00
3.239768676757812500e+02 1.557834014892578125e+02 2.236671600341796875e+02 4.425569176673889160e-01 -7.732452750205993652e-01 -4.541311264038085938e-01 0.000000000000000000e+00 1.000000000000000000e+00
3.242680053710937500e+02 1.552747192382812500e+02 2.233684082031250000e+02 4.434035718441009521e-01 -7.643601298332214355e-01 -4.681313335895538330e-01 0.000000000000000000e+00 1.000000000000000000e+00
3.245632324218750000e+02 1.547657928466796875e+02 2.230567169189453125e+02 4.448514282703399658e-01 -7.559752464294433594e-01 -4.802172482013702393e-01 0.000000000000000000e+00 1.000000000000000000e+00
3.248624572753906250e+02 1.542572937011718750e+02 2.227337036132812500e+02 4.471038281917572021e-01 -7.479593753814697266e-01 -4.905660152435302734e-01 0.000000000000000000e+00 1.000000000000000000e+00
3.251652526855468750e+02 1.537507476806640625e+02 2.224014739990234375e+02 4.488644599914550781e-01 -7.410803437232971191e-01 -4.993201494216918945e-01 0.000000000000000000e+00 1.000000000000000000e+00
3.254700012207031250e+02 1.532476043701171875e+02 2.220624694824218750e+02 4.494010508060455322e-01 -7.357253432273864746e-01 -5.067019462585449219e-01 0.000000000000000000e+00 1.000000000000000000e+00
3.257745666503906250e+02 1.527489929199218750e+02 2.217190704345703125e+02 4.475454092025756836e-01 -7.324724197387695312e-01 -5.130178332328796387e-01 0.000000000000000000e+00 1.000000000000000000e+00
3.260766296386718750e+02 1.522546234130859375e+02 2.213728179931640625e+02 4.427906572818756104e-01 -7.314843535423278809e-01 -5.185239911079406738e-01 0.000000000000000000e+00 1.000000000000000000e+00
3.263746032714843750e+02 1.517623748779296875e+02 2.210238800048828125e+02 4.348173439502716064e-01 -7.329046726226806641e-01 -5.232443809509277344e-01 0.000000000000000000e+00 1.000000000000000000e+00
3.266674499511718750e+02 1.512687683105468750e+02 2.206714782714843750e+02 4.240738749504089355e-01 -7.364782691001892090e-01 -5.270304679870605469e-01 0.000000000000000000e+00 1.000000000000000000e+00
3.269548645019531250e+02 1.507696228027343750e+02 2.203142852783203125e+02 4.106079936027526855e-01 -7.419208288192749023e-01 -5.300515294075012207e-01 0.000000000000000000e+00 1.000000000000000000e+00
3.272363891601562500e+02 1.502609405517578125e+02 2.199508666992187500e+02 3.951445221900939941e-01 -7.488943934440612793e-01 -5.319944024085998535e-01 0.000000000000000000e+00 1.000000000000000000e+00
3.275115356445312500e+02 1.497394714355468750e+02 2.195804290771484375e+02 3.778337836265563965e-01 -7.571323513984680176e-01 -5.329093337059020996e-01 0.000000000000000000e+00 1.000000000000000000e+00
3.277791748046875000e+02 1.492031555175781250e+02 2.192029418945312500e+02 3.587986826896667480e-01 -7.664263248443603516e-01 -5.327796339988708496e-01 0.000000000000000000e+00 1.000000000000000000e+00
3.280378417968750000e+02 1.486506195068359375e+02 2.188188476562500000e+02 3.380434811115264893e-01 -7.767754793167114258e-01 -5.313628911972045898e-01 0.000000000000000000e+00 1.000000000000000000e+00
3.282855834960937500e+02 1.480813446044921875e+02 2.184294281005859375e+02 3.152568936347961426e-01 -7.881627082824707031e-01 -5.285949110984802246e-01 0.000000000000000000e+00 1.000000000000000000e+00
3.285200195312500000e+02 1.474952392578125000e+02 2.180363464355468750e+02 2.893204391002655029e-01 -8.011950254440307617e-01 -5.238130688667297363e-01 0.000000000000000000e+00 1.000000000000000000e+00
3.287378234863281250e+02 1.468920898437500000e+02 2.176420135498046875e+02 2.598833143711090088e-01 -8.156702518463134766e-01 -5.168585777282714844e-01 0.000000000000000000e+00 1.000000000000000000e+00
3.289355468750000000e+02 1.462715148925781250e+02 2.172487792968750000e+02 2.260575443506240845e-01 -8.317320346832275391e-01 -5.070698261260986328e-01 0.000000000000000000e+00 1.000000000000000000e+00
3.291091613769531250e+02 1.456327362060546875e+02 2.168593444824218750e+02 1.878815740346908569e-01 -8.485755324363708496e-01 -4.945908784866333008e-01 0.000000000000000000e+00 1.000000000000000000e+00
3.292548828125000000e+02 1.449745788574218750e+02 2.164757385253906250e+02 1.473195403814315796e-01 -8.648944497108459473e-01 -4.798485636711120605e-01 0.000000000000000000e+00 1.000000000000000000e+00
3.293704528808593750e+02 1.442960815429687500e+02 2.160993041992187500e+02 1.074851453304290771e-01 -8.793052434921264648e-01 -4.639711380004882812e-01 0.000000000000000000e+00 1.000000000000000000e+00
3.294559020996093750e+02 1.435970458984375000e+02 2.157304534912109375e+02 7.139787077903747559e-02 -8.908094763755798340e-01 -4.487325847148895264e-01 0.000000000000000000e+00 1.000000000000000000e+00
3.295135192871093750e+02 1.428781738281250000e+02 2.153683319091796875e+02 4.224750772118568420e-02 -8.990634679794311523e-01 -4.357752203941345215e-01 0.000000000000000000e+00 1.000000000000000000e+00
3.295481262207031250e+02 1.421417083740234375e+02 2.150113677978515625e+02 2.172311022877693176e-02 -9.043025970458984375e-01 -4.263390004634857178e-01 0.000000000000000000e+00 1.000000000000000000e+00
3.295661621093750000e+02 1.413908996582031250e+02 2.146573944091796875e+02 1.049697212874889374e-02 -9.069892168045043945e-01 -4.210230112075805664e-01 0.000000000000000000e+00 1.000000000000000000e+00
3.295749816894531250e+02 1.406288452148437500e+02 2.143036499023437500e+02 6.970686838030815125e-03 -9.075546860694885254e-01 -4.198760986328125000e-01 0.000000000000000000e+00 1.000000000000000000e+00
3.295809020996093750e+02 1.398580322265625000e+02 2.139470367431640625e+02 9.301796555519104004e-03 -9.063216447830200195e-01 -4.224861860275268555e-01 0.000000000000000000e+00 1.000000000000000000e+00
3.295888977050781250e+02 1.390789794921875000e+02 2.135838775634765625e+02 1.437551714479923248e-02 -9.035589694976806641e-01 -4.282225370407104492e-01 0.000000000000000000e+00 1.000000000000000000e+00
3.296014404296875000e+02 1.382906188964843750e+02 2.132102508544921875e+02 1.913676597177982330e-02 -8.998402953147888184e-01 -4.357994794845581055e-01 0.000000000000000000e+00 1.000000000000000000e+00
3.296184387207031250e+02 1.374913330078125000e+02 2.128231506347656250e+02 2.108364924788475037e-02 -8.957177400588989258e-01 -4.441228508949279785e-01 0.000000000000000000e+00 1.000000000000000000e+00
3.296375122070312500e+02 1.366810150146484375e+02 2.124213714599609375e+02 1.958721503615379333e-02 -8.917004466056823730e-01 -4.522019326686859131e-01 0.000000000000000000e+00 1.000000000000000000e+00
3.296554870605468750e+02 1.358627166748046875e+02 2.120063934326171875e+02 1.630780100822448730e-02 -8.878158330917358398e-01 -4.599097371101379395e-01 0.000000000000000000e+00 1.000000000000000000e+00
3.296705322265625000e+02 1.350436401367187500e+02 2.115820922851562500e+02 1.422327850013971329e-02 -8.838418722152709961e-01 -4.675694704055786133e-01 0.000000000000000000e+00 1.000000000000000000e+00
3.296835632324218750e+02 1.342338867187500000e+02 2.111537170410156250e+02 1.718255877494812012e-02 -8.792309165000915527e-01 -4.760859310626983643e-01 0.000000000000000000e+00 1.000000000000000000e+00
3.296990051269531250e+02 1.334437255859375000e+02 2.107258605957031250e+02 2.853051200509071350e-02 -8.731837868690490723e-01 -4.865552186965942383e-01 0.000000000000000000e+00 1.000000000000000000e+00
3.297239379882812500e+02 1.326806488037109375e+02 2.103006591796875000e+02 4.989698529243469238e-02 -8.649531006813049316e-01 -4.993658661842346191e-01 0.000000000000000000e+00 1.000000000000000000e+00
3.297662353515625000e+02 1.319474334716796875e+02 2.098773498535156250e+02 8.034691959619522095e-02 -8.539307713508605957e-01 -5.141464471817016602e-01 0.000000000000000000e+00 1.000000000000000000e+00
3.298326110839843750e+02 1.312419891357421875e+02 2.094526062011718750e+02 1.158351302146911621e-01 -8.402459025382995605e-01 -5.296875834465026855e-01 0.000000000000000000e+00 1.000000000000000000e+00
3.299267578125000000e+02 1.305590667724609375e+02 2.090220947265625000e+02 1.512946933507919312e-01 -8.246995806694030762e-01 -5.449592471122741699e-01 0.000000000000000000e+00 1.000000000000000000e+00
3.300490112304687500e+02 1.298926696777343750e+02 2.085817413330078125e+02 1.822362691164016724e-01 -8.081979155540466309e-01 -5.600054860115051270e-01 0.000000000000000000e+00 1.000000000000000000e+00
3.301966552734375000e+02 1.292378845214843750e+02 2.081280364990234375e+02 2.073600143194198608e-01 -7.912737131118774414e-01 -5.752284526824951172e-01 0.000000000000000000e+00 1.000000000000000000e+00
3.303656921386718750e+02 1.285928497314453125e+02 2.076591186523437500e+02 2.261298894882202148e-01 -7.737690210342407227e-01 -5.917320251464843750e-01 0.000000000000000000e+00 1.000000000000000000e+00
3.305508422851562500e+02 1.279593048095703125e+02 2.071746215820312500e+02 2.404058128595352173e-01 -7.551524639129638672e-01 -6.098769307136535645e-01 0.000000000000000000e+00 1.000000000000000000e+00
3.307470397949218750e+02 1.273430175781250000e+02 2.066768951416015625e+02 2.529926300048828125e-01 -7.347430586814880371e-01 -6.294023394584655762e-01 0.000000000000000000e+00 1.000000000000000000e+00
3.309501342773437500e+02 1.267531890869140625e+02 2.061716308593750000e+02 2.670460045337677002e-01 -7.121521234512329102e-01 -6.492501497268676758e-01 0.000000000000000000e+00 1.000000000000000000e+00
3.311575927734375000e+02 1.261999435424804688e+02 2.056672515869140625e+02 2.845568358898162842e-01 -6.877858042716979980e-01 -6.678159832954406738e-01 0.000000000000000000e+00 1.000000000000000000e+00
3.313677368164062500e+02 1.256920166015625000e+02 2.051740722656250000e+02 3.062599599361419678e-01 -6.629829406738281250e-01 -6.831240653991699219e-01 0.000000000000000000e+00 1.000000000000000000e+00
3.315798034667968750e+02 1.252329406738281250e+02 2.047010498046875000e+02 3.294693827629089355e-01 -6.408711075782775879e-01 -6.933500170707702637e-01 0.000000000000000000e+00 1.000000000000000000e+00
3.317926635742187500e+02 1.248188934326171875e+02 2.042530975341796875e+02 3.492956757545471191e-01 -6.260955333709716797e-01 -6.971349120140075684e-01 0.000000000000000000e+00 1.000000000000000000e+00
3.320049133300781250e+02 1.244384460449218750e+02 2.038294830322265625e+02 3.586163222789764404e-01 -6.230193972587585449e-01 -6.951555013656616211e-01 0.000000000000000000e+00 1.000000000000000000e+00
3.322143554687500000e+02 1.240745849609375000e+02 2.034234924316406250e+02 3.528530895709991455e-01 -6.323973536491394043e-01 -6.896145939826965332e-01 0.000000000000000000e+00 1.000000000000000000e+00
3.324184570312500000e+02 1.237087860107421875e+02 2.030245971679687500e+02 3.331966996192932129e-01 -6.497387290000915527e-01 -6.832418441772460938e-01 0.000000000000000000e+00 1.000000000000000000e+00
3.326152038574218750e+02 1.233251266479492188e+02 2.026211547851562500e+02 3.057601153850555420e-01 -6.684417724609375000e-01 -6.780091524124145508e-01 0.000000000000000000e+00 1.000000000000000000e+00
3.328036804199218750e+02 1.229130859375000000e+02 2.022032165527343750e+02 2.790108919143676758e-01 -6.837738156318664551e-01 -6.742449998855590820e-01 0.000000000000000000e+00 1.000000000000000000e+00
3.329850769042968750e+02 1.224685363769531250e+02 2.017648620605468750e+02 2.581016123294830322e-01 -6.943432092666625977e-01 -6.717670559883117676e-01 0.000000000000000000e+00 1.000000000000000000e+00
3.331621398925781250e+02 1.219922027587890625e+02 2.013040161132812500e+02 2.456749230623245239e-01 -7.016178369522094727e-01 -6.688618659973144531e-01 0.000000000000000000e+00 1.000000000000000000e+00
3.333388977050781250e+02 1.214874038696289062e+02 2.008227844238281250e+02 2.418443262577056885e-01 -7.075974345207214355e-01 -6.639407277107238770e-01 0.000000000000000000e+00 1.000000000000000000e+00
3.335199584960937500e+02 1.209576492309570312e+02 2.003257141113281250e+02 2.445984333753585815e-01 -7.143170833587646484e-01 -6.556848883628845215e-01 0.000000000000000000e+00 1.000000000000000000e+00
3.337089843750000000e+02 1.204056243896484375e+02 1.998190002441406250e+02 2.503703236579895020e-01 -7.227783203125000000e-01 -6.441321372985839844e-01 0.000000000000000000e+00 1.000000000000000000e+00
3.339068603515625000e+02 1.198343887329101562e+02 1.993099212646484375e+02 2.560893297195434570e-01 -7.329979538917541504e-01 -6.301843523979187012e-01 0.000000000000000000e+00 1.000000000000000000e+00
3.341116027832031250e+02 1.192483596801757812e+02 1.988060913085937500e+02 2.593227922916412354e-01 -7.444735169410705566e-01 -6.152324676513671875e-01 0.000000000000000000e+00 1.000000000000000000e+00
3.343186950683593750e+02 1.186538314819335938e+02 1.983147735595703125e+02 2.588682174682617188e-01 -7.563872337341308594e-01 -6.007209420204162598e-01 0.000000000000000000e+00 1.000000000000000000e+00
3.345222778320312500e+02 1.180589828491210938e+02 1.978423461914062500e+02 2.556108236312866211e-01 -7.678501009941101074e-01 -5.874260067939758301e-01 0.000000000000000000e+00 1.000000000000000000e+00
3.347177429199218750e+02 1.174718093872070312e+02 1.973931427001953125e+02 2.501137256622314453e-01 -7.783697247505187988e-01 -5.758330821990966797e-01 0.000000000000000000e+00 1.000000000000000000e+00
3.349020385742187500e+02 1.168982696533203125e+02 1.969688415527343750e+02 2.445914596319198608e-01 -7.874134182929992676e-01 -5.658224225044250488e-01 0.000000000000000000e+00 1.000000000000000000e+00
3.350752563476562500e+02 1.163406295776367188e+02 1.965681304931640625e+02 2.409030199050903320e-01 -7.951116561889648438e-01 -5.565636754035949707e-01 0.000000000000000000e+00 1.000000000000000000e+00
3.352399291992187500e+02 1.157971191406250000e+02 1.961876831054687500e+02 2.394591569900512695e-01 -8.020231723785400391e-01 -5.471912026405334473e-01 0.000000000000000000e+00 1.000000000000000000e+00
3.353994140625000000e+02 1.152629547119140625e+02 1.958232421875000000e+02 2.396104782819747925e-01 -8.086156249046325684e-01 -5.373337268829345703e-01 0.000000000000000000e+00 1.000000000000000000e+00
3.355567016601562500e+02 1.147321548461914062e+02 1.954705200195312500e+02 2.409699559211730957e-01 -8.154272437095642090e-01 -5.263192653656005859e-01 0.000000000000000000e+00 1.000000000000000000e+00
3.357142028808593750e+02 1.141991806030273438e+02 1.951265106201171875e+02 2.424916774034500122e-01 -8.228642344474792480e-01 -5.138990283012390137e-01 0.000000000000000000e+00 1.000000000000000000e+00
3.358732604980468750e+02 1.136594390869140625e+02 1.947894287109375000e+02 2.441241741180419922e-01 -8.303173184394836426e-01 -5.009756088256835938e-01 0.000000000000000000e+00 1.000000000000000000e+00
3.360348205566406250e+02 1.131099395751953125e+02 1.944578857421875000e+02 2.456038594245910645e-01 -8.372052311897277832e-01 -4.886370003223419189e-01 0.000000000000000000e+00 1.000000000000000000e+00
3.361995544433593750e+02 1.125484008789062500e+02 1.941301422119140625e+02 2.459893375635147095e-01 -8.429198861122131348e-01 -4.785135686397552490e-01 0.000000000000000000e+00 1.000000000000000000e+00
3.363676452636718750e+02 1.119724121093750000e+02 1.938031616210937500e+02 2.427234798669815063e-01 -8.472192883491516113e-01 -4.725514650344848633e-01 0.000000000000000000e+00 1.000000000000000000e+00
3.365373840332031250e+02 1.113799438476562500e+02 1.934727020263671875e+02 2.326228022575378418e-01 -8.504368662834167480e-01 -4.718513190746307373e-01 0.000000000000000000e+00 1.000000000000000000e+00
3.367044982910156250e+02 1.107689971923828125e+02 1.931337280273437500e+02 2.151258885860443115e-01 -8.523392081260681152e-01 -4.766956567764282227e-01 0.000000000000000000e+00 1.000000000000000000e+00
3.368633117675781250e+02 1.101397705078125000e+02 1.927818145751953125e+02 1.920935958623886108e-01 -8.526955842971801758e-01 -4.858089387416839600e-01 0.000000000000000000e+00 1.000000000000000000e+00
3.370084228515625000e+02 1.094956283569335938e+02 1.924148254394531250e+02 1.689204722642898560e-01 -8.508472442626953125e-01 -4.975186288356781006e-01 0.000000000000000000e+00 1.000000000000000000e+00
3.371378173828125000e+02 1.088438720703125000e+02 1.920337219238281250e+02 1.514950841665267944e-01 -8.465451002120971680e-01 -5.103045105934143066e-01 0.000000000000000000e+00 1.000000000000000000e+00
3.372538146972656250e+02 1.081956863403320312e+02 1.916429901123046875e+02 1.454762816429138184e-01 -8.396335244178771973e-01 -5.233088731765747070e-01 0.000000000000000000e+00 1.000000000000000000e+00
3.373632202148437500e+02 1.075642395019531250e+02 1.912494354248046875e+02 1.537200510501861572e-01 -8.300210833549499512e-01 -5.361296534538269043e-01 0.000000000000000000e+00 1.000000000000000000e+00
3.374748840332031250e+02 1.069613037109375000e+02 1.908599853515625000e+02 1.753159165382385254e-01 -8.171547651290893555e-01 -5.491105914115905762e-01 0.000000000000000000e+00 1.000000000000000000e+00
3.375964965820312500e+02 1.063944625854492188e+02 1.904790802001953125e+02 2.048664838075637817e-01 -8.009287118911743164e-01 -5.626214742660522461e-01 0.000000000000000000e+00 1.000000000000000000e+00
3.377319946289062500e+02 1.058647308349609375e+02 1.901069641113281250e+02 2.347721606492996216e-01 -7.817711830139160156e-01 -5.776813626289367676e-01 0.000000000000000000e+00 1.000000000000000000e+00
3.378815002441406250e+02 1.053668899536132812e+02 1.897390899658203125e+02 2.557955682277679443e-01 -7.615031003952026367e-01 -5.955515503883361816e-01 0.000000000000000000e+00 1.000000000000000000e+00
3.380410461425781250e+02 1.048919219970703125e+02 1.893676300048828125e+02 2.646016776561737061e-01 -7.414221763610839844e-01 -6.166676878929138184e-01 0.000000000000000000e+00 1.000000000000000000e+00
3.382055664062500000e+02 1.044309310913085938e+02 1.889842071533203125e+02 2.628025710582733154e-01 -7.218191027641296387e-01 -6.402437090873718262e-01 0.000000000000000000e+00 1.000000000000000000e+00
3.383703918457031250e+02 1.039782180786132812e+02 1.885826568603515625e+02 2.560349404811859131e-01 -7.015856504440307617e-01 -6.649989485740661621e-01 0.000000000000000000e+00 1.000000000000000000e+00
3.385330200195312500e+02 1.035325851440429688e+02 1.881602630615234375e+02 2.500974535942077637e-01 -6.797325015068054199e-01 -6.895034313201904297e-01 0.000000000000000000e+00 1.000000000000000000e+00
3.386935424804687500e+02 1.030963058471679688e+02 1.877177124023437500e+02 2.491897046566009521e-01 -6.563098430633544922e-01 -7.121529579162597656e-01 0.000000000000000000e+00 1.000000000000000000e+00
3.388543701171875000e+02 1.026727218627929688e+02 1.872580871582031250e+02 2.544191777706146240e-01 -6.317399740219116211e-01 -7.322400808334350586e-01 0.000000000000000000e+00 1.000000000000000000e+00
3.390188293457031250e+02 1.022643585205078125e+02 1.867847595214843750e+02 2.647738158702850342e-01 -6.072925329208374023e-01 -7.490597963333129883e-01 0.000000000000000000e+00 1.000000000000000000e+00
3.391900329589843750e+02 1.018716812133789062e+02 1.863004150390625000e+02 2.776850759983062744e-01 -5.843163132667541504e-01 -7.625387907028198242e-01 0.000000000000000000e+00 1.000000000000000000e+00
3.393699340820312500e+02 1.014931259155273438e+02 1.858063964843750000e+02 2.901155054569244385e-01 -5.634440183639526367e-01 -7.735397815704345703e-01 0.000000000000000000e+00 1.000000000000000000e+00
3.395587463378906250e+02 1.011264266967773438e+02 1.853029632568359375e+02 2.999406456947326660e-01 -5.447533726692199707e-01 -7.831215262413024902e-01 0.000000000000000000e+00 1.000000000000000000e+00
3.397554626464843750e+02 1.007691497802734375e+02 1.847893524169921875e+02 3.056204319000244141e-01 -5.279285311698913574e-01 -7.923935651779174805e-01 0.000000000000000000e+00 1.000000000000000000e+00
3.399580078125000000e+02 1.004192733764648438e+02 1.842642059326171875e+02 3.075993061065673828e-01 -5.122106075286865234e-01 -8.018870949745178223e-01 0.000000000000000000e+00 1.000000000000000000e+00
3.401643676757812500e+02 1.000756454467773438e+02 1.837262420654296875e+02 3.070313036441802979e-01 -4.970961511135101318e-01 -8.115584850311279297e-01 0.000000000000000000e+00 1.000000000000000000e+00
3.403730468750000000e+02 9.973778533935546875e+01 1.831746520996093750e+02 3.071606159210205078e-01 -4.822244048118591309e-01 -8.204340338706970215e-01 0.000000000000000000e+00 1.000000000000000000e+00
3.405842285156250000e+02 9.940624237060546875e+01 1.826105804443359375e+02 3.114671409130096436e-01 -4.672777950763702393e-01 -8.274295926094055176e-01 0.000000000000000000e+00 1.000000000000000000e+00
3.408000183105468750e+02 9.908250427246093750e+01 1.820373229980468750e+02 3.230928778648376465e-01 -4.524973332881927490e-01 -8.311781883239746094e-01 0.000000000000000000e+00 1.000000000000000000e+00
3.410239562988281250e+02 9.876887512207031250e+01 1.814612274169921875e+02 3.436831831932067871e-01 -4.378719925880432129e-01 -8.307526707649230957e-01 0.000000000000000000e+00 1.000000000000000000e+00
3.412602233886718750e+02 9.846785736083984375e+01 1.808901214599609375e+02 3.722929656505584717e-01 -4.236639738082885742e-01 -8.257765173912048340e-01 0.000000000000000000e+00 1.000000000000000000e+00
3.415116882324218750e+02 9.818169403076171875e+01 1.803323516845703125e+02 4.050953388214111328e-01 -4.105498194694519043e-01 -8.169128298759460449e-01 0.000000000000000000e+00 1.000000000000000000e+00
3.417774353027343750e+02 9.791236877441406250e+01 1.797964477539062500e+02 4.375106096267700195e-01 -3.991706669330596924e-01 -8.057588338851928711e-01 0.000000000000000000e+00 1.000000000000000000e+00
3.420519409179687500e+02 9.766191864013671875e+01 1.792908935546875000e+02 4.653739333152770996e-01 -3.902788162231445312e-01 -7.944241166114807129e-01 0.000000000000000000e+00 1.000000000000000000e+00
3.423248901367187500e+02 9.743301391601562500e+01 1.788249511718750000e+02 4.869090616703033447e-01 -3.839787542819976807e-01 -7.845253348350524902e-01 0.000000000000000000e+00 1.000000000000000000e+00
3.425831909179687500e+02 9.722931671142578125e+01 1.784087677001953125e+02 5.020148754119873047e-01 -3.800855875015258789e-01 -7.768629193305969238e-01 0.000000000000000000e+00 1.000000000000000000e+00
3.428135681152343750e+02 9.705489349365234375e+01 1.780522613525390625e+02 5.116874575614929199e-01 -3.780738711357116699e-01 -7.715154290199279785e-01 0.000000000000000000e+00 1.000000000000000000e+00
3.430056152343750000e+02 9.691299438476562500e+01 1.777626953125000000e+02 5.116874575614929199e-01 -3.780738711357116699e-01 -7.715154290199279785e-01 0.000000000000000000e+00 1.000000000000000000e+00
