3.224952697753906250e+02 1.587758483886718750e+02 2.248654937744140625e+02 3.025036454200744629e-01 -9.180558919906616211e-01 -2.562514841556549072e-01 0.000000000000000000e+00 1.000000000000000000e+00
3.222799072265625000e+02 1.594294433593750000e+02 2.250479278564453125e+02 2.848179042339324951e-01 -9.329147934913635254e-01 -2.203377783298492432e-01 0.000000000000000000e+00 1.000000000000000000e+00
3.220675964355468750e+02 1.601248626708984375e+02 2.252121734619140625e+02 2.699014544486999512e-01 -9.451840519905090332e-01 -1.837939620018005371e-01 0.000000000000000000e+00 1.000000000000000000e+00
3.218573913574218750e+02 1.608609924316406250e+02 2.253553161621093750e+02 2.592112421989440918e-01 -9.544970393180847168e-01 -1.474614739418029785e-01 0.000000000000000000e+00 1.000000000000000000e+00
3.216473999023437500e+02 1.616342468261718750e+02 2.254747772216796875e+02 2.534684240818023682e-01 -9.608247280120849609e-01 -1.121138408780097961e-01 0.000000000000000000e+00 1.000000000000000000e+00
3.214352416992187500e+02 1.624384765625000000e+02 2.255686187744140625e+02 2.536013424396514893e-01 -9.641377329826354980e-01 -7.826146483421325684e-02 0.000000000000000000e+00 1.000000000000000000e+00
3.212180786132812500e+02 1.632640838623046875e+02 2.256356353759765625e+02 2.588543593883514404e-01 -9.647935628890991211e-01 -4.655995965003967285e-02 0.000000000000000000e+00 1.000000000000000000e+00
3.209938659667968750e+02 1.640997619628906250e+02 2.256759643554687500e+02 2.670299708843231201e-01 -9.635295867919921875e-01 -1.748158968985080719e-02 0.000000000000000000e+00 1.000000000000000000e+00
3.207624206542968750e+02 1.649348907470703125e+02 2.256911163330078125e+02 2.725550830364227295e-01 -9.621031284332275391e-01 8.444169536232948303e-03 0.000000000000000000e+00 1.000000000000000000e+00
3.205279846191406250e+02 1.657624359130859375e+02 2.256838531494140625e+02 -2.685964107513427734e-01 9.627580642700195312e-01 -3.086880967020988464e-02 0.000000000000000000e+00 1.000000000000000000e+00
3.203000183105468750e+02 1.665795593261718750e+02 2.256576538085937500e+02 -2.470780760049819946e-01 9.677163958549499512e-01 -4.977348819375038147e-02 0.000000000000000000e+00 1.000000000000000000e+00
3.200935363769531250e+02 1.673882751464843750e+02 2.256160583496093750e+02 -2.035459280014038086e-01 9.768720269203186035e-01 -6.549837440252304077e-02 0.000000000000000000e+00 1.000000000000000000e+00
3.199261474609375000e+02 1.681916198730468750e+02 2.255621948242187500e+02 -1.392140686511993408e-01 9.871423244476318359e-01 -7.854652404785156250e-02 0.000000000000000000e+00 1.000000000000000000e+00
3.198137512207031250e+02 1.689886016845703125e+02 2.254987792968750000e+02 -6.201545149087905884e-02 9.940917491912841797e-01 -8.908168226480484009e-02 0.000000000000000000e+00 1.000000000000000000e+00
3.197650146484375000e+02 1.697698364257812500e+02 2.254287719726562500e+02 1.716787740588188171e-02 9.950859546661376953e-01 -9.751516580581665039e-02 0.000000000000000000e+00 1.000000000000000000e+00
3.197778930664062500e+02 1.705162963867187500e+02 2.253556213378906250e+02 8.949241787195205688e-02 9.905223250389099121e-01 -1.041947454214096069e-01 0.000000000000000000e+00 1.000000000000000000e+00
3.198398437500000000e+02 1.712019805908203125e+02 2.252834930419921875e+02 1.497733592987060547e-01 9.826496243476867676e-01 -1.093977168202400208e-01 0.000000000000000000e+00 1.000000000000000000e+00
3.199310302734375000e+02 1.718002471923828125e+02 2.252168884277343750e+02 1.971034556627273560e-01 9.738000631332397461e-01 -1.134177520871162415e-01 0.000000000000000000e+00 1.000000000000000000e+00
3.200303649902343750e+02 1.722910156250000000e+02 2.251597290039062500e+02 1.971034556627273560e-01 9.738000631332397461e-01 -1.134177520871162415e-01 0.000000000000000000e+00 1.000000000000000000e+00
