1.728596649169921875e+02 1.629895477294921875e+02 7.438912200927734375e+01 -1.742279529571533203e-01 -8.728954792022705078e-01 4.557389914989471436e-01 0.000000000000000000e+00 2.000000000000000000e+00
1.729823150634765625e+02 1.636040344238281250e+02 7.406829833984375000e+01 -1.855972409248352051e-01 -8.826788067817687988e-01 4.317775666713714600e-01 0.000000000000000000e+00 2.000000000000000000e+00
1.731158905029296875e+02 1.642393035888671875e+02 7.375754547119140625e+01 -2.023555785417556763e-01 -8.910639882087707520e-01 4.062723815441131592e-01 0.000000000000000000e+00 2.000000000000000000e+00
1.732642211914062500e+02 1.648924713134765625e+02 7.345973968505859375e+01 -2.196864485740661621e-01 -8.990229964256286621e-01 3.788079321384429932e-01 0.000000000000000000e+00 2.000000000000000000e+00
1.734277191162109375e+02 1.655615539550781250e+02 7.317781829833984375e+01 -2.328382879495620728e-01 -9.073807001113891602e-01 3.499239087104797363e-01 0.000000000000000000e+00 2.000000000000000000e+00
1.736036376953125000e+02 1.662471160888671875e+02 7.291343688964843750e+01 -2.382167428731918335e-01 -9.165536761283874512e-01 3.212199509143829346e-01 0.000000000000000000e+00 2.000000000000000000e+00
1.737870178222656250e+02 1.669526824951171875e+02 7.266616058349609375e+01 -2.338715344667434692e-01 -9.265074133872985840e-01 2.947679162025451660e-01 0.000000000000000000e+00 2.000000000000000000e+00
1.739714355468750000e+02 1.676832733154296875e+02 7.243372344970703125e+01 -2.214260697364807129e-01 -9.363760948181152344e-01 2.723422348499298096e-01 0.000000000000000000e+00 2.000000000000000000e+00
1.741511993408203125e+02 1.684434661865234375e+02 7.221262359619140625e+01 -2.042611688375473022e-01 -9.452410936355590820e-01 2.545517683029174805e-01 0.000000000000000000e+00 2.000000000000000000e+00
1.743221893310546875e+02 1.692347412109375000e+02 7.199953460693359375e+01 -1.862236261367797852e-01 -9.526211619377136230e-01 2.404864132404327393e-01 0.000000000000000000e+00 2.000000000000000000e+00
1.744824829101562500e+02 1.700547180175781250e+02 7.179253387451171875e+01 -1.691884994506835938e-01 -9.585728049278259277e-01 2.291578948497772217e-01 0.000000000000000000e+00 2.000000000000000000e+00
1.746311950683593750e+02 1.708972778320312500e+02 7.159111022949218750e+01 -1.538787335157394409e-01 -9.634497761726379395e-01 2.192849218845367432e-01 0.000000000000000000e+00 2.000000000000000000e+00
1.747680053710937500e+02 1.717538604736328125e+02 7.139614868164062500e+01 -1.390879750251770020e-01 -9.676920771598815918e-01 2.103012204170227051e-01 0.000000000000000000e+00 2.000000000000000000e+00
1.748919677734375000e+02 1.726163177490234375e+02 7.120871734619140625e+01 -1.241086721420288086e-01 -9.713989496231079102e-01 2.024378627538681030e-01 0.000000000000000000e+00 2.000000000000000000e+00
1.750020446777343750e+02 1.734778900146484375e+02 7.102916717529296875e+01 -1.092738136649131775e-01 -9.743582010269165039e-01 1.966859251260757446e-01 0.000000000000000000e+00 2.000000000000000000e+00
1.750979919433593750e+02 1.743334197998046875e+02 7.085646820068359375e+01 -9.728758782148361206e-02 -9.761351943016052246e-01 1.941523402929306030e-01 0.000000000000000000e+00 2.000000000000000000e+00
1.751822509765625000e+02 1.751788330078125000e+02 7.068831634521484375e+01 -9.210468828678131104e-02 -9.763168692588806152e-01 1.957606077194213867e-01 0.000000000000000000e+00 2.000000000000000000e+00
1.752605438232421875e+02 1.760087432861328125e+02 7.052191162109375000e+01 -9.772211313247680664e-02 -9.745874404907226562e-01 2.015679776668548584e-01 0.000000000000000000e+00 2.000000000000000000e+00
1.753415069580078125e+02 1.768161926269531250e+02 7.035491180419921875e+01 -1.167755350470542908e-01 -9.706287980079650879e-01 2.103406637907028198e-01 0.000000000000000000e+00 2.000000000000000000e+00
1.754350891113281250e+02 1.775940399169921875e+02 7.018634796142578125e+01 -1.498096287250518799e-01 -9.640362262725830078e-01 2.195250689983367920e-01 0.000000000000000000e+00 2.000000000000000000e+00
1.755507202148437500e+02 1.783381347656250000e+02 7.001690673828125000e+01 -1.944480389356613159e-01 -9.546486139297485352e-01 2.254684865474700928e-01 0.000000000000000000e+00 2.000000000000000000e+00
1.756957702636718750e+02 1.790502624511718750e+02 6.984871673583984375e+01 -2.450549006462097168e-01 -9.430767893791198730e-01 2.248426824808120728e-01 0.000000000000000000e+00 2.000000000000000000e+00
1.758746643066406250e+02 1.797387237548828125e+02 6.968457794189453125e+01 -2.943870127201080322e-01 -9.308047294616699219e-01 2.166537195444107056e-01 0.000000000000000000e+00 2.000000000000000000e+00
1.760885925292968750e+02 1.804151306152343750e+02 6.952713775634765625e+01 -3.365596234798431396e-01 -9.194884300231933594e-01 2.031469047069549561e-01 0.000000000000000000e+00 2.000000000000000000e+00
1.763353729248046875e+02 1.810893402099609375e+02 6.937818145751953125e+01 -3.700419366359710693e-01 -9.097635149955749512e-01 1.881467998027801514e-01 0.000000000000000000e+00 2.000000000000000000e+00
1.766099395751953125e+02 1.817643737792968750e+02 6.923857879638671875e+01 -3.963821828365325928e-01 -9.012692570686340332e-01 1.749136894941329956e-01 0.000000000000000000e+00 2.000000000000000000e+00
1.769049835205078125e+02 1.824352264404296875e+02 6.910838317871093750e+01 -4.184136986732482910e-01 -8.931295275688171387e-01 1.650747656822204590e-01 0.000000000000000000e+00 2.000000000000000000e+00
1.772124023437500000e+02 1.830914306640625000e+02 6.898709869384765625e+01 -4.380962252616882324e-01 -8.847737312316894531e-01 1.588933318853378296e-01 0.000000000000000000e+00 2.000000000000000000e+00
1.775247802734375000e+02 1.837223052978515625e+02 6.887380218505859375e+01 -4.559631943702697754e-01 -8.762463927268981934e-01 1.558517664670944214e-01 0.000000000000000000e+00 2.000000000000000000e+00
1.778365783691406250e+02 1.843215026855468750e+02 6.876722717285156250e+01 -4.716787338256835938e-01 -8.680597543716430664e-01 1.548914313316345215e-01 0.000000000000000000e+00 2.000000000000000000e+00
1.781448364257812500e+02 1.848888092041015625e+02 6.866600036621093750e+01 -4.840171635150909424e-01 -8.611689805984497070e-01 1.552913784980773926e-01 0.000000000000000000e+00 2.000000000000000000e+00
1.784487152099609375e+02 1.854294738769531250e+02 6.856850433349609375e+01 -4.930164515972137451e-01 -8.559052348136901855e-01 1.560805141925811768e-01 0.000000000000000000e+00 2.000000000000000000e+00
1.787488708496093750e+02 1.859505615234375000e+02 6.847348022460937500e+01 -4.986914098262786865e-01 -8.524628281593322754e-01 1.568879485130310059e-01 0.000000000000000000e+00 2.000000000000000000e+00
1.790464324951171875e+02 1.864592132568359375e+02 6.837986755371093750e+01 -5.018131732940673828e-01 -8.505316972732543945e-01 1.574148386716842651e-01 0.000000000000000000e+00 2.000000000000000000e+00
1.793424224853515625e+02 1.869608917236328125e+02 6.828701782226562500e+01 -5.036182403564453125e-01 -8.493141531944274902e-01 1.582216471433639526e-01 0.000000000000000000e+00 2.000000000000000000e+00
1.796376953125000000e+02 1.874588470458984375e+02 6.819425201416015625e+01 -5.050575733184814453e-01 -8.481932282447814941e-01 1.596407294273376465e-01 0.000000000000000000e+00 2.000000000000000000e+00
1.799333038330078125e+02 1.879552917480468750e+02 6.810081481933593750e+01 -5.068432688713073730e-01 -8.466213941574096680e-01 1.623022854328155518e-01 0.000000000000000000e+00 2.000000000000000000e+00
1.802304534912109375e+02 1.884516448974609375e+02 6.800566101074218750e+01 -5.099835395812988281e-01 -8.437787294387817383e-01 1.671952158212661743e-01 0.000000000000000000e+00 2.000000000000000000e+00
1.805311431884765625e+02 1.889491424560546875e+02 6.790708160400390625e+01 -5.160865783691406250e-01 -8.383975028991699219e-01 1.753403991460800171e-01 0.000000000000000000e+00 2.000000000000000000e+00
1.808386993408203125e+02 1.894487762451171875e+02 6.780258941650390625e+01 -5.257539153099060059e-01 -8.298704028129577637e-01 1.868101060390472412e-01 0.000000000000000000e+00 2.000000000000000000e+00
1.811577301025390625e+02 1.899523468017578125e+02 6.768923187255859375e+01 -5.395892262458801270e-01 -8.176906108856201172e-01 2.005628496408462524e-01 0.000000000000000000e+00 2.000000000000000000e+00
1.814942321777343750e+02 1.904622802734375000e+02 6.756415557861328125e+01 -5.574009418487548828e-01 -8.024307489395141602e-01 2.130940258502960205e-01 0.000000000000000000e+00 2.000000000000000000e+00
1.818545684814453125e+02 1.909810180664062500e+02 6.742639923095703125e+01 -5.784039497375488281e-01 -7.854734659194946289e-01 2.201825976371765137e-01 0.000000000000000000e+00 2.000000000000000000e+00
1.822442626953125000e+02 1.915102233886718750e+02 6.727805328369140625e+01 -6.017757058143615723e-01 -7.683413028717041016e-01 2.179855108261108398e-01 0.000000000000000000e+00 2.000000000000000000e+00
1.826665954589843750e+02 1.920494537353515625e+02 6.712506866455078125e+01 -6.266036629676818848e-01 -7.518109679222106934e-01 2.053000330924987793e-01 0.000000000000000000e+00 2.000000000000000000e+00
1.831217193603515625e+02 1.925955200195312500e+02 6.697595214843750000e+01 -6.517624258995056152e-01 -7.357000112533569336e-01 1.842584013938903809e-01 0.000000000000000000e+00 2.000000000000000000e+00
1.836064300537109375e+02 1.931426544189453125e+02 6.683892059326171875e+01 -6.759262084960937500e-01 -7.192727327346801758e-01 1.605322211980819702e-01 0.000000000000000000e+00 2.000000000000000000e+00
1.841151428222656250e+02 1.936839904785156250e+02 6.671810150146484375e+01 -6.972123384475708008e-01 -7.027536034584045410e-01 1.415356099605560303e-01 0.000000000000000000e+00 2.000000000000000000e+00
1.846411895751953125e+02 1.942142181396484375e+02 6.661131286621093750e+01 -7.136890888214111328e-01 -6.875495910644531250e-01 1.338787674903869629e-01 0.000000000000000000e+00 2.000000000000000000e+00
1.851786193847656250e+02 1.947319641113281250e+02 6.651049804687500000e+01 -7.238357663154602051e-01 -6.756043434143066406e-01 1.400737017393112183e-01 0.000000000000000000e+00 2.000000000000000000e+00
1.857236328125000000e+02 1.952406616210937500e+02 6.640502929687500000e+01 -7.268987894058227539e-01 -6.684651970863342285e-01 1.573924571275711060e-01 0.000000000000000000e+00 2.000000000000000000e+00
1.862748565673828125e+02 1.957475738525390625e+02 6.628567504882812500e+01 -7.240470647811889648e-01 -6.659705638885498047e-01 1.795524358749389648e-01 0.000000000000000000e+00 2.000000000000000000e+00
1.868331909179687500e+02 1.962611236572265625e+02 6.614721679687500000e+01 -7.182682752609252930e-01 -6.663024425506591797e-01 2.003292590379714966e-01 0.000000000000000000e+00 2.000000000000000000e+00
1.874005279541015625e+02 1.967874145507812500e+02 6.598898315429687500e+01 -7.129911184310913086e-01 -6.666472554206848145e-01 2.173133343458175659e-01 0.000000000000000000e+00 2.000000000000000000e+00
1.879782562255859375e+02 1.973275909423828125e+02 6.581289672851562500e+01 -7.105306982994079590e-01 -6.643504500389099121e-01 2.319152206182479858e-01 0.000000000000000000e+00 2.000000000000000000e+00
1.885663604736328125e+02 1.978774719238281250e+02 6.562094116210937500e+01 -7.114732861518859863e-01 -6.578420400619506836e-01 2.470820397138595581e-01 0.000000000000000000e+00 2.000000000000000000e+00
1.891629028320312500e+02 1.984290466308593750e+02 6.541377258300781250e+01 -7.145953178405761719e-01 -6.474426388740539551e-01 2.648991942405700684e-01 0.000000000000000000e+00 2.000000000000000000e+00
1.897636871337890625e+02 1.989733734130859375e+02 6.519106292724609375e+01 -7.179844379425048828e-01 -6.348251700401306152e-01 2.854739427566528320e-01 0.000000000000000000e+00 2.000000000000000000e+00
1.903631134033203125e+02 1.995033721923828125e+02 6.495272827148437500e+01 -7.197837233543395996e-01 -6.223245859146118164e-01 3.076094090938568115e-01 0.000000000000000000e+00 2.000000000000000000e+00
1.909550933837890625e+02 2.000151977539062500e+02 6.469973754882812500e+01 -7.187039256095886230e-01 -6.122930645942687988e-01 3.294872343540191650e-01 0.000000000000000000e+00 2.000000000000000000e+00
1.915341796875000000e+02 2.005085449218750000e+02 6.443425750732421875e+01 -7.146196365356445312e-01 -6.055878400802612305e-01 3.501172959804534912e-01 0.000000000000000000e+00 2.000000000000000000e+00
1.920966339111328125e+02 2.009851837158203125e+02 6.415869140625000000e+01 -7.082616686820983887e-01 -6.020660996437072754e-01 3.686215281486511230e-01 0.000000000000000000e+00 2.000000000000000000e+00
1.926408843994140625e+02 2.014478302001953125e+02 6.387543106079101562e+01 -7.011036872863769531e-01 -6.003890633583068848e-01 3.846902251243591309e-01 0.000000000000000000e+00 2.000000000000000000e+00
1.931677398681640625e+02 2.018990020751953125e+02 6.358634948730468750e+01 -6.942104101181030273e-01 -5.996677279472351074e-01 3.980836868286132812e-01 0.000000000000000000e+00 2.000000000000000000e+00
1.936792144775390625e+02 2.023408203125000000e+02 6.329305267333984375e+01 -6.885899305343627930e-01 -5.992518067359924316e-01 4.083395600318908691e-01 0.000000000000000000e+00 2.000000000000000000e+00
1.941781158447265625e+02 2.027749938964843750e+02 6.299720001220703125e+01 -6.844844818115234375e-01 -5.993005037307739258e-01 4.151144027709960938e-01 0.000000000000000000e+00 2.000000000000000000e+00
1.946669616699218750e+02 2.032030029296875000e+02 6.270073318481445312e+01 -6.818406581878662109e-01 -5.999323129653930664e-01 4.185384511947631836e-01 0.000000000000000000e+00 2.000000000000000000e+00
1.951477355957031250e+02 2.036260223388671875e+02 6.240561676025390625e+01 -6.798009276390075684e-01 -6.017439961433410645e-01 4.192551374435424805e-01 0.000000000000000000e+00 2.000000000000000000e+00
1.956213531494140625e+02 2.040452575683593750e+02 6.211352157592773438e+01 -6.775120496749877930e-01 -6.049191355705261230e-01 4.183900058269500732e-01 0.000000000000000000e+00 2.000000000000000000e+00
1.960878906250000000e+02 2.044618072509765625e+02 6.182541656494140625e+01 -6.738842725753784180e-01 -6.097314953804016113e-01 4.172620177268981934e-01 0.000000000000000000e+00 2.000000000000000000e+00
1.965464630126953125e+02 2.048767242431640625e+02 6.154147338867187500e+01 -6.682233810424804688e-01 -6.161162853240966797e-01 4.169871509075164795e-01 0.000000000000000000e+00 2.000000000000000000e+00
1.969957427978515625e+02 2.052909698486328125e+02 6.126111221313476562e+01 -6.600478291511535645e-01 -6.238049268722534180e-01 4.185741841793060303e-01 0.000000000000000000e+00 2.000000000000000000e+00
1.974339752197265625e+02 2.057051391601562500e+02 6.098320388793945312e+01 -6.494787335395812988e-01 -6.323596239089965820e-01 4.222543537616729736e-01 0.000000000000000000e+00 2.000000000000000000e+00
1.978594665527343750e+02 2.061194152832031250e+02 6.070657348632812500e+01 -6.371276378631591797e-01 -6.413843035697937012e-01 4.274279475212097168e-01 0.000000000000000000e+00 2.000000000000000000e+00
1.982705688476562500e+02 2.065332641601562500e+02 6.043077850341796875e+01 -6.233755946159362793e-01 -6.512717604637145996e-01 4.327217042446136475e-01 0.000000000000000000e+00 2.000000000000000000e+00
1.986654205322265625e+02 2.069457855224609375e+02 6.015668869018554688e+01 -6.084572076797485352e-01 -6.624622941017150879e-01 4.369479417800903320e-01 0.000000000000000000e+00 2.000000000000000000e+00
1.990419158935546875e+02 2.073556976318359375e+02 5.988631820678710938e+01 -5.921612977981567383e-01 -6.756608486175537109e-01 4.391211569309234619e-01 0.000000000000000000e+00 2.000000000000000000e+00
1.993979339599609375e+02 2.077619171142578125e+02 5.962231063842773438e+01 -5.747808218002319336e-01 -6.906867027282714844e-01 4.388380646705627441e-01 0.000000000000000000e+00 2.000000000000000000e+00
1.997322387695312500e+02 2.081636352539062500e+02 5.936707305908203125e+01 -5.567561388015747070e-01 -7.067720890045166016e-01 4.364582598209381104e-01 0.000000000000000000e+00 2.000000000000000000e+00
2.000451202392578125e+02 2.085608215332031250e+02 5.912179565429687500e+01 -5.395110845565795898e-01 -7.222889065742492676e-01 4.326969385147094727e-01 0.000000000000000000e+00 2.000000000000000000e+00
2.003390502929687500e+02 2.089543304443359375e+02 5.888605880737304688e+01 -5.243260264396667480e-01 -7.361589670181274414e-01 4.279627799987792969e-01 0.000000000000000000e+00 2.000000000000000000e+00
2.006183471679687500e+02 2.093464660644531250e+02 5.865809249877929688e+01 -5.124096274375915527e-01 -7.478121519088745117e-01 4.221532046794891357e-01 0.000000000000000000e+00 2.000000000000000000e+00
2.008887786865234375e+02 2.097411346435546875e+02 5.843529510498046875e+01 -5.037593841552734375e-01 -7.575182318687438965e-01 4.152019917964935303e-01 0.000000000000000000e+00 2.000000000000000000e+00
2.011567077636718750e+02 2.101440277099609375e+02 5.821446609497070312e+01 -4.980577826499938965e-01 -7.659417390823364258e-01 4.065361320972442627e-01 0.000000000000000000e+00 2.000000000000000000e+00
2.014285736083984375e+02 2.105621185302734375e+02 5.799255752563476562e+01 -4.943352043628692627e-01 -7.741728425025939941e-01 3.953342735767364502e-01 0.000000000000000000e+00 2.000000000000000000e+00
2.017102508544921875e+02 2.110032501220703125e+02 5.776729202270507812e+01 -4.920869767665863037e-01 -7.827458977699279785e-01 3.809977173805236816e-01 0.000000000000000000e+00 2.000000000000000000e+00
2.020067901611328125e+02 2.114749450683593750e+02 5.753769683837890625e+01 -4.907443821430206299e-01 -7.919013500213623047e-01 3.634036183357238770e-01 0.000000000000000000e+00 2.000000000000000000e+00
2.023217010498046875e+02 2.119831085205078125e+02 5.730450057983398438e+01 -4.896720349788665771e-01 -8.015657663345336914e-01 3.430942595005035400e-01 0.000000000000000000e+00 2.000000000000000000e+00
2.026562500000000000e+02 2.125307464599609375e+02 5.707009506225585938e+01 -4.886810183525085449e-01 -8.112117648124694824e-01 3.211327791213989258e-01 0.000000000000000000e+00 2.000000000000000000e+00
2.030096282958984375e+02 2.131173553466796875e+02 5.683787536621093750e+01 -4.875779449939727783e-01 -8.202592134475708008e-01 2.990696430206298828e-01 0.000000000000000000e+00 2.000000000000000000e+00
2.033788909912109375e+02 2.137385711669921875e+02 5.661137771606445312e+01 -4.867279827594757080e-01 -8.281933665275573730e-01 2.778339087963104248e-01 0.000000000000000000e+00 2.000000000000000000e+00
2.037601470947265625e+02 2.143872985839843750e+02 5.639374923706054688e+01 -4.870764911174774170e-01 -8.344486951828002930e-01 2.577823996543884277e-01 0.000000000000000000e+00 2.000000000000000000e+00
2.041497802734375000e+02 2.150548095703125000e+02 5.618753814697265625e+01 -4.894134104251861572e-01 -8.388406634330749512e-01 2.383711636066436768e-01 0.000000000000000000e+00 2.000000000000000000e+00
2.045452423095703125e+02 2.157326202392578125e+02 5.599492645263671875e+01 -4.945290386676788330e-01 -8.411591053009033203e-01 2.188434153795242310e-01 0.000000000000000000e+00 2.000000000000000000e+00
2.049457550048828125e+02 2.164138641357421875e+02 5.581768798828125000e+01 -5.029215216636657715e-01 -8.409404754638671875e-01 1.997221857309341431e-01 0.000000000000000000e+00 2.000000000000000000e+00
2.053521575927734375e+02 2.170934143066406250e+02 5.565629577636718750e+01 -5.147281289100646973e-01 -8.377746939659118652e-01 1.821770817041397095e-01 0.000000000000000000e+00 2.000000000000000000e+00
2.057663726806640625e+02 2.177675933837890625e+02 5.550969314575195312e+01 -5.295640230178833008e-01 -8.315737247467041016e-01 1.674722284078598022e-01 0.000000000000000000e+00 2.000000000000000000e+00
2.061908264160156250e+02 2.184341125488281250e+02 5.537546157836914062e+01 -5.468394756317138672e-01 -8.227881193161010742e-01 1.548751741647720337e-01 0.000000000000000000e+00 2.000000000000000000e+00
2.066280059814453125e+02 2.190919036865234375e+02 5.525164413452148438e+01 -5.648019313812255859e-01 -8.130118250846862793e-01 1.414586305618286133e-01 0.000000000000000000e+00 2.000000000000000000e+00
2.070786895751953125e+02 2.197406463623046875e+02 5.513876724243164062e+01 -5.813317298889160156e-01 -8.044862151145935059e-01 1.218825578689575195e-01 0.000000000000000000e+00 2.000000000000000000e+00
2.075417785644531250e+02 2.203815002441406250e+02 5.504167556762695312e+01 -5.940391421318054199e-01 -7.992429137229919434e-01 9.125924855470657349e-02 0.000000000000000000e+00 2.000000000000000000e+00
2.080140686035156250e+02 2.210169372558593750e+02 5.496912002563476562e+01 -6.002324819564819336e-01 -7.983840703964233398e-01 4.799722135066986084e-02 0.000000000000000000e+00 2.000000000000000000e+00
2.084896392822265625e+02 2.216495056152343750e+02 5.493109130859375000e+01 -5.990746021270751953e-01 -8.006771802902221680e-01 -5.074441432952880859e-03 0.000000000000000000e+00 2.000000000000000000e+00
2.089616088867187500e+02 2.222803039550781250e+02 5.493508911132812500e+01 -5.915183424949645996e-01 -8.039869666099548340e-01 -6.091801449656486511e-02 0.000000000000000000e+00 2.000000000000000000e+00
2.094238433837890625e+02 2.229085693359375000e+02 5.498269271850585938e+01 -5.815145373344421387e-01 -8.059289455413818359e-01 -1.109927073121070862e-01 0.000000000000000000e+00 2.000000000000000000e+00
2.098731689453125000e+02 2.235312957763671875e+02 5.506845474243164062e+01 -5.736368894577026367e-01 -8.054153919219970703e-01 -1.491536051034927368e-01 0.000000000000000000e+00 2.000000000000000000e+00
2.103101043701171875e+02 2.241447753906250000e+02 5.518206405639648438e+01 -5.716663599014282227e-01 -8.019618988037109375e-01 -1.733630448579788208e-01 0.000000000000000000e+00 2.000000000000000000e+00
2.107384948730468750e+02 2.247457427978515625e+02 5.531197738647460938e+01 -5.760045051574707031e-01 -7.959157824516296387e-01 -1.863781362771987915e-01 0.000000000000000000e+00 2.000000000000000000e+00
2.111631011962890625e+02 2.253324584960937500e+02 5.544936752319335938e+01 -5.837739109992980957e-01 -7.883818149566650391e-01 -1.940673291683197021e-01 0.000000000000000000e+00 2.000000000000000000e+00
2.115867004394531250e+02 2.259045257568359375e+02 5.559018707275390625e+01 -5.908719301223754883e-01 -7.808920741081237793e-01 -2.026770859956741333e-01 0.000000000000000000e+00 2.000000000000000000e+00
2.120082244873046875e+02 2.264616088867187500e+02 5.573477554321289062e+01 -5.934437513351440430e-01 -7.753644585609436035e-01 -2.159502059221267700e-01 0.000000000000000000e+00 2.000000000000000000e+00
2.124226074218750000e+02 2.270030212402343750e+02 5.588556671142578125e+01 -5.901176929473876953e-01 -7.726221084594726562e-01 -2.341284155845642090e-01 0.000000000000000000e+00 2.000000000000000000e+00
2.128226928710937500e+02 2.275268402099609375e+02 5.604430007934570312e+01 -5.814272761344909668e-01 -7.727665305137634277e-01 -2.545073926448822021e-01 0.000000000000000000e+00 2.000000000000000000e+00
2.132022552490234375e+02 2.280313110351562500e+02 5.621044540405273438e+01 -5.693756341934204102e-01 -7.752478122711181641e-01 -2.734999060630798340e-01 0.000000000000000000e+00 2.000000000000000000e+00
2.135583038330078125e+02 2.285160980224609375e+02 5.638147354125976562e+01 -5.566545128822326660e-01 -7.792144417762756348e-01 -2.880292236804962158e-01 0.000000000000000000e+00 2.000000000000000000e+00
2.138918609619140625e+02 2.289830169677734375e+02 5.655406570434570312e+01 -5.452905297279357910e-01 -7.835927009582519531e-01 -2.977258861064910889e-01 0.000000000000000000e+00 2.000000000000000000e+00
2.142069396972656250e+02 2.294357910156250000e+02 5.672609710693359375e+01 -5.356118679046630859e-01 -7.879222035408020020e-01 -3.038068115711212158e-01 0.000000000000000000e+00 2.000000000000000000e+00
2.145091552734375000e+02 2.298803710937500000e+02 5.689751815795898438e+01 -5.261505842208862305e-01 -7.923195958137512207e-01 -3.088610172271728516e-01 0.000000000000000000e+00 2.000000000000000000e+00
2.148036956787109375e+02 2.303239135742187500e+02 5.707041931152343750e+01 -5.148057937622070312e-01 -7.970078587532043457e-01 -3.158378005027770996e-01 0.000000000000000000e+00 2.000000000000000000e+00
2.150941619873046875e+02 2.307736053466796875e+02 5.724862289428710938e+01 -4.988753497600555420e-01 -8.024476766586303711e-01 -3.274159133434295654e-01 0.000000000000000000e+00 2.000000000000000000e+00
2.153816528320312500e+02 2.312360382080078125e+02 5.743730545043945312e+01 -4.772363603115081787e-01 -8.085615038871765137e-01 -3.442000448703765869e-01 0.000000000000000000e+00 2.000000000000000000e+00
2.156657257080078125e+02 2.317173309326171875e+02 5.764218902587890625e+01 -4.499675631523132324e-01 -8.148919939994812012e-01 -3.653492927551269531e-01 0.000000000000000000e+00 2.000000000000000000e+00
2.159445037841796875e+02 2.322221984863281250e+02 5.786854171752929688e+01 -4.197960197925567627e-01 -8.199575543403625488e-01 -3.891539573669433594e-01 0.000000000000000000e+00 2.000000000000000000e+00
2.162162628173828125e+02 2.327530059814453125e+02 5.812046432495117188e+01 -3.908053338527679443e-01 -8.229377865791320801e-01 -4.123646318912506104e-01 0.000000000000000000e+00 2.000000000000000000e+00
2.164808959960937500e+02 2.333102569580078125e+02 5.839969635009765625e+01 -3.682145178318023682e-01 -8.235632777214050293e-01 -4.314645826816558838e-01 0.000000000000000000e+00 2.000000000000000000e+00
2.167410125732421875e+02 2.338920440673828125e+02 5.870449447631835938e+01 -3.550106883049011230e-01 -8.226680159568786621e-01 -4.440548419952392578e-01 0.000000000000000000e+00 2.000000000000000000e+00
2.170012207031250000e+02 2.344950256347656250e+02 5.902996826171875000e+01 -3.509522974491119385e-01 -8.218582868576049805e-01 -4.487555325031280518e-01 0.000000000000000000e+00 2.000000000000000000e+00
2.172663116455078125e+02 2.351158142089843750e+02 5.936893463134765625e+01 -3.530399799346923828e-01 -8.227863907814025879e-01 -4.454046189785003662e-01 0.000000000000000000e+00 2.000000000000000000e+00
2.175392913818359375e+02 2.357520141601562500e+02 5.971333312988281250e+01 -3.559708297252655029e-01 -8.270146846771240234e-01 -4.351222813129425049e-01 0.000000000000000000e+00 2.000000000000000000e+00
2.178196716308593750e+02 2.364034118652343750e+02 6.005605697631835938e+01 -3.548901975154876709e-01 -8.351726531982421875e-01 -4.201660752296447754e-01 0.000000000000000000e+00 2.000000000000000000e+00
2.181035766601562500e+02 2.370715332031250000e+02 6.039218139648437500e+01 -3.475841581821441650e-01 -8.464528918266296387e-01 -4.033643603324890137e-01 0.000000000000000000e+00 2.000000000000000000e+00
2.183857574462890625e+02 2.377587127685546875e+02 6.071964645385742188e+01 -3.349533677101135254e-01 -8.587023019790649414e-01 -3.878616988658905029e-01 0.000000000000000000e+00 2.000000000000000000e+00
2.186616973876953125e+02 2.384661254882812500e+02 6.103917312622070312e+01 -3.206132650375366211e-01 -8.692445755004882812e-01 -3.763256371021270752e-01 0.000000000000000000e+00 2.000000000000000000e+00
2.189295654296875000e+02 2.391923675537109375e+02 6.135358810424804688e+01 -3.088209033012390137e-01 -8.762012720108032227e-01 -3.700014650821685791e-01 0.000000000000000000e+00 2.000000000000000000e+00
2.191907653808593750e+02 2.399334564208984375e+02 6.166653442382812500e+01 -3.023757934570312500e-01 -8.789573907852172852e-01 -3.687854409217834473e-01 0.000000000000000000e+00 2.000000000000000000e+00
2.194487304687500000e+02 2.406833190917968750e+02 6.198115539550781250e+01 -3.015652596950531006e-01 -8.782185912132263184e-01 -3.712014257907867432e-01 0.000000000000000000e+00 2.000000000000000000e+00
2.197069854736328125e+02 2.414354095458984375e+02 6.229904556274414062e+01 -3.057356178760528564e-01 -8.751637339591979980e-01 -3.749854564666748047e-01 0.000000000000000000e+00 2.000000000000000000e+00
2.199685211181640625e+02 2.421840515136718750e+02 6.261981964111328125e+01 -3.125535249710083008e-01 -8.716313838958740234e-01 -3.775829076766967773e-01 0.000000000000000000e+00 2.000000000000000000e+00
2.202344665527343750e+02 2.429257049560546875e+02 6.294109725952148438e+01 -3.197128176689147949e-01 -8.689788579940795898e-01 -3.777029812335968018e-01 0.000000000000000000e+00 2.000000000000000000e+00
2.205039825439453125e+02 2.436582489013671875e+02 6.325949859619140625e+01 -3.255585134029388428e-01 -8.679237961769104004e-01 -3.751265406608581543e-01 0.000000000000000000e+00 2.000000000000000000e+00
2.207749481201171875e+02 2.443806304931640625e+02 6.357172012329101562e+01 -3.284256160259246826e-01 -8.684494495391845703e-01 -3.713922202587127686e-01 0.000000000000000000e+00 2.000000000000000000e+00
2.210437316894531250e+02 2.450913696289062500e+02 6.387566757202148438e+01 -3.277701437473297119e-01 -8.702586889266967773e-01 -3.677180707454681396e-01 0.000000000000000000e+00 2.000000000000000000e+00
2.213064270019531250e+02 2.457888488769531250e+02 6.417037963867187500e+01 -3.242487907409667969e-01 -8.724366426467895508e-01 -3.656734228134155273e-01 0.000000000000000000e+00 2.000000000000000000e+00
2.215597534179687500e+02 2.464704589843750000e+02 6.445606994628906250e+01 -3.192906379699707031e-01 -8.742094039916992188e-01 -3.658022880554199219e-01 0.000000000000000000e+00 2.000000000000000000e+00
2.218017730712890625e+02 2.471331024169921875e+02 6.473334503173828125e+01 -3.158183991909027100e-01 -8.745980858802795410e-01 -3.678815364837646484e-01 0.000000000000000000e+00 2.000000000000000000e+00
2.220329437255859375e+02 2.477732849121093750e+02 6.500262451171875000e+01 -3.161119222640991211e-01 -8.728531599044799805e-01 -3.717535138130187988e-01 0.000000000000000000e+00 2.000000000000000000e+00
2.222553863525390625e+02 2.483874969482421875e+02 6.526422119140625000e+01 -3.206502497196197510e-01 -8.686372637748718262e-01 -3.776939809322357178e-01 0.000000000000000000e+00 2.000000000000000000e+00
2.224713592529296875e+02 2.489725646972656250e+02 6.551861572265625000e+01 -3.285295963287353516e-01 -8.618435859680175781e-01 -3.863858580589294434e-01 0.000000000000000000e+00 2.000000000000000000e+00
2.226822967529296875e+02 2.495259246826171875e+02 6.576670074462890625e+01 -3.369044959545135498e-01 -8.529683351516723633e-01 -3.986732363700866699e-01 0.000000000000000000e+00 2.000000000000000000e+00
2.228880310058593750e+02 2.500467987060546875e+02 6.601015472412109375e+01 -3.424759507179260254e-01 -8.431025743484497070e-01 -4.145941138267517090e-01 0.000000000000000000e+00 2.000000000000000000e+00
2.230870819091796875e+02 2.505368194580078125e+02 6.625112152099609375e+01 -3.435710072517395020e-01 -8.333798050880432129e-01 -4.329400658607482910e-01 0.000000000000000000e+00 2.000000000000000000e+00
2.232782287597656250e+02 2.510004730224609375e+02 6.649198913574218750e+01 -3.402706682682037354e-01 -8.251074552536010742e-01 -4.510139226913452148e-01 0.000000000000000000e+00 2.000000000000000000e+00
2.234612884521484375e+02 2.514443664550781250e+02 6.673462677001953125e+01 -3.348099589347839355e-01 -8.189864754676818848e-01 -4.660079479217529297e-01 0.000000000000000000e+00 2.000000000000000000e+00
2.236380157470703125e+02 2.518766632080078125e+02 6.698060607910156250e+01 -3.298484385013580322e-01 -8.153797984123229980e-01 -4.757685959339141846e-01 0.000000000000000000e+00 2.000000000000000000e+00
2.238117523193359375e+02 2.523061370849609375e+02 6.723120117187500000e+01 -3.270342350006103516e-01 -8.140553832054138184e-01 -4.799608290195465088e-01 0.000000000000000000e+00 2.000000000000000000e+00
2.239863281250000000e+02 2.527406921386718750e+02 6.748741149902343750e+01 -3.262623846530914307e-01 -8.145679831504821777e-01 -4.796162843704223633e-01 0.000000000000000000e+00 2.000000000000000000e+00
2.241647949218750000e+02 2.531862640380859375e+02 6.774976348876953125e+01 -3.260709941387176514e-01 -8.167892694473266602e-01 -4.759547710418701172e-01 0.000000000000000000e+00 2.000000000000000000e+00
2.243484649658203125e+02 2.536463470458984375e+02 6.801786041259765625e+01 -3.251746892929077148e-01 -8.201112747192382812e-01 -4.708280563354492188e-01 0.000000000000000000e+00 2.000000000000000000e+00
2.245365753173828125e+02 2.541207733154296875e+02 6.829022979736328125e+01 -3.222869038581848145e-01 -8.244332075119018555e-01 -4.652321636676788330e-01 0.000000000000000000e+00 2.000000000000000000e+00
2.247265472412109375e+02 2.546067352294921875e+02 6.856446075439453125e+01 -3.185939490795135498e-01 -8.290065526962280273e-01 -4.596151709556579590e-01 0.000000000000000000e+00 2.000000000000000000e+00
2.249159393310546875e+02 2.550995483398437500e+02 6.883768463134765625e+01 -3.144735991954803467e-01 -8.331238031387329102e-01 -4.549846947193145752e-01 0.000000000000000000e+00 2.000000000000000000e+00
2.251027069091796875e+02 2.555943450927734375e+02 6.910790252685546875e+01 -3.115488588809967041e-01 -8.358356356620788574e-01 -4.520132541656494141e-01 0.000000000000000000e+00 2.000000000000000000e+00
2.252866821289062500e+02 2.560879211425781250e+02 6.937482452392578125e+01 -3.112654387950897217e-01 -8.361617326736450195e-01 -4.516053497791290283e-01 0.000000000000000000e+00 2.000000000000000000e+00
2.254692993164062500e+02 2.565784912109375000e+02 6.963977813720703125e+01 -3.136421442031860352e-01 -8.338195681571960449e-01 -4.542835652828216553e-01 0.000000000000000000e+00 2.000000000000000000e+00
2.256525421142578125e+02 2.570656433105468750e+02 6.990518951416015625e+01 3.181173205375671387e-01 8.290852308273315430e-01 4.598032236099243164e-01 0.000000000000000000e+00 2.000000000000000000e+00
2.258383483886718750e+02 2.575498962402343750e+02 7.017375183105468750e+01 3.237707316875457764e-01 8.227849006652832031e-01 4.671162068843841553e-01 0.000000000000000000e+00 2.000000000000000000e+00
2.260280761718750000e+02 2.580320434570312500e+02 7.044747924804687500e+01 3.295936584472656250e-01 8.164346218109130859e-01 4.741334319114685059e-01 0.000000000000000000e+00 2.000000000000000000e+00
2.262225952148437500e+02 2.585138854980468750e+02 7.072730255126953125e+01 3.345762789249420166e-01 8.117529749870300293e-01 4.786605238914489746e-01 0.000000000000000000e+00 2.000000000000000000e+00
2.264221496582031250e+02 2.589980468750000000e+02 7.101279449462890625e+01 3.382808268070220947e-01 8.099148869514465332e-01 4.791701734066009521e-01 0.000000000000000000e+00 2.000000000000000000e+00
2.266266021728515625e+02 2.594875488281250000e+02 7.130239868164062500e+01 3.400523960590362549e-01 8.117427825927734375e-01 4.748032689094543457e-01 0.000000000000000000e+00 2.000000000000000000e+00
2.268349609375000000e+02 2.599849243164062500e+02 7.159332275390625000e+01 3.393872678279876709e-01 8.170105814933776855e-01 4.661651849746704102e-01 0.000000000000000000e+00 2.000000000000000000e+00
2.270453491210937500e+02 2.604913940429687500e+02 7.188230133056640625e+01 3.361243605613708496e-01 8.249524831771850586e-01 4.543939530849456787e-01 0.000000000000000000e+00 2.000000000000000000e+00
2.272550659179687500e+02 2.610061035156250000e+02 7.216580963134765625e+01 3.310007750988006592e-01 8.340789079666137695e-01 4.413058459758758545e-01 0.000000000000000000e+00 2.000000000000000000e+00
2.274616394042968750e+02 2.615266418457031250e+02 7.244122314453125000e+01 3.249351084232330322e-01 8.433097004890441895e-01 4.280725419521331787e-01 0.000000000000000000e+00 2.000000000000000000e+00
2.276636657714843750e+02 2.620509643554687500e+02 7.270737457275390625e+01 3.190775513648986816e-01 8.515145182609558105e-01 4.160680472850799561e-01 0.000000000000000000e+00 2.000000000000000000e+00
2.278611450195312500e+02 2.625779724121093750e+02 7.296488189697265625e+01 3.146975636482238770e-01 8.581001758575439453e-01 4.057455658912658691e-01 0.000000000000000000e+00 2.000000000000000000e+00
2.280558624267578125e+02 2.631089172363281250e+02 7.321593475341796875e+01 3.120471835136413574e-01 8.632342219352722168e-01 3.968037664890289307e-01 0.000000000000000000e+00 2.000000000000000000e+00
2.282503509521484375e+02 2.636469421386718750e+02 7.346324920654296875e+01 3.103637099266052246e-01 8.678349852561950684e-01 3.879907131195068359e-01 0.000000000000000000e+00 2.000000000000000000e+00
2.284472503662109375e+02 2.641975097656250000e+02 7.370939636230468750e+01 3.084563314914703369e-01 8.728404045104980469e-01 3.781591057777404785e-01 0.000000000000000000e+00 2.000000000000000000e+00
2.286484069824218750e+02 2.647667236328125000e+02 7.395600891113281250e+01 3.056159615516662598e-01 8.787420392036437988e-01 3.666214942932128906e-01 0.000000000000000000e+00 2.000000000000000000e+00
2.288544921875000000e+02 2.653592834472656250e+02 7.420323181152343750e+01 3.014688789844512939e-01 8.854703903198242188e-01 3.536364734172821045e-01 0.000000000000000000e+00 2.000000000000000000e+00
2.290646209716796875e+02 2.659764709472656250e+02 7.444972229003906250e+01 2.970841825008392334e-01 8.921486735343933105e-01 3.403111696243286133e-01 0.000000000000000000e+00 2.000000000000000000e+00
2.292770843505859375e+02 2.666145019531250000e+02 7.469309997558593750e+01 2.934878170490264893e-01 8.979108929634094238e-01 3.280560970306396484e-01 0.000000000000000000e+00 2.000000000000000000e+00
2.294896087646484375e+02 2.672647094726562500e+02 7.493065643310546875e+01 2.911417782306671143e-01 9.024845957756042480e-01 3.174239397048950195e-01 0.000000000000000000e+00 2.000000000000000000e+00
2.296999664306640625e+02 2.679167785644531250e+02 7.516000366210937500e+01 2.895037829875946045e-01 9.062262177467346191e-01 3.081258833408355713e-01 0.000000000000000000e+00 2.000000000000000000e+00
2.299064636230468750e+02 2.685631713867187500e+02 7.537978363037109375e+01 2.870630025863647461e-01 9.100525975227355957e-01 2.989968359470367432e-01 0.000000000000000000e+00 2.000000000000000000e+00
2.301083374023437500e+02 2.692031555175781250e+02 7.559004974365234375e+01 2.817797064781188965e-01 9.149824976921081543e-01 2.888029515743255615e-01 0.000000000000000000e+00 2.000000000000000000e+00
2.303054656982421875e+02 2.698432617187500000e+02 7.579209136962890625e+01 2.724430263042449951e-01 9.214610457420349121e-01 2.769193947315216064e-01 0.000000000000000000e+00 2.000000000000000000e+00
2.304981689453125000e+02 2.704950256347656250e+02 7.598796081542968750e+01 2.600669264793395996e-01 9.286332726478576660e-01 2.645852565765380859e-01 0.000000000000000000e+00 2.000000000000000000e+00
2.306869964599609375e+02 2.711692810058593750e+02 7.618006896972656250e+01 2.466858327388763428e-01 9.354232549667358398e-01 2.532379925251007080e-01 0.000000000000000000e+00 2.000000000000000000e+00
2.308722686767578125e+02 2.718718261718750000e+02 7.637026214599609375e+01 2.345561832189559937e-01 9.410998225212097168e-01 2.435457557439804077e-01 0.000000000000000000e+00 2.000000000000000000e+00
2.310540161132812500e+02 2.726010437011718750e+02 7.655897521972656250e+01 2.253107130527496338e-01 9.456534981727600098e-01 2.344665527343750000e-01 0.000000000000000000e+00 2.000000000000000000e+00
2.312323760986328125e+02 2.733496398925781250e+02 7.674458312988281250e+01 2.196012884378433228e-01 9.495217800140380859e-01 2.240173965692520142e-01 0.000000000000000000e+00 2.000000000000000000e+00
2.314076538085937500e+02 2.741075134277343750e+02 7.692338562011718750e+01 2.170893102884292603e-01 9.534270763397216797e-01 2.094019204378128052e-01 0.000000000000000000e+00 2.000000000000000000e+00
2.315802307128906250e+02 2.748654479980468750e+02 7.708985137939453125e+01 2.159992307424545288e-01 9.579434990882873535e-01 1.889142394065856934e-01 0.000000000000000000e+00 2.000000000000000000e+00
2.317496795654296875e+02 2.756169433593750000e+02 7.723805236816406250e+01 2.142707705497741699e-01 9.631388783454895020e-01 1.626393795013427734e-01 0.000000000000000000e+00 2.000000000000000000e+00
2.319147338867187500e+02 2.763588562011718750e+02 7.736333465576171875e+01 2.091047763824462891e-01 9.688426852226257324e-01 1.327368617057800293e-01 0.000000000000000000e+00 2.000000000000000000e+00
2.320726013183593750e+02 2.770903015136718750e+02 7.746354675292968750e+01 1.984308362007141113e-01 9.747479557991027832e-01 1.024288684129714966e-01 0.000000000000000000e+00 2.000000000000000000e+00
2.322195892333984375e+02 2.778123474121093750e+02 7.753942108154296875e+01 1.822686940431594849e-01 9.803846478462219238e-01 7.499335706233978271e-02 0.000000000000000000e+00 2.000000000000000000e+00
2.323525238037109375e+02 2.785273742675781250e+02 7.759411621093750000e+01 1.620948910713195801e-01 9.853863120079040527e-01 5.233608931303024292e-02 0.000000000000000000e+00 2.000000000000000000e+00
2.324694671630859375e+02 2.792382812500000000e+02 7.763187408447265625e+01 1.399601399898529053e-01 9.895527958869934082e-01 3.459187597036361694e-02 0.000000000000000000e+00 2.000000000000000000e+00
2.325700378417968750e+02 2.799493408203125000e+02 7.765673065185546875e+01 1.175606772303581238e-01 9.928568005561828613e-01 2.036900445818901062e-02 0.000000000000000000e+00 2.000000000000000000e+00
2.326548461914062500e+02 2.806655883789062500e+02 7.767142486572265625e+01 9.540561586618423462e-02 9.954097270965576172e-01 7.560602854937314987e-03 0.000000000000000000e+00 2.000000000000000000e+00
2.327245483398437500e+02 2.813928222656250000e+02 7.767694854736328125e+01 7.294186949729919434e-02 9.973217248916625977e-01 -5.363373085856437683e-03 0.000000000000000000e+00 2.000000000000000000e+00
2.327790222167968750e+02 2.821376342773437500e+02 7.767294311523437500e+01 5.046670511364936829e-02 9.985510110855102539e-01 -1.868219673633575439e-02 0.000000000000000000e+00 2.000000000000000000e+00
2.328178710937500000e+02 2.829063110351562500e+02 7.765856170654296875e+01 2.983414195477962494e-02 9.990514516830444336e-01 -3.171910718083381653e-02 0.000000000000000000e+00 2.000000000000000000e+00
2.328416595458984375e+02 2.837029113769531250e+02 7.763327026367187500e+01 1.440900005400180817e-02 9.989501237869262695e-01 -4.348562285304069519e-02 0.000000000000000000e+00 2.000000000000000000e+00
2.328535614013671875e+02 2.845280456542968750e+02 7.759735107421875000e+01 7.496024016290903091e-03 9.985134601593017578e-01 -5.398751422762870789e-02 0.000000000000000000e+00 2.000000000000000000e+00
2.328599395751953125e+02 2.853776550292968750e+02 7.755141448974609375e+01 1.115036197006702423e-02 9.978694319725036621e-01 -6.428165733814239502e-02 0.000000000000000000e+00 2.000000000000000000e+00
2.328696136474609375e+02 2.862434082031250000e+02 7.749564361572265625e+01 2.480102144181728363e-02 9.967532157897949219e-01 -7.660216838121414185e-02 0.000000000000000000e+00 2.000000000000000000e+00
2.328912963867187500e+02 2.871148376464843750e+02 7.742867279052734375e+01 4.564472287893295288e-02 9.945892691612243652e-01 -9.332043677568435669e-02 0.000000000000000000e+00 2.000000000000000000e+00
2.329310760498046875e+02 2.879816284179687500e+02 7.734734344482421875e+01 6.841958314180374146e-02 9.909165501594543457e-01 -1.157720237970352173e-01 0.000000000000000000e+00 2.000000000000000000e+00
2.329900970458984375e+02 2.888364257812500000e+02 7.724747467041015625e+01 8.767423778772354126e-02 9.857931733131408691e-01 -1.432657688856124878e-01 0.000000000000000000e+00 2.000000000000000000e+00
2.330647583007812500e+02 2.896759033203125000e+02 7.712547302246093750e+01 9.945099055767059326e-02 9.798676967620849609e-01 -1.731150299310684204e-01 0.000000000000000000e+00 2.000000000000000000e+00
2.331484985351562500e+02 2.905009765625000000e+02 7.697970581054687500e+01 1.031412556767463684e-01 9.740388393402099609e-01 -2.015196084976196289e-01 0.000000000000000000e+00 2.000000000000000000e+00
2.332347412109375000e+02 2.913154296875000000e+02 7.681120300292968750e+01 1.018257439136505127e-01 9.689716100692749023e-01 -2.252231985330581665e-01 0.000000000000000000e+00 2.000000000000000000e+00
2.333197326660156250e+02 2.921242065429687500e+02 7.662321472167968750e+01 1.005845069885253906e-01 9.648675322532653809e-01 -2.427207380533218384e-01 0.000000000000000000e+00 2.000000000000000000e+00
2.334039306640625000e+02 2.929318847656250000e+02 7.642003631591796875e+01 1.034461781382560730e-01 9.615133404731750488e-01 -2.545406222343444824e-01 0.000000000000000000e+00 2.000000000000000000e+00
2.334910888671875000e+02 2.937420043945312500e+02 7.620557403564453125e+01 1.124843135476112366e-01 9.585105180740356445e-01 -2.619254589080810547e-01 0.000000000000000000e+00 2.000000000000000000e+00
2.335868072509765625e+02 2.945576477050781250e+02 7.598268890380859375e+01 1.268617510795593262e-01 9.554297924041748047e-01 -2.665708065032958984e-01 0.000000000000000000e+00 2.000000000000000000e+00
2.336961212158203125e+02 2.953809204101562500e+02 7.575299072265625000e+01 1.433738023042678833e-01 9.521960616111755371e-01 -2.697528302669525146e-01 0.000000000000000000e+00 2.000000000000000000e+00
2.338215026855468750e+02 2.962136230468750000e+02 7.551708984375000000e+01 1.582596749067306519e-01 9.490769505500793457e-01 -2.724094092845916748e-01 0.000000000000000000e+00 2.000000000000000000e+00
2.339620361328125000e+02 2.970563964843750000e+02 7.527519226074218750e+01 1.686567813158035278e-01 9.464988708496093750e-01 -2.751268744468688965e-01 0.000000000000000000e+00 2.000000000000000000e+00
2.341138305664062500e+02 2.979082641601562500e+02 7.502757263183593750e+01 1.740726232528686523e-01 9.444133639335632324e-01 -2.788944542407989502e-01 0.000000000000000000e+00 2.000000000000000000e+00
2.342718353271484375e+02 2.987655029296875000e+02 7.477442169189453125e+01 1.763290613889694214e-01 9.425382018089294434e-01 -2.837777435779571533e-01 0.000000000000000000e+00 2.000000000000000000e+00
2.344320068359375000e+02 2.996216735839843750e+02 7.451664733886718750e+01 1.778562515974044800e-01 9.406627416610717773e-01 -2.889994978904724121e-01 0.000000000000000000e+00 2.000000000000000000e+00
2.345924682617187500e+02 3.004703369140625000e+02 7.425591278076171875e+01 1.809203475713729858e-01 9.390391111373901367e-01 -2.923580408096313477e-01 0.000000000000000000e+00 2.000000000000000000e+00
2.347536773681640625e+02 3.013070678710937500e+02 7.399540710449218750e+01 1.861903965473175049e-01 9.389958381652832031e-01 -2.891710400581359863e-01 0.000000000000000000e+00 2.000000000000000000e+00
2.349172058105468750e+02 3.021317749023437500e+02 7.374143218994140625e+01 1.923651099205017090e-01 9.424710869789123535e-01 -2.733933925628662109e-01 0.000000000000000000e+00 2.000000000000000000e+00
2.350838775634765625e+02 3.029483642578125000e+02 7.350455474853515625e+01 1.969415247440338135e-01 9.507718682289123535e-01 -2.392630726099014282e-01 0.000000000000000000e+00 2.000000000000000000e+00
2.352523040771484375e+02 3.037614746093750000e+02 7.329993438720703125e+01 1.980221420526504517e-01 9.632228612899780273e-01 -1.816288679838180542e-01 0.000000000000000000e+00 2.000000000000000000e+00
2.354192962646484375e+02 3.045737609863281250e+02 7.314676666259765625e+01 1.947109103202819824e-01 9.758942127227783203e-01 -9.858056902885437012e-02 0.000000000000000000e+00 2.000000000000000000e+00
2.355805664062500000e+02 3.053820495605468750e+02 7.306511688232421875e+01 1.871825903654098511e-01 9.822941422462463379e-01 7.799274753779172897e-03 0.000000000000000000e+00 2.000000000000000000e+00
2.357321777343750000e+02 3.061776733398437500e+02 7.307143402099609375e+01 1.758068501949310303e-01 9.758294224739074707e-01 1.298035830259323120e-01 0.000000000000000000e+00 2.000000000000000000e+00
2.358711090087890625e+02 3.069488220214843750e+02 7.317401123046875000e+01 1.612119674682617188e-01 9.535735845565795898e-01 2.543779909610748291e-01 0.000000000000000000e+00 2.000000000000000000e+00
2.359953765869140625e+02 3.076838684082031250e+02 7.337009429931640625e+01 1.440478861331939697e-01 9.190080165863037109e-01 3.669801056385040283e-01 0.000000000000000000e+00 2.000000000000000000e+00
2.361036682128906250e+02 3.083747558593750000e+02 7.364598083496093750e+01 1.255793124437332153e-01 8.800163269042968750e-01 4.580405950546264648e-01 0.000000000000000000e+00 2.000000000000000000e+00
2.361953735351562500e+02 3.090173950195312500e+02 7.398046875000000000e+01 1.063232868909835815e-01 8.445639014244079590e-01 5.247924923896789551e-01 0.000000000000000000e+00 2.000000000000000000e+00
2.362702636718750000e+02 3.096122741699218750e+02 7.435011291503906250e+01 8.670391887426376343e-02 8.172613978385925293e-01 5.697072148323059082e-01 0.000000000000000000e+00 2.000000000000000000e+00
2.363287353515625000e+02 3.101634216308593750e+02 7.473431396484375000e+01 6.677954643964767456e-02 7.991743683815002441e-01 5.973783135414123535e-01 0.000000000000000000e+00 2.000000000000000000e+00
2.363717346191406250e+02 3.106780090332031250e+02 7.511896514892578125e+01 4.753723368048667908e-02 7.895722389221191406e-01 6.118136048316955566e-01 0.000000000000000000e+00 2.000000000000000000e+00
2.364011230468750000e+02 3.111661376953125000e+02 7.549720001220703125e+01 3.103395178914070129e-02 7.870047688484191895e-01 6.161659359931945801e-01 0.000000000000000000e+00 2.000000000000000000e+00
2.364197998046875000e+02 3.116397705078125000e+02 7.586801910400390625e+01 2.010454051196575165e-02 7.907276153564453125e-01 6.118379831314086914e-01 0.000000000000000000e+00 2.000000000000000000e+00
2.364318389892578125e+02 3.121132812500000000e+02 7.623440551757812500e+01 1.851001940667629242e-02 7.998329401016235352e-01 5.999372601509094238e-01 0.000000000000000000e+00 2.000000000000000000e+00
2.364431304931640625e+02 3.126011962890625000e+02 7.660037994384765625e+01 2.756234817206859589e-02 8.123664855957031250e-01 5.824955105781555176e-01 0.000000000000000000e+00 2.000000000000000000e+00
2.364605865478515625e+02 3.131156921386718750e+02 7.696929168701171875e+01 4.614653810858726501e-02 8.265950083732604980e-01 5.609021186828613281e-01 0.000000000000000000e+00 2.000000000000000000e+00
2.364912414550781250e+02 3.136647949218750000e+02 7.734189605712890625e+01 7.059343904256820679e-02 8.407176733016967773e-01 5.368522405624389648e-01 0.000000000000000000e+00 2.000000000000000000e+00
2.365403594970703125e+02 3.142497558593750000e+02 7.771543121337890625e+01 9.777683019638061523e-02 8.536449074745178223e-01 5.115956068038940430e-01 0.000000000000000000e+00 2.000000000000000000e+00
2.366107482910156250e+02 3.148642883300781250e+02 7.808372497558593750e+01 1.252656131982803345e-01 8.649968504905700684e-01 4.858898222446441650e-01 0.000000000000000000e+00 2.000000000000000000e+00
2.367022705078125000e+02 3.154962768554687500e+02 7.843872833251953125e+01 1.525777131319046021e-01 8.746863007545471191e-01 4.600477814674377441e-01 0.000000000000000000e+00 2.000000000000000000e+00
2.368129119873046875e+02 3.161305541992187500e+02 7.877233123779296875e+01 1.796551197767257690e-01 8.827098011970520020e-01 4.342205822467803955e-01 0.000000000000000000e+00 2.000000000000000000e+00
2.369397125244140625e+02 3.167535705566406250e+02 7.907880401611328125e+01 2.073571830987930298e-01 8.888343572616577148e-01 4.086275398731231689e-01 0.000000000000000000e+00 2.000000000000000000e+00
2.370803222656250000e+02 3.173562927246093750e+02 7.935589599609375000e+01 2.359403222799301147e-01 8.928487300872802734e-01 3.836055696010589600e-01 0.000000000000000000e+00 2.000000000000000000e+00
2.372336273193359375e+02 3.179364318847656250e+02 7.960514831542968750e+01 2.651430070400238037e-01 8.945139646530151367e-01 3.599220514297485352e-01 0.000000000000000000e+00 2.000000000000000000e+00
2.373999328613281250e+02 3.184974975585937500e+02 7.983090209960937500e+01 2.940315604209899902e-01 8.941177129745483398e-01 3.377855122089385986e-01 0.000000000000000000e+00 2.000000000000000000e+00
2.375809173583984375e+02 3.190478515625000000e+02 8.003881835937500000e+01 3.206952810287475586e-01 8.923071026802062988e-01 3.177146613597869873e-01 0.000000000000000000e+00 2.000000000000000000e+00
2.377787475585937500e+02 3.195982971191406250e+02 8.023480987548828125e+01 3.440796136856079102e-01 8.899644613265991211e-01 2.992863953113555908e-01 0.000000000000000000e+00 2.000000000000000000e+00
2.379958801269531250e+02 3.201599121093750000e+02 8.042367553710937500e+01 3.632755279541015625e-01 8.877844214439392090e-01 2.826122939586639404e-01 0.000000000000000000e+00 2.000000000000000000e+00
2.382339935302734375e+02 3.207418212890625000e+02 8.060891723632812500e+01 3.781108856201171875e-01 8.861522078514099121e-01 2.678925096988677979e-01 0.000000000000000000e+00 2.000000000000000000e+00
2.384933166503906250e+02 3.213495788574218750e+02 8.079264831542968750e+01 3.885061144828796387e-01 8.852037787437438965e-01 2.558852136135101318e-01 0.000000000000000000e+00 2.000000000000000000e+00
2.387717742919921875e+02 3.219840393066406250e+02 8.097605133056640625e+01 3.949318230152130127e-01 8.846685886383056641e-01 2.477708011865615845e-01 0.000000000000000000e+00 2.000000000000000000e+00
2.390655670166015625e+02 3.226421508789062500e+02 8.116036987304687500e+01 3.983886837959289551e-01 8.842134475708007812e-01 2.438298314809799194e-01 0.000000000000000000e+00 2.000000000000000000e+00
2.393703613281250000e+02 3.233186340332031250e+02 8.134691619873046875e+01 4.005601704120635986e-01 8.836765885353088379e-01 2.422132641077041626e-01 0.000000000000000000e+00 2.000000000000000000e+00
2.396829376220703125e+02 3.240082092285156250e+02 8.153592681884765625e+01 4.052624702453613281e-01 8.823821544647216797e-01 2.390901893377304077e-01 0.000000000000000000e+00 2.000000000000000000e+00
2.400035858154296875e+02 3.247063598632812500e+02 8.172509765625000000e+01 4.156945049762725830e-01 8.801079988479614258e-01 2.293644845485687256e-01 0.000000000000000000e+00 2.000000000000000000e+00
2.403361053466796875e+02 3.254103698730468750e+02 8.190856933593750000e+01 4.348946511745452881e-01 8.756470680236816406e-01 2.100211381912231445e-01 0.000000000000000000e+00 2.000000000000000000e+00
2.406872863769531250e+02 3.261174621582031250e+02 8.207816314697265625e+01 4.630081653594970703e-01 8.676276803016662598e-01 1.812332868576049805e-01 0.000000000000000000e+00 2.000000000000000000e+00
2.410645599365234375e+02 3.268244323730468750e+02 8.222583770751953125e+01 4.974309504032135010e-01 8.547708392143249512e-01 1.480853855609893799e-01 0.000000000000000000e+00 2.000000000000000000e+00
2.414732971191406250e+02 3.275267944335937500e+02 8.234751892089843750e+01 5.347974896430969238e-01 8.366249203681945801e-01 1.185341700911521912e-01 0.000000000000000000e+00 2.000000000000000000e+00
2.419153442382812500e+02 3.282183227539062500e+02 8.244549560546875000e+01 5.719073414802551270e-01 8.141559958457946777e-01 1.003593578934669495e-01 0.000000000000000000e+00 2.000000000000000000e+00
2.423887634277343750e+02 3.288922729492187500e+02 8.252857208251953125e+01 6.070243120193481445e-01 7.886460423469543457e-01 9.776994585990905762e-02 0.000000000000000000e+00 2.000000000000000000e+00
2.428885498046875000e+02 3.295415954589843750e+02 8.260906982421875000e+01 6.397926211357116699e-01 7.606579661369323730e-01 1.098409146070480347e-01 0.000000000000000000e+00 2.000000000000000000e+00
2.434087982177734375e+02 3.301601257324218750e+02 8.269838714599609375e+01 6.706330776214599609e-01 7.300504446029663086e-01 1.314442306756973267e-01 0.000000000000000000e+00 2.000000000000000000e+00
2.439444122314453125e+02 3.307431945800781250e+02 8.280336761474609375e+01 6.996631622314453125e-01 6.976549625396728516e-01 1.541072279214859009e-01 0.000000000000000000e+00 2.000000000000000000e+00
2.444919738769531250e+02 3.312891845703125000e+02 8.292397308349609375e+01 7.280321717262268066e-01 6.644435524940490723e-01 1.687719970941543579e-01 0.000000000000000000e+00 2.000000000000000000e+00
2.450513610839843750e+02 3.317997131347656250e+02 8.305364990234375000e+01 7.556549906730651855e-01 6.327059268951416016e-01 1.693189293146133423e-01 0.000000000000000000e+00 2.000000000000000000e+00
2.456246490478515625e+02 3.322797241210937500e+02 8.318210601806640625e+01 7.819071412086486816e-01 6.039530634880065918e-01 1.544726192951202393e-01 0.000000000000000000e+00 2.000000000000000000e+00
2.462153167724609375e+02 3.327359619140625000e+02 8.329879760742187500e+01 8.051892518997192383e-01 5.788976550102233887e-01 1.286383271217346191e-01 0.000000000000000000e+00 2.000000000000000000e+00
2.468259582519531250e+02 3.331749877929687500e+02 8.339635467529296875e+01 8.240430355072021484e-01 5.577080845832824707e-01 9.957361221313476562e-02 0.000000000000000000e+00 2.000000000000000000e+00
2.474557037353515625e+02 3.336011962890625000e+02 8.347245025634765625e+01 8.381567001342773438e-01 5.403643846511840820e-01 7.416006177663803101e-02 0.000000000000000000e+00 2.000000000000000000e+00
2.480995635986328125e+02 3.340162963867187500e+02 8.352941894531250000e+01 8.478498458862304688e-01 5.272601842880249023e-01 5.610169470310211182e-02 0.000000000000000000e+00 2.000000000000000000e+00
2.487480163574218750e+02 3.344195556640625000e+02 8.357232666015625000e+01 8.537325859069824219e-01 5.186989903450012207e-01 4.573893174529075623e-02 0.000000000000000000e+00 2.000000000000000000e+00
2.493905487060546875e+02 3.348099365234375000e+02 8.360675048828125000e+01 8.563628792762756348e-01 5.147661566734313965e-01 4.072372242808341980e-02 0.000000000000000000e+00 2.000000000000000000e+00
2.500188140869140625e+02 3.351875915527343750e+02 8.363662719726562500e+01 8.565872311592102051e-01 5.146149396896362305e-01 3.781167417764663696e-02 0.000000000000000000e+00 2.000000000000000000e+00
2.506303100585937500e+02 3.355549621582031250e+02 8.366361999511718750e+01 8.552445769309997559e-01 5.170881152153015137e-01 3.430177643895149231e-02 0.000000000000000000e+00 2.000000000000000000e+00
2.512289428710937500e+02 3.359169006347656250e+02 8.368762969970703125e+01 8.532444834709167480e-01 5.206638574600219727e-01 2.971465513110160828e-02 0.000000000000000000e+00 2.000000000000000000e+00
2.518230743408203125e+02 3.362794494628906250e+02 8.370832061767578125e+01 8.513173460960388184e-01 5.240510702133178711e-01 2.508593536913394928e-02 0.000000000000000000e+00 2.000000000000000000e+00
2.524221954345703125e+02 3.366482543945312500e+02 8.372597503662109375e+01 8.491990566253662109e-01 5.276114940643310547e-01 2.206869237124919891e-02 0.000000000000000000e+00 2.000000000000000000e+00
2.530328369140625000e+02 3.370276489257812500e+02 8.374184417724609375e+01 8.461478948593139648e-01 5.325015783309936523e-01 2.181518636643886566e-02 0.000000000000000000e+00 2.000000000000000000e+00
2.536569366455078125e+02 3.374204101562500000e+02 8.375793457031250000e+01 8.418959379196166992e-01 5.391128659248352051e-01 2.384747937321662903e-02 0.000000000000000000e+00 2.000000000000000000e+00
2.542917785644531250e+02 3.378269348144531250e+02 8.377591705322265625e+01 8.360934257507324219e-01 5.479543209075927734e-01 2.634204365313053131e-02 0.000000000000000000e+00 2.000000000000000000e+00
2.549322814941406250e+02 3.382467041015625000e+02 8.379609680175781250e+01 8.293362855911254883e-01 5.581122636795043945e-01 2.668246068060398102e-02 0.000000000000000000e+00 2.000000000000000000e+00
2.555737304687500000e+02 3.386783752441406250e+02 8.381673431396484375e+01 8.226532936096191406e-01 5.680990815162658691e-01 2.247450873255729675e-02 0.000000000000000000e+00 2.000000000000000000e+00
2.562138061523437500e+02 3.391203918457031250e+02 8.383422088623046875e+01 8.170199394226074219e-01 5.764765739440917969e-01 1.237258501350879669e-02 0.000000000000000000e+00 2.000000000000000000e+00
2.568526306152343750e+02 3.395711364746093750e+02 8.384389495849609375e+01 8.134934902191162109e-01 5.815656185150146484e-01 -3.132850164547562599e-03 0.000000000000000000e+00 2.000000000000000000e+00
2.574925231933593750e+02 3.400285949707031250e+02 8.384143066406250000e+01 8.122456669807434082e-01 5.829070806503295898e-01 -2.182390727102756500e-02 0.000000000000000000e+00 2.000000000000000000e+00
2.581368103027343750e+02 3.404909667968750000e+02 8.382411956787109375e+01 8.130421638488769531e-01 5.807716250419616699e-01 -4.082538932561874390e-02 0.000000000000000000e+00 2.000000000000000000e+00
2.587883300781250000e+02 3.409563598632812500e+02 8.379140472412109375e+01 8.154873251914978027e-01 5.758464932441711426e-01 -5.814813449978828430e-02 0.000000000000000000e+00 2.000000000000000000e+00
2.594486083984375000e+02 3.414226074218750000e+02 8.374432373046875000e+01 8.189198374748229980e-01 5.691584348678588867e-01 -7.368185371160507202e-02 0.000000000000000000e+00 2.000000000000000000e+00
2.601172180175781250e+02 3.418872985839843750e+02 8.368416595458984375e+01 8.224318623542785645e-01 5.618023276329040527e-01 -8.935312181711196899e-02 0.000000000000000000e+00 2.000000000000000000e+00
2.607919921875000000e+02 3.423482360839843750e+02 8.361085510253906250e+01 8.254385590553283691e-01 5.541104078292846680e-01 -1.077633202075958252e-01 0.000000000000000000e+00 2.000000000000000000e+00
2.614693603515625000e+02 3.428029479980468750e+02 8.352242279052734375e+01 8.272898793220520020e-01 5.464214682579040527e-01 -1.304418891668319702e-01 0.000000000000000000e+00 2.000000000000000000e+00
2.621452331542968750e+02 3.432493591308593750e+02 8.341585540771484375e+01 8.276903033256530762e-01 5.389234423637390137e-01 -1.564938426017761230e-01 0.000000000000000000e+00 2.000000000000000000e+00
2.628157958984375000e+02 3.436859741210937500e+02 8.328907012939453125e+01 8.275367021560668945e-01 5.309185981750488281e-01 -1.825056523084640503e-01 0.000000000000000000e+00 2.000000000000000000e+00
2.634787902832031250e+02 3.441113281250000000e+02 8.314285278320312500e+01 8.279110193252563477e-01 5.224339962005615234e-01 -2.040245085954666138e-01 0.000000000000000000e+00 2.000000000000000000e+00
2.641332702636718750e+02 3.445243225097656250e+02 8.298156738281250000e+01 8.305352926254272461e-01 5.125647783279418945e-01 -2.179184556007385254e-01 0.000000000000000000e+00 2.000000000000000000e+00
2.647795715332031250e+02 3.449231872558593750e+02 8.281198883056640625e+01 8.362035155296325684e-01 5.004914402961730957e-01 -2.242142558097839355e-01 0.000000000000000000e+00 2.000000000000000000e+00
2.654182434082031250e+02 3.453054504394531250e+02 8.264073944091796875e+01 8.443565368652343750e-01 4.859626591205596924e-01 -2.256153076887130737e-01 0.000000000000000000e+00 2.000000000000000000e+00
2.660488586425781250e+02 3.456683959960937500e+02 8.247223663330078125e+01 8.537293076515197754e-01 4.689658582210540771e-01 -2.263123244047164917e-01 0.000000000000000000e+00 2.000000000000000000e+00
2.666698608398437500e+02 3.460095214843750000e+02 8.230761718750000000e+01 8.627119064331054688e-01 4.504965543746948242e-01 -2.297411113977432251e-01 0.000000000000000000e+00 2.000000000000000000e+00
2.672778320312500000e+02 3.463269958496093750e+02 8.214571380615234375e+01 8.700461983680725098e-01 4.321918785572052002e-01 -2.371280342340469360e-01 0.000000000000000000e+00 2.000000000000000000e+00
2.678686523437500000e+02 3.466204833984375000e+02 8.198468780517578125e+01 8.753585219383239746e-01 4.151638746261596680e-01 -2.477628588676452637e-01 0.000000000000000000e+00 2.000000000000000000e+00
2.684387512207031250e+02 3.468908691406250000e+02 8.182332611083984375e+01 8.787726759910583496e-01 4.001147150993347168e-01 -2.601284682750701904e-01 0.000000000000000000e+00 2.000000000000000000e+00
2.689860839843750000e+02 3.471400756835937500e+02 8.166130828857421875e+01 8.807064890861511230e-01 3.869972229003906250e-01 -2.731105685234069824e-01 0.000000000000000000e+00 2.000000000000000000e+00
2.695114746093750000e+02 3.473709411621093750e+02 8.149838256835937500e+01 8.817641139030456543e-01 3.746143579483032227e-01 -2.866290807723999023e-01 0.000000000000000000e+00 2.000000000000000000e+00
2.700182495117187500e+02 3.475862426757812500e+02 8.133364868164062500e+01 8.825826644897460938e-01 3.614728748798370361e-01 -3.006412982940673828e-01 0.000000000000000000e+00 2.000000000000000000e+00
2.705122680664062500e+02 3.477885742187500000e+02 8.116536712646484375e+01 8.841262459754943848e-01 3.460823595523834229e-01 -3.139232993125915527e-01 0.000000000000000000e+00 2.000000000000000000e+00
2.710014038085937500e+02 3.479800415039062500e+02 8.099169158935546875e+01 8.884924650192260742e-01 3.262608647346496582e-01 -3.226996660232543945e-01 0.000000000000000000e+00 2.000000000000000000e+00
2.714963073730468750e+02 3.481617736816406250e+02 8.081194305419921875e+01 8.977962732315063477e-01 3.008626401424407959e-01 -3.216264545917510986e-01 0.000000000000000000e+00 2.000000000000000000e+00
2.720109252929687500e+02 3.483342285156250000e+02 8.062758636474609375e+01 9.123926758766174316e-01 2.708428502082824707e-01 -3.068936467170715332e-01 0.000000000000000000e+00 2.000000000000000000e+00
2.725610351562500000e+02 3.484975280761718750e+02 8.044255065917968750e+01 9.303838610649108887e-01 2.390059083700180054e-01 -2.779604196548461914e-01 0.000000000000000000e+00 2.000000000000000000e+00
2.731634521484375000e+02 3.486522827148437500e+02 8.026257324218750000e+01 9.481552243232727051e-01 2.089184969663619995e-01 -2.394887655973434448e-01 0.000000000000000000e+00 2.000000000000000000e+00
2.738307495117187500e+02 3.487993164062500000e+02 8.009402465820312500e+01 9.626324772834777832e-01 1.842121332883834839e-01 -1.985061913728713989e-01 0.000000000000000000e+00 2.000000000000000000e+00
2.745649719238281250e+02 3.489398193359375000e+02 7.994261932373046875e+01 9.728976488113403320e-01 1.660005897283554077e-01 -1.609779894351959229e-01 0.000000000000000000e+00 2.000000000000000000e+00
2.753526611328125000e+02 3.490742187500000000e+02 7.981228637695312500e+01 9.795023202896118164e-01 1.538875401020050049e-01 -1.299763172864913940e-01 0.000000000000000000e+00 2.000000000000000000e+00
2.761630554199218750e+02 3.492015380859375000e+02 7.970475006103515625e+01 9.834870100021362305e-01 1.466676890850067139e-01 -1.060280352830886841e-01 0.000000000000000000e+00 2.000000000000000000e+00
2.769525451660156250e+02 3.493192749023437500e+02 7.961963653564453125e+01 9.858167171478271484e-01 1.426548957824707031e-01 -8.840306103229522705e-02 0.000000000000000000e+00 2.000000000000000000e+00
2.776735839843750000e+02 3.494236145019531250e+02 7.955497741699218750e+01 9.871506094932556152e-01 1.406983435153961182e-01 -7.574646174907684326e-02 0.000000000000000000e+00 2.000000000000000000e+00
2.782861633300781250e+02 3.495109252929687500e+02 7.950797271728515625e+01 9.871506094932556152e-01 1.406983435153961182e-01 -7.574646174907684326e-02 0.000000000000000000e+00 2.000000000000000000e+00
