4.201547546386718750e+02 2.002817077636718750e+02 8.633745574951171875e+01 5.442351698875427246e-01 -7.788408398628234863e-01 3.117932081222534180e-01 0.000000000000000000e+00 2.000000000000000000e+00
4.197958984375000000e+02 2.007952575683593750e+02 8.613186645507812500e+01 5.538668036460876465e-01 -7.630942463874816895e-01 3.330446183681488037e-01 0.000000000000000000e+00 2.000000000000000000e+00
4.194237976074218750e+02 2.013079223632812500e+02 8.590811920166015625e+01 5.613057613372802734e-01 -7.485931515693664551e-01 3.529081940650939941e-01 0.000000000000000000e+00 2.000000000000000000e+00
4.190389709472656250e+02 2.018211517333984375e+02 8.566616821289062500e+01 5.657855272293090820e-01 -7.368760704994201660e-01 3.700005710124969482e-01 0.000000000000000000e+00 2.000000000000000000e+00
4.186439208984375000e+02 2.023356628417968750e+02 8.540782165527343750e+01 5.669338703155517578e-01 -7.290258407592773438e-01 3.835457861423492432e-01 0.000000000000000000e+00 2.000000000000000000e+00
4.182425842285156250e+02 2.028517456054687500e+02 8.513630676269531250e+01 5.646058320999145508e-01 -7.251394391059875488e-01 3.941993713378906250e-01 0.000000000000000000e+00 2.000000000000000000e+00
4.178398742675781250e+02 2.033689575195312500e+02 8.485514068603515625e+01 5.578666329383850098e-01 -7.254531979560852051e-01 4.031162261962890625e-01 0.000000000000000000e+00 2.000000000000000000e+00
4.174416503906250000e+02 2.038868103027343750e+02 8.456738281250000000e+01 5.467140674591064453e-01 -7.290953397750854492e-01 4.117326438426971436e-01 0.000000000000000000e+00 2.000000000000000000e+00
4.170533142089843750e+02 2.044046936035156250e+02 8.427492523193359375e+01 -5.315483212471008301e-01 7.350232005119323730e-01 -4.209481477737426758e-01 0.000000000000000000e+00 2.000000000000000000e+00
4.166790161132812500e+02 2.049222717285156250e+02 8.397850799560546875e+01 -5.139204859733581543e-01 7.417533397674560547e-01 -4.309150278568267822e-01 0.000000000000000000e+00 2.000000000000000000e+00
4.163206787109375000e+02 2.054394683837890625e+02 8.367804718017578125e+01 -4.981243312358856201e-01 7.467012405395507812e-01 -4.408054053783416748e-01 0.000000000000000000e+00 2.000000000000000000e+00
4.159761047363281250e+02 2.059559936523437500e+02 8.337312316894531250e+01 -4.895783662796020508e-01 7.474761009216308594e-01 -4.489905238151550293e-01 0.000000000000000000e+00 2.000000000000000000e+00
4.156387329101562500e+02 2.064710845947265625e+02 8.306372070312500000e+01 -4.935543239116668701e-01 7.417259812355041504e-01 -4.541439116001129150e-01 0.000000000000000000e+00 2.000000000000000000e+00
4.152984924316406250e+02 2.069824066162109375e+02 8.275064849853515625e+01 -5.139673352241516113e-01 7.273159623146057129e-01 -4.548066556453704834e-01 0.000000000000000000e+00 2.000000000000000000e+00
4.149426269531250000e+02 2.074859924316406250e+02 8.243574523925781250e+01 -5.509964227676391602e-01 7.029501795768737793e-01 -4.497376680374145508e-01 0.000000000000000000e+00 2.000000000000000000e+00
4.145581970214843750e+02 2.079764404296875000e+02 8.212196350097656250e+01 -5.509964227676391602e-01 7.029501795768737793e-01 -4.497376680374145508e-01 0.000000000000000000e+00 2.000000000000000000e+00
