2.623042907714843750e+02 3.110252075195312500e+02 2.576881103515625000e+02 -8.618946671485900879e-01 3.839249312877655029e-01 3.312692344188690186e-01 0.000000000000000000e+00 2.000000000000000000e+00
2.626404724121093750e+02 3.108754577636718750e+02 2.575588989257812500e+02 -8.579109311103820801e-01 3.927580714225769043e-01 3.312551081180572510e-01 0.000000000000000000e+00 2.000000000000000000e+00
2.630419006347656250e+02 3.106916809082031250e+02 2.574039001464843750e+02 -8.524437546730041504e-01 4.049151241779327393e-01 3.307317495346069336e-01 0.000000000000000000e+00 2.000000000000000000e+00
2.634918212890625000e+02 3.104779663085937500e+02 2.572293395996093750e+02 -8.456175923347473145e-01 4.198984503746032715e-01 3.295698761940002441e-01 0.000000000000000000e+00 2.000000000000000000e+00
2.639706420898437500e+02 3.102402038574218750e+02 2.570427246093750000e+02 -8.370184302330017090e-01 4.386641681194305420e-01 3.270686864852905273e-01 0.000000000000000000e+00 2.000000000000000000e+00
2.644604797363281250e+02 3.099834899902343750e+02 2.568513183593750000e+02 -8.273122906684875488e-01 4.594569206237792969e-01 3.231931030750274658e-01 0.000000000000000000e+00 2.000000000000000000e+00
2.649483337402343750e+02 3.097125549316406250e+02 2.566607360839843750e+02 -8.167173266410827637e-01 4.815869927406311035e-01 3.178786933422088623e-01 0.000000000000000000e+00 2.000000000000000000e+00
2.654265441894531250e+02 3.094305725097656250e+02 2.564746093750000000e+02 -8.063257932662963867e-01 5.026981830596923828e-01 3.116622865200042725e-01 0.000000000000000000e+00 2.000000000000000000e+00
2.658920593261718750e+02 3.091403503417968750e+02 2.562946777343750000e+02 -7.970064878463745117e-01 5.215861797332763672e-01 3.045135736465454102e-01 0.000000000000000000e+00 2.000000000000000000e+00
2.663451843261718750e+02 3.088438110351562500e+02 2.561215515136718750e+02 -7.892646789550781250e-01 5.377269983291625977e-01 2.964978218078613281e-01 0.000000000000000000e+00 2.000000000000000000e+00
2.667879638671875000e+02 3.085421447753906250e+02 2.559552154541015625e+02 -7.836268544197082520e-01 5.512440204620361328e-01 2.864592075347900391e-01 0.000000000000000000e+00 2.000000000000000000e+00
2.672237854003906250e+02 3.082355651855468750e+02 2.557958984375000000e+02 -7.801472544670104980e-01 5.628855228424072266e-01 2.730022072792053223e-01 0.000000000000000000e+00 2.000000000000000000e+00
2.676581726074218750e+02 3.079221496582031250e+02 2.556438903808593750e+02 -7.781569361686706543e-01 5.739765763282775879e-01 2.549955546855926514e-01 0.000000000000000000e+00 2.000000000000000000e+00
2.680972290039062500e+02 3.075982971191406250e+02 2.555000152587890625e+02 -7.763043045997619629e-01 5.860223174095153809e-01 2.322273403406143188e-01 0.000000000000000000e+00 2.000000000000000000e+00
2.685468139648437500e+02 3.072589111328125000e+02 2.553655242919921875e+02 -7.727569937705993652e-01 6.002267599105834961e-01 2.063358724117279053e-01 0.000000000000000000e+00 2.000000000000000000e+00
2.690114135742187500e+02 3.068980407714843750e+02 2.552414703369140625e+02 -7.659007906913757324e-01 6.174206733703613281e-01 1.794093698263168335e-01 0.000000000000000000e+00 2.000000000000000000e+00
2.694927978515625000e+02 3.065099792480468750e+02 2.551287078857421875e+02 -7.551771998405456543e-01 6.373155713081359863e-01 1.534149348735809326e-01 0.000000000000000000e+00 2.000000000000000000e+00
2.699896545410156250e+02 3.060906677246093750e+02 2.550277709960937500e+02 -7.402243614196777344e-01 6.596432924270629883e-01 1.301488429307937622e-01 0.000000000000000000e+00 2.000000000000000000e+00
2.704973449707031250e+02 3.056382446289062500e+02 2.549385070800781250e+02 -7.216603159904479980e-01 6.833789944648742676e-01 1.104516163468360901e-01 0.000000000000000000e+00 2.000000000000000000e+00
2.710087890625000000e+02 3.051539306640625000e+02 2.548602294921875000e+02 -6.998758912086486816e-01 7.080805301666259766e-01 9.378522634506225586e-02 0.000000000000000000e+00 2.000000000000000000e+00
2.715164184570312500e+02 3.046403503417968750e+02 2.547922058105468750e+02 -6.753321886062622070e-01 7.331964969635009766e-01 7.968264818191528320e-02 0.000000000000000000e+00 2.000000000000000000e+00
2.720132751464843750e+02 3.041009216308593750e+02 2.547335815429687500e+02 -6.487698554992675781e-01 7.580237984657287598e-01 6.706371158361434937e-02 0.000000000000000000e+00 2.000000000000000000e+00
2.724940490722656250e+02 3.035391845703125000e+02 2.546838836669921875e+02 -6.212142705917358398e-01 7.817343473434448242e-01 5.462939664721488953e-02 0.000000000000000000e+00 2.000000000000000000e+00
2.729555969238281250e+02 3.029583740234375000e+02 2.546432952880859375e+02 -5.938114523887634277e-01 8.035395145416259766e-01 4.137801006436347961e-02 0.000000000000000000e+00 2.000000000000000000e+00
2.733961791992187500e+02 3.023621826171875000e+02 2.546125946044921875e+02 -5.683798193931579590e-01 8.223358988761901855e-01 2.661241032183170319e-02 0.000000000000000000e+00 2.000000000000000000e+00
2.738152770996093750e+02 3.017558288574218750e+02 2.545929718017578125e+02 -5.471017956733703613e-01 8.370075225830078125e-01 9.905043058097362518e-03 0.000000000000000000e+00 2.000000000000000000e+00
2.742139282226562500e+02 3.011459350585937500e+02 2.545857543945312500e+02 -5.316652655601501465e-01 8.469109535217285156e-01 -8.594508282840251923e-03 0.000000000000000000e+00 2.000000000000000000e+00
2.745943298339843750e+02 3.005399780273437500e+02 2.545919036865234375e+02 -5.239177942276000977e-01 8.512845635414123535e-01 -2.871829643845558167e-02 0.000000000000000000e+00 2.000000000000000000e+00
2.749603881835937500e+02 2.999451904296875000e+02 2.546119689941406250e+02 -5.258941650390625000e-01 8.490868806838989258e-01 -4.986849799752235413e-02 0.000000000000000000e+00 2.000000000000000000e+00
2.753184204101562500e+02 2.993671264648437500e+02 2.546459197998046875e+02 -5.371381044387817383e-01 8.404999375343322754e-01 -7.101131975650787354e-02 0.000000000000000000e+00 2.000000000000000000e+00
2.756748352050781250e+02 2.988094177246093750e+02 2.546930389404296875e+02 -5.569326281547546387e-01 8.255839943885803223e-01 -9.075868874788284302e-02 0.000000000000000000e+00 2.000000000000000000e+00
2.760358886718750000e+02 2.982742004394531250e+02 2.547518768310546875e+02 -5.826485753059387207e-01 8.055670261383056641e-01 -1.076216101646423340e-01 0.000000000000000000e+00 2.000000000000000000e+00
2.764065551757812500e+02 2.977617187500000000e+02 2.548203430175781250e+02 -6.108528375625610352e-01 7.827372550964355469e-01 -1.190847158432006836e-01 0.000000000000000000e+00 2.000000000000000000e+00
2.767901611328125000e+02 2.972701721191406250e+02 2.548951263427734375e+02 -6.387005448341369629e-01 7.595766782760620117e-01 -1.229021400213241577e-01 0.000000000000000000e+00 2.000000000000000000e+00
2.771894226074218750e+02 2.967953491210937500e+02 2.549719543457031250e+02 -6.638063192367553711e-01 7.387435436248779297e-01 -1.167011931538581848e-01 0.000000000000000000e+00 2.000000000000000000e+00
2.776068115234375000e+02 2.963308410644531250e+02 2.550453338623046875e+02 -6.846743822097778320e-01 7.220150828361511230e-01 -9.957512468099594116e-02 0.000000000000000000e+00 2.000000000000000000e+00
2.780449523925781250e+02 2.958688049316406250e+02 2.551090545654296875e+02 -7.009826898574829102e-01 7.094282507896423340e-01 -7.304029911756515503e-02 0.000000000000000000e+00 2.000000000000000000e+00
2.785059509277343750e+02 2.954022521972656250e+02 2.551570892333984375e+02 -7.131345868110656738e-01 6.998760104179382324e-01 -4.015792533755302429e-02 0.000000000000000000e+00 2.000000000000000000e+00
2.789901733398437500e+02 2.949270324707031250e+02 2.551843566894531250e+02 -7.216726541519165039e-01 6.922211050987243652e-01 -4.319564439356327057e-03 0.000000000000000000e+00 2.000000000000000000e+00
2.794949340820312500e+02 2.944428710937500000e+02 2.551873779296875000e+02 -7.273175716400146484e-01 6.855403184890747070e-01 3.230574354529380798e-02 0.000000000000000000e+00 2.000000000000000000e+00
2.800140075683593750e+02 2.939536132812500000e+02 2.551643218994140625e+02 -7.302376627922058105e-01 6.796216964721679688e-01 6.976684927940368652e-02 0.000000000000000000e+00 2.000000000000000000e+00
2.805388183593750000e+02 2.934651794433593750e+02 2.551141815185546875e+02 -7.299836874008178711e-01 6.747485995292663574e-01 1.088028401136398315e-01 0.000000000000000000e+00 2.000000000000000000e+00
2.810599060058593750e+02 2.929835205078125000e+02 2.550365142822265625e+02 -7.258456945419311523e-01 6.711363792419433594e-01 1.507445424795150757e-01 0.000000000000000000e+00 2.000000000000000000e+00
2.815688476562500000e+02 2.925129394531250000e+02 2.549308166503906250e+02 -7.171338796615600586e-01 6.689295768737792969e-01 1.955819576978683472e-01 0.000000000000000000e+00 2.000000000000000000e+00
2.820596313476562500e+02 2.920551452636718750e+02 2.547969665527343750e+02 -7.042562365531921387e-01 6.677196025848388672e-01 2.411921024322509766e-01 0.000000000000000000e+00 2.000000000000000000e+00
2.825296325683593750e+02 2.916095275878906250e+02 2.546360015869140625e+02 -6.886945962905883789e-01 6.670765876770019531e-01 2.840923666954040527e-01 0.000000000000000000e+00 2.000000000000000000e+00
2.829797668457031250e+02 2.911735229492187500e+02 2.544503173828125000e+02 -6.725559830665588379e-01 6.665869951248168945e-01 3.214502036571502686e-01 0.000000000000000000e+00 2.000000000000000000e+00
2.834130249023437500e+02 2.907441101074218750e+02 2.542432403564453125e+02 -6.580478549003601074e-01 6.656835079193115234e-01 3.519069552421569824e-01 0.000000000000000000e+00 2.000000000000000000e+00
2.838338317871093750e+02 2.903184204101562500e+02 2.540182037353515625e+02 -6.458273530006408691e-01 6.642072200775146484e-01 3.764779865741729736e-01 0.000000000000000000e+00 2.000000000000000000e+00
2.842466735839843750e+02 2.898938293457031250e+02 2.537775421142578125e+02 -6.355681419372558594e-01 6.617673635482788086e-01 3.976394534111022949e-01 0.000000000000000000e+00 2.000000000000000000e+00
2.846553344726562500e+02 2.894683227539062500e+02 2.535218658447265625e+02 -6.265876889228820801e-01 6.582292914390563965e-01 4.172791540622711182e-01 0.000000000000000000e+00 2.000000000000000000e+00
2.850626525878906250e+02 2.890404357910156250e+02 2.532506103515625000e+02 -6.181619763374328613e-01 6.537236571311950684e-01 4.364871978759765625e-01 0.000000000000000000e+00 2.000000000000000000e+00
2.854700622558593750e+02 2.886095886230468750e+02 2.529629364013671875e+02 -6.100495457649230957e-01 6.489791274070739746e-01 4.546048641204833984e-01 0.000000000000000000e+00 2.000000000000000000e+00
2.858779907226562500e+02 2.881756286621093750e+02 2.526589508056640625e+02 -6.027846336364746094e-01 6.444742679595947266e-01 4.704292118549346924e-01 0.000000000000000000e+00 2.000000000000000000e+00
2.862857055664062500e+02 2.877397155761718750e+02 2.523407592773437500e+02 -5.966137647628784180e-01 6.409718394279479980e-01 4.829153716564178467e-01 0.000000000000000000e+00 2.000000000000000000e+00
2.866916503906250000e+02 2.873035888671875000e+02 2.520121765136718750e+02 -5.919710993766784668e-01 6.391347050666809082e-01 4.909959733486175537e-01 0.000000000000000000e+00 2.000000000000000000e+00
2.870938415527343750e+02 2.868693542480468750e+02 2.516785888671875000e+02 -5.894504785537719727e-01 6.387223005294799805e-01 4.945523738861083984e-01 0.000000000000000000e+00 2.000000000000000000e+00
2.874910583496093750e+02 2.864389343261718750e+02 2.513453216552734375e+02 -5.895179510116577148e-01 6.399707794189453125e-01 4.928550124168395996e-01 0.000000000000000000e+00 2.000000000000000000e+00
2.878833007812500000e+02 2.860131225585937500e+02 2.510173950195312500e+02 -5.928674936294555664e-01 6.423273086547851562e-01 4.857199490070343018e-01 0.000000000000000000e+00 2.000000000000000000e+00
2.882725219726562500e+02 2.855914306640625000e+02 2.506985168457031250e+02 -5.997364521026611328e-01 6.457291841506958008e-01 4.725992679595947266e-01 0.000000000000000000e+00 2.000000000000000000e+00
2.886625061035156250e+02 2.851715393066406250e+02 2.503912048339843750e+02 -6.101673245429992676e-01 6.498411297798156738e-01 4.532133638858795166e-01 0.000000000000000000e+00 2.000000000000000000e+00
2.890581665039062500e+02 2.847501525878906250e+02 2.500973205566406250e+02 -6.234844326972961426e-01 6.544667482376098633e-01 4.277153611183166504e-01 0.000000000000000000e+00 2.000000000000000000e+00
2.894647216796875000e+02 2.843233947753906250e+02 2.498184204101562500e+02 -6.388627886772155762e-01 6.594608426094055176e-01 3.961891233921051025e-01 0.000000000000000000e+00 2.000000000000000000e+00
2.898868713378906250e+02 2.838876342773437500e+02 2.495566253662109375e+02 -6.549161076545715332e-01 6.642675399780273438e-01 3.603241741657257080e-01 0.000000000000000000e+00 2.000000000000000000e+00
2.903271484375000000e+02 2.834410705566406250e+02 2.493143920898437500e+02 -6.705951690673828125e-01 6.684539318084716797e-01 3.216697573661804199e-01 0.000000000000000000e+00 2.000000000000000000e+00
2.907859191894531250e+02 2.829837646484375000e+02 2.490943298339843750e+02 -6.855236291885375977e-01 6.711537241935729980e-01 2.821525633335113525e-01 0.000000000000000000e+00 2.000000000000000000e+00
2.912605285644531250e+02 2.825191040039062500e+02 2.488989868164062500e+02 -6.995995044708251953e-01 6.719866394996643066e-01 2.428877949714660645e-01 0.000000000000000000e+00 2.000000000000000000e+00
2.917460937500000000e+02 2.820527038574218750e+02 2.487304077148437500e+02 -7.131738662719726562e-01 6.704118251800537109e-01 2.047705054283142090e-01 0.000000000000000000e+00 2.000000000000000000e+00
2.922372436523437500e+02 2.815910034179687500e+02 2.485893859863281250e+02 -7.265768051147460938e-01 6.665387749671936035e-01 1.667697131633758545e-01 0.000000000000000000e+00 2.000000000000000000e+00
2.927299194335937500e+02 2.811390380859375000e+02 2.484763031005859375e+02 -7.389327287673950195e-01 6.616126894950866699e-01 1.274637281894683838e-01 0.000000000000000000e+00 2.000000000000000000e+00
2.932228088378906250e+02 2.806977233886718750e+02 2.483912811279296875e+02 -7.474710345268249512e-01 6.585018038749694824e-01 8.753498643636703491e-02 0.000000000000000000e+00 2.000000000000000000e+00
2.937158508300781250e+02 2.802633666992187500e+02 2.483335418701171875e+02 -7.492073774337768555e-01 6.604127883911132812e-01 5.043143779039382935e-02 0.000000000000000000e+00 2.000000000000000000e+00
2.942084350585937500e+02 2.798291625976562500e+02 2.483003845214843750e+02 -7.411164641380310059e-01 6.710152029991149902e-01 2.202253974974155426e-02 0.000000000000000000e+00 2.000000000000000000e+00
2.946962585449218750e+02 2.793874816894531250e+02 2.482858886718750000e+02 -7.213531732559204102e-01 6.925139427185058594e-01 8.605257607996463776e-03 0.000000000000000000e+00 2.000000000000000000e+00
2.951695251464843750e+02 2.789331359863281250e+02 2.482802429199218750e+02 -6.892361044883728027e-01 7.243732810020446777e-01 1.539612002670764923e-02 0.000000000000000000e+00 2.000000000000000000e+00
2.956148986816406250e+02 2.784650573730468750e+02 2.482702941894531250e+02 -6.439991593360900879e-01 7.637338042259216309e-01 4.445062950253486633e-02 0.000000000000000000e+00 2.000000000000000000e+00
2.960190124511718750e+02 2.779858093261718750e+02 2.482424011230468750e+02 -5.872101783752441406e-01 8.039679527282714844e-01 9.391323477029800415e-02 0.000000000000000000e+00 2.000000000000000000e+00
2.963739318847656250e+02 2.774998779296875000e+02 2.481856384277343750e+02 -5.227439999580383301e-01 8.380457162857055664e-01 1.562626808881759644e-01 0.000000000000000000e+00 2.000000000000000000e+00
2.966784667968750000e+02 2.770116577148437500e+02 2.480946044921875000e+02 -4.593817293643951416e-01 8.606200218200683594e-01 2.197757661342620850e-01 0.000000000000000000e+00 2.000000000000000000e+00
2.969386291503906250e+02 2.765242614746093750e+02 2.479701385498046875e+02 -4.059669077396392822e-01 8.719329833984375000e-01 2.737222015857696533e-01 0.000000000000000000e+00 2.000000000000000000e+00
2.971647338867187500e+02 2.760386352539062500e+02 2.478176879882812500e+02 -3.676947653293609619e-01 8.756796121597290039e-01 3.130269944667816162e-01 0.000000000000000000e+00 2.000000000000000000e+00
2.973677368164062500e+02 2.755551757812500000e+02 2.476448669433593750e+02 -3.434819579124450684e-01 8.762645721435546875e-01 3.379061222076416016e-01 0.000000000000000000e+00 2.000000000000000000e+00
2.975566711425781250e+02 2.750731811523437500e+02 2.474589996337890625e+02 -3.304647207260131836e-01 8.757565617561340332e-01 3.519141077995300293e-01 0.000000000000000000e+00 2.000000000000000000e+00
2.977381591796875000e+02 2.745922241210937500e+02 2.472657318115234375e+02 -3.226656615734100342e-01 8.755684494972229004e-01 3.595369756221771240e-01 0.000000000000000000e+00 2.000000000000000000e+00
2.979152221679687500e+02 2.741117553710937500e+02 2.470684356689453125e+02 -3.175018131732940674e-01 8.756617903709411621e-01 3.638806641101837158e-01 0.000000000000000000e+00 2.000000000000000000e+00
2.980893554687500000e+02 2.736315002441406250e+02 2.468688659667968750e+02 -3.112550675868988037e-01 8.762821555137634277e-01 3.677633404731750488e-01 0.000000000000000000e+00 2.000000000000000000e+00
2.982598876953125000e+02 2.731513977050781250e+02 2.466673736572265625e+02 -2.994780540466308594e-01 8.781674504280090332e-01 3.730076253414154053e-01 0.000000000000000000e+00 2.000000000000000000e+00
2.984235839843750000e+02 2.726713867187500000e+02 2.464634857177734375e+02 -2.779821455478668213e-01 8.811837434768676758e-01 3.824147582054138184e-01 0.000000000000000000e+00 2.000000000000000000e+00
2.985747985839843750e+02 2.721920471191406250e+02 2.462554626464843750e+02 -2.415760606527328491e-01 8.851003050804138184e-01 3.977918624877929688e-01 0.000000000000000000e+00 2.000000000000000000e+00
2.987051696777343750e+02 2.717143859863281250e+02 2.460407867431640625e+02 -1.860979348421096802e-01 8.882960081100463867e-01 4.198780953884124756e-01 0.000000000000000000e+00 2.000000000000000000e+00
2.988045043945312500e+02 2.712402343750000000e+02 2.458166656494140625e+02 -1.088662371039390564e-01 8.874738812446594238e-01 4.478150904178619385e-01 0.000000000000000000e+00 2.000000000000000000e+00
2.988619384765625000e+02 2.707720336914062500e+02 2.455804138183593750e+02 -1.252944674342870712e-02 8.778188824653625488e-01 4.788288474082946777e-01 0.000000000000000000e+00 2.000000000000000000e+00
2.988684997558593750e+02 2.703123474121093750e+02 2.453296661376953125e+02 9.409663081169128418e-02 8.558257222175598145e-01 5.086335539817810059e-01 0.000000000000000000e+00 2.000000000000000000e+00
2.988191223144531250e+02 2.698632507324218750e+02 2.450627593994140625e+02 1.979173123836517334e-01 8.220387101173400879e-01 5.339298248291015625e-01 0.000000000000000000e+00 2.000000000000000000e+00
2.987137145996093750e+02 2.694254455566406250e+02 2.447783966064453125e+02 2.852675020694732666e-01 7.822102904319763184e-01 5.538678765296936035e-01 0.000000000000000000e+00 2.000000000000000000e+00
2.985578002929687500e+02 2.689979248046875000e+02 2.444756774902343750e+02 3.492490351200103760e-01 7.435275316238403320e-01 5.702560544013977051e-01 0.000000000000000000e+00 2.000000000000000000e+00
2.983608703613281250e+02 2.685786743164062500e+02 2.441541290283203125e+02 3.884108066558837891e-01 7.118411660194396973e-01 5.851660370826721191e-01 0.000000000000000000e+00 2.000000000000000000e+00
2.981354064941406250e+02 2.681654663085937500e+02 2.438144531250000000e+02 4.040677547454833984e-01 6.909450292587280273e-01 5.994366407394409180e-01 0.000000000000000000e+00 2.000000000000000000e+00
2.978958129882812500e+02 2.677557678222656250e+02 2.434590148925781250e+02 3.974826633930206299e-01 6.835477948188781738e-01 6.121845245361328125e-01 0.000000000000000000e+00 2.000000000000000000e+00
2.976579284667968750e+02 2.673466796875000000e+02 2.430926361083984375e+02 3.672554790973663330e-01 6.920743584632873535e-01 6.214148998260498047e-01 0.000000000000000000e+00 2.000000000000000000e+00
2.974387207031250000e+02 2.669335937500000000e+02 2.427217254638671875e+02 3.112360835075378418e-01 7.180502414703369141e-01 6.225238442420959473e-01 0.000000000000000000e+00 2.000000000000000000e+00
2.972549743652343750e+02 2.665096740722656250e+02 2.423542022705078125e+02 2.279474586248397827e-01 7.583435773849487305e-01 6.107004880905151367e-01 0.000000000000000000e+00 2.000000000000000000e+00
2.971219177246093750e+02 2.660670166015625000e+02 2.419977264404296875e+02 1.211518645286560059e-01 8.047795891761779785e-01 5.810782909393310547e-01 0.000000000000000000e+00 2.000000000000000000e+00
2.970513610839843750e+02 2.655983276367187500e+02 2.416593170166015625e+02 2.431315835565328598e-03 8.457357883453369141e-01 5.335962176322937012e-01 0.000000000000000000e+00 2.000000000000000000e+00
2.970499267578125000e+02 2.650993957519531250e+02 2.413445281982421875e+02 -1.126257777214050293e-01 8.733410835266113281e-01 4.739101231098175049e-01 0.000000000000000000e+00 2.000000000000000000e+00
2.971181335449218750e+02 2.645704956054687500e+02 2.410575256347656250e+02 -2.129957079887390137e-01 8.865781426429748535e-01 4.106238782405853271e-01 0.000000000000000000e+00 2.000000000000000000e+00
2.972511596679687500e+02 2.640167846679687500e+02 2.408010711669921875e+02 -2.941368520259857178e-01 8.892509341239929199e-01 3.503088057041168213e-01 0.000000000000000000e+00 2.000000000000000000e+00
2.974401245117187500e+02 2.634454956054687500e+02 2.405760192871093750e+02 -3.559619188308715820e-01 8.862772583961486816e-01 2.963171303272247314e-01 0.000000000000000000e+00 2.000000000000000000e+00
2.976737060546875000e+02 2.628639221191406250e+02 2.403815765380859375e+02 -4.000706374645233154e-01 8.816515803337097168e-01 2.502678930759429932e-01 0.000000000000000000e+00 2.000000000000000000e+00
2.979397277832031250e+02 2.622776794433593750e+02 2.402151641845703125e+02 -4.287113547325134277e-01 8.781697154045104980e-01 2.121897786855697632e-01 0.000000000000000000e+00 2.000000000000000000e+00
2.982266540527343750e+02 2.616899414062500000e+02 2.400731506347656250e+02 -4.449722766876220703e-01 8.768772482872009277e-01 1.818954497575759888e-01 0.000000000000000000e+00 2.000000000000000000e+00
2.985249023437500000e+02 2.611022033691406250e+02 2.399512329101562500e+02 -4.521331191062927246e-01 8.777024149894714355e-01 1.587897390127182007e-01 0.000000000000000000e+00 2.000000000000000000e+00
2.988272094726562500e+02 2.605153503417968750e+02 2.398450622558593750e+02 -4.543680250644683838e-01 8.793509006500244141e-01 1.424491554498672485e-01 0.000000000000000000e+00 2.000000000000000000e+00
2.991292114257812500e+02 2.599308776855468750e+02 2.397503814697265625e+02 -4.545817077159881592e-01 8.806506395339965820e-01 1.334536969661712646e-01 0.000000000000000000e+00 2.000000000000000000e+00
2.994284362792968750e+02 2.593511962890625000e+02 2.396625366210937500e+02 -4.555839896202087402e-01 8.803605437278747559e-01 1.319413632154464722e-01 0.000000000000000000e+00 2.000000000000000000e+00
2.997244873046875000e+02 2.587791137695312500e+02 2.395767974853515625e+02 -4.574320316314697266e-01 8.782961964607238770e-01 1.391105055809020996e-01 0.000000000000000000e+00 2.000000000000000000e+00
3.000169067382812500e+02 2.582176513671875000e+02 2.394878692626953125e+02 -4.581295251846313477e-01 8.750454187393188477e-01 1.562459170818328857e-01 0.000000000000000000e+00 2.000000000000000000e+00
3.003035583496093750e+02 2.576701354980468750e+02 2.393901062011718750e+02 -4.531407058238983154e-01 8.717334866523742676e-01 1.863983124494552612e-01 0.000000000000000000e+00 2.000000000000000000e+00
3.005789489746093750e+02 2.571403503417968750e+02 2.392768249511718750e+02 -4.364767372608184814e-01 8.688298463821411133e-01 2.337149679660797119e-01 0.000000000000000000e+00 2.000000000000000000e+00
3.008341369628906250e+02 2.566323852539062500e+02 2.391401824951171875e+02 -3.999485075473785400e-01 8.647209405899047852e-01 3.038075566291809082e-01 0.000000000000000000e+00 2.000000000000000000e+00
3.010570678710937500e+02 2.561503906250000000e+02 2.389708404541015625e+02 -3.360058665275573730e-01 8.524976968765258789e-01 4.004343152046203613e-01 0.000000000000000000e+00 2.000000000000000000e+00
3.012353210449218750e+02 2.556981353759765625e+02 2.387584075927734375e+02 -2.397817522287368774e-01 8.193437457084655762e-01 5.207498669624328613e-01 0.000000000000000000e+00 2.000000000000000000e+00
3.013580017089843750e+02 2.552789306640625000e+02 2.384919738769531250e+02 -1.188246160745620728e-01 7.521867752075195312e-01 6.481478810310363770e-01 0.000000000000000000e+00 2.000000000000000000e+00
3.014185791015625000e+02 2.548954620361328125e+02 2.381615447998046875e+02 2.646357519552111626e-03 6.516367793083190918e-01 7.585266232490539551e-01 0.000000000000000000e+00 2.000000000000000000e+00
3.014171752929687500e+02 2.545497894287109375e+02 2.377591705322265625e+02 9.509941935539245605e-02 5.390036106109619141e-01 8.369176983833312988e-01 0.000000000000000000e+00 2.000000000000000000e+00
3.013628845214843750e+02 2.542420806884765625e+02 2.372813873291015625e+02 1.439142078161239624e-01 4.370700418949127197e-01 8.878391981124877930e-01 0.000000000000000000e+00 2.000000000000000000e+00
3.012734375000000000e+02 2.539704284667968750e+02 2.367295684814453125e+02 1.463493108749389648e-01 3.593410551548004150e-01 9.216592907905578613e-01 0.000000000000000000e+00 2.000000000000000000e+00
3.011753234863281250e+02 2.537295227050781250e+02 2.361116790771484375e+02 1.056244522333145142e-01 3.097756505012512207e-01 9.449246525764465332e-01 0.000000000000000000e+00 2.000000000000000000e+00
3.011006164550781250e+02 2.535104217529296875e+02 2.354433441162109375e+02 2.401380427181720734e-02 2.866333127021789551e-01 9.577393531799316406e-01 0.000000000000000000e+00 2.000000000000000000e+00
3.010831604003906250e+02 2.533020629882812500e+02 2.347471466064453125e+02 9.563174843788146973e-02 -2.849934697151184082e-01 -9.537469744682312012e-01 0.000000000000000000e+00 2.000000000000000000e+00
3.011529846191406250e+02 2.530939788818359375e+02 2.340507812500000000e+02 2.481322437524795532e-01 -2.973203361034393311e-01 -9.219712615013122559e-01 0.000000000000000000e+00 2.000000000000000000e+00
3.013326416015625000e+02 2.528787078857421875e+02 2.333832397460937500e+02 4.201472401618957520e-01 -3.130417168140411377e-01 -8.517518639564514160e-01 0.000000000000000000e+00 2.000000000000000000e+00
3.016347961425781250e+02 2.526535797119140625e+02 2.327706909179687500e+02 5.891354680061340332e-01 -3.212892711162567139e-01 -7.414125204086303711e-01 0.000000000000000000e+00 2.000000000000000000e+00
3.020623779296875000e+02 2.524203948974609375e+02 2.322325897216796875e+02 7.304012179374694824e-01 -3.159758746623992920e-01 -6.055355072021484375e-01 0.000000000000000000e+00 2.000000000000000000e+00
3.026091613769531250e+02 2.521838531494140625e+02 2.317792816162109375e+02 8.310055732727050781e-01 -2.996599674224853516e-01 -4.686509966850280762e-01 0.000000000000000000e+00 2.000000000000000000e+00
3.032600097656250000e+02 2.519491577148437500e+02 2.314122314453125000e+02 8.940988779067993164e-01 -2.801993787288665771e-01 -3.493929207324981689e-01 0.000000000000000000e+00 2.000000000000000000e+00
3.039928894042968750e+02 2.517194824218750000e+02 2.311258392333984375e+02 9.299856424331665039e-01 -2.653785049915313721e-01 -2.543638050556182861e-01 0.000000000000000000e+00 2.000000000000000000e+00
3.047813415527343750e+02 2.514944915771484375e+02 2.309101867675781250e+02 9.482511281967163086e-01 -2.594509422779083252e-01 -1.830437630414962769e-01 0.000000000000000000e+00 2.000000000000000000e+00
3.055969543457031250e+02 2.512713317871093750e+02 2.307527465820312500e+02 9.554258584976196289e-01 -2.641269862651824951e-01 -1.319028735160827637e-01 0.000000000000000000e+00 2.000000000000000000e+00
3.064138488769531250e+02 2.510455017089843750e+02 2.306399688720703125e+02 9.555574655532836914e-01 -2.780062854290008545e-01 -9.809405356645584106e-02 0.000000000000000000e+00 2.000000000000000000e+00
3.072111511230468750e+02 2.508135375976562500e+02 2.305581207275390625e+02 9.512805938720703125e-01 -2.980434000492095947e-01 -7.896357029676437378e-02 0.000000000000000000e+00 2.000000000000000000e+00
3.079764099121093750e+02 2.505737762451171875e+02 2.304945983886718750e+02 9.447578191757202148e-01 -3.199010491371154785e-01 -7.138565927743911743e-02 0.000000000000000000e+00 2.000000000000000000e+00
3.087056274414062500e+02 2.503268585205078125e+02 2.304394989013671875e+02 9.379588365554809570e-01 -3.396192193031311035e-01 -6.994272768497467041e-02 0.000000000000000000e+00 2.000000000000000000e+00
3.094031982421875000e+02 2.500742797851562500e+02 2.303874816894531250e+02 9.326023459434509277e-01 -3.544703423976898193e-01 -6.785005331039428711e-02 0.000000000000000000e+00 2.000000000000000000e+00
3.100810546875000000e+02 2.498166351318359375e+02 2.303381652832031250e+02 9.297417402267456055e-01 -3.638229668140411377e-01 -5.668438971042633057e-02 0.000000000000000000e+00 2.000000000000000000e+00
3.107557983398437500e+02 2.495525970458984375e+02 2.302970275878906250e+02 9.291058182716369629e-01 -3.684321343898773193e-01 -3.193737193942070007e-02 0.000000000000000000e+00 2.000000000000000000e+00
3.114447326660156250e+02 2.492794036865234375e+02 2.302733459472656250e+02 9.296824932098388672e-01 -3.683166205883026123e-01 5.775653757154941559e-03 0.000000000000000000e+00 2.000000000000000000e+00
3.121619262695312500e+02 2.489952697753906250e+02 2.302778015136718750e+02 9.300717115402221680e-01 -3.636664152145385742e-01 5.208975076675415039e-02 0.000000000000000000e+00 2.000000000000000000e+00
3.129144287109375000e+02 2.487010345458984375e+02 2.303199462890625000e+02 9.297738671302795410e-01 -3.538342118263244629e-01 1.015972048044204712e-01 0.000000000000000000e+00 2.000000000000000000e+00
3.137021484375000000e+02 2.484012603759765625e+02 2.304060211181640625e+02 9.290017485618591309e-01 -3.385457098484039307e-01 1.494742035865783691e-01 0.000000000000000000e+00 2.000000000000000000e+00
3.145194396972656250e+02 2.481034240722656250e+02 2.305375213623046875e+02 9.280837178230285645e-01 -3.193044662475585938e-01 1.915860623121261597e-01 0.000000000000000000e+00 2.000000000000000000e+00
3.153573608398437500e+02 2.478151397705078125e+02 2.307104949951171875e+02 9.272426366806030273e-01 -2.992542088031768799e-01 2.250954955816268921e-01 0.000000000000000000e+00 2.000000000000000000e+00
3.162054138183593750e+02 2.475414428710937500e+02 2.309163665771484375e+02 9.265029430389404297e-01 -2.826177775859832764e-01 2.484339177608489990e-01 0.000000000000000000e+00 2.000000000000000000e+00
3.170523986816406250e+02 2.472830810546875000e+02 2.311434783935546875e+02 9.254700541496276855e-01 -2.736690640449523926e-01 2.619360387325286865e-01 0.000000000000000000e+00 2.000000000000000000e+00
3.178864746093750000e+02 2.470364379882812500e+02 2.313795471191406250e+02 9.235366582870483398e-01 -2.742124795913696289e-01 2.681185007095336914e-01 0.000000000000000000e+00 2.000000000000000000e+00
3.186958312988281250e+02 2.467961273193359375e+02 2.316145172119140625e+02 9.202263355255126953e-01 -2.829208672046661377e-01 2.704428136348724365e-01 0.000000000000000000e+00 2.000000000000000000e+00
3.194711608886718750e+02 2.465577545166015625e+02 2.318423767089843750e+02 9.153779149055480957e-01 -2.961003482341766357e-01 2.727779150009155273e-01 0.000000000000000000e+00 2.000000000000000000e+00
3.202077941894531250e+02 2.463194732666015625e+02 2.320618896484375000e+02 9.099631905555725098e-01 -3.084617555141448975e-01 2.771610617637634277e-01 0.000000000000000000e+00 2.000000000000000000e+00
3.209073486328125000e+02 2.460823364257812500e+02 2.322749633789062500e+02 9.054585695266723633e-01 -3.162609338760375977e-01 2.830614745616912842e-01 0.000000000000000000e+00 2.000000000000000000e+00
3.215773620605468750e+02 2.458483123779296875e+02 2.324844207763671875e+02 9.028894901275634766e-01 -3.197557032108306885e-01 2.873099744319915771e-01 0.000000000000000000e+00 2.000000000000000000e+00
3.222278747558593750e+02 2.456179351806640625e+02 2.326914215087890625e+02 9.017356038093566895e-01 -3.242801427841186523e-01 2.858590483665466309e-01 0.000000000000000000e+00 2.000000000000000000e+00
3.228681945800781250e+02 2.453876647949218750e+02 2.328944091796875000e+02 8.995628356933593750e-01 -3.372224867343902588e-01 2.776108086109161377e-01 0.000000000000000000e+00 2.000000000000000000e+00
3.235025634765625000e+02 2.451498565673828125e+02 2.330901794433593750e+02 8.920842409133911133e-01 -3.662457764148712158e-01 2.646690309047698975e-01 0.000000000000000000e+00 2.000000000000000000e+00
3.241287841796875000e+02 2.448927612304687500e+02 2.332759704589843750e+02 8.734795451164245605e-01 -4.163011312484741211e-01 2.524416446685791016e-01 0.000000000000000000e+00 2.000000000000000000e+00
3.247378540039062500e+02 2.446024780273437500e+02 2.334519958496093750e+02 8.371922373771667480e-01 -4.883400201797485352e-01 2.462382167577743530e-01 0.000000000000000000e+00 2.000000000000000000e+00
3.253153686523437500e+02 2.442656097412109375e+02 2.336218566894531250e+02 7.772487401962280273e-01 -5.775607824325561523e-01 2.496155649423599243e-01 0.000000000000000000e+00 2.000000000000000000e+00
3.258448486328125000e+02 2.438721618652343750e+02 2.337919006347656250e+02 6.908448934555053711e-01 -6.737299561500549316e-01 2.623381316661834717e-01 0.000000000000000000e+00 2.000000000000000000e+00
3.263104858398437500e+02 2.434180603027343750e+02 2.339687194824218750e+02 5.818821191787719727e-01 -7.630117535591125488e-01 2.814714312553405762e-01 0.000000000000000000e+00 2.000000000000000000e+00
3.267005310058593750e+02 2.429066009521484375e+02 2.341573944091796875e+02 4.606043994426727295e-01 -8.344355225563049316e-01 3.025904893875122070e-01 0.000000000000000000e+00 2.000000000000000000e+00
3.270091247558593750e+02 2.423475494384765625e+02 2.343601226806640625e+02 3.405039906501770020e-01 -8.830430507659912109e-01 3.229426443576812744e-01 0.000000000000000000e+00 2.000000000000000000e+00
3.272378234863281250e+02 2.417544555664062500e+02 2.345770263671875000e+02 2.321325093507766724e-01 -9.109387993812561035e-01 3.410353064537048340e-01 0.000000000000000000e+00 2.000000000000000000e+00
3.273940734863281250e+02 2.411412963867187500e+02 2.348065795898437500e+02 1.429490894079208374e-01 -9.231676459312438965e-01 3.568291962146759033e-01 0.000000000000000000e+00 2.000000000000000000e+00
3.274903869628906250e+02 2.405193023681640625e+02 2.350469970703125000e+02 7.683441042900085449e-02 -9.257460832595825195e-01 3.702577054500579834e-01 0.000000000000000000e+00 2.000000000000000000e+00
3.275422058105468750e+02 2.398949584960937500e+02 2.352967071533203125e+02 3.485657274723052979e-02 -9.236539602279663086e-01 3.816388249397277832e-01 0.000000000000000000e+00 2.000000000000000000e+00
3.275657653808593750e+02 2.392706604003906250e+02 2.355546569824218750e+02 1.708046160638332367e-02 -9.202098846435546875e-01 3.910526633262634277e-01 0.000000000000000000e+00 2.000000000000000000e+00
3.275773620605468750e+02 2.386458892822265625e+02 2.358201599121093750e+02 2.201635576784610748e-02 -9.168047904968261719e-01 3.987282514572143555e-01 0.000000000000000000e+00 2.000000000000000000e+00
3.275924072265625000e+02 2.380193786621093750e+02 2.360926361083984375e+02 4.650894552469253540e-02 -9.133470654487609863e-01 4.045170843601226807e-01 0.000000000000000000e+00 2.000000000000000000e+00
3.276244506835937500e+02 2.373901062011718750e+02 2.363713378906250000e+02 8.736580610275268555e-02 -9.087756872177124023e-01 4.080365300178527832e-01 0.000000000000000000e+00 2.000000000000000000e+00
3.276851501464843750e+02 2.367587127685546875e+02 2.366548309326171875e+02 1.402229219675064087e-01 -9.017040133476257324e-01 4.089834988117218018e-01 0.000000000000000000e+00 2.000000000000000000e+00
3.277832946777343750e+02 2.361275939941406250e+02 2.369410858154296875e+02 2.000788003206253052e-01 -8.912009596824645996e-01 4.070987403392791748e-01 0.000000000000000000e+00 2.000000000000000000e+00
3.279240417480468750e+02 2.355006713867187500e+02 2.372274627685546875e+02 2.622094452381134033e-01 -8.770222663879394531e-01 4.025892317295074463e-01 0.000000000000000000e+00 2.000000000000000000e+00
3.281091003417968750e+02 2.348816986083984375e+02 2.375115966796875000e+02 3.222284615039825439e-01 -8.598589301109313965e-01 3.959942162036895752e-01 0.000000000000000000e+00 2.000000000000000000e+00
3.283367919921875000e+02 2.342741088867187500e+02 2.377914123535156250e+02 3.767900764942169189e-01 -8.410662412643432617e-01 3.881196677684783936e-01 0.000000000000000000e+00 2.000000000000000000e+00
3.286032104492187500e+02 2.336794128417968750e+02 2.380658416748046875e+02 4.239000678062438965e-01 -8.220824003219604492e-01 3.801174461841583252e-01 0.000000000000000000e+00 2.000000000000000000e+00
3.289032592773437500e+02 2.330975189208984375e+02 2.383348999023437500e+02 4.631445407867431641e-01 -8.042300343513488770e-01 3.724395036697387695e-01 0.000000000000000000e+00 2.000000000000000000e+00
3.292316589355468750e+02 2.325272674560546875e+02 2.385989837646484375e+02 4.954505264759063721e-01 -7.878908514976501465e-01 3.657275140285491943e-01 0.000000000000000000e+00 2.000000000000000000e+00
3.295838317871093750e+02 2.319672241210937500e+02 2.388589477539062500e+02 5.222672224044799805e-01 -7.730196714401245117e-01 3.601075410842895508e-01 0.000000000000000000e+00 2.000000000000000000e+00
3.299561462402343750e+02 2.314161529541015625e+02 2.391156616210937500e+02 5.454902648925781250e-01 -7.590125799179077148e-01 3.554436862468719482e-01 0.000000000000000000e+00 2.000000000000000000e+00
3.303461608886718750e+02 2.308734741210937500e+02 2.393697967529296875e+02 5.669818520545959473e-01 -7.450867295265197754e-01 3.512512147426605225e-01 0.000000000000000000e+00 2.000000000000000000e+00
3.307526855468750000e+02 2.303392486572265625e+02 2.396216430664062500e+02 5.881710648536682129e-01 -7.305580973625183105e-01 3.469000160694122314e-01 0.000000000000000000e+00 2.000000000000000000e+00
3.311758117675781250e+02 2.298136901855468750e+02 2.398712005615234375e+02 6.106218695640563965e-01 -7.146878242492675781e-01 3.411192595958709717e-01 0.000000000000000000e+00 2.000000000000000000e+00
3.316168518066406250e+02 2.292974853515625000e+02 2.401175842285156250e+02 6.361255645751953125e-01 -6.966058015823364258e-01 3.317901194095611572e-01 0.000000000000000000e+00 2.000000000000000000e+00
3.320785827636718750e+02 2.287918548583984375e+02 2.403584136962890625e+02 6.655960679054260254e-01 -6.759098768234252930e-01 3.164295554161071777e-01 0.000000000000000000e+00 2.000000000000000000e+00
3.325650329589843750e+02 2.282978668212890625e+02 2.405896759033203125e+02 6.989207863807678223e-01 -6.522874236106872559e-01 2.933100461959838867e-01 0.000000000000000000e+00 2.000000000000000000e+00
3.330805053710937500e+02 2.278167877197265625e+02 2.408059997558593750e+02 7.349241375923156738e-01 -6.259101629257202148e-01 2.610037624835968018e-01 0.000000000000000000e+00 2.000000000000000000e+00
3.336289978027343750e+02 2.273496551513671875e+02 2.410007934570312500e+02 7.706223726272583008e-01 -5.979599952697753906e-01 2.204200476408004761e-01 0.000000000000000000e+00 2.000000000000000000e+00
3.342115478515625000e+02 2.268976287841796875e+02 2.411674194335937500e+02 8.031929731369018555e-01 -5.697665214538574219e-01 1.739173829555511475e-01 0.000000000000000000e+00 2.000000000000000000e+00
3.348256835937500000e+02 2.264619750976562500e+02 2.413003997802734375e+02 8.300463557243347168e-01 -5.435393452644348145e-01 1.248516216874122620e-01 0.000000000000000000e+00 2.000000000000000000e+00
3.354650878906250000e+02 2.260432739257812500e+02 2.413965759277343750e+02 8.497854471206665039e-01 -5.214529633522033691e-01 7.714538276195526123e-02 0.000000000000000000e+00 2.000000000000000000e+00
3.361209411621093750e+02 2.256408233642578125e+02 2.414561157226562500e+02 8.623237013816833496e-01 -5.051602721214294434e-01 3.479830175638198853e-02 0.000000000000000000e+00 2.000000000000000000e+00
3.367845458984375000e+02 2.252520751953125000e+02 2.414828948974609375e+02 8.682463765144348145e-01 -4.961293935775756836e-01 1.972562633454799652e-03 0.000000000000000000e+00 2.000000000000000000e+00
3.374494628906250000e+02 2.248721313476562500e+02 2.414844055175781250e+02 8.689434528350830078e-01 -4.945945739746093750e-01 -1.770906522870063782e-02 0.000000000000000000e+00 2.000000000000000000e+00
3.381128234863281250e+02 2.244945526123046875e+02 2.414708862304687500e+02 8.659139275550842285e-01 -4.996686875820159912e-01 -2.289657108485698700e-02 0.000000000000000000e+00 2.000000000000000000e+00
3.387741394042968750e+02 2.241129455566406250e+02 2.414533996582031250e+02 8.602265715599060059e-01 -5.096738934516906738e-01 -1.557746343314647675e-02 0.000000000000000000e+00 2.000000000000000000e+00
3.394330749511718750e+02 2.237225341796875000e+02 2.414414672851562500e+02 8.527137637138366699e-01 -5.223762392997741699e-01 -1.512115471996366978e-03 0.000000000000000000e+00 2.000000000000000000e+00
3.400870361328125000e+02 2.233219146728515625e+02 2.414403076171875000e+02 8.438555002212524414e-01 -5.364573001861572266e-01 1.101706922054290771e-02 0.000000000000000000e+00 2.000000000000000000e+00
3.407310180664062500e+02 2.229125213623046875e+02 2.414487152099609375e+02 8.342895507812500000e-01 -5.511597394943237305e-01 1.355958729982376099e-02 0.000000000000000000e+00 2.000000000000000000e+00
3.413591003417968750e+02 2.224975891113281250e+02 2.414589233398437500e+02 8.245639801025390625e-01 -5.657683014869689941e-01 -6.633660523220896721e-04 0.000000000000000000e+00 2.000000000000000000e+00
3.419660339355468750e+02 2.220811462402343750e+02 2.414584350585937500e+02 8.146757483482360840e-01 -5.789629220962524414e-01 -3.324728831648826599e-02 0.000000000000000000e+00 2.000000000000000000e+00
3.425496826171875000e+02 2.216663665771484375e+02 2.414346160888671875e+02 8.039806485176086426e-01 -5.893033742904663086e-01 -7.960312068462371826e-02 0.000000000000000000e+00 2.000000000000000000e+00
3.431114196777343750e+02 2.212546234130859375e+02 2.413789978027343750e+02 7.923675179481506348e-01 -5.962644815444946289e-01 -1.289280503988265991e-01 0.000000000000000000e+00 2.000000000000000000e+00
3.436555175781250000e+02 2.208451843261718750e+02 2.412904663085937500e+02 7.813963294029235840e-01 -6.006690263748168945e-01 -1.691643446683883667e-01 0.000000000000000000e+00 2.000000000000000000e+00
3.441875915527343750e+02 2.204361724853515625e+02 2.411752777099609375e+02 7.725290656089782715e-01 -6.049099564552307129e-01 -1.930873990058898926e-01 0.000000000000000000e+00 2.000000000000000000e+00
3.447129211425781250e+02 2.200248260498046875e+02 2.410439758300781250e+02 7.657988667488098145e-01 -6.108950376510620117e-01 -2.008964270353317261e-01 0.000000000000000000e+00 2.000000000000000000e+00
3.452355346679687500e+02 2.196079254150390625e+02 2.409068756103515625e+02 7.597489356994628906e-01 -6.193349957466125488e-01 -1.980043351650238037e-01 0.000000000000000000e+00 2.000000000000000000e+00
3.457579040527343750e+02 2.191820983886718750e+02 2.407707366943359375e+02 7.519936561584472656e-01 -6.305860280990600586e-01 -1.920072585344314575e-01 0.000000000000000000e+00 2.000000000000000000e+00
3.462802734375000000e+02 2.187440643310546875e+02 2.406373596191406250e+02 7.413295507431030273e-01 -6.441515684127807617e-01 -1.884125918149948120e-01 0.000000000000000000e+00 2.000000000000000000e+00
3.468017578125000000e+02 2.182909393310546875e+02 2.405048217773437500e+02 7.270552515983581543e-01 -6.597915887832641602e-01 -1.899095177650451660e-01 0.000000000000000000e+00 2.000000000000000000e+00
3.473199768066406250e+02 2.178206634521484375e+02 2.403694610595703125e+02 7.095439434051513672e-01 -6.769171357154846191e-01 -1.957821995019912720e-01 0.000000000000000000e+00 2.000000000000000000e+00
3.478320007324218750e+02 2.173321838378906250e+02 2.402281799316406250e+02 6.904587745666503906e-01 -6.935157179832458496e-01 -2.056761384010314941e-01 0.000000000000000000e+00 2.000000000000000000e+00
3.483351745605468750e+02 2.168267822265625000e+02 2.400782928466796875e+02 6.714503169059753418e-01 -7.081640362739562988e-01 -2.183076292276382446e-01 0.000000000000000000e+00 2.000000000000000000e+00
3.488280029296875000e+02 2.163070068359375000e+02 2.399180603027343750e+02 6.543515324592590332e-01 -7.192238569259643555e-01 -2.335402965545654297e-01 0.000000000000000000e+00 2.000000000000000000e+00
3.493105163574218750e+02 2.157766571044921875e+02 2.397458496093750000e+02 6.414495706558227539e-01 -7.248454689979553223e-01 -2.512797713279724121e-01 0.000000000000000000e+00 2.000000000000000000e+00
3.497854919433593750e+02 2.152399291992187500e+02 2.395597839355468750e+02 6.352444291114807129e-01 -7.233748435974121094e-01 -2.705427706241607666e-01 0.000000000000000000e+00 2.000000000000000000e+00
3.502582092285156250e+02 2.147016296386718750e+02 2.393584594726562500e+02 6.379398107528686523e-01 -7.133786082267761230e-01 -2.900411486625671387e-01 0.000000000000000000e+00 2.000000000000000000e+00
3.507360229492187500e+02 2.141673126220703125e+02 2.391412200927734375e+02 6.508088707923889160e-01 -6.936859488487243652e-01 -3.086220324039459229e-01 0.000000000000000000e+00 2.000000000000000000e+00
3.512265625000000000e+02 2.136444549560546875e+02 2.389085998535156250e+02 6.734802722930908203e-01 -6.636852025985717773e-01 -3.254939615726470947e-01 0.000000000000000000e+00 2.000000000000000000e+00
3.517364501953125000e+02 2.131419830322265625e+02 2.386621704101562500e+02 7.041544914245605469e-01 -6.230717301368713379e-01 -3.405112624168395996e-01 0.000000000000000000e+00 2.000000000000000000e+00
3.522696838378906250e+02 2.126701507568359375e+02 2.384043121337890625e+02 7.394705414772033691e-01 -5.729030370712280273e-01 -3.535045683383941650e-01 0.000000000000000000e+00 2.000000000000000000e+00
3.528258361816406250e+02 2.122392730712890625e+02 2.381384429931640625e+02 7.761731743812561035e-01 -5.142378807067871094e-01 -3.648487329483032227e-01 0.000000000000000000e+00 2.000000000000000000e+00
3.534012451171875000e+02 2.118580474853515625e+02 2.378679656982421875e+02 8.111363053321838379e-01 -4.487811625003814697e-01 -3.750376999378204346e-01 0.000000000000000000e+00 2.000000000000000000e+00
3.539906921386718750e+02 2.115319213867187500e+02 2.375954284667968750e+02 8.419272303581237793e-01 -3.786765038967132568e-01 -3.843990862369537354e-01 0.000000000000000000e+00 2.000000000000000000e+00
3.545900878906250000e+02 2.112623291015625000e+02 2.373217620849609375e+02 8.666561245918273926e-01 -3.076731264591217041e-01 -3.927395343780517578e-01 0.000000000000000000e+00 2.000000000000000000e+00
3.551986999511718750e+02 2.110462646484375000e+02 2.370459594726562500e+02 8.839784860610961914e-01 -2.415947169065475464e-01 -4.002675414085388184e-01 0.000000000000000000e+00 2.000000000000000000e+00
3.558194274902343750e+02 2.108766174316406250e+02 2.367648925781250000e+02 8.940480947494506836e-01 -1.866522282361984253e-01 -4.072334468364715576e-01 0.000000000000000000e+00 2.000000000000000000e+00
3.564571228027343750e+02 2.107434844970703125e+02 2.364744262695312500e+02 8.980389237403869629e-01 -1.469510644674301147e-01 -4.146461486816406250e-01 0.000000000000000000e+00 2.000000000000000000e+00
3.571148986816406250e+02 2.106358489990234375e+02 2.361707153320312500e+02 8.979218006134033203e-01 -1.228502988815307617e-01 -4.226633012294769287e-01 0.000000000000000000e+00 2.000000000000000000e+00
3.577922058105468750e+02 2.105431823730468750e+02 2.358518981933593750e+02 8.951426148414611816e-01 -1.120952516794204712e-01 -4.314561188220977783e-01 0.000000000000000000e+00 2.000000000000000000e+00
3.584838256835937500e+02 2.104565734863281250e+02 2.355185394287109375e+02 8.908116817474365234e-01 -1.116384342312812805e-01 -4.404445588588714600e-01 0.000000000000000000e+00 2.000000000000000000e+00
3.591824645996093750e+02 2.103690185546875000e+02 2.351731109619140625e+02 8.857051730155944824e-01 -1.182203516364097595e-01 -4.489434361457824707e-01 0.000000000000000000e+00 2.000000000000000000e+00
3.598814086914062500e+02 2.102757263183593750e+02 2.348188323974609375e+02 8.803044557571411133e-01 -1.292202472686767578e-01 -4.564713239669799805e-01 0.000000000000000000e+00 2.000000000000000000e+00
3.605769348144531250e+02 2.101736297607421875e+02 2.344581756591796875e+02 8.750936985015869141e-01 -1.417788416147232056e-01 -4.627198278903961182e-01 0.000000000000000000e+00 2.000000000000000000e+00
3.612691650390625000e+02 2.100614776611328125e+02 2.340921478271484375e+02 8.697137832641601562e-01 -1.540754288434982300e-01 -4.688909947872161865e-01 0.000000000000000000e+00 2.000000000000000000e+00
3.619601135253906250e+02 2.099390716552734375e+02 2.337196350097656250e+02 8.640457987785339355e-01 -1.645002961158752441e-01 -4.757778346538543701e-01 0.000000000000000000e+00 2.000000000000000000e+00
3.626519470214843750e+02 2.098073577880859375e+02 2.333386840820312500e+02 8.579800724983215332e-01 -1.725431680679321289e-01 -4.838378131389617920e-01 0.000000000000000000e+00 2.000000000000000000e+00
3.633458251953125000e+02 2.096678161621093750e+02 2.329473876953125000e+02 8.518260717391967773e-01 -1.771790832281112671e-01 -4.929502308368682861e-01 0.000000000000000000e+00 2.000000000000000000e+00
3.640420837402343750e+02 2.095229949951171875e+02 2.325444641113281250e+02 8.464615345001220703e-01 -1.768513172864913940e-01 -5.022215247154235840e-01 0.000000000000000000e+00 2.000000000000000000e+00
3.647409362792968750e+02 2.093769836425781250e+02 2.321298217773437500e+02 8.429796099662780762e-01 -1.701188236474990845e-01 -5.103381872177124023e-01 0.000000000000000000e+00 2.000000000000000000e+00
3.654436645507812500e+02 2.092351684570312500e+02 2.317043914794921875e+02 8.423259258270263672e-01 -1.567620784044265747e-01 -5.156671404838562012e-01 0.000000000000000000e+00 2.000000000000000000e+00
3.661511535644531250e+02 2.091035003662109375e+02 2.312712707519531250e+02 8.446680307388305664e-01 -1.389249414205551147e-01 -5.169485807418823242e-01 0.000000000000000000e+00 2.000000000000000000e+00
3.668629150390625000e+02 2.089864349365234375e+02 2.308356628417968750e+02 8.494282960891723633e-01 -1.207431331276893616e-01 -5.137048363685607910e-01 0.000000000000000000e+00 2.000000000000000000e+00
3.675744018554687500e+02 2.088852996826171875e+02 2.304053802490234375e+02 8.556911349296569824e-01 -1.068217158317565918e-01 -5.063416361808776855e-01 0.000000000000000000e+00 2.000000000000000000e+00
3.682755126953125000e+02 2.087977752685546875e+02 2.299905090332031250e+02 8.625973463058471680e-01 -1.002294570207595825e-01 -4.958628118038177490e-01 0.000000000000000000e+00 2.000000000000000000e+00
3.689505004882812500e+02 2.087193450927734375e+02 2.296024932861328125e+02 8.692035675048828125e-01 -1.017915904521942139e-01 -4.838632643222808838e-01 0.000000000000000000e+00 2.000000000000000000e+00
3.695794372558593750e+02 2.086456909179687500e+02 2.292523803710937500e+02 8.749570250511169434e-01 -1.100104674696922302e-01 -4.715378284454345703e-01 0.000000000000000000e+00 2.000000000000000000e+00
3.701419372558593750e+02 2.085749664306640625e+02 2.289492340087890625e+02 8.794393539428710938e-01 -1.222751364111900330e-01 -4.600381255149841309e-01 0.000000000000000000e+00 2.000000000000000000e+00
3.706207580566406250e+02 2.085083923339843750e+02 2.286987609863281250e+02 8.826283216476440430e-01 -1.359181851148605347e-01 -4.499927461147308350e-01 0.000000000000000000e+00 2.000000000000000000e+00
3.710056152343750000e+02 2.084491271972656250e+02 2.285025482177734375e+02 8.826283216476440430e-01 -1.359181851148605347e-01 -4.499927461147308350e-01 0.000000000000000000e+00 2.000000000000000000e+00
