4.418642272949218750e+02 1.675332183837890625e+02 4.291064071655273438e+01 -6.793118119239807129e-01 -7.020984292030334473e-01 -2.135256230831146240e-01 0.000000000000000000e+00 2.000000000000000000e+00
4.420866699218750000e+02 1.677631225585937500e+02 4.298056030273437500e+01 -6.785359382629394531e-01 -7.025909423828125000e-01 -2.143712490797042847e-01 0.000000000000000000e+00 2.000000000000000000e+00
4.423767700195312500e+02 1.680635070800781250e+02 4.307221221923828125e+01 -6.770315766334533691e-01 -7.035462856292724609e-01 -2.159878313541412354e-01 0.000000000000000000e+00 2.000000000000000000e+00
4.427297668457031250e+02 1.684303283691406250e+02 4.318482589721679688e+01 -6.745004057884216309e-01 -7.050622701644897461e-01 -2.189439386129379272e-01 0.000000000000000000e+00 2.000000000000000000e+00
4.431338806152343750e+02 1.688527526855468750e+02 4.331600189208984375e+01 -6.691349744796752930e-01 -7.083542943000793457e-01 -2.247054129838943481e-01 0.000000000000000000e+00 2.000000000000000000e+00
4.435709838867187500e+02 1.693154754638671875e+02 4.346278762817382812e+01 -6.595257520675659180e-01 -7.141392827033996582e-01 -2.345864474773406982e-01 0.000000000000000000e+00 2.000000000000000000e+00
4.440205993652343750e+02 1.698023223876953125e+02 4.362271118164062500e+01 -6.431568264961242676e-01 -7.236237525939941406e-01 -2.504355013370513916e-01 0.000000000000000000e+00 2.000000000000000000e+00
4.444616088867187500e+02 1.702985076904296875e+02 4.379443359375000000e+01 -6.152155399322509766e-01 -7.387717366218566895e-01 -2.751839756965637207e-01 0.000000000000000000e+00 2.000000000000000000e+00
4.448714294433593750e+02 1.707906341552734375e+02 4.397774505615234375e+01 -5.681533217430114746e-01 -7.613683938980102539e-01 -3.122818171977996826e-01 0.000000000000000000e+00 2.000000000000000000e+00
4.452267456054687500e+02 1.712667846679687500e+02 4.417304229736328125e+01 -4.882272481918334961e-01 -7.924216985702514648e-01 -3.656529486179351807e-01 0.000000000000000000e+00 2.000000000000000000e+00
4.455038757324218750e+02 1.717165832519531250e+02 4.438059616088867188e+01 -3.531143069267272949e-01 -8.271427750587463379e-01 -4.372014403343200684e-01 0.000000000000000000e+00 2.000000000000000000e+00
4.456812744140625000e+02 1.721321258544921875e+02 4.460023880004882812e+01 -1.389681994915008545e-01 -8.449743986129760742e-01 -5.164358615875244141e-01 0.000000000000000000e+00 2.000000000000000000e+00
4.457433776855468750e+02 1.725097351074218750e+02 4.483102798461914062e+01 1.351992636919021606e-01 -8.109429478645324707e-01 -5.692914128303527832e-01 0.000000000000000000e+00 2.000000000000000000e+00
4.456862182617187500e+02 1.728525848388671875e+02 4.507171249389648438e+01 3.826217055320739746e-01 -7.269812822341918945e-01 -5.701743960380554199e-01 0.000000000000000000e+00 2.000000000000000000e+00
4.455188293457031250e+02 1.731706237792968750e+02 4.532115173339843750e+01 5.385736227035522461e-01 -6.466788649559020996e-01 -5.401341915130615234e-01 0.000000000000000000e+00 2.000000000000000000e+00
4.452621154785156250e+02 1.734788665771484375e+02 4.557860946655273438e+01 6.128368377685546875e-01 -6.037866473197937012e-01 -5.097772479057312012e-01 0.000000000000000000e+00 2.000000000000000000e+00
4.449428405761718750e+02 1.737934265136718750e+02 4.584419250488281250e+01 6.360509395599365234e-01 -5.960389971733093262e-01 -4.900781810283660889e-01 0.000000000000000000e+00 2.000000000000000000e+00
4.445865173339843750e+02 1.741273345947265625e+02 4.611874008178710938e+01 6.318922042846679688e-01 -6.082065701484680176e-01 -4.804134070873260498e-01 0.000000000000000000e+00 2.000000000000000000e+00
4.442120056152343750e+02 1.744878082275390625e+02 4.640347290039062500e+01 6.160771846771240234e-01 -6.264577507972717285e-01 -4.774931073188781738e-01 0.000000000000000000e+00 2.000000000000000000e+00
4.438307495117187500e+02 1.748754882812500000e+02 4.669896697998046875e+01 5.989033579826354980e-01 -6.423914432525634766e-01 -4.781715571880340576e-01 0.000000000000000000e+00 2.000000000000000000e+00
4.434478759765625000e+02 1.752861633300781250e+02 4.700465774536132812e+01 5.857349634170532227e-01 -6.527783274650573730e-01 -4.804112017154693604e-01 0.000000000000000000e+00 2.000000000000000000e+00
4.430656738281250000e+02 1.757121124267578125e+02 4.731813430786132812e+01 5.772370696067810059e-01 -6.584182977676391602e-01 -4.829934537410736084e-01 0.000000000000000000e+00 2.000000000000000000e+00
4.426875610351562500e+02 1.761434020996093750e+02 4.763451385498046875e+01 5.726199150085449219e-01 -6.608230471611022949e-01 -4.852003157138824463e-01 0.000000000000000000e+00 2.000000000000000000e+00
4.423195495605468750e+02 1.765680999755859375e+02 4.794634246826171875e+01 5.695890188217163086e-01 -6.621990203857421875e-01 -4.868890047073364258e-01 0.000000000000000000e+00 2.000000000000000000e+00
4.419713745117187500e+02 1.769728851318359375e+02 4.824396514892578125e+01 5.683499574661254883e-01 -6.625105142593383789e-01 -4.879119694232940674e-01 0.000000000000000000e+00 2.000000000000000000e+00
4.416538085937500000e+02 1.773430633544921875e+02 4.851658630371093750e+01 5.681835412979125977e-01 -6.621376276016235352e-01 -4.886114895343780518e-01 0.000000000000000000e+00 2.000000000000000000e+00
4.413777160644531250e+02 1.776648101806640625e+02 4.875401306152343750e+01 5.682533979415893555e-01 -6.618643403053283691e-01 -4.889005422592163086e-01 0.000000000000000000e+00 2.000000000000000000e+00
4.411513366699218750e+02 1.779284820556640625e+02 4.894878005981445312e+01 6.343577504158020020e-01 -7.369765639305114746e-01 -2.333577871322631836e-01 0.000000000000000000e+00 2.000000000000000000e+00
4.399313354492187500e+02 1.793458404541015625e+02 4.939757537841796875e+01 8.372062444686889648e-01 -4.633037149906158447e-01 -2.905775308609008789e-01 0.000000000000000000e+00 2.000000000000000000e+00
4.392548828125000000e+02 1.797201843261718750e+02 4.963235855102539062e+01 8.402514457702636719e-01 -4.496154487133026123e-01 -3.030239045619964600e-01 0.000000000000000000e+00 2.000000000000000000e+00
4.385705566406250000e+02 1.800863647460937500e+02 4.987915039062500000e+01 8.444619774818420410e-01 -4.342893958091735840e-01 -3.134911358356475830e-01 0.000000000000000000e+00 2.000000000000000000e+00
4.378781127929687500e+02 1.804424743652343750e+02 5.013620758056640625e+01 8.506370186805725098e-01 -4.162644445896148682e-01 -3.211551904678344727e-01 0.000000000000000000e+00 2.000000000000000000e+00
4.371770935058593750e+02 1.807855224609375000e+02 5.040087509155273438e+01 8.582980036735534668e-01 -3.947454392910003662e-01 -3.278726935386657715e-01 0.000000000000000000e+00 2.000000000000000000e+00
4.364678955078125000e+02 1.811116943359375000e+02 5.067179107666015625e+01 8.661423325538635254e-01 -3.691215813159942627e-01 -3.369669020175933838e-01 0.000000000000000000e+00 2.000000000000000000e+00
4.357515869140625000e+02 1.814169616699218750e+02 5.095046615600585938e+01 8.725170493125915527e-01 -3.392280638217926025e-01 -3.516223132610321045e-01 0.000000000000000000e+00 2.000000000000000000e+00
4.350305480957031250e+02 1.816972961425781250e+02 5.124104309082031250e+01 8.760656118392944336e-01 -3.055457472801208496e-01 -3.730293810367584229e-01 0.000000000000000000e+00 2.000000000000000000e+00
4.343083190917968750e+02 1.819491882324218750e+02 5.154856872558593750e+01 8.763670325279235840e-01 -2.685647010803222656e-01 -3.998171389102935791e-01 0.000000000000000000e+00 2.000000000000000000e+00
4.335889282226562500e+02 1.821696472167968750e+02 5.187677001953125000e+01 8.738277554512023926e-01 -2.287526726722717285e-01 -4.290657043457031250e-01 0.000000000000000000e+00 2.000000000000000000e+00
4.328766479492187500e+02 1.823561096191406250e+02 5.222651290893554688e+01 8.695384263992309570e-01 -1.870243698358535767e-01 -4.570829272270202637e-01 0.000000000000000000e+00 2.000000000000000000e+00
4.321754455566406250e+02 1.825069274902343750e+02 5.259510803222656250e+01 8.642475008964538574e-01 -1.440796405076980591e-01 -4.819930493831634521e-01 0.000000000000000000e+00 2.000000000000000000e+00
4.314884338378906250e+02 1.826214599609375000e+02 5.297825622558593750e+01 -8.581042885780334473e-01 1.015883386135101318e-01 5.033258199691772461e-01 0.000000000000000000e+00 2.000000000000000000e+00
4.308175659179687500e+02 1.827008819580078125e+02 5.337175750732421875e+01 -8.509529829025268555e-01 6.112563237547874451e-02 5.216729044914245605e-01 0.000000000000000000e+00 2.000000000000000000e+00
4.301637268066406250e+02 1.827478485107421875e+02 5.377259063720703125e+01 -8.426859974861145020e-01 2.487753145396709442e-02 5.378302335739135742e-01 0.000000000000000000e+00 2.000000000000000000e+00
4.295269470214843750e+02 1.827666473388671875e+02 5.417900466918945312e+01 -8.338392376899719238e-01 -5.068121012300252914e-03 5.519840121269226074e-01 0.000000000000000000e+00 2.000000000000000000e+00
4.289068603515625000e+02 1.827628784179687500e+02 5.458948898315429688e+01 -8.247193694114685059e-01 -2.783871814608573914e-02 5.648565292358398438e-01 0.000000000000000000e+00 2.000000000000000000e+00
4.283042907714843750e+02 1.827425384521484375e+02 5.500219345092773438e+01 -8.157368898391723633e-01 -4.376646131277084351e-02 5.767650008201599121e-01 0.000000000000000000e+00 2.000000000000000000e+00
4.277207031250000000e+02 1.827112274169921875e+02 5.541481781005859375e+01 -8.063328266143798828e-01 -5.341140180826187134e-02 5.890455245971679688e-01 0.000000000000000000e+00 2.000000000000000000e+00
4.271581726074218750e+02 1.826739654541015625e+02 5.582575988769531250e+01 -7.949495911598205566e-01 -5.823509767651557922e-02 6.038740873336791992e-01 0.000000000000000000e+00 2.000000000000000000e+00
4.266191101074218750e+02 1.826344757080078125e+02 5.623525238037109375e+01 -7.799053788185119629e-01 -5.877044796943664551e-02 6.231321096420288086e-01 0.000000000000000000e+00 2.000000000000000000e+00
4.261045837402343750e+02 1.825957031250000000e+02 5.664635086059570312e+01 -7.597934603691101074e-01 -5.476734042167663574e-02 6.478536725044250488e-01 0.000000000000000000e+00 2.000000000000000000e+00
4.256141052246093750e+02 1.825603485107421875e+02 5.706456756591796875e+01 -7.343309521675109863e-01 -4.417478293180465698e-02 6.773526668548583984e-01 0.000000000000000000e+00 2.000000000000000000e+00
4.251461181640625000e+02 1.825321960449218750e+02 5.749624252319335938e+01 -7.048343420028686523e-01 -2.327668480575084686e-02 7.089900374412536621e-01 0.000000000000000000e+00 2.000000000000000000e+00
4.246983947753906250e+02 1.825174102783203125e+02 5.794660568237304688e+01 -6.732786893844604492e-01 1.261978503316640854e-02 7.392811179161071777e-01 0.000000000000000000e+00 2.000000000000000000e+00
4.242693786621093750e+02 1.825254516601562500e+02 5.841767883300781250e+01 -6.411258578300476074e-01 6.833114475011825562e-02 7.643876671791076660e-01 0.000000000000000000e+00 2.000000000000000000e+00
4.238589172363281250e+02 1.825691986083984375e+02 5.890705490112304688e+01 -6.079620122909545898e-01 1.488473415374755859e-01 7.798888683319091797e-01 0.000000000000000000e+00 2.000000000000000000e+00
4.234693298339843750e+02 1.826645812988281250e+02 5.940681457519531250e+01 -5.711365342140197754e-01 2.566426694393157959e-01 7.797036170959472656e-01 0.000000000000000000e+00 2.000000000000000000e+00
4.231053771972656250e+02 1.828281250000000000e+02 5.990367507934570312e+01 -5.262616276741027832e-01 3.911665380001068115e-01 7.550082206726074219e-01 0.000000000000000000e+00 2.000000000000000000e+00
4.227732238769531250e+02 1.830750122070312500e+02 6.038020324707031250e+01 -4.687052965164184570e-01 5.429956316947937012e-01 6.967576146125793457e-01 0.000000000000000000e+00 2.000000000000000000e+00
4.224792175292968750e+02 1.834156188964843750e+02 6.081726074218750000e+01 -3.994897603988647461e-01 6.923473477363586426e-01 6.008852720260620117e-01 0.000000000000000000e+00 2.000000000000000000e+00
4.222271728515625000e+02 1.838524322509765625e+02 6.119636917114257812e+01 -3.267019987106323242e-01 8.167787194252014160e-01 4.755400419235229492e-01 0.000000000000000000e+00 2.000000000000000000e+00
4.220167846679687500e+02 1.843784179687500000e+02 6.150260543823242188e+01 -2.627874612808227539e-01 9.036459326744079590e-01 3.381815552711486816e-01 0.000000000000000000e+00 2.000000000000000000e+00
4.218428039550781250e+02 1.849766845703125000e+02 6.172650146484375000e+01 -2.171931564807891846e-01 9.545589685440063477e-01 2.040693759918212891e-01 0.000000000000000000e+00 2.000000000000000000e+00
4.216957702636718750e+02 1.856228942871093750e+02 6.186465072631835938e+01 -1.931464821100234985e-01 9.778348207473754883e-01 8.083003759384155273e-02 0.000000000000000000e+00 2.000000000000000000e+00
4.215640258789062500e+02 1.862898712158203125e+02 6.191978454589843750e+01 -1.895806193351745605e-01 9.814130067825317383e-01 -2.979285456240177155e-02 0.000000000000000000e+00 2.000000000000000000e+00
4.214360046386718750e+02 1.869526062011718750e+02 6.189966583251953125e+01 -2.018648087978363037e-01 9.711446762084960938e-01 -1.269985139369964600e-01 0.000000000000000000e+00 2.000000000000000000e+00
4.213028869628906250e+02 1.875930175781250000e+02 6.181591796875000000e+01 -2.247973382472991943e-01 9.515626430511474609e-01 -2.097492665052413940e-01 0.000000000000000000e+00 2.000000000000000000e+00
4.211589965820312500e+02 1.882021026611328125e+02 6.168165969848632812e+01 -2.535166144371032715e-01 9.272467494010925293e-01 -2.755772769451141357e-01 0.000000000000000000e+00 2.000000000000000000e+00
4.210013122558593750e+02 1.887788391113281250e+02 6.151025390625000000e+01 -2.838035225868225098e-01 9.023476839065551758e-01 -3.243826925754547119e-01 0.000000000000000000e+00 2.000000000000000000e+00
4.208286437988281250e+02 1.893278350830078125e+02 6.131289672851562500e+01 -3.145264387130737305e-01 8.791854381561279297e-01 -3.579192459583282471e-01 0.000000000000000000e+00 2.000000000000000000e+00
4.206397094726562500e+02 1.898559570312500000e+02 6.109789657592773438e+01 -3.456595540046691895e-01 8.580775260925292969e-01 -3.797663152217864990e-01 0.000000000000000000e+00 2.000000000000000000e+00
4.204329528808593750e+02 1.903692169189453125e+02 6.087073898315429688e+01 -3.776883184909820557e-01 8.382490873336791992e-01 -3.933064937591552734e-01 0.000000000000000000e+00 2.000000000000000000e+00
4.202066650390625000e+02 1.908714447021484375e+02 6.063509368896484375e+01 -4.101673066616058350e-01 8.190912604331970215e-01 -4.010638892650604248e-01 0.000000000000000000e+00 2.000000000000000000e+00
4.199600219726562500e+02 1.913639831542968750e+02 6.039392471313476562e+01 -4.410631060600280762e-01 8.011286258697509766e-01 -4.045444726943969727e-01 0.000000000000000000e+00 2.000000000000000000e+00
4.196945495605468750e+02 1.918461761474609375e+02 6.015043258666992188e+01 -4.693938195705413818e-01 7.853114008903503418e-01 -4.036774039268493652e-01 0.000000000000000000e+00 2.000000000000000000e+00
4.194133300781250000e+02 1.923166656494140625e+02 5.990858459472656250e+01 -4.936377108097076416e-01 7.733142375946044922e-01 -3.978779017925262451e-01 0.000000000000000000e+00 2.000000000000000000e+00
4.191208190917968750e+02 1.927749023437500000e+02 5.967281723022460938e+01 -5.144336223602294922e-01 7.656893134117126465e-01 -3.861062526702880859e-01 0.000000000000000000e+00 2.000000000000000000e+00
4.188205871582031250e+02 1.932217712402343750e+02 5.944747924804687500e+01 -5.322655439376831055e-01 7.631756663322448730e-01 -3.664099872112274170e-01 0.000000000000000000e+00 2.000000000000000000e+00
4.185143737792968750e+02 1.936608276367187500e+02 5.923668289184570312e+01 -5.480756163597106934e-01 7.652932405471801758e-01 -3.375490605831146240e-01 0.000000000000000000e+00 2.000000000000000000e+00
4.182019042968750000e+02 1.940971374511718750e+02 5.904423904418945312e+01 -5.619046092033386230e-01 7.712463140487670898e-01 -2.990691661834716797e-01 0.000000000000000000e+00 2.000000000000000000e+00
4.178817443847656250e+02 1.945365753173828125e+02 5.887383651733398438e+01 -5.619046092033386230e-01 7.712463140487670898e-01 -2.990691661834716797e-01 0.000000000000000000e+00 2.000000000000000000e+00
