3.184455871582031250e+02 2.733786315917968750e+02 6.336895370483398438e+01 9.357852935791015625e-01 -3.525681197643280029e-01 1.323440345004200935e-03 0.000000000000000000e+00 2.000000000000000000e+00
3.176552734375000000e+02 2.736763916015625000e+02 6.336783599853515625e+01 9.382579326629638672e-01 -3.459314405918121338e-01 -1.847962965257465839e-03 0.000000000000000000e+00 2.000000000000000000e+00
3.168650512695312500e+02 2.739677429199218750e+02 6.336939239501953125e+01 9.407284855842590332e-01 -3.391306698322296143e-01 -4.509619902819395065e-03 0.000000000000000000e+00 2.000000000000000000e+00
3.160756530761718750e+02 2.742523193359375000e+02 6.337317657470703125e+01 9.434406161308288574e-01 -3.315166831016540527e-01 -4.058044869452714920e-03 0.000000000000000000e+00 2.000000000000000000e+00
3.152881164550781250e+02 2.745290527343750000e+02 6.337656402587890625e+01 9.463556408882141113e-01 -3.231224715709686279e-01 1.679861336015164852e-03 0.000000000000000000e+00 2.000000000000000000e+00
3.145037231445312500e+02 2.747968750000000000e+02 6.337517166137695312e+01 9.491392374038696289e-01 -3.145444393157958984e-01 1.401592139154672623e-02 0.000000000000000000e+00 2.000000000000000000e+00
3.137251281738281250e+02 2.750549011230468750e+02 6.336367416381835938e+01 9.512933492660522461e-01 -3.065572082996368408e-01 3.261226788163185120e-02 0.000000000000000000e+00 2.000000000000000000e+00
3.129557800292968750e+02 2.753028259277343750e+02 6.333729934692382812e+01 9.526613950729370117e-01 -2.989253401756286621e-01 5.549674853682518005e-02 0.000000000000000000e+00 2.000000000000000000e+00
3.121983337402343750e+02 2.755404968261718750e+02 6.329317474365234375e+01 9.537724852561950684e-01 -2.899646461009979248e-01 7.898502051830291748e-02 0.000000000000000000e+00 2.000000000000000000e+00
3.114526062011718750e+02 2.757672119140625000e+02 6.323141860961914062e+01 9.556446075439453125e-01 -2.776577472686767578e-01 9.823272377252578735e-02 0.000000000000000000e+00 2.000000000000000000e+00
3.107134704589843750e+02 2.759819641113281250e+02 6.315544128417968750e+01 9.592791199684143066e-01 -2.608039975166320801e-01 1.084661856293678284e-01 0.000000000000000000e+00 2.000000000000000000e+00
3.099712829589843750e+02 2.761837463378906250e+02 6.307152175903320312e+01 9.648625254631042480e-01 -2.400287091732025146e-01 1.068950816988945007e-01 0.000000000000000000e+00 2.000000000000000000e+00
3.092146301269531250e+02 2.763719787597656250e+02 6.298769378662109375e+01 9.712654352188110352e-01 -2.185185700654983521e-01 9.430241584777832031e-02 0.000000000000000000e+00 2.000000000000000000e+00
3.084348144531250000e+02 2.765474243164062500e+02 6.291197967529296875e+01 9.771144986152648926e-01 -1.993386149406433105e-01 7.423845678567886353e-02 0.000000000000000000e+00 2.000000000000000000e+00
3.076291198730468750e+02 2.767117919921875000e+02 6.285076522827148438e+01 9.813387393951416016e-01 -1.852811574935913086e-01 5.143180489540100098e-02 0.000000000000000000e+00 2.000000000000000000e+00
3.068015441894531250e+02 2.768680419921875000e+02 6.280739212036132812e+01 9.834743738174438477e-01 -1.784435212612152100e-01 3.059299476444721222e-02 0.000000000000000000e+00 2.000000000000000000e+00
3.059609069824218750e+02 2.770205688476562500e+02 6.278124237060546875e+01 9.836434125900268555e-01 -1.793840676546096802e-01 1.634279452264308929e-02 0.000000000000000000e+00 2.000000000000000000e+00
3.051166687011718750e+02 2.771745300292968750e+02 6.276721572875976562e+01 9.819894433021545410e-01 -1.885097622871398926e-01 1.267924997955560684e-02 0.000000000000000000e+00 2.000000000000000000e+00
3.042755432128906250e+02 2.773359985351562500e+02 6.275635528564453125e+01 9.787673354148864746e-01 -2.037235498428344727e-01 2.260812744498252869e-02 0.000000000000000000e+00 2.000000000000000000e+00
3.034405517578125000e+02 2.775097961425781250e+02 6.273706817626953125e+01 9.739909172058105469e-01 -2.215133607387542725e-01 4.768066853284835815e-02 0.000000000000000000e+00 2.000000000000000000e+00
3.026127624511718750e+02 2.776980590820312500e+02 6.269654464721679688e+01 9.676294922828674316e-01 -2.368356734514236450e-01 8.718898892402648926e-02 0.000000000000000000e+00 2.000000000000000000e+00
3.017947082519531250e+02 2.778982849121093750e+02 6.262283325195312500e+01 9.593776464462280273e-01 -2.454935014247894287e-01 1.390232443809509277e-01 0.000000000000000000e+00 2.000000000000000000e+00
3.009926757812500000e+02 2.781035156250000000e+02 6.250661087036132812e+01 9.485152959823608398e-01 -2.450188249349594116e-01 2.007098793983459473e-01 0.000000000000000000e+00 2.000000000000000000e+00
3.002167358398437500e+02 2.783039550781250000e+02 6.234241867065429688e+01 9.335352778434753418e-01 -2.354902029037475586e-01 2.702890634536743164e-01 0.000000000000000000e+00 2.000000000000000000e+00
2.994796142578125000e+02 2.784898986816406250e+02 6.212899780273437500e+01 9.125178456306457520e-01 -2.179147005081176758e-01 3.461564481258392334e-01 0.000000000000000000e+00 2.000000000000000000e+00
2.987926025390625000e+02 2.786539611816406250e+02 6.186838531494140625e+01 8.835346698760986328e-01 -1.954991668462753296e-01 4.256130754947662354e-01 0.000000000000000000e+00 2.000000000000000000e+00
2.981627197265625000e+02 2.787933349609375000e+02 6.156496047973632812e+01 8.462358117103576660e-01 -1.710188090801239014e-01 5.046162009239196777e-01 0.000000000000000000e+00 2.000000000000000000e+00
2.975913085937500000e+02 2.789088134765625000e+02 6.122422409057617188e+01 8.005518913269042969e-01 -1.458307206630706787e-01 5.812487602233886719e-01 0.000000000000000000e+00 2.000000000000000000e+00
2.970759887695312500e+02 2.790026855468750000e+02 6.085007095336914062e+01 7.454475164413452148e-01 -1.191574633121490479e-01 6.558272838592529297e-01 0.000000000000000000e+00 2.000000000000000000e+00
2.966135864257812500e+02 2.790765991210937500e+02 6.044326019287109375e+01 6.769587993621826172e-01 -8.901118487119674683e-02 7.306187748908996582e-01 0.000000000000000000e+00 2.000000000000000000e+00
2.962037048339843750e+02 2.791304931640625000e+02 6.000088882446289062e+01 5.901319980621337891e-01 -5.190881341695785522e-02 8.056362867355346680e-01 0.000000000000000000e+00 2.000000000000000000e+00
2.958498229980468750e+02 2.791616210937500000e+02 5.951777648925781250e+01 4.840474128723144531e-01 -7.931062951683998108e-03 8.750058412551879883e-01 0.000000000000000000e+00 2.000000000000000000e+00
2.955574035644531250e+02 2.791664123535156250e+02 5.898917388916015625e+01 3.669867515563964844e-01 4.075437784194946289e-02 9.293330311775207520e-01 0.000000000000000000e+00 2.000000000000000000e+00
2.953304138183593750e+02 2.791412048339843750e+02 5.841436004638671875e+01 2.552785575389862061e-01 8.948843926191329956e-02 9.627173542976379395e-01 0.000000000000000000e+00 2.000000000000000000e+00
2.951673583984375000e+02 2.790840454101562500e+02 5.779943847656250000e+01 1.656433641910552979e-01 1.357078105211257935e-01 9.768038392066955566e-01 0.000000000000000000e+00 2.000000000000000000e+00
2.950584411621093750e+02 2.789948120117187500e+02 5.715715026855468750e+01 1.088013499975204468e-01 1.800708025693893433e-01 9.776178598403930664e-01 0.000000000000000000e+00 2.000000000000000000e+00
2.949858093261718750e+02 2.788746032714843750e+02 5.650452804565429688e+01 8.959365636110305786e-02 2.243967950344085693e-01 9.703705906867980957e-01 0.000000000000000000e+00 2.000000000000000000e+00
2.949261779785156250e+02 2.787252502441406250e+02 5.585867309570312500e+01 1.130139455199241638e-01 2.695702612400054932e-01 9.563262462615966797e-01 0.000000000000000000e+00 2.000000000000000000e+00
2.948523559570312500e+02 2.785491638183593750e+02 5.523398971557617188e+01 1.831358522176742554e-01 3.129330277442932129e-01 9.319518208503723145e-01 0.000000000000000000e+00 2.000000000000000000e+00
2.947358398437500000e+02 2.783500671386718750e+02 5.464105606079101562e+01 2.992145419120788574e-01 3.464950621128082275e-01 8.890510797500610352e-01 0.000000000000000000e+00 2.000000000000000000e+00
2.945494689941406250e+02 2.781342468261718750e+02 5.408729553222656250e+01 4.487628936767578125e-01 3.594812452793121338e-01 8.181595802307128906e-01 0.000000000000000000e+00 2.000000000000000000e+00
2.942702941894531250e+02 2.779106140136718750e+02 5.357831954956054688e+01 6.045471429824829102e-01 3.459252417087554932e-01 7.175363302230834961e-01 0.000000000000000000e+00 2.000000000000000000e+00
2.938831481933593750e+02 2.776890869140625000e+02 5.311881637573242188e+01 7.365460395812988281e-01 3.117178678512573242e-01 6.002764701843261719e-01 0.000000000000000000e+00 2.000000000000000000e+00
2.933841552734375000e+02 2.774779052734375000e+02 5.271214294433593750e+01 8.307520747184753418e-01 2.713201045989990234e-01 4.860415160655975342e-01 0.000000000000000000e+00 2.000000000000000000e+00
2.927817382812500000e+02 2.772811584472656250e+02 5.235969161987304688e+01 8.898179531097412109e-01 2.383680939674377441e-01 3.891075551509857178e-01 0.000000000000000000e+00 2.000000000000000000e+00
2.920949096679687500e+02 2.770971679687500000e+02 5.205934906005859375e+01 9.237291216850280762e-01 2.192833274602890015e-01 3.140690326690673828e-01 0.000000000000000000e+00 2.000000000000000000e+00
2.913477478027343750e+02 2.769197998046875000e+02 5.180531311035156250e+01 9.418853521347045898e-01 2.140931785106658936e-01 2.588745951652526855e-01 0.000000000000000000e+00 2.000000000000000000e+00
2.905635375976562500e+02 2.767415466308593750e+02 5.158977508544921875e+01 9.505112171173095703e-01 2.195761352777481079e-01 2.198059558868408203e-01 0.000000000000000000e+00 2.000000000000000000e+00
2.897588806152343750e+02 2.765556640625000000e+02 5.140369796752929688e+01 9.537437558174133301e-01 2.305299639701843262e-01 1.929476261138916016e-01 0.000000000000000000e+00 2.000000000000000000e+00
2.889425048828125000e+02 2.763583374023437500e+02 5.123854064941406250e+01 9.543545246124267578e-01 2.424585819244384766e-01 1.744169741868972778e-01 0.000000000000000000e+00 2.000000000000000000e+00
2.881165466308593750e+02 2.761484985351562500e+02 5.108758926391601562e+01 9.541475176811218262e-01 2.525735795497894287e-01 1.606519073247909546e-01 0.000000000000000000e+00 2.000000000000000000e+00
2.872800292968750000e+02 2.759270629882812500e+02 5.094674301147460938e+01 9.541125893592834473e-01 2.600095272064208984e-01 1.485400497913360596e-01 0.000000000000000000e+00 2.000000000000000000e+00
2.864325256347656250e+02 2.756961059570312500e+02 5.081480026245117188e+01 9.542169570922851562e-01 2.661333382129669189e-01 1.365395635366439819e-01 0.000000000000000000e+00 2.000000000000000000e+00
2.855762023925781250e+02 2.754572753906250000e+02 5.069226837158203125e+01 9.542834162712097168e-01 2.720335423946380615e-01 1.238585188984870911e-01 0.000000000000000000e+00 2.000000000000000000e+00
2.847156982421875000e+02 2.752119750976562500e+02 5.058058166503906250e+01 9.539917111396789551e-01 2.785951495170593262e-01 1.108353286981582642e-01 0.000000000000000000e+00 2.000000000000000000e+00
2.838571166992187500e+02 2.749612426757812500e+02 5.048083114624023438e+01 9.531283378601074219e-01 2.861569523811340332e-01 9.828858077526092529e-02 0.000000000000000000e+00 2.000000000000000000e+00
2.830050048828125000e+02 2.747054138183593750e+02 5.039295959472656250e+01 9.516131281852722168e-01 2.945469319820404053e-01 8.760394901037216187e-02 0.000000000000000000e+00 2.000000000000000000e+00
2.821616210937500000e+02 2.744443664550781250e+02 5.031531906127929688e+01 9.494233131408691406e-01 3.036750853061676025e-01 7.985413819551467896e-02 0.000000000000000000e+00 2.000000000000000000e+00
2.813278198242187500e+02 2.741776733398437500e+02 5.024518966674804688e+01 9.466293454170227051e-01 3.132626712322235107e-01 7.589050382375717163e-02 0.000000000000000000e+00 2.000000000000000000e+00
2.805043945312500000e+02 2.739051818847656250e+02 5.017917633056640625e+01 9.430094957351684570e-01 3.238539397716522217e-01 7.649662345647811890e-02 0.000000000000000000e+00 2.000000000000000000e+00
2.796950378417968750e+02 2.736272277832031250e+02 5.011352157592773438e+01 9.380078911781311035e-01 3.365949094295501709e-01 8.273518830537796021e-02 0.000000000000000000e+00 2.000000000000000000e+00
2.789077758789062500e+02 2.733447265625000000e+02 5.004408264160156250e+01 9.307553768157958984e-01 3.527644276618957520e-01 9.618578106164932251e-02 0.000000000000000000e+00 2.000000000000000000e+00
2.781541137695312500e+02 2.730590820312500000e+02 4.996619796752929688e+01 9.197167754173278809e-01 3.740400969982147217e-01 1.192267686128616333e-01 0.000000000000000000e+00 2.000000000000000000e+00
2.774461975097656250e+02 2.727711791992187500e+02 4.987442779541015625e+01 9.034625887870788574e-01 4.001458585262298584e-01 1.537484228610992432e-01 0.000000000000000000e+00 2.000000000000000000e+00
2.767930603027343750e+02 2.724819030761718750e+02 4.976327896118164062e+01 8.804446458816528320e-01 4.295677840709686279e-01 2.007207870483398438e-01 0.000000000000000000e+00 2.000000000000000000e+00
2.761979064941406250e+02 2.721915283203125000e+02 4.962759780883789062e+01 8.504256606101989746e-01 4.581391811370849609e-01 2.586205899715423584e-01 0.000000000000000000e+00 2.000000000000000000e+00
2.756567993164062500e+02 2.719000244140625000e+02 4.946304321289062500e+01 8.154886364936828613e-01 4.800738990306854248e-01 3.232761919498443604e-01 0.000000000000000000e+00 2.000000000000000000e+00
2.751606445312500000e+02 2.716079406738281250e+02 4.926635742187500000e+01 7.797348499298095703e-01 4.906341135501861572e-01 3.889622390270233154e-01 0.000000000000000000e+00 2.000000000000000000e+00
2.746973266601562500e+02 2.713164062500000000e+02 4.903523635864257812e+01 -7.475780248641967773e-01 -4.875979423522949219e-01 -4.509714245796203613e-01 0.000000000000000000e+00 2.000000000000000000e+00
2.742546081542968750e+02 2.710276489257812500e+02 4.876816940307617188e+01 -7.219508290290832520e-01 -4.714885056018829346e-01 -5.064439773559570312e-01 0.000000000000000000e+00 2.000000000000000000e+00
2.738219909667968750e+02 2.707451171875000000e+02 4.846469116210937500e+01 -7.031936049461364746e-01 -4.447869062423706055e-01 -5.546920895576477051e-01 0.000000000000000000e+00 2.000000000000000000e+00
2.733920593261718750e+02 2.704731750488281250e+02 4.812555313110351562e+01 -6.906901001930236816e-01 -4.104892909526824951e-01 -5.953534841537475586e-01 0.000000000000000000e+00 2.000000000000000000e+00
2.729602661132812500e+02 2.702165527343750000e+02 4.775336074829101562e+01 -6.832267045974731445e-01 -3.712731003761291504e-01 -6.287747621536254883e-01 0.000000000000000000e+00 2.000000000000000000e+00
2.725244140625000000e+02 2.699797058105468750e+02 4.735224533081054688e+01 -6.795992255210876465e-01 -3.301125466823577881e-01 -6.551111936569213867e-01 0.000000000000000000e+00 2.000000000000000000e+00
2.720833740234375000e+02 2.697654724121093750e+02 4.692709732055664062e+01 -6.786390542984008789e-01 -2.893030643463134766e-01 -6.750945448875427246e-01 0.000000000000000000e+00 2.000000000000000000e+00
2.716363830566406250e+02 2.695749206542968750e+02 4.648244094848632812e+01 -6.799293160438537598e-01 -2.503176927566528320e-01 -6.892294883728027344e-01 0.000000000000000000e+00 2.000000000000000000e+00
2.711817932128906250e+02 2.694075622558593750e+02 4.602163314819335938e+01 -6.828426122665405273e-01 -2.144423574209213257e-01 -6.983841657638549805e-01 0.000000000000000000e+00 2.000000000000000000e+00
2.707171936035156250e+02 2.692616577148437500e+02 4.554645919799804688e+01 -6.870620846748352051e-01 -1.816381067037582397e-01 -7.035291790962219238e-01 0.000000000000000000e+00 2.000000000000000000e+00
2.702398681640625000e+02 2.691354675292968750e+02 4.505769348144531250e+01 -6.921935677528381348e-01 -1.504208892583847046e-01 -7.058623433113098145e-01 0.000000000000000000e+00 2.000000000000000000e+00
2.697476501464843750e+02 2.690285034179687500e+02 4.455575561523437500e+01 -6.980404853820800781e-01 -1.195527389645576477e-01 -7.060075402259826660e-01 0.000000000000000000e+00 2.000000000000000000e+00
2.692392883300781250e+02 2.689414367675781250e+02 4.404159164428710938e+01 -7.045494914054870605e-01 -8.673648536205291748e-02 -7.043343186378479004e-01 0.000000000000000000e+00 2.000000000000000000e+00
2.687147521972656250e+02 2.688768615722656250e+02 4.351721572875976562e+01 -7.118811011314392090e-01 -5.031104013323783875e-02 -7.004957199096679688e-01 0.000000000000000000e+00 2.000000000000000000e+00
2.681749877929687500e+02 2.688387145996093750e+02 4.298608398437500000e+01 -7.202711701393127441e-01 -9.883584454655647278e-03 -6.936222314834594727e-01 0.000000000000000000e+00 2.000000000000000000e+00
2.676212158203125000e+02 2.688311157226562500e+02 4.245280075073242188e+01 -7.300140261650085449e-01 3.497238084673881531e-02 -6.825367212295532227e-01 0.000000000000000000e+00 2.000000000000000000e+00
2.670549011230468750e+02 2.688582458496093750e+02 4.192331695556640625e+01 -7.412000298500061035e-01 8.387912809848785400e-02 -6.660231947898864746e-01 0.000000000000000000e+00 2.000000000000000000e+00
2.664775390625000000e+02 2.689235839843750000e+02 4.140451431274414062e+01 -7.540401816368103027e-01 1.355454623699188232e-01 -6.426901817321777344e-01 0.000000000000000000e+00 2.000000000000000000e+00
2.658901367187500000e+02 2.690291748046875000e+02 4.090385437011718750e+01 -7.681649327278137207e-01 1.885527968406677246e-01 -6.118581295013427734e-01 0.000000000000000000e+00 2.000000000000000000e+00
2.652937316894531250e+02 2.691755676269531250e+02 4.042880630493164062e+01 -7.832230925559997559e-01 2.406664043664932251e-01 -5.732724070549011230e-01 0.000000000000000000e+00 2.000000000000000000e+00
2.646889953613281250e+02 2.693613891601562500e+02 3.998617553710937500e+01 -7.985874414443969727e-01 2.894406914710998535e-01 -5.277141332626342773e-01 0.000000000000000000e+00 2.000000000000000000e+00
2.640763549804687500e+02 2.695834350585937500e+02 3.958133697509765625e+01 -8.134104013442993164e-01 3.325695693492889404e-01 -4.772431254386901855e-01 0.000000000000000000e+00 2.000000000000000000e+00
2.634562377929687500e+02 2.698369750976562500e+02 3.921750259399414062e+01 -8.271681070327758789e-01 3.681308329105377197e-01 -4.245853424072265625e-01 0.000000000000000000e+00 2.000000000000000000e+00
2.628286743164062500e+02 2.701162719726562500e+02 3.889537429809570312e+01 -8.396173119544982910e-01 3.946560323238372803e-01 -3.732148110866546631e-01 0.000000000000000000e+00 2.000000000000000000e+00
2.621935119628906250e+02 2.704148254394531250e+02 3.861304092407226562e+01 -8.509632945060729980e-01 4.116770029067993164e-01 -3.261649012565612793e-01 0.000000000000000000e+00 2.000000000000000000e+00
2.615501403808593750e+02 2.707260742187500000e+02 3.836644363403320312e+01 -8.613685369491577148e-01 4.199584722518920898e-01 -2.857955694198608398e-01 0.000000000000000000e+00 2.000000000000000000e+00
2.608982238769531250e+02 2.710439147949218750e+02 3.815014266967773438e+01 -8.711690306663513184e-01 4.207252264022827148e-01 -2.530906200408935547e-01 0.000000000000000000e+00 2.000000000000000000e+00
2.602371215820312500e+02 2.713631896972656250e+02 3.795808029174804688e+01 -8.802762031555175781e-01 4.159965217113494873e-01 -2.281679958105087280e-01 0.000000000000000000e+00 2.000000000000000000e+00
2.595666809082031250e+02 2.716800231933593750e+02 3.778430175781250000e+01 -8.885446190834045410e-01 4.076236784458160400e-01 -2.105500400066375732e-01 0.000000000000000000e+00 2.000000000000000000e+00
2.588870849609375000e+02 2.719917907714843750e+02 3.762326431274414062e+01 -8.958468437194824219e-01 3.972675204277038574e-01 -1.990903019905090332e-01 0.000000000000000000e+00 2.000000000000000000e+00
2.581984252929687500e+02 2.722971801757812500e+02 3.747021865844726562e+01 -9.020507335662841797e-01 3.863394558429718018e-01 -1.924741268157958984e-01 0.000000000000000000e+00 2.000000000000000000e+00
2.575009155273437500e+02 2.725959167480468750e+02 3.732138824462890625e+01 -9.072881340980529785e-01 3.755863904953002930e-01 -1.891114711761474609e-01 0.000000000000000000e+00 2.000000000000000000e+00
2.567946777343750000e+02 2.728882751464843750e+02 3.717418289184570312e+01 -9.116050601005554199e-01 3.657643198966979980e-01 -1.875974386930465698e-01 0.000000000000000000e+00 2.000000000000000000e+00
2.560807800292968750e+02 2.731747131347656250e+02 3.702727127075195312e+01 -9.149817824363708496e-01 3.574229478836059570e-01 -1.872356384992599487e-01 0.000000000000000000e+00 2.000000000000000000e+00
2.553613433837890625e+02 2.734557495117187500e+02 3.688005065917968750e+01 -9.171106815338134766e-01 3.514849841594696045e-01 -1.880598068237304688e-01 0.000000000000000000e+00 2.000000000000000000e+00
2.546404724121093750e+02 2.737320251464843750e+02 3.673223114013671875e+01 -9.175550341606140137e-01 3.490925729274749756e-01 -1.903342008590698242e-01 0.000000000000000000e+00 2.000000000000000000e+00
2.539239349365234375e+02 2.740046386718750000e+02 3.658359527587890625e+01 -9.157361388206481934e-01 3.516785204410552979e-01 -1.942925751209259033e-01 0.000000000000000000e+00 2.000000000000000000e+00
2.532191619873046875e+02 2.742752990722656250e+02 3.643406295776367188e+01 -9.113923311233520508e-01 3.601248860359191895e-01 -1.991837918758392334e-01 0.000000000000000000e+00 2.000000000000000000e+00
2.525338745117187500e+02 2.745460815429687500e+02 3.628429412841796875e+01 -9.044253230094909668e-01 3.750740885734558105e-01 -2.033082544803619385e-01 0.000000000000000000e+00 2.000000000000000000e+00
2.518749694824218750e+02 2.748193359375000000e+02 3.613617706298828125e+01 -8.952307701110839844e-01 3.959021568298339844e-01 -2.045077383518218994e-01 0.000000000000000000e+00 2.000000000000000000e+00
2.512473449707031250e+02 2.750968933105468750e+02 3.599280166625976562e+01 -8.845754265785217285e-01 4.208804666996002197e-01 -2.009624838829040527e-01 0.000000000000000000e+00 2.000000000000000000e+00
2.506527709960937500e+02 2.753797912597656250e+02 3.585772323608398438e+01 -8.733738064765930176e-01 4.474492967128753662e-01 -1.923728883266448975e-01 0.000000000000000000e+00 2.000000000000000000e+00
2.500899810791015625e+02 2.756681213378906250e+02 3.573376083374023438e+01 -8.625405430793762207e-01 4.728696048259735107e-01 -1.800505965948104858e-01 0.000000000000000000e+00 2.000000000000000000e+00
2.495549774169921875e+02 2.759614257812500000e+02 3.562208175659179688e+01 -8.532693982124328613e-01 4.941663742065429688e-01 -1.665260940790176392e-01 0.000000000000000000e+00 2.000000000000000000e+00
2.490419464111328125e+02 2.762585449218750000e+02 3.552195739746093750e+01 -8.461206555366516113e-01 5.101548433303833008e-01 -1.543435305356979370e-01 0.000000000000000000e+00 2.000000000000000000e+00
2.485447540283203125e+02 2.765583190917968750e+02 3.543126296997070312e+01 -8.411977887153625488e-01 5.209046602249145508e-01 -1.450677365064620972e-01 0.000000000000000000e+00 2.000000000000000000e+00
2.480578460693359375e+02 2.768598327636718750e+02 3.534729385375976562e+01 -8.382237553596496582e-01 5.273212790489196777e-01 -1.389724463224411011e-01 0.000000000000000000e+00 2.000000000000000000e+00
2.475770111083984375e+02 2.771623229980468750e+02 3.526757431030273438e+01 -8.367631435394287109e-01 5.305442214012145996e-01 -1.354625076055526733e-01 0.000000000000000000e+00 2.000000000000000000e+00
2.470993041992187500e+02 2.774652099609375000e+02 3.519023895263671875e+01 -8.356004357337951660e-01 5.326905846595764160e-01 -1.342106610536575317e-01 0.000000000000000000e+00 2.000000000000000000e+00
2.466233215332031250e+02 2.777686462402343750e+02 3.511378860473632812e+01 -8.341742753982543945e-01 5.347463488578796387e-01 -1.349060535430908203e-01 0.000000000000000000e+00 2.000000000000000000e+00
2.461484069824218750e+02 2.780730895996093750e+02 3.503698348999023438e+01 -8.312582969665527344e-01 5.385375618934631348e-01 -1.377934366464614868e-01 0.000000000000000000e+00 2.000000000000000000e+00
2.456746215820312500e+02 2.783800354003906250e+02 3.495844650268554688e+01 -8.255646824836730957e-01 5.456462502479553223e-01 -1.439203321933746338e-01 0.000000000000000000e+00 2.000000000000000000e+00
2.452023620605468750e+02 2.786921691894531250e+02 3.487611770629882812e+01 -8.147332072257995605e-01 5.589827299118041992e-01 -1.541040092706680298e-01 0.000000000000000000e+00 2.000000000000000000e+00
2.447326507568359375e+02 2.790144348144531250e+02 3.478727340698242188e+01 -7.963227629661560059e-01 5.808036327362060547e-01 -1.689293980598449707e-01 0.000000000000000000e+00 2.000000000000000000e+00
2.442667846679687500e+02 2.793542175292968750e+02 3.468844604492187500e+01 -7.686042785644531250e-01 6.119128465652465820e-01 -1.865749210119247437e-01 0.000000000000000000e+00 2.000000000000000000e+00
2.438056488037109375e+02 2.797213439941406250e+02 3.457650756835937500e+01 -7.313693761825561523e-01 6.509822010993957520e-01 -2.032758295536041260e-01 0.000000000000000000e+00 2.000000000000000000e+00
2.433498840332031250e+02 2.801270141601562500e+02 3.444983291625976562e+01 -6.879260540008544922e-01 6.937069296836853027e-01 -2.133743166923522949e-01 0.000000000000000000e+00 2.000000000000000000e+00
2.428995666503906250e+02 2.805811157226562500e+02 3.431015777587890625e+01 -6.431260108947753906e-01 7.355874776840209961e-01 -2.128379791975021362e-01 0.000000000000000000e+00 2.000000000000000000e+00
2.424548645019531250e+02 2.810897521972656250e+02 3.416298675537109375e+01 -5.998969078063964844e-01 7.742660641670227051e-01 -2.015828937292098999e-01 0.000000000000000000e+00 2.000000000000000000e+00
2.420180969238281250e+02 2.816534729003906250e+02 3.401622009277343750e+01 -5.583595037460327148e-01 8.090761899948120117e-01 -1.833858489990234375e-01 0.000000000000000000e+00 2.000000000000000000e+00
2.415945434570312500e+02 2.822672119140625000e+02 3.387710952758789062e+01 -5.155176520347595215e-01 8.408550024032592773e-01 -1.649376153945922852e-01 0.000000000000000000e+00 2.000000000000000000e+00
2.411932525634765625e+02 2.829217529296875000e+02 3.374871826171875000e+01 -4.678202867507934570e-01 8.703984618186950684e-01 -1.534623503684997559e-01 0.000000000000000000e+00 2.000000000000000000e+00
2.408249664306640625e+02 2.836069641113281250e+02 3.362790679931640625e+01 -4.146851301193237305e-01 8.968299031257629395e-01 -1.540531367063522339e-01 0.000000000000000000e+00 2.000000000000000000e+00
2.404979858398437500e+02 2.843141174316406250e+02 3.350643539428710938e+01 -3.598113358020782471e-01 9.179670214653015137e-01 -1.669501662254333496e-01 0.000000000000000000e+00 2.000000000000000000e+00
2.402143707275390625e+02 2.850376892089843750e+02 3.337483978271484375e+01 -3.110068142414093018e-01 9.319993257522583008e-01 -1.861503720283508301e-01 0.000000000000000000e+00 2.000000000000000000e+00
2.399680480957031250e+02 2.857758483886718750e+02 3.322740554809570312e+01 -2.755555510520935059e-01 9.398620128631591797e-01 -2.018129974603652954e-01 0.000000000000000000e+00 2.000000000000000000e+00
2.397471466064453125e+02 2.865292968750000000e+02 3.306562042236328125e+01 -2.553559541702270508e-01 9.447852373123168945e-01 -2.053633183240890503e-01 0.000000000000000000e+00 2.000000000000000000e+00
2.395386962890625000e+02 2.873005371093750000e+02 3.289797973632812500e+01 -2.553559541702270508e-01 9.447852373123168945e-01 -2.053633183240890503e-01 0.000000000000000000e+00 2.000000000000000000e+00
