3.725595703125000000e+02 2.084363708496093750e+02 2.282938995361328125e+02 9.083895683288574219e-01 -2.997143380343914032e-02 -4.170493185520172119e-01 0.000000000000000000e+00 2.000000000000000000e+00
3.722987365722656250e+02 2.084449768066406250e+02 2.284136505126953125e+02 9.092562794685363770e-01 -3.249291703104972839e-02 -4.149665236473083496e-01 0.000000000000000000e+00 2.000000000000000000e+00
3.719426269531250000e+02 2.084577026367187500e+02 2.285761718750000000e+02 9.099263548851013184e-01 -3.589339554309844971e-02 -4.132139682769775391e-01 0.000000000000000000e+00 2.000000000000000000e+00
3.714850158691406250e+02 2.084757537841796875e+02 2.287839813232421875e+02 9.099936485290527344e-01 -4.167624190449714661e-02 -4.125224649906158447e-01 0.000000000000000000e+00 2.000000000000000000e+00
3.709282836914062500e+02 2.085012512207031250e+02 2.290363616943359375e+02 9.089243412017822266e-01 -5.030668154358863831e-02 -4.139151871204376221e-01 0.000000000000000000e+00 2.000000000000000000e+00
3.702845458984375000e+02 2.085368804931640625e+02 2.293295135498046875e+02 9.062087535858154297e-01 -6.290952116250991821e-02 -4.181243479251861572e-01 0.000000000000000000e+00 2.000000000000000000e+00
3.695745849609375000e+02 2.085861663818359375e+02 2.296570892333984375e+02 9.014610052108764648e-01 -8.021225780248641968e-02 -4.253636002540588379e-01 0.000000000000000000e+00 2.000000000000000000e+00
3.688251953125000000e+02 2.086528472900390625e+02 2.300106964111328125e+02 8.943346142768859863e-01 -1.019150540232658386e-01 -4.356361925601959229e-01 0.000000000000000000e+00 2.000000000000000000e+00
3.680642395019531250e+02 2.087395629882812500e+02 2.303813629150390625e+02 8.852117657661437988e-01 -1.265257447957992554e-01 -4.476510584354400635e-01 0.000000000000000000e+00 2.000000000000000000e+00
3.673146057128906250e+02 2.088467102050781250e+02 2.307604522705078125e+02 8.752106428146362305e-01 -1.509650945663452148e-01 -4.595822989940643311e-01 0.000000000000000000e+00 2.000000000000000000e+00
3.665896606445312500e+02 2.089717559814453125e+02 2.311411285400390625e+02 8.663439154624938965e-01 -1.709719747304916382e-01 -4.692727625370025635e-01 0.000000000000000000e+00 2.000000000000000000e+00
3.658920898437500000e+02 2.091094207763671875e+02 2.315189819335937500e+02 8.604394197463989258e-01 -1.832690984010696411e-01 -4.754538238048553467e-01 0.000000000000000000e+00 2.000000000000000000e+00
3.652166748046875000e+02 2.092532806396484375e+02 2.318921966552734375e+02 8.583016991615295410e-01 -1.871098577976226807e-01 -4.778160154819488525e-01 0.000000000000000000e+00 2.000000000000000000e+00
3.645541076660156250e+02 2.093977203369140625e+02 2.322610473632812500e+02 8.591172695159912109e-01 -1.845289915800094604e-01 -4.773537516593933105e-01 0.000000000000000000e+00 2.000000000000000000e+00
3.638958435058593750e+02 2.095391082763671875e+02 2.326268005371093750e+02 8.612870573997497559e-01 -1.786460280418395996e-01 -4.756786823272705078e-01 0.000000000000000000e+00 2.000000000000000000e+00
3.632363281250000000e+02 2.096759033203125000e+02 2.329910430908203125e+02 8.635656833648681641e-01 -1.719056218862533569e-01 -4.740282893180847168e-01 0.000000000000000000e+00 2.000000000000000000e+00
3.625738220214843750e+02 2.098077850341796875e+02 2.333547058105468750e+02 8.659242987632751465e-01 -1.644047200679779053e-01 -4.723835885524749756e-01 0.000000000000000000e+00 2.000000000000000000e+00
3.619071655273437500e+02 2.099343566894531250e+02 2.337183837890625000e+02 8.685655593872070312e-01 -1.555716395378112793e-01 -4.705223441123962402e-01 0.000000000000000000e+00 2.000000000000000000e+00
3.612353515625000000e+02 2.100546875000000000e+02 2.340823211669921875e+02 8.721684217453002930e-01 -1.446552872657775879e-01 -4.673297405242919922e-01 0.000000000000000000e+00 2.000000000000000000e+00
3.605568542480468750e+02 2.101672210693359375e+02 2.344458770751953125e+02 8.770539760589599609e-01 -1.324446946382522583e-01 -4.617735147476196289e-01 0.000000000000000000e+00 2.000000000000000000e+00
3.598700561523437500e+02 2.102709350585937500e+02 2.348074798583984375e+02 8.827695250511169434e-01 -1.213186681270599365e-01 -4.538720250129699707e-01 0.000000000000000000e+00 2.000000000000000000e+00
3.591764526367187500e+02 2.103662567138671875e+02 2.351640930175781250e+02 8.885699510574340820e-01 -1.140281409025192261e-01 -4.443434178829193115e-01 0.000000000000000000e+00 2.000000000000000000e+00
3.584806213378906250e+02 2.104555511474609375e+02 2.355120544433593750e+02 8.936976790428161621e-01 -1.136086508631706238e-01 -4.340478777885437012e-01 0.000000000000000000e+00 2.000000000000000000e+00
3.577903137207031250e+02 2.105433044433593750e+02 2.358473205566406250e+02 8.970435261726379395e-01 -1.233161538839340210e-01 -4.243889749050140381e-01 0.000000000000000000e+00 2.000000000000000000e+00
3.571142272949218750e+02 2.106362457275390625e+02 2.361671752929687500e+02 8.976173996925354004e-01 -1.465732306241989136e-01 -4.156912863254547119e-01 0.000000000000000000e+00 2.000000000000000000e+00
3.564587097167968750e+02 2.107432861328125000e+02 2.364707489013671875e+02 8.939908146858215332e-01 -1.856172829866409302e-01 -4.078318178653717041e-01 0.000000000000000000e+00 2.000000000000000000e+00
3.558261718750000000e+02 2.108746185302734375e+02 2.367593078613281250e+02 8.849434256553649902e-01 -2.399962693452835083e-01 -3.990951478481292725e-01 0.000000000000000000e+00 2.000000000000000000e+00
3.552150878906250000e+02 2.110403442382812500e+02 2.370348968505859375e+02 8.693124055862426758e-01 -3.054800927639007568e-01 -3.885586857795715332e-01 0.000000000000000000e+00 2.000000000000000000e+00
3.546228942871093750e+02 2.112484436035156250e+02 2.372995910644531250e+02 8.474921584129333496e-01 -3.752028644084930420e-01 -3.754729330539703369e-01 0.000000000000000000e+00 2.000000000000000000e+00
3.540482788085937500e+02 2.115028381347656250e+02 2.375541687011718750e+02 8.211817741394042969e-01 -4.424020051956176758e-01 -3.604731857776641846e-01 0.000000000000000000e+00 2.000000000000000000e+00
3.534924926757812500e+02 2.118022613525390625e+02 2.377981414794921875e+02 7.920728325843811035e-01 -5.036138892173767090e-01 -3.449546694755554199e-01 0.000000000000000000e+00 2.000000000000000000e+00
3.529589538574218750e+02 2.121414947509765625e+02 2.380305023193359375e+02 7.620134353637695312e-01 -5.571286082267761230e-01 -3.300655782222747803e-01 0.000000000000000000e+00 2.000000000000000000e+00
3.524504089355468750e+02 2.125133056640625000e+02 2.382507781982421875e+02 7.322052717208862305e-01 -6.025993227958679199e-01 -3.174107670783996582e-01 0.000000000000000000e+00 2.000000000000000000e+00
3.519674072265625000e+02 2.129108123779296875e+02 2.384601593017578125e+02 7.041131854057312012e-01 -6.401878595352172852e-01 -3.072200715541839600e-01 0.000000000000000000e+00 2.000000000000000000e+00
3.515075683593750000e+02 2.133289031982421875e+02 2.386607971191406250e+02 6.785480380058288574e-01 -6.705919504165649414e-01 -2.997984588146209717e-01 0.000000000000000000e+00 2.000000000000000000e+00
3.510664062500000000e+02 2.137648925781250000e+02 2.388557128906250000e+02 6.565100550651550293e-01 -6.949133872985839844e-01 -2.934110164642333984e-01 0.000000000000000000e+00 2.000000000000000000e+00
3.506386108398437500e+02 2.142177124023437500e+02 2.390469055175781250e+02 6.386654973030090332e-01 -7.140486836433410645e-01 -2.867767214775085449e-01 0.000000000000000000e+00 2.000000000000000000e+00
3.502192382812500000e+02 2.146865844726562500e+02 2.392352142333984375e+02 6.267352700233459473e-01 -7.279972434043884277e-01 -2.778902947902679443e-01 0.000000000000000000e+00 2.000000000000000000e+00
3.498030395507812500e+02 2.151700286865234375e+02 2.394197540283203125e+02 6.221629381179809570e-01 -7.360202670097351074e-01 -2.668099105358123779e-01 0.000000000000000000e+00 2.000000000000000000e+00
3.493848876953125000e+02 2.156647033691406250e+02 2.395990753173828125e+02 6.260880231857299805e-01 -7.371833920478820801e-01 -2.541151642799377441e-01 0.000000000000000000e+00 2.000000000000000000e+00
3.489596557617187500e+02 2.161653900146484375e+02 2.397716674804687500e+02 6.385081410408020020e-01 -7.310381531715393066e-01 -2.406047135591506958e-01 0.000000000000000000e+00 2.000000000000000000e+00
3.485223693847656250e+02 2.166660461425781250e+02 2.399364471435546875e+02 6.582213044166564941e-01 -7.178021073341369629e-01 -2.269469201564788818e-01 0.000000000000000000e+00 2.000000000000000000e+00
3.480685729980468750e+02 2.171609191894531250e+02 2.400929107666015625e+02 6.824258565902709961e-01 -6.992424726486206055e-01 -2.129668146371841431e-01 0.000000000000000000e+00 2.000000000000000000e+00
3.475948791503906250e+02 2.176462860107421875e+02 2.402407379150390625e+02 7.081310153007507324e-01 -6.777557730674743652e-01 -1.979838311672210693e-01 0.000000000000000000e+00 2.000000000000000000e+00
3.470989990234375000e+02 2.181208953857421875e+02 2.403793792724609375e+02 7.323800325393676758e-01 -6.558768749237060547e-01 -1.828796416521072388e-01 0.000000000000000000e+00 2.000000000000000000e+00
3.465801391601562500e+02 2.185855560302734375e+02 2.405089416503906250e+02 7.534068822860717773e-01 -6.354372501373291016e-01 -1.691083014011383057e-01 0.000000000000000000e+00 2.000000000000000000e+00
3.460394897460937500e+02 2.190415496826171875e+02 2.406302947998046875e+02 7.707499861717224121e-01 -6.170499920845031738e-01 -1.587258726358413696e-01 0.000000000000000000e+00 2.000000000000000000e+00
3.454802246093750000e+02 2.194892883300781250e+02 2.407454681396484375e+02 7.848259210586547852e-01 -6.006419062614440918e-01 -1.525701880455017090e-01 0.000000000000000000e+00 2.000000000000000000e+00
3.449074707031250000e+02 2.199276275634765625e+02 2.408568115234375000e+02 7.963762879371643066e-01 -5.858379006385803223e-01 -1.502620428800582886e-01 0.000000000000000000e+00 2.000000000000000000e+00
3.443266601562500000e+02 2.203548889160156250e+02 2.409664001464843750e+02 8.061227798461914062e-01 -5.724844336509704590e-01 -1.497584432363510132e-01 0.000000000000000000e+00 2.000000000000000000e+00
3.437424316406250000e+02 2.207697906494140625e+02 2.410749359130859375e+02 8.147049546241760254e-01 -5.607900023460388184e-01 -1.475483328104019165e-01 0.000000000000000000e+00 2.000000000000000000e+00
3.431577148437500000e+02 2.211722717285156250e+02 2.411808319091796875e+02 8.227713108062744141e-01 -5.511056184768676758e-01 -1.390327215194702148e-01 0.000000000000000000e+00 2.000000000000000000e+00
3.425731201171875000e+02 2.215638427734375000e+02 2.412796173095703125e+02 8.305471539497375488e-01 -5.434612631797790527e-01 -1.218248382210731506e-01 0.000000000000000000e+00 2.000000000000000000e+00
3.419875488281250000e+02 2.219470062255859375e+02 2.413655090332031250e+02 8.384175300598144531e-01 -5.366236567497253418e-01 -9.534671902656555176e-02 0.000000000000000000e+00 2.000000000000000000e+00
3.413979797363281250e+02 2.223243560791015625e+02 2.414325561523437500e+02 8.457962274551391602e-01 -5.298110246658325195e-01 -6.268277764320373535e-02 0.000000000000000000e+00 2.000000000000000000e+00
3.408006896972656250e+02 2.226985015869140625e+02 2.414768218994140625e+02 8.520974516868591309e-01 -5.225315093994140625e-01 -2.984796278178691864e-02 0.000000000000000000e+00 2.000000000000000000e+00
3.401917114257812500e+02 2.230719451904296875e+02 2.414981536865234375e+02 8.573319315910339355e-01 -5.147470235824584961e-01 -4.169943276792764664e-03 0.000000000000000000e+00 2.000000000000000000e+00
3.395674133300781250e+02 2.234467773437500000e+02 2.415011901855468750e+02 8.616277575492858887e-01 -5.074280500411987305e-01 1.069606933742761612e-02 0.000000000000000000e+00 2.000000000000000000e+00
3.389257812500000000e+02 2.238246459960937500e+02 2.414932250976562500e+02 8.653641939163208008e-01 -5.009487271308898926e-01 1.397363189607858658e-02 0.000000000000000000e+00 2.000000000000000000e+00
3.382662048339843750e+02 2.242064666748046875e+02 2.414825744628906250e+02 8.685142993927001953e-01 -4.955734908580780029e-01 9.477055631577968597e-03 0.000000000000000000e+00 2.000000000000000000e+00
3.375907897949218750e+02 2.245918579101562500e+02 2.414752044677734375e+02 8.709313273429870605e-01 -4.913957715034484863e-01 2.979328623041510582e-03 0.000000000000000000e+00 2.000000000000000000e+00
3.369038696289062500e+02 2.249794311523437500e+02 2.414728546142578125e+02 8.726106286048889160e-01 -4.884158372879028320e-01 8.845325792208313942e-04 0.000000000000000000e+00 2.000000000000000000e+00
3.362114257812500000e+02 2.253670043945312500e+02 2.414721527099609375e+02 8.738605380058288574e-01 -4.861124157905578613e-01 7.907716557383537292e-03 0.000000000000000000e+00 2.000000000000000000e+00
3.355200805664062500e+02 2.257515869140625000e+02 2.414658966064453125e+02 8.745549917221069336e-01 -4.841816127300262451e-01 2.686646021902561188e-02 0.000000000000000000e+00 2.000000000000000000e+00
3.348361206054687500e+02 2.261302490234375000e+02 2.414448852539062500e+02 8.743652701377868652e-01 -4.817525744438171387e-01 5.830822139978408813e-02 0.000000000000000000e+00 2.000000000000000000e+00
3.341640930175781250e+02 2.265005187988281250e+02 2.414000701904296875e+02 8.726097941398620605e-01 -4.781179428100585938e-01 9.977655857801437378e-02 0.000000000000000000e+00 2.000000000000000000e+00
3.335061950683593750e+02 2.268609924316406250e+02 2.413248443603515625e+02 8.689784407615661621e-01 -4.729565083980560303e-01 1.455630362033843994e-01 0.000000000000000000e+00 2.000000000000000000e+00
3.328612670898437500e+02 2.272120056152343750e+02 2.412168121337890625e+02 8.640140891075134277e-01 -4.663934111595153809e-01 1.896226853132247925e-01 0.000000000000000000e+00 2.000000000000000000e+00
3.322255859375000000e+02 2.275551452636718750e+02 2.410773010253906250e+02 8.588602542877197266e-01 -4.597953259944915771e-01 2.257154434919357300e-01 0.000000000000000000e+00 2.000000000000000000e+00
3.315941772460937500e+02 2.278931732177734375e+02 2.409113616943359375e+02 8.551638722419738770e-01 -4.537347555160522461e-01 2.506379783153533936e-01 0.000000000000000000e+00 2.000000000000000000e+00
3.309615173339843750e+02 2.282288513183593750e+02 2.407259368896484375e+02 8.533817529678344727e-01 -4.486022889614105225e-01 2.655101418495178223e-01 0.000000000000000000e+00 2.000000000000000000e+00
3.303238525390625000e+02 2.285640563964843750e+02 2.405275421142578125e+02 8.535112142562866211e-01 -4.438952803611755371e-01 2.729023098945617676e-01 0.000000000000000000e+00 2.000000000000000000e+00
3.296787414550781250e+02 2.288995666503906250e+02 2.403212738037109375e+02 8.550365567207336426e-01 -4.388433992862701416e-01 2.762770056724548340e-01 0.000000000000000000e+00 2.000000000000000000e+00
3.290255432128906250e+02 2.292348175048828125e+02 2.401102142333984375e+02 8.575101494789123535e-01 -4.329302310943603516e-01 2.779349088668823242e-01 0.000000000000000000e+00 2.000000000000000000e+00
3.283642883300781250e+02 2.295686645507812500e+02 2.398958892822265625e+02 8.606004714965820312e-01 -4.258845746517181396e-01 2.792653441429138184e-01 0.000000000000000000e+00 2.000000000000000000e+00
3.276951599121093750e+02 2.298997955322265625e+02 2.396787567138671875e+02 8.639931082725524902e-01 -4.182288944721221924e-01 2.803576588630676270e-01 0.000000000000000000e+00 2.000000000000000000e+00
3.270181579589843750e+02 2.302275085449218750e+02 2.394590759277343750e+02 8.674466013908386230e-01 -4.105419218540191650e-01 2.810547053813934326e-01 0.000000000000000000e+00 2.000000000000000000e+00
3.263329772949218750e+02 2.305517883300781250e+02 2.392370758056640625e+02 8.708603978157043457e-01 -4.033619761466979980e-01 2.808936536312103271e-01 0.000000000000000000e+00 2.000000000000000000e+00
3.256393127441406250e+02 2.308730773925781250e+02 2.390133361816406250e+02 8.742734193801879883e-01 -3.971414864063262939e-01 2.791498899459838867e-01 0.000000000000000000e+00 2.000000000000000000e+00
3.249368591308593750e+02 2.311921691894531250e+02 2.387890472412109375e+02 8.781932592391967773e-01 -3.914678394794464111e-01 2.748263180255889893e-01 0.000000000000000000e+00 2.000000000000000000e+00
3.242256164550781250e+02 2.315092163085937500e+02 2.385664672851562500e+02 8.834061026573181152e-01 -3.857420086860656738e-01 2.660767138004302979e-01 0.000000000000000000e+00 2.000000000000000000e+00
3.235049133300781250e+02 2.318239135742187500e+02 2.383493957519531250e+02 8.906010389328002930e-01 -3.790808022022247314e-01 2.512518763542175293e-01 0.000000000000000000e+00 2.000000000000000000e+00
3.227739257812500000e+02 2.321350555419921875e+02 2.381431732177734375e+02 8.998631238937377930e-01 -3.709293007850646973e-01 2.294730544090270996e-01 0.000000000000000000e+00 2.000000000000000000e+00
3.220321350097656250e+02 2.324408264160156250e+02 2.379540100097656250e+02 -9.106481075286865234e-01 3.613331019878387451e-01 -2.003957927227020264e-01 0.000000000000000000e+00 2.000000000000000000e+00
3.212799377441406250e+02 2.327392883300781250e+02 2.377884826660156250e+02 -9.215453267097473145e-01 3.510463833808898926e-01 -1.658936887979507446e-01 0.000000000000000000e+00 2.000000000000000000e+00
3.205198669433593750e+02 2.330288238525390625e+02 2.376516571044921875e+02 -9.310241937637329102e-01 3.415493667125701904e-01 -1.286001652479171753e-01 0.000000000000000000e+00 2.000000000000000000e+00
3.197570800781250000e+02 2.333086547851562500e+02 2.375462951660156250e+02 -9.380246400833129883e-01 3.341896831989288330e-01 -9.179936349391937256e-02 0.000000000000000000e+00 2.000000000000000000e+00
3.189982299804687500e+02 2.335790100097656250e+02 2.374720306396484375e+02 -9.420682787895202637e-01 3.303982615470886230e-01 -5.782978236675262451e-02 0.000000000000000000e+00 2.000000000000000000e+00
3.182500305175781250e+02 2.338414154052734375e+02 2.374261016845703125e+02 -9.432727098464965820e-01 3.308030962944030762e-01 -2.838652208447456360e-02 0.000000000000000000e+00 2.000000000000000000e+00
3.175168457031250000e+02 2.340985412597656250e+02 2.374040374755859375e+02 -9.421317577362060547e-01 3.352246582508087158e-01 -3.486705012619495392e-03 0.000000000000000000e+00 2.000000000000000000e+00
3.167994384765625000e+02 2.343538055419921875e+02 2.374013824462890625e+02 -9.392354488372802734e-01 3.428333699703216553e-01 1.738419011235237122e-02 0.000000000000000000e+00 2.000000000000000000e+00
3.160962219238281250e+02 2.346104888916015625e+02 2.374143981933593750e+02 -9.353625178337097168e-01 3.519520759582519531e-01 3.502195328474044800e-02 0.000000000000000000e+00 2.000000000000000000e+00
3.154042358398437500e+02 2.348708648681640625e+02 2.374403076171875000e+02 -9.312177300453186035e-01 3.609851300716400146e-01 5.023269727826118469e-02 0.000000000000000000e+00 2.000000000000000000e+00
3.147208251953125000e+02 2.351357879638671875e+02 2.374771728515625000e+02 -9.276914596557617188e-01 3.680701255798339844e-01 6.255415081977844238e-02 0.000000000000000000e+00 2.000000000000000000e+00
3.140437622070312500e+02 2.354044189453125000e+02 2.375228271484375000e+02 -9.257649183273315430e-01 3.714266121387481689e-01 7.072193920612335205e-02 0.000000000000000000e+00 2.000000000000000000e+00
3.133706359863281250e+02 2.356744842529296875e+02 2.375742492675781250e+02 -9.262867569923400879e-01 3.698925971984863281e-01 7.191888988018035889e-02 0.000000000000000000e+00 2.000000000000000000e+00
3.126981201171875000e+02 2.359430389404296875e+02 2.376264648437500000e+02 -9.299830794334411621e-01 3.621887266635894775e-01 6.285538524389266968e-02 0.000000000000000000e+00 2.000000000000000000e+00
3.120210571289062500e+02 2.362067260742187500e+02 2.376722259521484375e+02 -9.367917180061340332e-01 3.475396335124969482e-01 4.046580567955970764e-02 0.000000000000000000e+00 2.000000000000000000e+00
3.113343505859375000e+02 2.364614868164062500e+02 2.377018890380859375e+02 -9.454382658004760742e-01 3.257848620414733887e-01 3.269776003435254097e-03 0.000000000000000000e+00 2.000000000000000000e+00
3.106328430175781250e+02 2.367032165527343750e+02 2.377043151855468750e+02 -9.534100294113159180e-01 2.979229390621185303e-01 -4.744601249694824219e-02 0.000000000000000000e+00 2.000000000000000000e+00
3.099135131835937500e+02 2.369279937744140625e+02 2.376685180664062500e+02 -9.581058621406555176e-01 2.657143175601959229e-01 -1.069065630435943604e-01 0.000000000000000000e+00 2.000000000000000000e+00
3.091741027832031250e+02 2.371330566406250000e+02 2.375860137939453125e+02 -9.579758048057556152e-01 2.328064143657684326e-01 -1.675814837217330933e-01 0.000000000000000000e+00 2.000000000000000000e+00
3.084123535156250000e+02 2.373181762695312500e+02 2.374527587890625000e+02 -9.538952112197875977e-01 2.031775712966918945e-01 -2.209135293960571289e-01 0.000000000000000000e+00 2.000000000000000000e+00
3.076253356933593750e+02 2.374858093261718750e+02 2.372704925537109375e+02 -9.484232664108276367e-01 1.804010123014450073e-01 -2.606699466705322266e-01 0.000000000000000000e+00 2.000000000000000000e+00
3.068100585937500000e+02 2.376408843994140625e+02 2.370464172363281250e+02 -9.443236589431762695e-01 1.657509505748748779e-01 -2.842175364494323730e-01 0.000000000000000000e+00 2.000000000000000000e+00
3.059647216796875000e+02 2.377892608642578125e+02 2.367919921875000000e+02 -9.430692791938781738e-01 1.580829620361328125e-01 -2.926262021064758301e-01 0.000000000000000000e+00 2.000000000000000000e+00
3.050899353027343750e+02 2.379358978271484375e+02 2.365205535888671875e+02 -9.445831179618835449e-01 1.555412858724594116e-01 -2.890842556953430176e-01 0.000000000000000000e+00 2.000000000000000000e+00
3.041896972656250000e+02 2.380841369628906250e+02 2.362450408935546875e+02 -9.480999708175659180e-01 1.554515063762664795e-01 -2.773828804492950439e-01 0.000000000000000000e+00 2.000000000000000000e+00
3.032704162597656250e+02 2.382348632812500000e+02 2.359760894775390625e+02 -9.527170062065124512e-01 1.555685847997665405e-01 -2.610147297382354736e-01 0.000000000000000000e+00 2.000000000000000000e+00
3.023396911621093750e+02 2.383868408203125000e+02 2.357210998535156250e+02 -9.577303528785705566e-01 1.543617695569992065e-01 -2.427448034286499023e-01 0.000000000000000000e+00 2.000000000000000000e+00
3.014043273925781250e+02 2.385375976562500000e+02 2.354840240478515625e+02 -9.627304077148437500e-01 1.501092165708541870e-01 -2.249830067157745361e-01 0.000000000000000000e+00 2.000000000000000000e+00
3.004700317382812500e+02 2.386832733154296875e+02 2.352656860351562500e+02 -9.675973057746887207e-01 1.415348947048187256e-01 -2.091011703014373779e-01 0.000000000000000000e+00 2.000000000000000000e+00
2.995406799316406250e+02 2.388192138671875000e+02 2.350648498535156250e+02 -9.722077250480651855e-01 1.275710463523864746e-01 -1.963102519512176514e-01 0.000000000000000000e+00 2.000000000000000000e+00
2.986198120117187500e+02 2.389400482177734375e+02 2.348789062500000000e+02 -9.765716791152954102e-01 1.069997996091842651e-01 -1.867052316665649414e-01 0.000000000000000000e+00 2.000000000000000000e+00
2.977097167968750000e+02 2.390397644042968750e+02 2.347049102783203125e+02 -9.804461598396301270e-01 7.862696796655654907e-02 -1.803971678018569946e-01 0.000000000000000000e+00 2.000000000000000000e+00
2.968118286132812500e+02 2.391117706298828125e+02 2.345397033691406250e+02 -9.832854866981506348e-01 4.214371740818023682e-02 -1.771257668733596802e-01 0.000000000000000000e+00 2.000000000000000000e+00
2.959274902343750000e+02 2.391496734619140625e+02 2.343804016113281250e+02 -9.843224883079528809e-01 -2.401713747531175613e-03 -1.763618141412734985e-01 0.000000000000000000e+00 2.000000000000000000e+00
2.950582275390625000e+02 2.391475524902343750e+02 2.342246551513671875e+02 -9.825812578201293945e-01 -5.403809621930122375e-02 -1.778027713298797607e-01 0.000000000000000000e+00 2.000000000000000000e+00
2.942067260742187500e+02 2.391007232666015625e+02 2.340705718994140625e+02 -9.771373867988586426e-01 -1.112770959734916687e-01 -1.811625659465789795e-01 0.000000000000000000e+00 2.000000000000000000e+00
2.933778686523437500e+02 2.390063323974609375e+02 2.339169006347656250e+02 -9.672383666038513184e-01 -1.722294688224792480e-01 -1.865127235651016235e-01 0.000000000000000000e+00 2.000000000000000000e+00
2.925780944824218750e+02 2.388639221191406250e+02 2.337626800537109375e+02 -9.523624777793884277e-01 -2.351112663745880127e-01 -1.942380815744400024e-01 0.000000000000000000e+00 2.000000000000000000e+00
2.918147583007812500e+02 2.386754760742187500e+02 2.336069946289062500e+02 -9.323532581329345703e-01 -2.982661724090576172e-01 -2.043397724628448486e-01 0.000000000000000000e+00 2.000000000000000000e+00
2.910942382812500000e+02 2.384449768066406250e+02 2.334490814208984375e+02 -9.073511362075805664e-01 -3.599370419979095459e-01 -2.171619534492492676e-01 0.000000000000000000e+00 2.000000000000000000e+00
2.904202880859375000e+02 2.381776275634765625e+02 2.332877807617187500e+02 -8.780559301376342773e-01 -4.182360768318176270e-01 -2.325865328311920166e-01 0.000000000000000000e+00 2.000000000000000000e+00
2.897945861816406250e+02 2.378795928955078125e+02 2.331220397949218750e+02 -8.458547592163085938e-01 -4.711389243602752686e-01 -2.501154839992523193e-01 0.000000000000000000e+00 2.000000000000000000e+00
2.892160644531250000e+02 2.375573577880859375e+02 2.329509735107421875e+02 -8.120731115341186523e-01 -5.174361467361450195e-01 -2.698093056678771973e-01 0.000000000000000000e+00 2.000000000000000000e+00
2.886820373535156250e+02 2.372170867919921875e+02 2.327735443115234375e+02 -7.788478136062622070e-01 -5.552660822868347168e-01 -2.916774749755859375e-01 0.000000000000000000e+00 2.000000000000000000e+00
2.881874389648437500e+02 2.368644714355468750e+02 2.325883178710937500e+02 -7.491813898086547852e-01 -5.822579264640808105e-01 -3.157578110694885254e-01 0.000000000000000000e+00 2.000000000000000000e+00
2.877242126464843750e+02 2.365044555664062500e+02 2.323930816650390625e+02 -7.282750010490417480e-01 -5.938975214958190918e-01 -3.419083356857299805e-01 0.000000000000000000e+00 2.000000000000000000e+00
2.872807922363281250e+02 2.361428527832031250e+02 2.321849060058593750e+02 -7.214444279670715332e-01 -5.858536362648010254e-01 -3.691793978214263916e-01 0.000000000000000000e+00 2.000000000000000000e+00
2.868421325683593750e+02 2.357866363525390625e+02 2.319604339599609375e+02 -7.310835719108581543e-01 -5.557755231857299805e-01 -3.957656025886535645e-01 0.000000000000000000e+00 2.000000000000000000e+00
2.863929443359375000e+02 2.354451599121093750e+02 2.317172698974609375e+02 -7.563648819923400879e-01 -5.023078918457031250e-01 -4.190452694892883301e-01 0.000000000000000000e+00 2.000000000000000000e+00
2.859198608398437500e+02 2.351309814453125000e+02 2.314551696777343750e+02 -7.921458482742309570e-01 -4.262725114822387695e-01 -4.368028044700622559e-01 0.000000000000000000e+00 2.000000000000000000e+00
2.854159545898437500e+02 2.348598175048828125e+02 2.311773071289062500e+02 -8.319974541664123535e-01 -3.288495540618896484e-01 -4.468090534210205078e-01 0.000000000000000000e+00 2.000000000000000000e+00
2.848823547363281250e+02 2.346489105224609375e+02 2.308907470703125000e+02 -8.690226674079895020e-01 -2.110469937324523926e-01 -4.475028812885284424e-01 0.000000000000000000e+00 2.000000000000000000e+00
2.843281250000000000e+02 2.345143127441406250e+02 2.306053466796875000e+02 -8.966966271400451660e-01 -7.303576916456222534e-02 -4.365786015987396240e-01 0.000000000000000000e+00 2.000000000000000000e+00
2.837677917480468750e+02 2.344686737060546875e+02 2.303325347900390625e+02 -9.076933860778808594e-01 8.152286708354949951e-02 -4.116389453411102295e-01 0.000000000000000000e+00 2.000000000000000000e+00
2.832171630859375000e+02 2.345181274414062500e+02 2.300828247070312500e+02 -8.962168693542480469e-01 2.430133521556854248e-01 -3.711330592632293701e-01 0.000000000000000000e+00 2.000000000000000000e+00
2.826888122558593750e+02 2.346613922119140625e+02 2.298640289306640625e+02 -8.619192838668823242e-01 3.946821391582489014e-01 -3.183099031448364258e-01 0.000000000000000000e+00 2.000000000000000000e+00
2.821892395019531250e+02 2.348901519775390625e+02 2.296795349121093750e+02 -8.138407468795776367e-01 5.193342566490173340e-01 -2.606821358203887939e-01 0.000000000000000000e+00 2.000000000000000000e+00
2.817182006835937500e+02 2.351907348632812500e+02 2.295286560058593750e+02 -7.650683522224426270e-01 6.097167134284973145e-01 -2.071615308523178101e-01 0.000000000000000000e+00 2.000000000000000000e+00
2.812698059082031250e+02 2.355480804443359375e+02 2.294072418212890625e+02 -7.254285812377929688e-01 6.686741113662719727e-01 -1.631819456815719604e-01 0.000000000000000000e+00 2.000000000000000000e+00
2.808352661132812500e+02 2.359486236572265625e+02 2.293094940185546875e+02 -6.985002756118774414e-01 7.036052942276000977e-01 -1.305258274078369141e-01 0.000000000000000000e+00 2.000000000000000000e+00
2.804051818847656250e+02 2.363818511962890625e+02 2.292291259765625000e+02 -6.821501255035400391e-01 7.232406139373779297e-01 -1.076762974262237549e-01 0.000000000000000000e+00 2.000000000000000000e+00
2.799720153808593750e+02 2.368411102294921875e+02 2.291607513427734375e+02 -6.727707386016845703e-01 7.341177463531494141e-01 -9.192749857902526855e-02 0.000000000000000000e+00 2.000000000000000000e+00
2.795305786132812500e+02 2.373227996826171875e+02 2.291004333496093750e+02 -6.669197082519531250e-01 7.407316565513610840e-01 -8.083738386631011963e-02 0.000000000000000000e+00 2.000000000000000000e+00
2.790786437988281250e+02 2.378247528076171875e+02 2.290456542968750000e+02 -6.626783013343811035e-01 7.454256415367126465e-01 -7.209775596857070923e-02 0.000000000000000000e+00 2.000000000000000000e+00
2.786162414550781250e+02 2.383448944091796875e+02 2.289953460693359375e+02 -6.592494845390319824e-01 7.491393685340881348e-01 -6.465575844049453735e-02 0.000000000000000000e+00 2.000000000000000000e+00
2.781454467773437500e+02 2.388798828125000000e+02 2.289491729736328125e+02 -6.560460925102233887e-01 7.525123357772827148e-01 -5.769471451640129089e-02 0.000000000000000000e+00 2.000000000000000000e+00
2.776693420410156250e+02 2.394259948730468750e+02 2.289073028564453125e+02 -6.538071632385253906e-01 7.548770308494567871e-01 -5.193113535642623901e-02 0.000000000000000000e+00 2.000000000000000000e+00
2.771906127929687500e+02 2.399787292480468750e+02 2.288692779541015625e+02 -6.531478166580200195e-01 7.556647658348083496e-01 -4.867007583379745483e-02 0.000000000000000000e+00 2.000000000000000000e+00
2.767112426757812500e+02 2.405333404541015625e+02 2.288335571289062500e+02 -6.551268696784973145e-01 7.538856863975524902e-01 -4.965040460228919983e-02 0.000000000000000000e+00 2.000000000000000000e+00
2.762316589355468750e+02 2.410852203369140625e+02 2.287972106933593750e+02 -6.604014635086059570e-01 7.487302422523498535e-01 -5.720936879515647888e-02 0.000000000000000000e+00 2.000000000000000000e+00
2.757507934570312500e+02 2.416304016113281250e+02 2.287555541992187500e+02 -6.690433025360107422e-01 7.396342754364013672e-01 -7.295317947864532471e-02 0.000000000000000000e+00 2.000000000000000000e+00
2.752667541503906250e+02 2.421655120849609375e+02 2.287027740478515625e+02 -6.800439357757568359e-01 7.266716361045837402e-01 -9.740952402353286743e-02 0.000000000000000000e+00 2.000000000000000000e+00
2.747771606445312500e+02 2.426886749267578125e+02 2.286326446533203125e+02 -6.908051967620849609e-01 7.113638520240783691e-01 -1.294198930263519287e-01 0.000000000000000000e+00 2.000000000000000000e+00
2.742803344726562500e+02 2.432002868652343750e+02 2.285395660400390625e+02 -6.976323127746582031e-01 6.973153948783874512e-01 -1.645004451274871826e-01 0.000000000000000000e+00 2.000000000000000000e+00
2.737764282226562500e+02 2.437039642333984375e+02 2.284207458496093750e+02 -6.971012949943542480e-01 6.895873546600341797e-01 -1.962625086307525635e-01 0.000000000000000000e+00 2.000000000000000000e+00
2.732682189941406250e+02 2.442066955566406250e+02 2.282776641845703125e+02 -6.882979273796081543e-01 6.919344663619995117e-01 -2.178824841976165771e-01 0.000000000000000000e+00 2.000000000000000000e+00
2.727599182128906250e+02 2.447176818847656250e+02 2.281167602539062500e+02 -6.719513535499572754e-01 7.055060863494873047e-01 -2.252612709999084473e-01 0.000000000000000000e+00 2.000000000000000000e+00
2.722569580078125000e+02 2.452457580566406250e+02 2.279481506347656250e+02 -6.508932709693908691e-01 7.268978953361511230e-01 -2.189917415380477905e-01 0.000000000000000000e+00 2.000000000000000000e+00
2.717637939453125000e+02 2.457965087890625000e+02 2.277822265625000000e+02 -6.287719011306762695e-01 7.502663731575012207e-01 -2.043189555406570435e-01 0.000000000000000000e+00 2.000000000000000000e+00
2.712827148437500000e+02 2.463705444335937500e+02 2.276259002685546875e+02 -6.086356639862060547e-01 7.703608870506286621e-01 -1.900177299976348877e-01 0.000000000000000000e+00 2.000000000000000000e+00
2.708143005371093750e+02 2.469634246826171875e+02 2.274796600341796875e+02 -5.930534005165100098e-01 7.837003469467163086e-01 -1.846657097339630127e-01 0.000000000000000000e+00 2.000000000000000000e+00
2.703573913574218750e+02 2.475672149658203125e+02 2.273373870849609375e+02 -5.812585353851318359e-01 7.904192805290222168e-01 -1.933285146951675415e-01 0.000000000000000000e+00 2.000000000000000000e+00
2.699114685058593750e+02 2.481735992431640625e+02 2.271890716552734375e+02 -5.812585353851318359e-01 7.904192805290222168e-01 -1.933285146951675415e-01 0.000000000000000000e+00 2.000000000000000000e+00
