2.657583923339843750e+02 2.644129638671875000e+02 5.774246215820312500e+01 -9.716200828552246094e-01 -2.261715531349182129e-01 6.928926706314086914e-02 0.000000000000000000e+00 2.000000000000000000e+00
2.663626403808593750e+02 2.645536193847656250e+02 5.769937133789062500e+01 -9.717198610305786133e-01 -2.259158045053482056e-01 6.872109323740005493e-02 0.000000000000000000e+00 2.000000000000000000e+00
2.670990295410156250e+02 2.647248229980468750e+02 5.764729309082031250e+01 -9.719286561012268066e-01 -2.253279685974121094e-01 6.769052147865295410e-02 0.000000000000000000e+00 2.000000000000000000e+00
2.679441223144531250e+02 2.649207458496093750e+02 5.758843612670898438e+01 -9.723874926567077637e-01 -2.240075170993804932e-01 6.544574350118637085e-02 0.000000000000000000e+00 2.000000000000000000e+00
2.688640136718750000e+02 2.651326599121093750e+02 5.752652359008789062e+01 -9.731175303459167480e-01 -2.218498289585113525e-01 6.184556707739830017e-02 0.000000000000000000e+00 2.000000000000000000e+00
2.698212585449218750e+02 2.653508911132812500e+02 5.746568679809570312e+01 -9.742925167083740234e-01 -2.182243913412094116e-01 5.596522241830825806e-02 0.000000000000000000e+00 2.000000000000000000e+00
2.707786865234375000e+02 2.655653381347656250e+02 5.741069030761718750e+01 -9.760665297508239746e-01 -2.123908400535583496e-01 4.673536121845245361e-02 0.000000000000000000e+00 2.000000000000000000e+00
2.716998291015625000e+02 2.657657775878906250e+02 5.736658477783203125e+01 -9.786348938941955566e-01 -2.029907256364822388e-01 3.268949314951896667e-02 0.000000000000000000e+00 2.000000000000000000e+00
2.725484619140625000e+02 2.659418029785156250e+02 5.733823776245117188e+01 -9.820443987846374512e-01 -1.882978379726409912e-01 1.152274943888187408e-02 0.000000000000000000e+00 2.000000000000000000e+00
2.732874450683593750e+02 2.660834960937500000e+02 5.732956695556640625e+01 -9.861643314361572266e-01 -1.643607169389724731e-01 -2.157329767942428589e-02 0.000000000000000000e+00 2.000000000000000000e+00
2.738801574707031250e+02 2.661822814941406250e+02 5.734253311157226562e+01 -9.895773530006408691e-01 -1.193914860486984253e-01 -8.051262795925140381e-02 0.000000000000000000e+00 2.000000000000000000e+00
2.742939758300781250e+02 2.662322082519531250e+02 5.737620162963867188e+01 -9.738981127738952637e-01 -2.768328995443880558e-04 -2.269856631755828857e-01 0.000000000000000000e+00 2.000000000000000000e+00
2.745086975097656250e+02 2.662322692871093750e+02 5.742624664306640625e+01 -1.586773395538330078e-01 6.021704673767089844e-01 -7.824399471282958984e-01 0.000000000000000000e+00 2.000000000000000000e+00
2.745207519531250000e+02 2.661865234375000000e+02 5.748568725585937500e+01 8.624628782272338867e-01 4.088346660137176514e-01 -2.983489334583282471e-01 0.000000000000000000e+00 2.000000000000000000e+00
2.743450622558593750e+02 2.661032409667968750e+02 5.754646301269531250e+01 9.373974800109863281e-01 3.115761876106262207e-01 -1.555836200714111328e-01 0.000000000000000000e+00 2.000000000000000000e+00
2.740127868652343750e+02 2.659927978515625000e+02 5.760161209106445312e+01 9.575590491294860840e-01 2.717546224594116211e-01 -9.607355296611785889e-02 0.000000000000000000e+00 2.000000000000000000e+00
2.735620117187500000e+02 2.658648681640625000e+02 5.764683914184570312e+01 9.657516479492187500e-01 2.519376277923583984e-01 -6.205755472183227539e-02 0.000000000000000000e+00 2.000000000000000000e+00
2.730293884277343750e+02 2.657259216308593750e+02 5.768106460571289062e+01 -9.689381122589111328e-01 -2.439143359661102295e-01 4.080184921622276306e-02 0.000000000000000000e+00 2.000000000000000000e+00
2.724440917968750000e+02 2.655785827636718750e+02 5.770571136474609375e+01 -9.691103696823120117e-01 -2.449893355369567871e-01 2.837781235575675964e-02 0.000000000000000000e+00 2.000000000000000000e+00
2.718251647949218750e+02 2.654221191406250000e+02 5.772383499145507812e+01 -9.669730067253112793e-01 -2.538292706012725830e-01 2.310730330646038055e-02 0.000000000000000000e+00 2.000000000000000000e+00
2.711842346191406250e+02 2.652538757324218750e+02 5.773915100097656250e+01 -9.630137085914611816e-01 -2.683999538421630859e-01 2.379305288195610046e-02 0.000000000000000000e+00 2.000000000000000000e+00
2.705283508300781250e+02 2.650710754394531250e+02 5.775535583496093750e+01 -9.576320052146911621e-01 -2.863535284996032715e-01 3.070192411541938782e-02 0.000000000000000000e+00 2.000000000000000000e+00
2.698633422851562500e+02 2.648722229003906250e+02 5.777667617797851562e+01 -9.512880444526672363e-01 -3.051768541336059570e-01 4.379531368613243103e-02 0.000000000000000000e+00 2.000000000000000000e+00
2.691951599121093750e+02 2.646578674316406250e+02 5.780743789672851562e+01 -9.443454742431640625e-01 -3.227542638778686523e-01 6.357084959745407104e-02 0.000000000000000000e+00 2.000000000000000000e+00
2.685276184082031250e+02 2.644297180175781250e+02 5.785237503051757812e+01 -9.374039173126220703e-01 -3.370117545127868652e-01 8.773260563611984253e-02 0.000000000000000000e+00 2.000000000000000000e+00
2.678616943359375000e+02 2.641903076171875000e+02 5.791469955444335938e+01 -9.310122728347778320e-01 -3.472627103328704834e-01 1.123600527644157410e-01 0.000000000000000000e+00 2.000000000000000000e+00
2.671958618164062500e+02 2.639419555664062500e+02 5.799505615234375000e+01 -9.259921312332153320e-01 -3.535875082015991211e-01 1.323419064283370972e-01 0.000000000000000000e+00 2.000000000000000000e+00
2.665267639160156250e+02 2.636864624023437500e+02 5.809068298339843750e+01 -9.228256344795227051e-01 -3.574274778366088867e-01 1.436606794595718384e-01 0.000000000000000000e+00 2.000000000000000000e+00
2.658519897460937500e+02 2.634251098632812500e+02 5.819572830200195312e+01 -9.214476943016052246e-01 -3.602086901664733887e-01 1.455464363098144531e-01 0.000000000000000000e+00 2.000000000000000000e+00
2.651720275878906250e+02 2.631593017578125000e+02 5.830313110351562500e+01 -9.210546016693115234e-01 -3.632787466049194336e-01 1.403107941150665283e-01 0.000000000000000000e+00 2.000000000000000000e+00
2.644910583496093750e+02 2.628907165527343750e+02 5.840686798095703125e+01 -9.209349155426025391e-01 -3.664932250976562500e-01 1.325198858976364136e-01 0.000000000000000000e+00 2.000000000000000000e+00
2.638156127929687500e+02 2.626219177246093750e+02 5.850406265258789062e+01 -9.202559590339660645e-01 -3.701015412807464600e-01 1.270979940891265869e-01 0.000000000000000000e+00 2.000000000000000000e+00
2.631525573730468750e+02 2.623552551269531250e+02 5.859563827514648438e+01 -9.187726974487304688e-01 -3.734724819660186768e-01 1.279647797346115112e-01 0.000000000000000000e+00 2.000000000000000000e+00
2.625065307617187500e+02 2.620926513671875000e+02 5.868561553955078125e+01 -9.187726974487304688e-01 -3.734724819660186768e-01 1.279647797346115112e-01 0.000000000000000000e+00 2.000000000000000000e+00
