1.849587249755859375e+02 1.542520446777343750e+02 1.898159179687500000e+02 2.355534732341766357e-01 9.632692337036132812e-01 1.289454251527786255e-01 0.000000000000000000e+00 2.000000000000000000e+00
1.848858337402343750e+02 1.539539642333984375e+02 1.897760162353515625e+02 2.488072067499160767e-01 9.627274870872497559e-01 1.060690358281135559e-01 0.000000000000000000e+00 2.000000000000000000e+00
1.847865447998046875e+02 1.535697784423828125e+02 1.897336883544921875e+02 2.656789124011993408e-01 9.610623717308044434e-01 7.598550617694854736e-02 0.000000000000000000e+00 2.000000000000000000e+00
1.846590881347656250e+02 1.531087188720703125e+02 1.896972351074218750e+02 2.865608334541320801e-01 9.573092460632324219e-01 3.797218948602676392e-02 0.000000000000000000e+00 2.000000000000000000e+00
1.845034027099609375e+02 1.525886230468750000e+02 1.896766052246093750e+02 3.107624053955078125e-01 9.504633545875549316e-01 -6.786795333027839661e-03 0.000000000000000000e+00 2.000000000000000000e+00
1.843210449218750000e+02 1.520308837890625000e+02 1.896805877685546875e+02 3.365301489830017090e-01 9.400631189346313477e-01 -5.503415688872337341e-02 0.000000000000000000e+00 2.000000000000000000e+00
1.841148376464843750e+02 1.514548645019531250e+02 1.897143096923828125e+02 3.619335293769836426e-01 9.266647696495056152e-01 -1.014719158411026001e-01 0.000000000000000000e+00 2.000000000000000000e+00
1.838880462646484375e+02 1.508742065429687500e+02 1.897778930664062500e+02 3.850733935832977295e-01 9.122451543807983398e-01 -1.397401094436645508e-01 0.000000000000000000e+00 2.000000000000000000e+00
1.836438751220703125e+02 1.502957611083984375e+02 1.898665008544921875e+02 4.056893885135650635e-01 8.991057276725769043e-01 -1.643926501274108887e-01 0.000000000000000000e+00 2.000000000000000000e+00
1.833842010498046875e+02 1.497202606201171875e+02 1.899717254638671875e+02 4.244476854801177979e-01 8.888949155807495117e-01 -1.723656207323074341e-01 0.000000000000000000e+00 2.000000000000000000e+00
1.831092681884765625e+02 1.491444854736328125e+02 1.900833740234375000e+02 4.429805576801300049e-01 8.813802003860473633e-01 -1.641251295804977417e-01 0.000000000000000000e+00 2.000000000000000000e+00
1.828171081542968750e+02 1.485631866455078125e+02 1.901916198730468750e+02 4.620344638824462891e-01 8.753055334091186523e-01 -1.427040249109268188e-01 0.000000000000000000e+00 2.000000000000000000e+00
1.825045318603515625e+02 1.479710235595703125e+02 1.902881622314453125e+02 4.812652170658111572e-01 8.692381381988525391e-01 -1.131760329008102417e-01 0.000000000000000000e+00 2.000000000000000000e+00
1.821677093505859375e+02 1.473626708984375000e+02 1.903673706054687500e+02 4.993701279163360596e-01 8.625693321228027344e-01 -8.126260340213775635e-02 0.000000000000000000e+00 2.000000000000000000e+00
1.818039855957031250e+02 1.467344055175781250e+02 1.904265594482421875e+02 5.151636004447937012e-01 8.555123209953308105e-01 -5.201055482029914856e-02 0.000000000000000000e+00 2.000000000000000000e+00
1.814126892089843750e+02 1.460845947265625000e+02 1.904660644531250000e+02 5.275075435638427734e-01 8.490934371948242188e-01 -2.785906940698623657e-02 0.000000000000000000e+00 2.000000000000000000e+00
1.809957733154296875e+02 1.454135131835937500e+02 1.904880828857421875e+02 5.364821553230285645e-01 8.438618779182434082e-01 -9.164093993604183197e-03 0.000000000000000000e+00 2.000000000000000000e+00
1.805571746826171875e+02 1.447236175537109375e+02 1.904955749511718750e+02 5.425204038619995117e-01 8.400210142135620117e-01 6.019114051014184952e-03 0.000000000000000000e+00 2.000000000000000000e+00
1.801019439697265625e+02 1.440187530517578125e+02 1.904905242919921875e+02 5.464122891426086426e-01 8.372700214385986328e-01 2.031358703970909119e-02 0.000000000000000000e+00 2.000000000000000000e+00
1.796352691650390625e+02 1.433036651611328125e+02 1.904731750488281250e+02 5.490021109580993652e-01 8.350325226783752441e-01 3.629575669765472412e-02 0.000000000000000000e+00 2.000000000000000000e+00
1.791618957519531250e+02 1.425836639404296875e+02 1.904418792724609375e+02 5.511289238929748535e-01 8.325650691986083984e-01 5.560911446809768677e-02 0.000000000000000000e+00 2.000000000000000000e+00
1.786856842041015625e+02 1.418642730712890625e+02 1.903938293457031250e+02 5.532463192939758301e-01 8.293195366859436035e-01 7.840671390295028687e-02 0.000000000000000000e+00 2.000000000000000000e+00
1.782097930908203125e+02 1.411509094238281250e+02 1.903263854980468750e+02 5.556482076644897461e-01 8.249110579490661621e-01 1.038108915090560913e-01 0.000000000000000000e+00 2.000000000000000000e+00
1.777369079589843750e+02 1.404488677978515625e+02 1.902380371093750000e+02 5.583536028861999512e-01 8.193194866180419922e-01 1.302187442779541016e-01 0.000000000000000000e+00 2.000000000000000000e+00
1.772693023681640625e+02 1.397627105712890625e+02 1.901289825439453125e+02 5.614644289016723633e-01 8.126934170722961426e-01 1.558434516191482544e-01 0.000000000000000000e+00 2.000000000000000000e+00
1.768088989257812500e+02 1.390962982177734375e+02 1.900011901855468750e+02 5.648225545883178711e-01 8.054650425910949707e-01 1.794476509094238281e-01 0.000000000000000000e+00 2.000000000000000000e+00
1.763568115234375000e+02 1.384515991210937500e+02 1.898575592041015625e+02 5.683643221855163574e-01 7.980208992958068848e-01 2.003116756677627563e-01 0.000000000000000000e+00 2.000000000000000000e+00
1.759132080078125000e+02 1.378287506103515625e+02 1.897012176513671875e+02 5.717914700508117676e-01 7.910580039024353027e-01 2.174438089132308960e-01 0.000000000000000000e+00 2.000000000000000000e+00
1.754776153564453125e+02 1.372261199951171875e+02 1.895355682373046875e+02 5.746904611587524414e-01 7.852839231491088867e-01 2.303474992513656616e-01 0.000000000000000000e+00 2.000000000000000000e+00
1.750496826171875000e+02 1.366413726806640625e+02 1.893640441894531250e+02 5.769764184951782227e-01 7.812392115592956543e-01 2.382507026195526123e-01 0.000000000000000000e+00 2.000000000000000000e+00
1.746297912597656250e+02 1.360728302001953125e+02 1.891906585693359375e+02 5.783681869506835938e-01 7.793554067611694336e-01 2.410297691822052002e-01 0.000000000000000000e+00 2.000000000000000000e+00
1.742196350097656250e+02 1.355201416015625000e+02 1.890197296142578125e+02 -5.791773200035095215e-01 -7.793541550636291504e-01 -2.390834093093872070e-01 0.000000000000000000e+00 2.000000000000000000e+00
1.738218994140625000e+02 1.349849395751953125e+02 1.888555450439453125e+02 -5.795130729675292969e-01 -7.806195616722106934e-01 -2.340887933969497681e-01 0.000000000000000000e+00 2.000000000000000000e+00
1.734393157958984375e+02 1.344695892333984375e+02 1.887010040283203125e+02 -5.797601938247680664e-01 -7.819280624389648438e-01 -2.290559709072113037e-01 0.000000000000000000e+00 2.000000000000000000e+00
1.730727996826171875e+02 1.339752655029296875e+02 1.885561981201171875e+02 -5.805594921112060547e-01 -7.819986343383789062e-01 -2.267791032791137695e-01 0.000000000000000000e+00 2.000000000000000000e+00
1.727200622558593750e+02 1.335001373291015625e+02 1.884184112548828125e+02 -5.822646617889404297e-01 -7.800582647323608398e-01 -2.290784418582916260e-01 0.000000000000000000e+00 2.000000000000000000e+00
1.723755798339843750e+02 1.330386352539062500e+02 1.882828826904296875e+02 -5.862398147583007812e-01 -7.756471037864685059e-01 -2.338685393333435059e-01 0.000000000000000000e+00 2.000000000000000000e+00
1.720305328369140625e+02 1.325821075439453125e+02 1.881452331542968750e+02 -5.928792357444763184e-01 -7.698569893836975098e-01 -2.362504005432128906e-01 0.000000000000000000e+00 2.000000000000000000e+00
1.716752166748046875e+02 1.321207275390625000e+02 1.880036468505859375e+02 -6.019497513771057129e-01 -7.641688585281372070e-01 -2.317380309104919434e-01 0.000000000000000000e+00 2.000000000000000000e+00
1.713007812500000000e+02 1.316453857421875000e+02 1.878594970703125000e+02 -6.117772459983825684e-01 -7.598671317100524902e-01 -2.198420912027359009e-01 0.000000000000000000e+00 2.000000000000000000e+00
1.709017639160156250e+02 1.311497802734375000e+02 1.877161102294921875e+02 -6.198157072067260742e-01 -7.578673362731933594e-01 -2.036311179399490356e-01 0.000000000000000000e+00 2.000000000000000000e+00
1.704777679443359375e+02 1.306313476562500000e+02 1.875768127441406250e+02 -6.237636804580688477e-01 -7.584535479545593262e-01 -1.888574808835983276e-01 0.000000000000000000e+00 2.000000000000000000e+00
1.700339202880859375e+02 1.300916595458984375e+02 1.874424285888671875e+02 -6.222444772720336914e-01 -7.616056203842163086e-01 -1.810211241245269775e-01 0.000000000000000000e+00 2.000000000000000000e+00
1.695796966552734375e+02 1.295357055664062500e+02 1.873102874755859375e+02 -6.151766180992126465e-01 -7.669352293014526367e-01 -1.826697140932083130e-01 0.000000000000000000e+00 2.000000000000000000e+00
1.691266174316406250e+02 1.289708557128906250e+02 1.871757507324218750e+02 -6.040531992912292480e-01 -7.731664180755615234e-01 -1.932185590267181396e-01 0.000000000000000000e+00 2.000000000000000000e+00
1.686849822998046875e+02 1.284055786132812500e+02 1.870344848632812500e+02 -5.916142463684082031e-01 -7.784806489944458008e-01 -2.096674740314483643e-01 0.000000000000000000e+00 2.000000000000000000e+00
1.682607574462890625e+02 1.278473587036132812e+02 1.868841400146484375e+02 -5.814395546913146973e-01 -7.810401320457458496e-01 -2.278251945972442627e-01 0.000000000000000000e+00 2.000000000000000000e+00
1.678540039062500000e+02 1.273009719848632812e+02 1.867247619628906250e+02 -5.767021179199218750e-01 -7.796591520309448242e-01 -2.440210729837417603e-01 0.000000000000000000e+00 2.000000000000000000e+00
1.674592742919921875e+02 1.267673263549804688e+02 1.865577392578125000e+02 -5.789728760719299316e-01 -7.738627195358276367e-01 -2.567622661590576172e-01 0.000000000000000000e+00 2.000000000000000000e+00
1.670676879882812500e+02 1.262439270019531250e+02 1.863840789794921875e+02 -5.869523882865905762e-01 -7.643543481826782227e-01 -2.669256329536437988e-01 0.000000000000000000e+00 2.000000000000000000e+00
1.666703186035156250e+02 1.257264556884765625e+02 1.862033691406250000e+02 -5.970932841300964355e-01 -7.526841163635253906e-01 -2.773919105529785156e-01 0.000000000000000000e+00 2.000000000000000000e+00
1.662607421875000000e+02 1.252101516723632812e+02 1.860130920410156250e+02 -6.060810685157775879e-01 -7.403165102005004883e-01 -2.908561229705810547e-01 0.000000000000000000e+00 2.000000000000000000e+00
1.658364562988281250e+02 1.246918945312500000e+02 1.858094787597656250e+02 -6.113362908363342285e-01 -7.284809947013854980e-01 -3.091656267642974854e-01 0.000000000000000000e+00 2.000000000000000000e+00
1.653990478515625000e+02 1.241706695556640625e+02 1.855882720947265625e+02 -6.123375892639160156e-01 -7.176879644393920898e-01 -3.316122591495513916e-01 0.000000000000000000e+00 2.000000000000000000e+00
1.649523162841796875e+02 1.236470794677734375e+02 1.853463439941406250e+02 -6.089664697647094727e-01 -7.082473039627075195e-01 -3.571351468563079834e-01 0.000000000000000000e+00 2.000000000000000000e+00
1.645010528564453125e+02 1.231222457885742188e+02 1.850816955566406250e+02 -6.023015975952148438e-01 -7.004672884941101074e-01 -3.828555345535278320e-01 0.000000000000000000e+00 2.000000000000000000e+00
1.640493774414062500e+02 1.225969543457031250e+02 1.847945861816406250e+02 -5.934613347053527832e-01 -6.945331096649169922e-01 -4.067276716232299805e-01 0.000000000000000000e+00 2.000000000000000000e+00
1.636004180908203125e+02 1.220715332031250000e+02 1.844868927001953125e+02 -5.839071273803710938e-01 -6.905407905578613281e-01 -4.268556833267211914e-01 0.000000000000000000e+00 2.000000000000000000e+00
1.631563262939453125e+02 1.215463409423828125e+02 1.841622467041015625e+02 -5.742405056953430176e-01 -6.882130503654479980e-01 -4.434079825878143311e-01 0.000000000000000000e+00 2.000000000000000000e+00
1.627189941406250000e+02 1.210222091674804688e+02 1.838245544433593750e+02 -5.649584531784057617e-01 -6.869424581527709961e-01 -4.570908546447753906e-01 0.000000000000000000e+00 2.000000000000000000e+00
1.622899932861328125e+02 1.205005798339843750e+02 1.834774627685546875e+02 -5.558924674987792969e-01 -6.861317157745361328e-01 -4.692619740962982178e-01 0.000000000000000000e+00 2.000000000000000000e+00
1.618709259033203125e+02 1.199833297729492188e+02 1.831237030029296875e+02 -5.466609597206115723e-01 -6.854906082153320312e-01 -4.808995425701141357e-01 0.000000000000000000e+00 2.000000000000000000e+00
1.614633789062500000e+02 1.194722824096679688e+02 1.827651824951171875e+02 -5.466609597206115723e-01 -6.854906082153320312e-01 -4.808995425701141357e-01 0.000000000000000000e+00 2.000000000000000000e+00
