2.681452026367187500e+02 1.037409057617187500e+02 6.293202972412109375e+01 -3.252207040786743164e-01 -9.430771470069885254e-01 -6.954783946275711060e-02 0.000000000000000000e+00 2.000000000000000000e+00
2.683345031738281250e+02 1.042898406982421875e+02 6.297251129150390625e+01 -3.196990787982940674e-01 -9.460284113883972168e-01 -5.312981456518173218e-02 0.000000000000000000e+00 2.000000000000000000e+00
2.685571594238281250e+02 1.049487075805664062e+02 6.300951385498046875e+01 -3.113855123519897461e-01 -9.497668743133544922e-01 -3.133783116936683655e-02 0.000000000000000000e+00 2.000000000000000000e+00
2.688003540039062500e+02 1.056904830932617188e+02 6.303398895263671875e+01 -2.989687919616699219e-01 -9.542568325996398926e-01 -3.391940845176577568e-03 0.000000000000000000e+00 2.000000000000000000e+00
2.690484924316406250e+02 1.064824981689453125e+02 6.303680419921875000e+01 -2.813917100429534912e-01 -9.591203331947326660e-01 3.011306002736091614e-02 0.000000000000000000e+00 2.000000000000000000e+00
2.692866821289062500e+02 1.072943649291992188e+02 6.301131439208984375e+01 -2.582703530788421631e-01 -9.637559056282043457e-01 6.686481833457946777e-02 0.000000000000000000e+00 2.000000000000000000e+00
2.695036926269531250e+02 1.081041564941406250e+02 6.295513153076171875e+01 -2.307256907224655151e-01 -9.676218628883361816e-01 1.023402512073516846e-01 0.000000000000000000e+00 2.000000000000000000e+00
2.696935424804687500e+02 1.089003524780273438e+02 6.287092208862304688e+01 -2.015834450721740723e-01 -9.706759452819824219e-01 1.309665590524673462e-01 0.000000000000000000e+00 2.000000000000000000e+00
2.698554687500000000e+02 1.096800689697265625e+02 6.276572036743164062e+01 -1.749782860279083252e-01 -9.733920097351074219e-01 1.479547321796417236e-01 0.000000000000000000e+00 2.000000000000000000e+00
2.699929504394531250e+02 1.104448699951171875e+02 6.264947128295898438e+01 -1.548278331756591797e-01 -9.762832522392272949e-01 1.513256877660751343e-01 0.000000000000000000e+00 2.000000000000000000e+00
2.701121826171875000e+02 1.111967010498046875e+02 6.253293609619140625e+01 -1.439358741044998169e-01 -9.793343544006347656e-01 1.420800387859344482e-01 0.000000000000000000e+00 2.000000000000000000e+00
2.702207641601562500e+02 1.119354858398437500e+02 6.242575454711914062e+01 -1.437800228595733643e-01 -9.819865226745605469e-01 1.225957423448562622e-01 0.000000000000000000e+00 2.000000000000000000e+00
2.703268127441406250e+02 1.126597747802734375e+02 6.233533096313476562e+01 -1.543863862752914429e-01 -9.832962751388549805e-01 9.640138596296310425e-02 0.000000000000000000e+00 2.000000000000000000e+00
2.704379272460937500e+02 1.133674697875976562e+02 6.226594924926757812e+01 -1.744490563869476318e-01 -9.823619127273559570e-01 6.732426583766937256e-02 0.000000000000000000e+00 2.000000000000000000e+00
2.705604858398437500e+02 1.140576248168945312e+02 6.221865081787109375e+01 -2.013731896877288818e-01 -9.787189364433288574e-01 3.947233781218528748e-02 0.000000000000000000e+00 2.000000000000000000e+00
2.706991271972656250e+02 1.147314529418945312e+02 6.219147491455078125e+01 -2.313939779996871948e-01 -9.727063179016113281e-01 1.730174385011196136e-02 0.000000000000000000e+00 2.000000000000000000e+00
2.708562622070312500e+02 1.153919982910156250e+02 6.217972564697265625e+01 -2.606680989265441895e-01 -9.654194116592407227e-01 4.183171316981315613e-03 0.000000000000000000e+00 2.000000000000000000e+00
2.710321655273437500e+02 1.160434799194335938e+02 6.217690277099609375e+01 -2.856820225715637207e-01 -9.583221673965454102e-01 2.104263287037611008e-03 0.000000000000000000e+00 2.000000000000000000e+00
2.712248229980468750e+02 1.166897506713867188e+02 6.217548370361328125e+01 -3.044607341289520264e-01 -9.524667859077453613e-01 1.051888335496187210e-02 0.000000000000000000e+00 2.000000000000000000e+00
2.714306335449218750e+02 1.173336029052734375e+02 6.216837310791015625e+01 -3.168190419673919678e-01 -9.480921030044555664e-01 2.733256667852401733e-02 0.000000000000000000e+00 2.000000000000000000e+00
2.716452636718750000e+02 1.179758911132812500e+02 6.214985656738281250e+01 -3.234032690525054932e-01 -9.449910521507263184e-01 4.901193082332611084e-02 0.000000000000000000e+00 2.000000000000000000e+00
2.718642272949218750e+02 1.186157073974609375e+02 6.211667251586914062e+01 -3.252384960651397705e-01 -9.428455829620361328e-01 7.254093885421752930e-02 0.000000000000000000e+00 2.000000000000000000e+00
2.720836791992187500e+02 1.192518844604492188e+02 6.206772613525390625e+01 -3.242973685264587402e-01 -9.410817027091979980e-01 9.589792788028717041e-02 0.000000000000000000e+00 2.000000000000000000e+00
2.723009948730468750e+02 1.198825149536132812e+02 6.200346374511718750e+01 -3.212500810623168945e-01 -9.395266175270080566e-01 1.186933740973472595e-01 0.000000000000000000e+00 2.000000000000000000e+00
2.725142822265625000e+02 1.205062942504882812e+02 6.192465972900390625e+01 -3.169472813606262207e-01 -9.377344250679016113e-01 1.421212553977966309e-01 0.000000000000000000e+00 2.000000000000000000e+00
2.727225646972656250e+02 1.211225280761718750e+02 6.183126449584960938e+01 -3.113916218280792236e-01 -9.354404807090759277e-01 1.672915518283843994e-01 0.000000000000000000e+00 2.000000000000000000e+00
2.729252929687500000e+02 1.217315368652343750e+02 6.172235107421875000e+01 -3.045527040958404541e-01 -9.325246810913085938e-01 1.940244138240814209e-01 0.000000000000000000e+00 2.000000000000000000e+00
2.731223449707031250e+02 1.223348999023437500e+02 6.159681320190429688e+01 -2.962053120136260986e-01 -9.295815229415893555e-01 2.194095999002456665e-01 0.000000000000000000e+00 2.000000000000000000e+00
2.733142089843750000e+02 1.229370269775390625e+02 6.145469284057617188e+01 -2.861320376396179199e-01 -9.280285835266113281e-01 2.385191470384597778e-01 0.000000000000000000e+00 2.000000000000000000e+00
2.735014343261718750e+02 1.235442657470703125e+02 6.129862213134765625e+01 -2.737368345260620117e-01 -9.298483133316040039e-01 2.458661645650863647e-01 0.000000000000000000e+00 2.000000000000000000e+00
2.736842346191406250e+02 1.241652145385742188e+02 6.113443374633789062e+01 -2.579781115055084229e-01 -9.364277124404907227e-01 2.378034889698028564e-01 0.000000000000000000e+00 2.000000000000000000e+00
2.738619384765625000e+02 1.248102569580078125e+02 6.097062683105468750e+01 -2.376937866210937500e-01 -9.474336504936218262e-01 2.141755521297454834e-01 0.000000000000000000e+00 2.000000000000000000e+00
2.740323486328125000e+02 1.254895019531250000e+02 6.081707763671875000e+01 -2.132488638162612915e-01 -9.606351852416992188e-01 1.780593544244766235e-01 0.000000000000000000e+00 2.000000000000000000e+00
2.741925964355468750e+02 1.262113800048828125e+02 6.068327331542968750e+01 -1.862248778343200684e-01 -9.732788801193237305e-01 1.343450546264648438e-01 0.000000000000000000e+00 2.000000000000000000e+00
2.743397827148437500e+02 1.269806289672851562e+02 6.057709121704101562e+01 -1.596236675977706909e-01 -9.832486510276794434e-01 8.799070864915847778e-02 0.000000000000000000e+00 2.000000000000000000e+00
2.744722290039062500e+02 1.277964706420898438e+02 6.050408172607421875e+01 -1.362336277961730957e-01 -9.897788166999816895e-01 4.216881468892097473e-02 0.000000000000000000e+00 2.000000000000000000e+00
2.745898742675781250e+02 1.286511993408203125e+02 6.046766662597656250e+01 -1.172629669308662415e-01 -9.930987358093261719e-01 -2.055204007774591446e-03 0.000000000000000000e+00 2.000000000000000000e+00
2.746936950683593750e+02 1.295304565429687500e+02 6.046948623657226562e+01 -1.034296005964279175e-01 -9.936164617538452148e-01 -4.504054039716720581e-02 0.000000000000000000e+00 2.000000000000000000e+00
2.747857971191406250e+02 1.304152526855468750e+02 6.050959396362304688e+01 -9.325748682022094727e-02 -9.917467832565307617e-01 -8.798482269048690796e-02 0.000000000000000000e+00 2.000000000000000000e+00
2.748677062988281250e+02 1.312863159179687500e+02 6.058687210083007812e+01 -8.606206625699996948e-02 -9.875819087028503418e-01 -1.314354389905929565e-01 0.000000000000000000e+00 2.000000000000000000e+00
2.749410095214843750e+02 1.321274871826171875e+02 6.069882202148437500e+01 -8.182018250226974487e-02 -9.811310172080993652e-01 -1.751779019832611084e-01 0.000000000000000000e+00 2.000000000000000000e+00
2.750077209472656250e+02 1.329274444580078125e+02 6.084165191650390625e+01 -8.365371078252792358e-02 -9.722126126289367676e-01 -2.186426371335983276e-01 0.000000000000000000e+00 2.000000000000000000e+00
2.750723266601562500e+02 1.336782836914062500e+02 6.101050949096679688e+01 -9.487421065568923950e-02 -9.605381488800048828e-01 -2.614675462245941162e-01 0.000000000000000000e+00 2.000000000000000000e+00
2.751410522460937500e+02 1.343740844726562500e+02 6.119991302490234375e+01 -1.209625676274299622e-01 -9.450314640998840332e-01 -3.037820458412170410e-01 0.000000000000000000e+00 2.000000000000000000e+00
2.752222290039062500e+02 1.350082855224609375e+02 6.140377807617187500e+01 -1.652248203754425049e-01 -9.229705333709716797e-01 -3.476003110408782959e-01 0.000000000000000000e+00 2.000000000000000000e+00
2.753233642578125000e+02 1.355732421875000000e+02 6.161654663085937500e+01 -2.245138436555862427e-01 -8.905030488967895508e-01 -3.957243859767913818e-01 0.000000000000000000e+00 2.000000000000000000e+00
2.754467468261718750e+02 1.360626220703125000e+02 6.183401870727539062e+01 -2.831679582595825195e-01 -8.459305763244628906e-01 -4.519042670726776123e-01 0.000000000000000000e+00 2.000000000000000000e+00
2.755845947265625000e+02 1.364744262695312500e+02 6.205400848388671875e+01 -3.085349500179290771e-01 -7.963643074035644531e-01 -5.202019810676574707e-01 0.000000000000000000e+00 2.000000000000000000e+00
2.757164611816406250e+02 1.368147888183593750e+02 6.227634048461914062e+01 -2.512714564800262451e-01 -7.571152448654174805e-01 -6.030250191688537598e-01 0.000000000000000000e+00 2.000000000000000000e+00
2.758105468750000000e+02 1.370982818603515625e+02 6.250213623046875000e+01 -5.770400539040565491e-02 -7.321476936340332031e-01 -6.786972284317016602e-01 0.000000000000000000e+00 2.000000000000000000e+00
2.758301086425781250e+02 1.373464813232421875e+02 6.273221588134765625e+01 2.540965080261230469e-01 -6.899820566177368164e-01 -6.777607798576354980e-01 0.000000000000000000e+00 2.000000000000000000e+00
2.757427062988281250e+02 1.375838165283203125e+02 6.296534729003906250e+01 5.309134125709533691e-01 -6.188285946846008301e-01 -5.789492130279541016e-01 0.000000000000000000e+00 2.000000000000000000e+00
2.755296630859375000e+02 1.378321380615234375e+02 6.319766616821289062e+01 6.899309754371643066e-01 -5.588715076446533203e-01 -4.600629806518554688e-01 0.000000000000000000e+00 2.000000000000000000e+00
2.751916503906250000e+02 1.381059417724609375e+02 6.342306137084960938e+01 7.677642703056335449e-01 -5.258955955505371094e-01 -3.660216331481933594e-01 0.000000000000000000e+00 2.000000000000000000e+00
2.747475891113281250e+02 1.384101104736328125e+02 6.363476181030273438e+01 8.050326108932495117e-01 -5.127989649772644043e-01 -2.982612252235412598e-01 0.000000000000000000e+00 2.000000000000000000e+00
2.742284240722656250e+02 1.387408142089843750e+02 6.382711029052734375e+01 8.227207064628601074e-01 -5.109722018241882324e-01 -2.490743249654769897e-01 0.000000000000000000e+00 2.000000000000000000e+00
2.736674804687500000e+02 1.390892028808593750e+02 6.399693298339843750e+01 8.306658267974853516e-01 -5.146276950836181641e-01 -2.124913036823272705e-01 0.000000000000000000e+00 2.000000000000000000e+00
2.730921630859375000e+02 1.394456329345703125e+02 6.414410400390625000e+01 8.335461616516113281e-01 -5.205656290054321289e-01 -1.849653273820877075e-01 0.000000000000000000e+00 2.000000000000000000e+00
2.725208740234375000e+02 1.398024139404296875e+02 6.427087402343750000e+01 8.340134620666503906e-01 -5.266363024711608887e-01 -1.645468175411224365e-01 0.000000000000000000e+00 2.000000000000000000e+00
2.719618225097656250e+02 1.401554260253906250e+02 6.438117218017578125e+01 8.335511088371276855e-01 -5.316428542137145996e-01 -1.501617729663848877e-01 0.000000000000000000e+00 2.000000000000000000e+00
2.714160461425781250e+02 1.405035247802734375e+02 6.447949218750000000e+01 8.326954245567321777e-01 -5.355653762817382812e-01 -1.406702101230621338e-01 0.000000000000000000e+00 2.000000000000000000e+00
2.708809204101562500e+02 1.408477020263671875e+02 6.456989288330078125e+01 8.320698738098144531e-01 -5.379890799522399902e-01 -1.350086182355880737e-01 0.000000000000000000e+00 2.000000000000000000e+00
2.703533020019531250e+02 1.411888427734375000e+02 6.465550231933593750e+01 8.317155241966247559e-01 -5.392203927040100098e-01 -1.322522312402725220e-01 0.000000000000000000e+00 2.000000000000000000e+00
2.698300781250000000e+02 1.415280609130859375e+02 6.473870086669921875e+01 8.315342068672180176e-01 -5.398315191268920898e-01 -1.308919042348861694e-01 0.000000000000000000e+00 2.000000000000000000e+00
2.693097229003906250e+02 1.418658752441406250e+02 6.482061004638671875e+01 8.314433097839355469e-01 -5.401071310043334961e-01 -1.303313821554183960e-01 0.000000000000000000e+00 2.000000000000000000e+00
2.687922973632812500e+02 1.422019958496093750e+02 6.490171813964843750e+01 8.314515352249145508e-01 -5.401588678359985352e-01 -1.300643682479858398e-01 0.000000000000000000e+00 2.000000000000000000e+00
2.682797546386718750e+02 1.425349731445312500e+02 6.498189544677734375e+01 8.314117193222045898e-01 -5.402134060859680176e-01 -1.300924569368362427e-01 0.000000000000000000e+00 2.000000000000000000e+00
2.677766113281250000e+02 1.428618927001953125e+02 6.506062316894531250e+01 8.314242362976074219e-01 -5.402012467384338379e-01 -1.300634294748306274e-01 0.000000000000000000e+00 2.000000000000000000e+00
2.672907104492187500e+02 1.431775970458984375e+02 6.513663482666015625e+01 8.314010500907897949e-01 -5.402248501777648926e-01 -1.301126778125762939e-01 0.000000000000000000e+00 2.000000000000000000e+00
2.668332824707031250e+02 1.434748229980468750e+02 6.520822143554687500e+01 8.314508199691772461e-01 -5.401620864868164062e-01 -1.300554275512695312e-01 0.000000000000000000e+00 2.000000000000000000e+00
2.664178161621093750e+02 1.437447357177734375e+02 6.527320861816406250e+01 8.313800692558288574e-01 -5.402631163597106934e-01 -1.300881356000900269e-01 0.000000000000000000e+00 2.000000000000000000e+00
2.660578308105468750e+02 1.439786682128906250e+02 6.532953643798828125e+01 8.314672112464904785e-01 -5.401263236999511719e-01 -1.300998032093048096e-01 0.000000000000000000e+00 2.000000000000000000e+00
2.657632751464843750e+02 1.441700134277343750e+02 6.537562561035156250e+01 8.313739299774169922e-01 -5.402860641479492188e-01 -1.300323754549026489e-01 0.000000000000000000e+00 2.000000000000000000e+00
2.655379638671875000e+02 1.443164367675781250e+02 6.541086578369140625e+01 8.076322674751281738e-01 -5.048628449440002441e-01 3.047025799751281738e-01 0.000000000000000000e+00 2.000000000000000000e+00
2.530402832031250000e+02 1.521289215087890625e+02 6.069575500488281250e+01 8.109242320060729980e-01 -5.762686133384704590e-01 1.015688702464103699e-01 0.000000000000000000e+00 2.000000000000000000e+00
2.524013366699218750e+02 1.525829772949218750e+02 6.061572647094726562e+01 8.123835921287536621e-01 -5.783855915069580078e-01 7.418212294578552246e-02 0.000000000000000000e+00 2.000000000000000000e+00
2.517523956298828125e+02 1.530449981689453125e+02 6.055646896362304688e+01 8.170118927955627441e-01 -5.741899609565734863e-01 5.289036408066749573e-02 0.000000000000000000e+00 2.000000000000000000e+00
2.510879974365234375e+02 1.535119323730468750e+02 6.051345825195312500e+01 8.258077502250671387e-01 -5.625085830688476562e-01 4.031854495406150818e-02 0.000000000000000000e+00 2.000000000000000000e+00
2.504033966064453125e+02 1.539782562255859375e+02 6.048003387451171875e+01 8.393955230712890625e-01 -5.423008203506469727e-01 3.640060499310493469e-02 0.000000000000000000e+00 2.000000000000000000e+00
2.496944732666015625e+02 1.544362640380859375e+02 6.044929122924804688e+01 8.573961257934570312e-01 -5.132081508636474609e-01 3.859055414795875549e-02 0.000000000000000000e+00 2.000000000000000000e+00
2.489581298828125000e+02 1.548770141601562500e+02 6.041614913940429688e+01 8.790447711944580078e-01 -4.747692942619323730e-01 4.329458624124526978e-02 0.000000000000000000e+00 2.000000000000000000e+00
2.481922760009765625e+02 1.552906494140625000e+02 6.037842941284179688e+01 9.028964638710021973e-01 -4.272770881652832031e-01 4.703594744205474854e-02 0.000000000000000000e+00 2.000000000000000000e+00
2.473960113525390625e+02 1.556674652099609375e+02 6.033694839477539062e+01 9.270617961883544922e-01 -3.718139529228210449e-01 4.807053506374359131e-02 0.000000000000000000e+00 2.000000000000000000e+00
2.465694732666015625e+02 1.559989624023437500e+02 6.029409027099609375e+01 9.493587017059326172e-01 -3.106693625450134277e-01 4.693133383989334106e-02 0.000000000000000000e+00 2.000000000000000000e+00
2.457136993408203125e+02 1.562790069580078125e+02 6.025178527832031250e+01 9.679238796234130859e-01 -2.469828575849533081e-01 4.607508331537246704e-02 0.000000000000000000e+00 2.000000000000000000e+00
2.448308258056640625e+02 1.565042877197265625e+02 6.020975875854492188e+01 -9.815663099288940430e-01 1.848470717668533325e-01 -4.857026785612106323e-02 0.000000000000000000e+00 2.000000000000000000e+00
2.439243011474609375e+02 1.566750030517578125e+02 6.016490173339843750e+01 -9.901861548423767090e-01 1.276790201663970947e-01 -5.682835355401039124e-02 0.000000000000000000e+00 2.000000000000000000e+00
2.429992675781250000e+02 1.567942810058593750e+02 6.011181259155273438e+01 -9.944071769714355469e-01 7.773133367300033569e-02 -7.149938493967056274e-02 0.000000000000000000e+00 2.000000000000000000e+00
2.420624847412109375e+02 1.568675079345703125e+02 6.004445648193359375e+01 -9.951687455177307129e-01 3.606478497385978699e-02 -9.131520241498947144e-02 0.000000000000000000e+00 2.000000000000000000e+00
2.411210174560546875e+02 1.569016265869140625e+02 5.995806884765625000e+01 -9.935383200645446777e-01 2.986264647915959358e-03 -1.134578734636306763e-01 0.000000000000000000e+00 2.000000000000000000e+00
2.401818389892578125e+02 1.569044494628906250e+02 5.985081863403320312e+01 -9.906806349754333496e-01 -2.180294878780841827e-02 -1.344488114118576050e-01 0.000000000000000000e+00 2.000000000000000000e+00
2.392493133544921875e+02 1.568839263916015625e+02 5.972426223754882812e+01 -9.877694249153137207e-01 -3.901320695877075195e-02 -1.509622037410736084e-01 0.000000000000000000e+00 2.000000000000000000e+00
2.383248138427734375e+02 1.568474121093750000e+02 5.958296966552734375e+01 -9.857849478721618652e-01 -4.967355728149414062e-02 -1.605008244514465332e-01 0.000000000000000000e+00 2.000000000000000000e+00
2.374069824218750000e+02 1.568011627197265625e+02 5.943353271484375000e+01 -9.852455258369445801e-01 -5.580524355173110962e-02 -1.617932468652725220e-01 0.000000000000000000e+00 2.000000000000000000e+00
2.364931945800781250e+02 1.567494049072265625e+02 5.928347396850585938e+01 -9.860682487487792969e-01 -5.969515815377235413e-02 -1.552610844373703003e-01 0.000000000000000000e+00 2.000000000000000000e+00
2.355820312500000000e+02 1.566942443847656250e+02 5.914000701904296875e+01 -9.877487421035766602e-01 -6.353609263896942139e-02 -1.425327360630035400e-01 0.000000000000000000e+00 2.000000000000000000e+00
2.346744384765625000e+02 1.566358642578125000e+02 5.900904083251953125e+01 -9.895630478858947754e-01 -6.973791867494583130e-02 -1.261008679866790771e-01 0.000000000000000000e+00 2.000000000000000000e+00
2.337752380371093750e+02 1.565724945068359375e+02 5.889445495605468750e+01 -9.909025430679321289e-01 -7.962793111801147461e-02 -1.084964722394943237e-01 0.000000000000000000e+00 2.000000000000000000e+00
2.328911437988281250e+02 1.565014495849609375e+02 5.879765319824218750e+01 -9.913285374641418457e-01 -9.387972205877304077e-02 -9.194726496934890747e-02 0.000000000000000000e+00 2.000000000000000000e+00
2.320281524658203125e+02 1.564197235107421875e+02 5.871760940551757812e+01 -9.906090497970581055e-01 -1.122591868042945862e-01 -7.804875075817108154e-02 0.000000000000000000e+00 2.000000000000000000e+00
2.311882171630859375e+02 1.563245391845703125e+02 5.865143203735351562e+01 -9.887935519218444824e-01 -1.326621025800704956e-01 -6.846972554922103882e-02 0.000000000000000000e+00 2.000000000000000000e+00
2.303681030273437500e+02 1.562145080566406250e+02 5.859464263916015625e+01 -9.863995313644409180e-01 -1.514571756124496460e-01 -6.384913623332977295e-02 0.000000000000000000e+00 2.000000000000000000e+00
2.295600738525390625e+02 1.560904388427734375e+02 5.854233932495117188e+01 -9.843921065330505371e-01 -1.636578291654586792e-01 -6.471744924783706665e-02 0.000000000000000000e+00 2.000000000000000000e+00
2.287553405761718750e+02 1.559566497802734375e+02 5.848943328857421875e+01 -9.837572574615478516e-01 -1.649160981178283691e-01 -7.088197022676467896e-02 0.000000000000000000e+00 2.000000000000000000e+00
2.279471588134765625e+02 1.558211669921875000e+02 5.843120193481445312e+01 -9.848846197128295898e-01 -1.528005301952362061e-01 -8.157415688037872314e-02 0.000000000000000000e+00 2.000000000000000000e+00
2.271324157714843750e+02 1.556947631835937500e+02 5.836371994018554688e+01 -9.872850775718688965e-01 -1.273519992828369141e-01 -9.512902796268463135e-02 0.000000000000000000e+00 2.000000000000000000e+00
2.263106384277343750e+02 1.555887603759765625e+02 5.828453826904296875e+01 -9.898305535316467285e-01 -9.181253612041473389e-02 -1.086551547050476074e-01 0.000000000000000000e+00 2.000000000000000000e+00
2.254813690185546875e+02 1.555118408203125000e+02 5.819350814819335938e+01 -9.915653467178344727e-01 -5.200272053480148315e-02 -1.187179163098335266e-01 0.000000000000000000e+00 2.000000000000000000e+00
2.246416931152343750e+02 1.554678039550781250e+02 5.809297561645507812e+01 -9.923774600028991699e-01 -1.478520780801773071e-02 -1.223449409008026123e-01 0.000000000000000000e+00 2.000000000000000000e+00
2.237854919433593750e+02 1.554550476074218750e+02 5.798741912841796875e+01 -9.927964806556701660e-01 1.621405594050884247e-02 -1.187106743454933167e-01 0.000000000000000000e+00 2.000000000000000000e+00
2.229063110351562500e+02 1.554694061279296875e+02 5.788229370117187500e+01 -9.931573867797851562e-01 4.142060503363609314e-02 -1.091914102435112000e-01 0.000000000000000000e+00 2.000000000000000000e+00
2.220007934570312500e+02 1.555071716308593750e+02 5.778273773193359375e+01 -9.932360053062438965e-01 6.476704031229019165e-02 -9.637156128883361816e-02 0.000000000000000000e+00 2.000000000000000000e+00
2.210718078613281250e+02 1.555677490234375000e+02 5.769260025024414062e+01 -9.924830794334411621e-01 9.050642699003219604e-02 -8.237724751234054565e-02 0.000000000000000000e+00 2.000000000000000000e+00
2.201300964355468750e+02 1.556536254882812500e+02 5.761443710327148438e+01 -9.903491139411926270e-01 1.206760406494140625e-01 -6.816021353006362915e-02 0.000000000000000000e+00 2.000000000000000000e+00
2.191921691894531250e+02 1.557679138183593750e+02 5.754988479614257812e+01 -9.865668416023254395e-01 1.543716490268707275e-01 -5.343444272875785828e-02 0.000000000000000000e+00 2.000000000000000000e+00
2.182772674560546875e+02 1.559110717773437500e+02 5.750033187866210938e+01 -9.813652038574218750e-01 1.885259151458740234e-01 -3.715230524539947510e-02 0.000000000000000000e+00 2.000000000000000000e+00
2.174024353027343750e+02 1.560791320800781250e+02 5.746721267700195312e+01 -9.753931760787963867e-01 2.197376042604446411e-01 -1.798576861619949341e-02 0.000000000000000000e+00 2.000000000000000000e+00
2.165798950195312500e+02 1.562644348144531250e+02 5.745204544067382812e+01 -9.692676663398742676e-01 2.459494620561599731e-01 5.393204279243946075e-03 0.000000000000000000e+00 2.000000000000000000e+00
2.158154754638671875e+02 1.564584045410156250e+02 5.745629882812500000e+01 -9.629827737808227539e-01 2.674247920513153076e-01 3.388530388474464417e-02 0.000000000000000000e+00 2.000000000000000000e+00
2.151084289550781250e+02 1.566547546386718750e+02 5.748117828369140625e+01 -9.560021758079528809e-01 2.854282259941101074e-01 6.775361299514770508e-02 0.000000000000000000e+00 2.000000000000000000e+00
2.144526214599609375e+02 1.568505554199218750e+02 5.752765655517578125e+01 -9.473194479942321777e-01 3.024316132068634033e-01 1.054557636380195618e-01 0.000000000000000000e+00 2.000000000000000000e+00
2.138383026123046875e+02 1.570466766357421875e+02 5.759604263305664062e+01 -9.368974566459655762e-01 3.186473250389099121e-01 1.438301205635070801e-01 0.000000000000000000e+00 2.000000000000000000e+00
2.132535400390625000e+02 1.572455596923828125e+02 5.768581390380859375e+01 -9.257095456123352051e-01 3.335591852664947510e-01 1.783260703086853027e-01 0.000000000000000000e+00 2.000000000000000000e+00
2.126862182617187500e+02 1.574499816894531250e+02 5.779510116577148438e+01 -9.153776764869689941e-01 3.465111255645751953e-01 2.049726247787475586e-01 0.000000000000000000e+00 2.000000000000000000e+00
2.121249542236328125e+02 1.576624450683593750e+02 5.792078018188476562e+01 -9.072851538658142090e-01 3.572995662689208984e-01 2.217444926500320435e-01 0.000000000000000000e+00 2.000000000000000000e+00
2.115597991943359375e+02 1.578850097656250000e+02 5.805890655517578125e+01 -9.022758007049560547e-01 3.653863966464996338e-01 2.288914024829864502e-01 0.000000000000000000e+00 2.000000000000000000e+00
2.109827728271484375e+02 1.581186828613281250e+02 5.820528793334960938e+01 -9.000336527824401855e-01 3.708588480949401855e-01 2.289172410964965820e-01 0.000000000000000000e+00 2.000000000000000000e+00
2.103881225585937500e+02 1.583637084960937500e+02 5.835653305053710938e+01 -9.004487395286560059e-01 3.723168075084686279e-01 2.248832434415817261e-01 0.000000000000000000e+00 2.000000000000000000e+00
2.097729797363281250e+02 1.586180572509765625e+02 5.851016235351562500e+01 -9.041672348976135254e-01 3.665407598018646240e-01 2.193842530250549316e-01 0.000000000000000000e+00 2.000000000000000000e+00
2.091383361816406250e+02 1.588753356933593750e+02 5.866415023803710938e+01 -9.124303460121154785e-01 3.490331172943115234e-01 2.136511951684951782e-01 0.000000000000000000e+00 2.000000000000000000e+00
2.084889831542968750e+02 1.591237335205078125e+02 5.881620025634765625e+01 -9.264175891876220703e-01 3.142467141151428223e-01 2.073631584644317627e-01 0.000000000000000000e+00 2.000000000000000000e+00
2.078333892822265625e+02 1.593461151123046875e+02 5.896294403076171875e+01 -9.462587237358093262e-01 2.552602291107177734e-01 1.985867768526077271e-01 0.000000000000000000e+00 2.000000000000000000e+00
2.071813659667968750e+02 1.595220031738281250e+02 5.909978103637695312e+01 -9.686106443405151367e-01 1.664055436849594116e-01 1.846690028905868530e-01 0.000000000000000000e+00 2.000000000000000000e+00
2.065420532226562500e+02 1.596318359375000000e+02 5.922166824340820312e+01 -9.854658842086791992e-01 4.627704247832298279e-02 1.634483784437179565e-01 0.000000000000000000e+00 2.000000000000000000e+00
2.059217529296875000e+02 1.596609649658203125e+02 5.932455062866210938e+01 -9.862791895866394043e-01 -9.464702010154724121e-02 1.352602839469909668e-01 0.000000000000000000e+00 2.000000000000000000e+00
2.053229370117187500e+02 1.596035003662109375e+02 5.940667343139648438e+01 -9.662665128707885742e-01 -2.352198511362075806e-01 1.048844754695892334e-01 0.000000000000000000e+00 2.000000000000000000e+00
2.047450714111328125e+02 1.594628295898437500e+02 5.946939849853515625e+01 -9.310091733932495117e-01 -3.561759591102600098e-01 7.975322008132934570e-02 0.000000000000000000e+00 2.000000000000000000e+00
2.041862030029296875e+02 1.592490234375000000e+02 5.951727294921875000e+01 -8.899677991867065430e-01 -4.512399733066558838e-01 6.587687134742736816e-02 0.000000000000000000e+00 2.000000000000000000e+00
2.036446228027343750e+02 1.589744262695312500e+02 5.955736160278320312e+01 -8.480964303016662598e-01 -5.257689356803894043e-01 6.556995213031768799e-02 0.000000000000000000e+00 2.000000000000000000e+00
2.031202850341796875e+02 1.586493682861328125e+02 5.959790039062500000e+01 -8.045976758003234863e-01 -5.886036753654479980e-01 7.853884994983673096e-02 0.000000000000000000e+00 2.000000000000000000e+00
2.026153717041015625e+02 1.582799987792968750e+02 5.964718627929687500e+01 -7.573638558387756348e-01 -6.450172662734985352e-01 1.017475053668022156e-01 0.000000000000000000e+00 2.000000000000000000e+00
2.021326293945312500e+02 1.578688659667968750e+02 5.971203994750976562e+01 -7.059260010719299316e-01 -6.963762640953063965e-01 1.293386220932006836e-01 0.000000000000000000e+00 2.000000000000000000e+00
2.016746826171875000e+02 1.574171142578125000e+02 5.979594421386718750e+01 -6.541098952293395996e-01 -7.406345009803771973e-01 1.536254584789276123e-01 0.000000000000000000e+00 2.000000000000000000e+00
2.012417602539062500e+02 1.569269256591796875e+02 5.989762115478515625e+01 -6.084037423133850098e-01 -7.757204174995422363e-01 1.676386147737503052e-01 0.000000000000000000e+00 2.000000000000000000e+00
2.008308410644531250e+02 1.564029998779296875e+02 6.001084518432617188e+01 -5.750191807746887207e-01 -8.009861707687377930e-01 1.666556596755981445e-01 0.000000000000000000e+00 2.000000000000000000e+00
2.004356384277343750e+02 1.558524932861328125e+02 6.012538528442382812e+01 -5.560432672500610352e-01 -8.176050186157226562e-01 1.494583934545516968e-01 0.000000000000000000e+00 2.000000000000000000e+00
2.000482635498046875e+02 1.552828979492187500e+02 6.022950744628906250e+01 -5.501295328140258789e-01 -8.265274167060852051e-01 1.192048564553260803e-01 0.000000000000000000e+00 2.000000000000000000e+00
1.996610107421875000e+02 1.547010803222656250e+02 6.031341934204101562e+01 -5.530303716659545898e-01 -8.290190696716308594e-01 8.297496289014816284e-02 0.000000000000000000e+00 2.000000000000000000e+00
1.992682952880859375e+02 1.541123809814453125e+02 6.037234115600585938e+01 -5.598490238189697266e-01 -8.270966410636901855e-01 4.980107769370079041e-02 0.000000000000000000e+00 2.000000000000000000e+00
1.988676757812500000e+02 1.535205230712890625e+02 6.040797805786132812e+01 -5.670180916786193848e-01 -8.232200145721435547e-01 2.827143296599388123e-02 0.000000000000000000e+00 2.000000000000000000e+00
1.984594268798828125e+02 1.529278106689453125e+02 6.042833328247070312e+01 -5.732308626174926758e-01 -8.190430402755737305e-01 2.397704124450683594e-02 0.000000000000000000e+00 2.000000000000000000e+00
1.980453796386718750e+02 1.523362121582031250e+02 6.044565200805664062e+01 -5.780981183052062988e-01 -8.150748610496520996e-01 3.815118223428726196e-02 0.000000000000000000e+00 2.000000000000000000e+00
1.976278076171875000e+02 1.517474670410156250e+02 6.047320938110351562e+01 -5.821155309677124023e-01 -8.103246092796325684e-01 6.719855964183807373e-02 0.000000000000000000e+00 2.000000000000000000e+00
1.972086944580078125e+02 1.511640472412109375e+02 6.052159118652343750e+01 -5.850010514259338379e-01 -8.043391704559326172e-01 1.039825454354286194e-01 0.000000000000000000e+00 2.000000000000000000e+00
1.967899627685546875e+02 1.505883178710937500e+02 6.059601974487304688e+01 -5.866111516952514648e-01 -7.977326512336730957e-01 1.396785527467727661e-01 0.000000000000000000e+00 2.000000000000000000e+00
1.963741302490234375e+02 1.500228271484375000e+02 6.069503402709960938e+01 -5.866899490356445312e-01 -7.924728393554687500e-01 1.666782498359680176e-01 0.000000000000000000e+00 2.000000000000000000e+00
1.959644622802734375e+02 1.494694671630859375e+02 6.081142044067382812e+01 -5.843402743339538574e-01 -7.911559939384460449e-01 1.806064546108245850e-01 0.000000000000000000e+00 2.000000000000000000e+00
1.955651550292968750e+02 1.489288330078125000e+02 6.093483734130859375e+01 -5.789173841476440430e-01 -7.950165867805480957e-01 1.811166703701019287e-01 0.000000000000000000e+00 2.000000000000000000e+00
1.951800079345703125e+02 1.483999176025390625e+02 6.105533218383789062e+01 -5.700457096099853516e-01 -8.036655783653259277e-01 1.707907319068908691e-01 0.000000000000000000e+00 2.000000000000000000e+00
1.948113708496093750e+02 1.478802032470703125e+02 6.116577911376953125e+01 -5.585227012634277344e-01 -8.148893713951110840e-01 1.549441814422607422e-01 0.000000000000000000e+00 2.000000000000000000e+00
1.944592285156250000e+02 1.473664245605468750e+02 6.126346969604492188e+01 -5.458430647850036621e-01 -8.262434005737304688e-01 1.392021775245666504e-01 0.000000000000000000e+00 2.000000000000000000e+00
1.941212310791015625e+02 1.468547973632812500e+02 6.134966659545898438e+01 -5.338879227638244629e-01 -8.357651829719543457e-01 1.282978206872940063e-01 0.000000000000000000e+00 2.000000000000000000e+00
1.937933502197265625e+02 1.463415222167968750e+02 6.142845916748046875e+01 -5.239049792289733887e-01 -8.425956964492797852e-01 1.247236505150794983e-01 0.000000000000000000e+00 2.000000000000000000e+00
1.934708404541015625e+02 1.458228302001953125e+02 6.150523757934570312e+01 -5.162954330444335938e-01 -8.465952873229980469e-01 1.292879432439804077e-01 0.000000000000000000e+00 2.000000000000000000e+00
1.931488494873046875e+02 1.452948455810546875e+02 6.158586883544921875e+01 -5.109707117080688477e-01 -8.479898571968078613e-01 1.407914310693740845e-01 0.000000000000000000e+00 2.000000000000000000e+00
1.928229064941406250e+02 1.447539215087890625e+02 6.167567825317382812e+01 -5.082632899284362793e-01 -8.468965291976928711e-01 1.563163697719573975e-01 0.000000000000000000e+00 2.000000000000000000e+00
1.924888305664062500e+02 1.441972656250000000e+02 6.177842330932617188e+01 -5.088690519332885742e-01 -8.435922861099243164e-01 1.714769899845123291e-01 0.000000000000000000e+00 2.000000000000000000e+00
1.921426086425781250e+02 1.436233062744140625e+02 6.189509201049804688e+01 -5.139522552490234375e-01 -8.383929729461669922e-01 1.815222650766372681e-01 0.000000000000000000e+00 2.000000000000000000e+00
1.917803955078125000e+02 1.430324401855468750e+02 6.202302169799804688e+01 -5.231735706329345703e-01 -8.324244618415832520e-01 1.826443821191787720e-01 0.000000000000000000e+00 2.000000000000000000e+00
1.913995361328125000e+02 1.424264526367187500e+02 6.215598297119140625e+01 -5.354781150817871094e-01 -8.267170190811157227e-01 1.726330518722534180e-01 0.000000000000000000e+00 2.000000000000000000e+00
1.909989929199218750e+02 1.418080596923828125e+02 6.228511428833007812e+01 -5.354781150817871094e-01 -8.267170190811157227e-01 1.726330518722534180e-01 0.000000000000000000e+00 2.000000000000000000e+00
