2.657050781250000000e+02 2.796762695312500000e+02 2.069511413574218750e+02 -9.378931522369384766e-01 -3.418832123279571533e-01 -5.892696976661682129e-02 0.000000000000000000e+00 2.000000000000000000e+00
2.661339721679687500e+02 2.798326110839843750e+02 2.069780883789062500e+02 -9.379840493202209473e-01 -3.415682613849639893e-01 -5.930430442094802856e-02 0.000000000000000000e+00 2.000000000000000000e+00
2.666941223144531250e+02 2.800365905761718750e+02 2.070135040283203125e+02 -9.381567835807800293e-01 -3.409574925899505615e-01 -6.008024513721466064e-02 0.000000000000000000e+00 2.000000000000000000e+00
2.673774719238281250e+02 2.802849426269531250e+02 2.070572662353515625e+02 -9.385194182395935059e-01 -3.397157490253448486e-01 -6.143679097294807434e-02 0.000000000000000000e+00 2.000000000000000000e+00
2.681632385253906250e+02 2.805693664550781250e+02 2.071087036132812500e+02 -9.391419887542724609e-01 -3.374723792076110840e-01 -6.422409415245056152e-02 0.000000000000000000e+00 2.000000000000000000e+00
2.690229492187500000e+02 2.808782958984375000e+02 2.071674957275390625e+02 -9.402891993522644043e-01 -3.332602083683013916e-01 -6.923710554838180542e-02 0.000000000000000000e+00 2.000000000000000000e+00
2.699254150390625000e+02 2.811981506347656250e+02 2.072339477539062500e+02 -9.419666528701782227e-01 -3.263862133026123047e-01 -7.855471223592758179e-02 0.000000000000000000e+00 2.000000000000000000e+00
2.708421020507812500e+02 2.815157775878906250e+02 2.073103942871093750e+02 -9.443756937980651855e-01 -3.150251209735870361e-01 -9.441212564706802368e-02 0.000000000000000000e+00 2.000000000000000000e+00
2.717482604980468750e+02 2.818180541992187500e+02 2.074009857177734375e+02 -9.470580816268920898e-01 -2.972771823406219482e-01 -1.212734654545783997e-01 0.000000000000000000e+00 2.000000000000000000e+00
2.726217041015625000e+02 2.820922241210937500e+02 2.075128326416015625e+02 -9.485802054405212402e-01 -2.694689631462097168e-01 -1.660783439874649048e-01 0.000000000000000000e+00 2.000000000000000000e+00
2.734413757324218750e+02 2.823250732421875000e+02 2.076563415527343750e+02 -9.441875219345092773e-01 -2.267364859580993652e-01 -2.389569729566574097e-01 0.000000000000000000e+00 2.000000000000000000e+00
2.741864624023437500e+02 2.825039978027343750e+02 2.078449096679687500e+02 -9.213090538978576660e-01 -1.614139378070831299e-01 -3.537442982196807861e-01 0.000000000000000000e+00 2.000000000000000000e+00
2.748367004394531250e+02 2.826179199218750000e+02 2.080945739746093750e+02 -8.536310791969299316e-01 -6.696185469627380371e-02 -5.165560245513916016e-01 0.000000000000000000e+00 2.000000000000000000e+00
2.753770751953125000e+02 2.826603088378906250e+02 2.084215698242187500e+02 -7.119213938713073730e-01 4.762890189886093140e-02 -7.006421685218811035e-01 0.000000000000000000e+00 2.000000000000000000e+00
2.758008422851562500e+02 2.826319580078125000e+02 2.088386230468750000e+02 -5.133395791053771973e-01 1.473135501146316528e-01 -8.454473614692687988e-01 0.000000000000000000e+00 2.000000000000000000e+00
2.761130676269531250e+02 2.825423583984375000e+02 2.093528442382812500e+02 -3.288832306861877441e-01 2.011942714452743530e-01 -9.226899147033691406e-01 0.000000000000000000e+00 2.000000000000000000e+00
2.763307189941406250e+02 2.824092102050781250e+02 2.099634704589843750e+02 -2.025604248046875000e-01 2.114600390195846558e-01 -9.561662673950195312e-01 0.000000000000000000e+00 2.000000000000000000e+00
2.764786682128906250e+02 2.822547607421875000e+02 2.106618499755859375e+02 -1.338817924261093140e-01 1.943209618330001831e-01 -9.717587232589721680e-01 0.000000000000000000e+00 2.000000000000000000e+00
2.765848693847656250e+02 2.821006164550781250e+02 2.114326934814453125e+02 -1.067021638154983521e-01 1.644930988550186157e-01 -9.805899858474731445e-01 0.000000000000000000e+00 2.000000000000000000e+00
2.766743469238281250e+02 2.819626770019531250e+02 2.122549896240234375e+02 -1.071526482701301575e-01 1.329584866762161255e-01 -9.853123426437377930e-01 0.000000000000000000e+00 2.000000000000000000e+00
2.767667236328125000e+02 2.818480529785156250e+02 2.131044311523437500e+02 -1.267110109329223633e-01 1.098987981677055359e-01 -9.858329296112060547e-01 0.000000000000000000e+00 2.000000000000000000e+00
2.768759765625000000e+02 2.817532958984375000e+02 2.139544372558593750e+02 -1.610214561223983765e-01 1.026829853653907776e-01 -9.815948009490966797e-01 0.000000000000000000e+00 2.000000000000000000e+00
2.770111694335937500e+02 2.816670837402343750e+02 2.147785797119140625e+02 -2.097572535276412964e-01 1.180529817938804626e-01 -9.706004858016967773e-01 0.000000000000000000e+00 2.000000000000000000e+00
2.771785583496093750e+02 2.815728759765625000e+02 2.155531311035156250e+02 -2.726173996925354004e-01 1.616451293230056763e-01 -9.484464526176452637e-01 0.000000000000000000e+00 2.000000000000000000e+00
2.773816528320312500e+02 2.814524536132812500e+02 2.162597045898437500e+02 -3.473650515079498291e-01 2.350497543811798096e-01 -9.077935814857482910e-01 0.000000000000000000e+00 2.000000000000000000e+00
2.776217651367187500e+02 2.812899780273437500e+02 2.168872070312500000e+02 -4.232811331748962402e-01 3.351034522056579590e-01 -8.417474031448364258e-01 0.000000000000000000e+00 2.000000000000000000e+00
2.778954162597656250e+02 2.810733337402343750e+02 2.174313964843750000e+02 -4.874076843261718750e-01 4.472757875919342041e-01 -7.499186992645263672e-01 0.000000000000000000e+00 2.000000000000000000e+00
2.781967468261718750e+02 2.807968139648437500e+02 2.178950195312500000e+02 -5.273923277854919434e-01 5.537744760513305664e-01 -6.443533301353454590e-01 0.000000000000000000e+00 2.000000000000000000e+00
2.785170288085937500e+02 2.804605102539062500e+02 2.182863311767578125e+02 -5.416332483291625977e-01 6.406953930854797363e-01 -5.441900491714477539e-01 0.000000000000000000e+00 2.000000000000000000e+00
2.788467407226562500e+02 2.800704956054687500e+02 2.186175994873046875e+02 -5.359901189804077148e-01 7.048562169075012207e-01 -4.646420478820800781e-01 0.000000000000000000e+00 2.000000000000000000e+00
2.791767578125000000e+02 2.796365051269531250e+02 2.189036865234375000e+02 -5.197940468788146973e-01 7.487468719482421875e-01 -4.113298058509826660e-01 0.000000000000000000e+00 2.000000000000000000e+00
2.794999694824218750e+02 2.791709289550781250e+02 2.191594543457031250e+02 -4.999130666255950928e-01 7.771313190460205078e-01 -3.823008537292480469e-01 0.000000000000000000e+00 2.000000000000000000e+00
2.798116760253906250e+02 2.786863708496093750e+02 2.193978271484375000e+02 -4.814658164978027344e-01 7.938383817672729492e-01 -3.714986741542816162e-01 0.000000000000000000e+00 2.000000000000000000e+00
2.801105041503906250e+02 2.781936645507812500e+02 2.196284027099609375e+02 -4.678571224212646484e-01 8.022465705871582031e-01 -3.708235919475555420e-01 0.000000000000000000e+00 2.000000000000000000e+00
2.803979492187500000e+02 2.777007751464843750e+02 2.198562316894531250e+02 -4.620294868946075439e-01 8.044393658638000488e-01 -3.733711242675781250e-01 0.000000000000000000e+00 2.000000000000000000e+00
2.806782531738281250e+02 2.772127380371093750e+02 2.200827484130859375e+02 -4.648822844028472900e-01 8.025261163711547852e-01 -3.739469349384307861e-01 0.000000000000000000e+00 2.000000000000000000e+00
2.809576721191406250e+02 2.767303771972656250e+02 2.203075103759765625e+02 -4.754357635974884033e-01 7.978547811508178711e-01 -3.706597685813903809e-01 0.000000000000000000e+00 2.000000000000000000e+00
2.812427978515625000e+02 2.762518920898437500e+02 2.205298004150390625e+02 -4.910473525524139404e-01 7.911038398742675781e-01 -3.647290170192718506e-01 0.000000000000000000e+00 2.000000000000000000e+00
2.815398559570312500e+02 2.757733154296875000e+02 2.207504425048828125e+02 -5.075716972351074219e-01 7.834624648094177246e-01 -3.585491776466369629e-01 0.000000000000000000e+00 2.000000000000000000e+00
2.818530883789062500e+02 2.752898254394531250e+02 2.209717102050781250e+02 -5.215588808059692383e-01 7.758699655532836914e-01 -3.549678325653076172e-01 0.000000000000000000e+00 2.000000000000000000e+00
2.821840515136718750e+02 2.747974853515625000e+02 2.211969604492187500e+02 -5.316412448883056641e-01 7.687503695487976074e-01 -3.555004000663757324e-01 0.000000000000000000e+00 2.000000000000000000e+00
2.825318603515625000e+02 2.742945556640625000e+02 2.214295349121093750e+02 -5.390620231628417969e-01 7.616993188858032227e-01 -3.594806492328643799e-01 0.000000000000000000e+00 2.000000000000000000e+00
2.828940734863281250e+02 2.737827453613281250e+02 2.216710815429687500e+02 -5.456222891807556152e-01 7.543553709983825684e-01 -3.650265038013458252e-01 0.000000000000000000e+00 2.000000000000000000e+00
2.832674865722656250e+02 2.732664794921875000e+02 2.219208984375000000e+02 -5.541853904724121094e-01 7.454850077629089355e-01 -3.703114688396453857e-01 0.000000000000000000e+00 2.000000000000000000e+00
2.836501159667968750e+02 2.727517700195312500e+02 2.221765747070312500e+02 -5.665992498397827148e-01 7.341973781585693359e-01 -3.740580379962921143e-01 0.000000000000000000e+00 2.000000000000000000e+00
2.840414428710937500e+02 2.722446899414062500e+02 2.224349212646484375e+02 -5.830096006393432617e-01 7.201987504959106445e-01 -3.760500550270080566e-01 0.000000000000000000e+00 2.000000000000000000e+00
2.844424438476562500e+02 2.717493286132812500e+02 2.226935729980468750e+02 -6.020338535308837891e-01 7.038437724113464355e-01 -3.770400583744049072e-01 0.000000000000000000e+00 2.000000000000000000e+00
2.848546142578125000e+02 2.712674560546875000e+02 2.229517059326171875e+02 -6.210794448852539062e-01 6.865385770797729492e-01 -3.780542016029357910e-01 0.000000000000000000e+00 2.000000000000000000e+00
2.852788085937500000e+02 2.707985534667968750e+02 2.232099151611328125e+02 -6.375663280487060547e-01 6.702311038970947266e-01 -3.798676431179046631e-01 0.000000000000000000e+00 2.000000000000000000e+00
2.857142333984375000e+02 2.703408203125000000e+02 2.234693450927734375e+02 -6.502466201782226562e-01 6.563170552253723145e-01 -3.826581835746765137e-01 0.000000000000000000e+00 2.000000000000000000e+00
2.861588134765625000e+02 2.698920898437500000e+02 2.237309722900390625e+02 -6.589087247848510742e-01 6.454761624336242676e-01 -3.862637579441070557e-01 0.000000000000000000e+00 2.000000000000000000e+00
2.866094055175781250e+02 2.694506835937500000e+02 2.239951171875000000e+02 -6.642497181892395020e-01 6.373932361602783203e-01 -3.905152678489685059e-01 0.000000000000000000e+00 2.000000000000000000e+00
2.870622863769531250e+02 2.690161132812500000e+02 2.242613677978515625e+02 -6.670340895652770996e-01 6.316072344779968262e-01 -3.951427638530731201e-01 0.000000000000000000e+00 2.000000000000000000e+00
2.875144958496093750e+02 2.685879211425781250e+02 2.245292510986328125e+02 -6.677625775337219238e-01 6.273953318595886230e-01 -4.005849063396453857e-01 0.000000000000000000e+00 2.000000000000000000e+00
2.879632873535156250e+02 2.681662597656250000e+02 2.247984771728515625e+02 -6.667915582656860352e-01 6.244053244590759277e-01 -4.068255126476287842e-01 0.000000000000000000e+00 2.000000000000000000e+00
2.884064025878906250e+02 2.677513122558593750e+02 2.250688323974609375e+02 -6.635672450065612793e-01 6.227423548698425293e-01 -4.145725965499877930e-01 0.000000000000000000e+00 2.000000000000000000e+00
2.888419189453125000e+02 2.673425903320312500e+02 2.253409271240234375e+02 -6.580255627632141113e-01 6.221982836723327637e-01 -4.241127073764801025e-01 0.000000000000000000e+00 2.000000000000000000e+00
2.892684631347656250e+02 2.669392700195312500e+02 2.256158447265625000e+02 -6.497159600257873535e-01 6.233291625976562500e-01 -4.351206123828887939e-01 0.000000000000000000e+00 2.000000000000000000e+00
2.896847534179687500e+02 2.665398864746093750e+02 2.258946380615234375e+02 -6.375467777252197266e-01 6.268527507781982422e-01 -4.478723704814910889e-01 0.000000000000000000e+00 2.000000000000000000e+00
2.900886535644531250e+02 2.661427612304687500e+02 2.261783752441406250e+02 -6.214320659637451172e-01 6.330800056457519531e-01 -4.615538120269775391e-01 0.000000000000000000e+00 2.000000000000000000e+00
2.904777832031250000e+02 2.657463378906250000e+02 2.264673919677734375e+02 -6.007235646247863770e-01 6.433571577072143555e-01 -4.745765626430511475e-01 0.000000000000000000e+00 2.000000000000000000e+00
2.908488769531250000e+02 2.653489074707031250e+02 2.267605590820312500e+02 -5.751397609710693359e-01 6.582133173942565918e-01 -4.857667386531829834e-01 0.000000000000000000e+00 2.000000000000000000e+00
2.911985473632812500e+02 2.649487304687500000e+02 2.270558929443359375e+02 -5.461100339889526367e-01 6.777077317237854004e-01 -4.924185574054718018e-01 0.000000000000000000e+00 2.000000000000000000e+00
2.915247802734375000e+02 2.645438842773437500e+02 2.273500518798828125e+02 -5.148959755897521973e-01 7.014554738998413086e-01 -4.927904009819030762e-01 0.000000000000000000e+00 2.000000000000000000e+00
2.918272399902343750e+02 2.641318359375000000e+02 2.276395263671875000e+02 -4.847151935100555420e-01 7.282562851905822754e-01 -4.844521880149841309e-01 0.000000000000000000e+00 2.000000000000000000e+00
2.921084594726562500e+02 2.637093200683593750e+02 2.279205932617187500e+02 -4.583111107349395752e-01 7.565333843231201172e-01 -4.664848446846008301e-01 0.000000000000000000e+00 2.000000000000000000e+00
2.923728332519531250e+02 2.632729187011718750e+02 2.281896820068359375e+02 -4.373407065868377686e-01 7.848472595214843750e-01 -4.390307068824768066e-01 0.000000000000000000e+00 2.000000000000000000e+00
2.926255493164062500e+02 2.628193969726562500e+02 2.284433746337890625e+02 -4.226496815681457520e-01 8.116568922996520996e-01 -4.032123982906341553e-01 0.000000000000000000e+00 2.000000000000000000e+00
2.928720703125000000e+02 2.623459777832031250e+02 2.286785583496093750e+02 -4.133965671062469482e-01 8.356894850730895996e-01 -3.615612983703613281e-01 0.000000000000000000e+00 2.000000000000000000e+00
2.931174011230468750e+02 2.618500366210937500e+02 2.288931274414062500e+02 -4.084866940975189209e-01 8.555117249488830566e-01 -3.181796073913574219e-01 0.000000000000000000e+00 2.000000000000000000e+00
2.933661499023437500e+02 2.613290710449218750e+02 2.290868835449218750e+02 -4.076343178749084473e-01 8.696973919868469238e-01 -2.783176898956298828e-01 0.000000000000000000e+00 2.000000000000000000e+00
2.936230468750000000e+02 2.607809753417968750e+02 2.292622833251953125e+02 -4.119223654270172119e-01 8.768819570541381836e-01 -2.477861344814300537e-01 0.000000000000000000e+00 2.000000000000000000e+00
2.938932495117187500e+02 2.602057800292968750e+02 2.294248199462890625e+02 -4.224761128425598145e-01 8.765988945960998535e-01 -2.304090559482574463e-01 0.000000000000000000e+00 2.000000000000000000e+00
2.941820983886718750e+02 2.596064453125000000e+02 2.295823516845703125e+02 -4.411939084529876709e-01 8.679323196411132812e-01 -2.281258553266525269e-01 0.000000000000000000e+00 2.000000000000000000e+00
2.944950561523437500e+02 2.589907836914062500e+02 2.297441711425781250e+02 -4.683253169059753418e-01 8.501983284950256348e-01 -2.404874265193939209e-01 0.000000000000000000e+00 2.000000000000000000e+00
2.948362731933593750e+02 2.583713378906250000e+02 2.299193878173828125e+02 -5.033441781997680664e-01 8.218656778335571289e-01 -2.667984366416931152e-01 0.000000000000000000e+00 2.000000000000000000e+00
2.952079467773437500e+02 2.577644653320312500e+02 2.301163940429687500e+02 -5.438970923423767090e-01 7.815629243850708008e-01 -3.055084049701690674e-01 0.000000000000000000e+00 2.000000000000000000e+00
2.956098022460937500e+02 2.571870117187500000e+02 2.303421173095703125e+02 -5.858075618743896484e-01 7.284230589866638184e-01 -3.552876412868499756e-01 0.000000000000000000e+00 2.000000000000000000e+00
2.960385131835937500e+02 2.566539306640625000e+02 2.306021270751953125e+02 -6.241829991340637207e-01 6.630542874336242676e-01 -4.132246077060699463e-01 0.000000000000000000e+00 2.000000000000000000e+00
2.964888610839843750e+02 2.561755371093750000e+02 2.309002685546875000e+02 -6.535426378250122070e-01 5.893469452857971191e-01 -4.749233722686767578e-01 0.000000000000000000e+00 2.000000000000000000e+00
2.969536437988281250e+02 2.557564086914062500e+02 2.312380218505859375e+02 -6.706443428993225098e-01 5.144850611686706543e-01 -5.343606472015380859e-01 0.000000000000000000e+00 2.000000000000000000e+00
2.974247436523437500e+02 2.553950042724609375e+02 2.316133880615234375e+02 -6.757629513740539551e-01 4.463543593883514404e-01 -5.866107940673828125e-01 0.000000000000000000e+00 2.000000000000000000e+00
2.978938598632812500e+02 2.550851440429687500e+02 2.320206146240234375e+02 -6.715332269668579102e-01 3.911473751068115234e-01 -6.293224692344665527e-01 0.000000000000000000e+00 2.000000000000000000e+00
2.983529052734375000e+02 2.548177642822265625e+02 2.324508056640625000e+02 -6.607955098152160645e-01 3.504239320755004883e-01 -6.637411713600158691e-01 0.000000000000000000e+00 2.000000000000000000e+00
2.987944641113281250e+02 2.545836029052734375e+02 2.328943328857421875e+02 -6.464131474494934082e-01 3.228069245815277100e-01 -6.913362145423889160e-01 0.000000000000000000e+00 2.000000000000000000e+00
2.992140502929687500e+02 2.543740692138671875e+02 2.333430786132812500e+02 -6.293544173240661621e-01 3.044441938400268555e-01 -7.150012850761413574e-01 0.000000000000000000e+00 2.000000000000000000e+00
2.996100769042968750e+02 2.541824951171875000e+02 2.337929992675781250e+02 -6.104851961135864258e-01 2.918704748153686523e-01 -7.362875938415527344e-01 0.000000000000000000e+00 2.000000000000000000e+00
2.999841613769531250e+02 2.540036468505859375e+02 2.342441711425781250e+02 -5.913933515548706055e-01 2.817436754703521729e-01 -7.555623054504394531e-01 0.000000000000000000e+00 2.000000000000000000e+00
3.003405151367187500e+02 2.538338775634765625e+02 2.346994476318359375e+02 -5.734068155288696289e-01 2.735418379306793213e-01 -7.722560763359069824e-01 0.000000000000000000e+00 2.000000000000000000e+00
3.006842041015625000e+02 2.536699218750000000e+02 2.351623229980468750e+02 -5.576859712600708008e-01 2.680674195289611816e-01 -7.855737805366516113e-01 0.000000000000000000e+00 2.000000000000000000e+00
3.010190429687500000e+02 2.535089721679687500e+02 2.356339874267578125e+02 -5.446988940238952637e-01 2.678364813327789307e-01 -7.947117090225219727e-01 0.000000000000000000e+00 2.000000000000000000e+00
3.013468627929687500e+02 2.533477783203125000e+02 2.361122741699218750e+02 -5.343110561370849609e-01 2.745433449745178223e-01 -7.994608879089355469e-01 0.000000000000000000e+00 2.000000000000000000e+00
3.016679992675781250e+02 2.531827697753906250e+02 2.365927734375000000e+02 -5.255724191665649414e-01 2.913655042648315430e-01 -7.992995977401733398e-01 0.000000000000000000e+00 2.000000000000000000e+00
3.019817199707031250e+02 2.530088500976562500e+02 2.370698852539062500e+02 -5.187903642654418945e-01 3.197082281112670898e-01 -7.928702235221862793e-01 0.000000000000000000e+00 2.000000000000000000e+00
3.022884521484375000e+02 2.528198242187500000e+02 2.375386657714843750e+02 -5.137588381767272949e-01 3.594388067722320557e-01 -7.790093421936035156e-01 0.000000000000000000e+00 2.000000000000000000e+00
3.025899963378906250e+02 2.526088562011718750e+02 2.379958953857421875e+02 -5.109419226646423340e-01 4.077759683132171631e-01 -7.567411065101623535e-01 0.000000000000000000e+00 2.000000000000000000e+00
3.028898620605468750e+02 2.523695373535156250e+02 2.384400177001953125e+02 -5.103912949562072754e-01 4.597801864147186279e-01 -7.267069220542907715e-01 0.000000000000000000e+00 2.000000000000000000e+00
3.031919250488281250e+02 2.520974273681640625e+02 2.388701019287109375e+02 -5.125654935836791992e-01 5.103813409805297852e-01 -6.904979944229125977e-01 0.000000000000000000e+00 2.000000000000000000e+00
3.034998779296875000e+02 2.517907867431640625e+02 2.392849578857421875e+02 -5.176689624786376953e-01 5.555648207664489746e-01 -6.506662368774414062e-01 0.000000000000000000e+00 2.000000000000000000e+00
3.038164978027343750e+02 2.514509887695312500e+02 2.396829223632812500e+02 -5.242351293563842773e-01 5.939041972160339355e-01 -6.102911233901977539e-01 0.000000000000000000e+00 2.000000000000000000e+00
3.041425781250000000e+02 2.510815734863281250e+02 2.400625305175781250e+02 -5.316772460937500000e-01 6.253359317779541016e-01 -5.712042450904846191e-01 0.000000000000000000e+00 2.000000000000000000e+00
3.044775390625000000e+02 2.506876068115234375e+02 2.404223937988281250e+02 -5.374697446823120117e-01 6.517723202705383301e-01 -5.350879430770874023e-01 0.000000000000000000e+00 2.000000000000000000e+00
3.048184204101562500e+02 2.502742309570312500e+02 2.407617645263671875e+02 -5.396886467933654785e-01 6.752851605415344238e-01 -5.027186870574951172e-01 0.000000000000000000e+00 2.000000000000000000e+00
3.051603393554687500e+02 2.498464050292968750e+02 2.410802612304687500e+02 -5.364590287208557129e-01 6.982918977737426758e-01 -4.739199578762054443e-01 0.000000000000000000e+00 2.000000000000000000e+00
3.054968566894531250e+02 2.494083709716796875e+02 2.413775482177734375e+02 -5.265987515449523926e-01 7.225050330162048340e-01 -4.479734301567077637e-01 0.000000000000000000e+00 2.000000000000000000e+00
3.058209228515625000e+02 2.489637451171875000e+02 2.416532287597656250e+02 -5.104319453239440918e-01 7.480801939964294434e-01 -4.240699410438537598e-01 0.000000000000000000e+00 2.000000000000000000e+00
3.061268310546875000e+02 2.485154113769531250e+02 2.419073791503906250e+02 -4.897285103797912598e-01 7.736670970916748047e-01 -4.020014405250549316e-01 0.000000000000000000e+00 2.000000000000000000e+00
3.064115905761718750e+02 2.480655517578125000e+02 2.421411285400390625e+02 -4.672311842441558838e-01 7.972736954689025879e-01 -3.821644783020019531e-01 0.000000000000000000e+00 2.000000000000000000e+00
3.066751708984375000e+02 2.476157836914062500e+02 2.423567199707031250e+02 -4.466746449470520020e-01 8.166369199752807617e-01 -3.654938638210296631e-01 0.000000000000000000e+00 2.000000000000000000e+00
3.069207458496093750e+02 2.471668090820312500e+02 2.425576629638671875e+02 -4.302007257938385010e-01 8.308817744255065918e-01 -3.529344201087951660e-01 0.000000000000000000e+00 2.000000000000000000e+00
3.071526794433593750e+02 2.467188568115234375e+02 2.427479400634765625e+02 -4.187044501304626465e-01 8.403345346450805664e-01 -3.442738354206085205e-01 0.000000000000000000e+00 2.000000000000000000e+00
3.073754272460937500e+02 2.462718048095703125e+02 2.429310913085937500e+02 -4.118396341800689697e-01 8.458268046379089355e-01 -3.390651047229766846e-01 0.000000000000000000e+00 2.000000000000000000e+00
3.075927734375000000e+02 2.458254241943359375e+02 2.431100311279296875e+02 -4.080987870693206787e-01 8.487246632575988770e-01 -3.363358974456787109e-01 0.000000000000000000e+00 2.000000000000000000e+00
3.078071899414062500e+02 2.453795013427734375e+02 2.432867431640625000e+02 -4.062096178531646729e-01 8.501939773559570312e-01 -3.349090218544006348e-01 0.000000000000000000e+00 2.000000000000000000e+00
3.080201721191406250e+02 2.449337310791015625e+02 2.434623413085937500e+02 -4.053809940814971924e-01 8.508165478706359863e-01 -3.343315422534942627e-01 0.000000000000000000e+00 2.000000000000000000e+00
3.082325134277343750e+02 2.444880676269531250e+02 2.436374664306640625e+02 -4.053167402744293213e-01 8.509029150009155273e-01 -3.341896235942840576e-01 0.000000000000000000e+00 2.000000000000000000e+00
3.084447631835937500e+02 2.440424804687500000e+02 2.438124694824218750e+02 -4.052250385284423828e-01 8.509842157363891602e-01 -3.340935707092285156e-01 0.000000000000000000e+00 2.000000000000000000e+00
3.086569519042968750e+02 2.435968780517578125e+02 2.439874114990234375e+02 -4.051931202411651611e-01 8.509755134582519531e-01 -3.341546654701232910e-01 0.000000000000000000e+00 2.000000000000000000e+00
3.088691406250000000e+02 2.431512451171875000e+02 2.441623992919921875e+02 -4.052841961383819580e-01 8.508986830711364746e-01 -3.342399895191192627e-01 0.000000000000000000e+00 2.000000000000000000e+00
3.090813598632812500e+02 2.427056884765625000e+02 2.443374176025390625e+02 -4.052210748195648193e-01 8.509759306907653809e-01 -3.341194391250610352e-01 0.000000000000000000e+00 2.000000000000000000e+00
3.092935485839843750e+02 2.422600860595703125e+02 2.445123748779296875e+02 -4.052819907665252686e-01 8.509231209754943848e-01 -3.341798782348632812e-01 0.000000000000000000e+00 2.000000000000000000e+00
3.095057678222656250e+02 2.418145141601562500e+02 2.446873626708984375e+02 -4.052131772041320801e-01 8.509593605995178223e-01 -3.341712057590484619e-01 0.000000000000000000e+00 2.000000000000000000e+00
3.097179565429687500e+02 2.413689117431640625e+02 2.448623504638671875e+02 -4.052049219608306885e-01 8.510003089904785156e-01 -3.340769708156585693e-01 0.000000000000000000e+00 2.000000000000000000e+00
3.099301452636718750e+02 2.409232788085937500e+02 2.450372924804687500e+02 -4.052780568599700928e-01 8.509148955345153809e-01 -3.342057764530181885e-01 0.000000000000000000e+00 2.000000000000000000e+00
3.101423645019531250e+02 2.404777069091796875e+02 2.452122955322265625e+02 -4.053206443786621094e-01 8.509111404418945312e-01 -3.341637253761291504e-01 0.000000000000000000e+00 2.000000000000000000e+00
3.103546142578125000e+02 2.400321197509765625e+02 2.453872833251953125e+02 -4.051258265972137451e-01 8.509915471076965332e-01 -3.341952860355377197e-01 0.000000000000000000e+00 2.000000000000000000e+00
3.105667419433593750e+02 2.395865325927734375e+02 2.455622711181640625e+02 -4.052658379077911377e-01 8.509474992752075195e-01 -3.341374397277832031e-01 0.000000000000000000e+00 2.000000000000000000e+00
3.107789611816406250e+02 2.391409301757812500e+02 2.457372436523437500e+02 -4.052905440330505371e-01 8.509352803230285645e-01 -3.341388702392578125e-01 0.000000000000000000e+00 2.000000000000000000e+00
3.109912109375000000e+02 2.386952972412109375e+02 2.459122314453125000e+02 -4.052311182022094727e-01 8.509678840637207031e-01 -3.341277241706848145e-01 0.000000000000000000e+00 2.000000000000000000e+00
3.112033996582031250e+02 2.382497100830078125e+02 2.460871887207031250e+02 -4.046932160854339600e-01 8.511779308319091797e-01 -3.342446684837341309e-01 0.000000000000000000e+00 2.000000000000000000e+00
3.114154357910156250e+02 2.378037414550781250e+02 2.462623138427734375e+02 -4.035898447036743164e-01 8.516838550567626953e-01 -3.342900574207305908e-01 0.000000000000000000e+00 2.000000000000000000e+00
3.116272888183593750e+02 2.373566741943359375e+02 2.464377899169921875e+02 -4.012747406959533691e-01 8.527016043663024902e-01 -3.344824314117431641e-01 0.000000000000000000e+00 2.000000000000000000e+00
3.118388671875000000e+02 2.369070739746093750e+02 2.466141510009765625e+02 -3.967953026294708252e-01 8.547288179397583008e-01 -3.346525430679321289e-01 0.000000000000000000e+00 2.000000000000000000e+00
3.120498046875000000e+02 2.364526977539062500e+02 2.467920532226562500e+02 -3.899904787540435791e-01 8.578546643257141113e-01 -3.346532285213470459e-01 0.000000000000000000e+00 2.000000000000000000e+00
3.122602539062500000e+02 2.359897766113281250e+02 2.469726409912109375e+02 -3.798624873161315918e-01 8.627895116806030273e-01 -3.336145281791687012e-01 0.000000000000000000e+00 2.000000000000000000e+00
3.124703063964843750e+02 2.355126800537109375e+02 2.471571197509765625e+02 -3.676308095455169678e-01 8.690860867500305176e-01 -3.309636712074279785e-01 0.000000000000000000e+00 2.000000000000000000e+00
3.126808166503906250e+02 2.350150299072265625e+02 2.473466339111328125e+02 -3.555677533149719238e-01 8.763645291328430176e-01 -3.248951137065887451e-01 0.000000000000000000e+00 2.000000000000000000e+00
3.128934326171875000e+02 2.344909973144531250e+02 2.475409088134765625e+02 -3.461433351039886475e-01 8.841805458068847656e-01 -3.137030601501464844e-01 0.000000000000000000e+00 2.000000000000000000e+00
3.131106262207031250e+02 2.339362030029296875e+02 2.477377471923828125e+02 -3.401586413383483887e-01 8.926036953926086426e-01 -2.958898246288299561e-01 0.000000000000000000e+00 2.000000000000000000e+00
3.133346862792968750e+02 2.333482513427734375e+02 2.479326477050781250e+02 -3.374889492988586426e-01 9.017317295074462891e-01 -2.701503336429595947e-01 0.000000000000000000e+00 2.000000000000000000e+00
3.135676269531250000e+02 2.327258605957031250e+02 2.481191101074218750e+02 -3.352430760860443115e-01 9.118924736976623535e-01 -2.367789000272750854e-01 0.000000000000000000e+00 2.000000000000000000e+00
3.138097229003906250e+02 2.320673370361328125e+02 2.482901000976562500e+02 -3.307981193065643311e-01 9.227260947227478027e-01 -1.978611350059509277e-01 0.000000000000000000e+00 2.000000000000000000e+00
3.140597534179687500e+02 2.313699035644531250e+02 2.484396514892578125e+02 -3.230413496494293213e-01 9.332755208015441895e-01 -1.569745987653732300e-01 0.000000000000000000e+00 2.000000000000000000e+00
3.143156433105468750e+02 2.306306304931640625e+02 2.485639953613281250e+02 -3.130482435226440430e-01 9.423454403877258301e-01 -1.182622537016868591e-01 0.000000000000000000e+00 2.000000000000000000e+00
3.145753173828125000e+02 2.298489532470703125e+02 2.486620941162109375e+02 -3.040699660778045654e-01 9.488897323608398438e-01 -8.455610275268554688e-02 0.000000000000000000e+00 2.000000000000000000e+00
3.148380432128906250e+02 2.290290832519531250e+02 2.487351531982421875e+02 -2.992817759513854980e-01 9.524687528610229492e-01 -5.686661601066589355e-02 0.000000000000000000e+00 2.000000000000000000e+00
3.151047363281250000e+02 2.281803283691406250e+02 2.487858276367187500e+02 -3.010570108890533447e-01 9.529606103897094727e-01 -3.508129715919494629e-02 0.000000000000000000e+00 2.000000000000000000e+00
3.153780212402343750e+02 2.273152770996093750e+02 2.488176727294921875e+02 -3.099489510059356689e-01 9.505791068077087402e-01 -1.819497719407081604e-02 0.000000000000000000e+00 2.000000000000000000e+00
3.156613464355468750e+02 2.264463500976562500e+02 2.488343048095703125e+02 -3.245651125907897949e-01 9.458482265472412109e-01 -5.351996049284934998e-03 0.000000000000000000e+00 2.000000000000000000e+00
3.159574584960937500e+02 2.255834197998046875e+02 2.488391876220703125e+02 -3.421912789344787598e-01 9.396205544471740723e-01 4.275287035852670670e-03 0.000000000000000000e+00 2.000000000000000000e+00
3.162676696777343750e+02 2.247316131591796875e+02 2.488353118896484375e+02 -3.599595129489898682e-01 9.329015612602233887e-01 1.113101933151483536e-02 0.000000000000000000e+00 2.000000000000000000e+00
3.165913696289062500e+02 2.238926849365234375e+02 2.488253021240234375e+02 -3.757748007774353027e-01 9.265748262405395508e-01 1.588961295783519745e-02 0.000000000000000000e+00 2.000000000000000000e+00
3.169266052246093750e+02 2.230660705566406250e+02 2.488111267089843750e+02 -3.891412019729614258e-01 9.209709763526916504e-01 1.953125186264514923e-02 0.000000000000000000e+00 2.000000000000000000e+00
3.172707519531250000e+02 2.222515869140625000e+02 2.487938537597656250e+02 -4.010201990604400635e-01 9.157981872558593750e-01 2.228083647787570953e-02 0.000000000000000000e+00 2.000000000000000000e+00
3.176217346191406250e+02 2.214500579833984375e+02 2.487743530273437500e+02 -4.127279818058013916e-01 9.105156064033508301e-01 2.483994700014591217e-02 0.000000000000000000e+00 2.000000000000000000e+00
3.179784545898437500e+02 2.206631011962890625e+02 2.487528839111328125e+02 -4.259191155433654785e-01 9.043480753898620605e-01 2.733879722654819489e-02 0.000000000000000000e+00 2.000000000000000000e+00
3.183412170410156250e+02 2.198928527832031250e+02 2.487295989990234375e+02 -4.416607916355133057e-01 8.966937065124511719e-01 2.960051596164703369e-02 0.000000000000000000e+00 2.000000000000000000e+00
3.187116394042968750e+02 2.191407928466796875e+02 2.487047729492187500e+02 -4.597432017326354980e-01 8.875013589859008789e-01 3.126563504338264465e-02 0.000000000000000000e+00 2.000000000000000000e+00
3.190919494628906250e+02 2.184066314697265625e+02 2.486789093017578125e+02 -4.786442816257476807e-01 8.774399757385253906e-01 3.160401433706283569e-02 0.000000000000000000e+00 2.000000000000000000e+00
3.194838867187500000e+02 2.176881408691406250e+02 2.486530303955078125e+02 -4.968078732490539551e-01 8.673444986343383789e-01 2.992457523941993713e-02 0.000000000000000000e+00 2.000000000000000000e+00
3.198887023925781250e+02 2.169813995361328125e+02 2.486286468505859375e+02 -5.125370621681213379e-01 8.582851886749267578e-01 2.553885243833065033e-02 0.000000000000000000e+00 2.000000000000000000e+00
3.203063964843750000e+02 2.162819366455078125e+02 2.486078338623046875e+02 -5.255215167999267578e-01 8.505867123603820801e-01 1.815037615597248077e-02 0.000000000000000000e+00 2.000000000000000000e+00
3.207362670898437500e+02 2.155861663818359375e+02 2.485929870605468750e+02 -5.361543893814086914e-01 8.440868854522705078e-01 7.477513048797845840e-03 0.000000000000000000e+00 2.000000000000000000e+00
3.211771850585937500e+02 2.148920135498046875e+02 2.485868377685546875e+02 -5.455472469329833984e-01 8.380565047264099121e-01 -6.277023814618587494e-03 0.000000000000000000e+00 2.000000000000000000e+00
3.216280822753906250e+02 2.141993560791015625e+02 2.485920257568359375e+02 -5.547319650650024414e-01 8.317115306854248047e-01 -2.298348955810070038e-02 0.000000000000000000e+00 2.000000000000000000e+00
3.220880737304687500e+02 2.135096893310546875e+02 2.486110839843750000e+02 -5.644118785858154297e-01 8.244148492813110352e-01 -4.218201339244842529e-02 0.000000000000000000e+00 2.000000000000000000e+00
3.225566406250000000e+02 2.128252716064453125e+02 2.486461029052734375e+02 -5.742390155792236328e-01 8.162688612937927246e-01 -6.288617849349975586e-02 0.000000000000000000e+00 2.000000000000000000e+00
3.230327453613281250e+02 2.121484985351562500e+02 2.486982421875000000e+02 -5.842172503471374512e-01 8.072927594184875488e-01 -8.347805589437484741e-02 0.000000000000000000e+00 2.000000000000000000e+00
3.235159606933593750e+02 2.114807739257812500e+02 2.487672882080078125e+02 -5.940265059471130371e-01 7.979549169540405273e-01 -1.019826978445053101e-01 0.000000000000000000e+00 2.000000000000000000e+00
3.240059509277343750e+02 2.108225708007812500e+02 2.488514099121093750e+02 -6.036658287048339844e-01 7.887779474258422852e-01 -1.158316731452941895e-01 0.000000000000000000e+00 2.000000000000000000e+00
3.245032043457031250e+02 2.101728363037109375e+02 2.489468231201171875e+02 -6.135230064392089844e-01 7.800316810607910156e-01 -1.230450570583343506e-01 0.000000000000000000e+00 2.000000000000000000e+00
3.250091552734375000e+02 2.095295715332031250e+02 2.490482940673828125e+02 -6.239762902259826660e-01 7.718164324760437012e-01 -1.222818121314048767e-01 0.000000000000000000e+00 2.000000000000000000e+00
3.255258483886718750e+02 2.088904571533203125e+02 2.491495513916015625e+02 -6.344061493873596191e-01 7.645454406738281250e-01 -1.140137314796447754e-01 0.000000000000000000e+00 2.000000000000000000e+00
3.260547180175781250e+02 2.082530975341796875e+02 2.492445983886718750e+02 -6.434914469718933105e-01 7.589284181594848633e-01 -9.973191469907760620e-02 0.000000000000000000e+00 2.000000000000000000e+00
3.265955200195312500e+02 2.076152801513671875e+02 2.493284149169921875e+02 -6.493125557899475098e-01 7.560834288597106934e-01 -8.204271644353866577e-02 0.000000000000000000e+00 2.000000000000000000e+00
3.271452331542968750e+02 2.069751739501953125e+02 2.493978729248046875e+02 -6.498135328292846680e-01 7.574220895767211914e-01 -6.367167830467224121e-02 0.000000000000000000e+00 2.000000000000000000e+00
3.276979064941406250e+02 2.063309783935546875e+02 2.494520263671875000e+02 -6.418789625167846680e-01 7.653889060020446777e-01 -4.659637436270713806e-02 0.000000000000000000e+00 2.000000000000000000e+00
3.282442016601562500e+02 2.056795654296875000e+02 2.494916839599609375e+02 -6.220361590385437012e-01 7.823404669761657715e-01 -3.184853866696357727e-02 0.000000000000000000e+00 2.000000000000000000e+00
3.287716979980468750e+02 2.050161285400390625e+02 2.495186920166015625e+02 -5.869696736335754395e-01 8.093724846839904785e-01 -1.956203766167163849e-02 0.000000000000000000e+00 2.000000000000000000e+00
3.292666320800781250e+02 2.043336639404296875e+02 2.495351867675781250e+02 -5.332161784172058105e-01 8.459284305572509766e-01 -9.253563359379768372e-03 0.000000000000000000e+00 2.000000000000000000e+00
3.297141723632812500e+02 2.036236572265625000e+02 2.495429534912109375e+02 -4.601260125637054443e-01 8.878536224365234375e-01 9.095556015381589532e-05 0.000000000000000000e+00 2.000000000000000000e+00
3.301001281738281250e+02 2.028789215087890625e+02 2.495428771972656250e+02 -3.698033690452575684e-01 9.290633797645568848e-01 9.309506975114345551e-03 0.000000000000000000e+00 2.000000000000000000e+00
3.304110717773437500e+02 2.020977325439453125e+02 2.495350494384765625e+02 -2.670115828514099121e-01 9.634972810745239258e-01 1.943748444318771362e-02 0.000000000000000000e+00 2.000000000000000000e+00
3.306357727050781250e+02 2.012869110107421875e+02 2.495186920166015625e+02 -1.555991470813751221e-01 9.873197674751281738e-01 3.144155815243721008e-02 0.000000000000000000e+00 2.000000000000000000e+00
3.307656555175781250e+02 2.004627685546875000e+02 2.494924468994140625e+02 -3.724997118115425110e-02 9.982319474220275879e-01 4.631936550140380859e-02 0.000000000000000000e+00 2.000000000000000000e+00
3.307960510253906250e+02 1.996482238769531250e+02 2.494546508789062500e+02 8.689479529857635498e-02 9.941044449806213379e-01 6.485063582658767700e-02 0.000000000000000000e+00 2.000000000000000000e+00
3.307277832031250000e+02 1.988672180175781250e+02 2.494037017822265625e+02 2.134606689214706421e-01 9.730493426322937012e-01 8.723230659961700439e-02 0.000000000000000000e+00 2.000000000000000000e+00
3.305677490234375000e+02 1.981377105712890625e+02 2.493383026123046875e+02 3.332754373550415039e-01 9.361482858657836914e-01 1.120443567633628845e-01 0.000000000000000000e+00 2.000000000000000000e+00
3.303292846679687500e+02 1.974678802490234375e+02 2.492581329345703125e+02 4.341419041156768799e-01 8.902990818023681641e-01 1.374346762895584106e-01 0.000000000000000000e+00 2.000000000000000000e+00
3.300304870605468750e+02 1.968551330566406250e+02 2.491635437011718750e+02 5.060902833938598633e-01 8.472918868064880371e-01 1.611489653587341309e-01 0.000000000000000000e+00 2.000000000000000000e+00
3.296918334960937500e+02 1.962881622314453125e+02 2.490557098388671875e+02 5.462362170219421387e-01 8.176125288009643555e-01 1.820323020219802856e-01 0.000000000000000000e+00 2.000000000000000000e+00
3.293329467773437500e+02 1.957509765625000000e+02 2.489361114501953125e+02 5.562437772750854492e-01 8.066684007644653320e-01 1.996970921754837036e-01 0.000000000000000000e+00 2.000000000000000000e+00
3.289710388183593750e+02 1.952261352539062500e+02 2.488061828613281250e+02 5.401484966278076172e-01 8.139314055442810059e-01 2.139046341180801392e-01 0.000000000000000000e+00 2.000000000000000000e+00
3.286199035644531250e+02 1.946970214843750000e+02 2.486671295166015625e+02 5.008075833320617676e-01 8.361918330192565918e-01 2.235507071018218994e-01 0.000000000000000000e+00 2.000000000000000000e+00
3.282915039062500000e+02 1.941486968994140625e+02 2.485205383300781250e+02 4.417530298233032227e-01 8.677944540977478027e-01 2.275676727294921875e-01 0.000000000000000000e+00 2.000000000000000000e+00
3.279963378906250000e+02 1.935688629150390625e+02 2.483684844970703125e+02 3.662256002426147461e-01 9.029830098152160645e-01 2.247232794761657715e-01 0.000000000000000000e+00 2.000000000000000000e+00
3.277449340820312500e+02 1.929489898681640625e+02 2.482142181396484375e+02 2.766370177268981934e-01 9.368512630462646484e-01 2.139664888381958008e-01 0.000000000000000000e+00 2.000000000000000000e+00
3.275487976074218750e+02 1.922847595214843750e+02 2.480625152587890625e+02 1.775915920734405518e-01 9.646773338317871094e-01 1.945733726024627686e-01 0.000000000000000000e+00 2.000000000000000000e+00
3.274184265136718750e+02 1.915765838623046875e+02 2.479196777343750000e+02 7.134494185447692871e-02 9.833517074584960938e-01 1.671206057071685791e-01 0.000000000000000000e+00 2.000000000000000000e+00
3.273641967773437500e+02 1.908291320800781250e+02 2.477926483154296875e+02 -3.874696046113967896e-02 9.904134273529052734e-01 1.325890719890594482e-01 0.000000000000000000e+00 2.000000000000000000e+00
3.273946838378906250e+02 1.900498504638671875e+02 2.476883239746093750e+02 -1.478573083877563477e-01 9.846046566963195801e-01 9.322986006736755371e-02 0.000000000000000000e+00 2.000000000000000000e+00
3.275151977539062500e+02 1.892473297119140625e+02 2.476123352050781250e+02 -2.497611194849014282e-01 9.668900370597839355e-01 5.237508937716484070e-02 0.000000000000000000e+00 2.000000000000000000e+00
3.277262878417968750e+02 1.884301452636718750e+02 2.475680694580078125e+02 -3.381386399269104004e-01 9.409952759742736816e-01 1.378594711422920227e-02 0.000000000000000000e+00 2.000000000000000000e+00
3.280227050781250000e+02 1.876052551269531250e+02 2.475559844970703125e+02 -4.081032872200012207e-01 9.127252101898193359e-01 -1.960350945591926575e-02 0.000000000000000000e+00 2.000000000000000000e+00
3.283924560546875000e+02 1.867783050537109375e+02 2.475737457275390625e+02 -4.582010507583618164e-01 8.876146674156188965e-01 -4.681855067610740662e-02 0.000000000000000000e+00 2.000000000000000000e+00
3.288182067871093750e+02 1.859535522460937500e+02 2.476172485351562500e+02 -4.897928535938262939e-01 8.691425323486328125e-01 -6.851461529731750488e-02 0.000000000000000000e+00 2.000000000000000000e+00
3.292795104980468750e+02 1.851349639892578125e+02 2.476817779541015625e+02 -5.050222277641296387e-01 8.587647676467895508e-01 -8.646175265312194824e-02 0.000000000000000000e+00 2.000000000000000000e+00
3.297548217773437500e+02 1.843267211914062500e+02 2.477631530761718750e+02 -5.075332522392272949e-01 8.555296659469604492e-01 -1.023664250969886780e-01 0.000000000000000000e+00 2.000000000000000000e+00
3.302250061035156250e+02 1.835341491699218750e+02 2.478579864501953125e+02 -5.005376935005187988e-01 8.577345013618469238e-01 -1.172758191823959351e-01 0.000000000000000000e+00 2.000000000000000000e+00
3.306744995117187500e+02 1.827638854980468750e+02 2.479633026123046875e+02 -4.879907667636871338e-01 8.629654645919799805e-01 -1.309793293476104736e-01 0.000000000000000000e+00 2.000000000000000000e+00
3.310939941406250000e+02 1.820220489501953125e+02 2.480758972167968750e+02 4.734643101692199707e-01 -8.693289756774902344e-01 1.417695730924606323e-01 0.000000000000000000e+00 2.000000000000000000e+00
3.314797058105468750e+02 1.813138427734375000e+02 2.481913909912109375e+02 4.613921940326690674e-01 -8.748905658721923828e-01 1.472540944814682007e-01 0.000000000000000000e+00 2.000000000000000000e+00
3.318344116210937500e+02 1.806412506103515625e+02 2.483045959472656250e+02 4.538576602935791016e-01 -8.792364597320556641e-01 1.447638571262359619e-01 0.000000000000000000e+00 2.000000000000000000e+00
3.321646423339843750e+02 1.800015106201171875e+02 2.484099273681640625e+02 4.522429406642913818e-01 -8.818605542182922363e-01 1.334103494882583618e-01 0.000000000000000000e+00 2.000000000000000000e+00
3.324800109863281250e+02 1.793865509033203125e+02 2.485029602050781250e+02 4.537601470947265625e-01 -8.837512731552124023e-01 1.143912449479103088e-01 0.000000000000000000e+00 2.000000000000000000e+00
3.327893676757812500e+02 1.787840423583984375e+02 2.485809478759765625e+02 4.539453089237213135e-01 -8.863231539726257324e-01 9.146024286746978760e-02 0.000000000000000000e+00 2.000000000000000000e+00
3.330989685058593750e+02 1.781795501708984375e+02 2.486433258056640625e+02 4.490106999874114990e-01 -8.907807469367980957e-01 6.999336183071136475e-02 0.000000000000000000e+00 2.000000000000000000e+00
3.334112243652343750e+02 1.775600738525390625e+02 2.486920013427734375e+02 4.376453459262847900e-01 -8.975391387939453125e-01 5.375824496150016785e-02 0.000000000000000000e+00 2.000000000000000000e+00
3.337248840332031250e+02 1.769168090820312500e+02 2.487305297851562500e+02 4.203201830387115479e-01 -9.062844514846801758e-01 4.449186474084854126e-02 0.000000000000000000e+00 2.000000000000000000e+00
3.340356750488281250e+02 1.762466888427734375e+02 2.487634277343750000e+02 3.997965455055236816e-01 -9.156475067138671875e-01 4.186161980032920837e-02 0.000000000000000000e+00 2.000000000000000000e+00
3.343390808105468750e+02 1.755518035888671875e+02 2.487951965332031250e+02 3.785180449485778809e-01 -9.245645999908447266e-01 4.363872110843658447e-02 0.000000000000000000e+00 2.000000000000000000e+00
3.346317138671875000e+02 1.748370208740234375e+02 2.488289337158203125e+02 3.589647710323333740e-01 -9.321536421775817871e-01 4.726506024599075317e-02 0.000000000000000000e+00 2.000000000000000000e+00
3.349125061035156250e+02 1.741078643798828125e+02 2.488659057617187500e+02 3.431031107902526855e-01 -9.379737377166748047e-01 4.985457286238670349e-02 0.000000000000000000e+00 2.000000000000000000e+00
3.351832275390625000e+02 1.733677673339843750e+02 2.489052429199218750e+02 3.318192660808563232e-01 -9.420666694641113281e-01 4.905537888407707214e-02 0.000000000000000000e+00 2.000000000000000000e+00
3.354471435546875000e+02 1.726184844970703125e+02 2.489442596435546875e+02 3.245980143547058105e-01 -9.448398947715759277e-01 4.374487698078155518e-02 0.000000000000000000e+00 2.000000000000000000e+00
3.357076721191406250e+02 1.718601379394531250e+02 2.489793701171875000e+02 3.204935491085052490e-01 -9.466356635093688965e-01 3.413028642535209656e-02 0.000000000000000000e+00 2.000000000000000000e+00
3.359675903320312500e+02 1.710924224853515625e+02 2.490070495605468750e+02 3.181681036949157715e-01 -9.478029608726501465e-01 2.094191126525402069e-02 0.000000000000000000e+00 2.000000000000000000e+00
3.362283935546875000e+02 1.703155059814453125e+02 2.490242156982421875e+02 3.160682320594787598e-01 -9.487207531929016113e-01 5.455172155052423477e-03 0.000000000000000000e+00 2.000000000000000000e+00
3.364900817871093750e+02 1.695300140380859375e+02 2.490287322998046875e+02 3.137840628623962402e-01 -9.494297504425048828e-01 -1.107473112642765045e-02 0.000000000000000000e+00 2.000000000000000000e+00
3.367520751953125000e+02 1.687372894287109375e+02 2.490194854736328125e+02 3.113696277141571045e-01 -9.498732686042785645e-01 -2.810018323361873627e-02 0.000000000000000000e+00 2.000000000000000000e+00
3.370139770507812500e+02 1.679383239746093750e+02 2.489958496093750000e+02 3.087199628353118896e-01 -9.500961303710937500e-01 -4.482639580965042114e-02 0.000000000000000000e+00 2.000000000000000000e+00
3.372753295898437500e+02 1.671340026855468750e+02 2.489579010009765625e+02 3.061508238315582275e-01 -9.500349164009094238e-01 -6.087188422679901123e-02 0.000000000000000000e+00 2.000000000000000000e+00
3.375361022949218750e+02 1.663247833251953125e+02 2.489060516357421875e+02 3.038566708564758301e-01 -9.496722817420959473e-01 -7.611551135778427124e-02 0.000000000000000000e+00 2.000000000000000000e+00
3.377965087890625000e+02 1.655109100341796875e+02 2.488408203125000000e+02 3.013740181922912598e-01 -9.491706490516662598e-01 -9.082286804914474487e-02 0.000000000000000000e+00 2.000000000000000000e+00
3.380563049316406250e+02 1.646926879882812500e+02 2.487625274658203125e+02 2.988183796405792236e-01 -9.484886527061462402e-01 -1.052467599511146545e-01 0.000000000000000000e+00 2.000000000000000000e+00
3.383152465820312500e+02 1.638707733154296875e+02 2.486713256835937500e+02 2.958112955093383789e-01 -9.476312994956970215e-01 -1.203772947192192078e-01 0.000000000000000000e+00 2.000000000000000000e+00
3.385725097656250000e+02 1.630466308593750000e+02 2.485666351318359375e+02 2.927019000053405762e-01 -9.464729428291320801e-01 -1.360687315464019775e-01 0.000000000000000000e+00 2.000000000000000000e+00
3.388274841308593750e+02 1.622221527099609375e+02 2.484481048583984375e+02 2.899494469165802002e-01 -9.447893500328063965e-01 -1.526510864496231079e-01 0.000000000000000000e+00 2.000000000000000000e+00
3.390799255371093750e+02 1.613995819091796875e+02 2.483152008056640625e+02 2.887513041496276855e-01 -9.422225356101989746e-01 -1.698216348886489868e-01 0.000000000000000000e+00 2.000000000000000000e+00
3.393304748535156250e+02 1.605820159912109375e+02 2.481678466796875000e+02 2.903053760528564453e-01 -9.385690093040466309e-01 -1.865768134593963623e-01 0.000000000000000000e+00 2.000000000000000000e+00
3.395805969238281250e+02 1.597733612060546875e+02 2.480070953369140625e+02 2.952517867088317871e-01 -9.337983131408691406e-01 -2.021068632602691650e-01 0.000000000000000000e+00 2.000000000000000000e+00
3.398318176269531250e+02 1.589788208007812500e+02 2.478351287841796875e+02 3.035035133361816406e-01 -9.282980561256408691e-01 -2.148216962814331055e-01 0.000000000000000000e+00 2.000000000000000000e+00
3.400851440429687500e+02 1.582039947509765625e+02 2.476558227539062500e+02 3.139436244964599609e-01 -9.226976037025451660e-01 -2.237599492073059082e-01 0.000000000000000000e+00 2.000000000000000000e+00
3.403402709960937500e+02 1.574541625976562500e+02 2.474739837646484375e+02 3.254100084304809570e-01 -9.176693558692932129e-01 -2.280158847570419312e-01 0.000000000000000000e+00 2.000000000000000000e+00
3.405962524414062500e+02 1.567322845458984375e+02 2.472946166992187500e+02 3.362394869327545166e-01 -9.136716127395629883e-01 -2.283576428890228271e-01 0.000000000000000000e+00 2.000000000000000000e+00
3.408516845703125000e+02 1.560381927490234375e+02 2.471211395263671875e+02 3.459625244140625000e-01 -9.103916883468627930e-01 -2.269290238618850708e-01 0.000000000000000000e+00 2.000000000000000000e+00
3.411062011718750000e+02 1.553684387207031250e+02 2.469541931152343750e+02 3.539676070213317871e-01 -9.073207378387451172e-01 -2.268832623958587646e-01 0.000000000000000000e+00 2.000000000000000000e+00
3.413605651855468750e+02 1.547164306640625000e+02 2.467911529541015625e+02 3.604376912117004395e-01 -9.038398265838623047e-01 -2.305608689785003662e-01 0.000000000000000000e+00 2.000000000000000000e+00
3.416169738769531250e+02 1.540734558105468750e+02 2.466271362304687500e+02 3.659281432628631592e-01 -8.996888995170593262e-01 -2.380261570215225220e-01 0.000000000000000000e+00 2.000000000000000000e+00
3.418786010742187500e+02 1.534302062988281250e+02 2.464569549560546875e+02 3.709017038345336914e-01 -8.952871561050415039e-01 -2.467647045850753784e-01 0.000000000000000000e+00 2.000000000000000000e+00
3.421485900878906250e+02 1.527785034179687500e+02 2.462773284912109375e+02 3.765615820884704590e-01 -8.910813927650451660e-01 -2.533284425735473633e-01 0.000000000000000000e+00 2.000000000000000000e+00
3.424299316406250000e+02 1.521127471923828125e+02 2.460880584716796875e+02 3.846461176872253418e-01 -8.868241310119628906e-01 -2.561061978340148926e-01 0.000000000000000000e+00 2.000000000000000000e+00
3.427253112792968750e+02 1.514317321777343750e+02 2.458913879394531250e+02 3.959488272666931152e-01 -8.819319605827331543e-01 -2.557744681835174561e-01 0.000000000000000000e+00 2.000000000000000000e+00
3.430360717773437500e+02 1.507395477294921875e+02 2.456906433105468750e+02 4.103578925132751465e-01 -8.756187558174133301e-01 -2.547513544559478760e-01 0.000000000000000000e+00 2.000000000000000000e+00
3.433614501953125000e+02 1.500452575683593750e+02 2.454886474609375000e+02 4.269145429134368896e-01 -8.673877716064453125e-01 -2.556999921798706055e-01 0.000000000000000000e+00 2.000000000000000000e+00
3.436982421875000000e+02 1.493609771728515625e+02 2.452869262695312500e+02 4.441171288490295410e-01 -8.570879101753234863e-01 -2.610755264759063721e-01 0.000000000000000000e+00 2.000000000000000000e+00
3.440409240722656250e+02 1.486996459960937500e+02 2.450854797363281250e+02 4.606532454490661621e-01 -8.451408147811889648e-01 -2.711744308471679688e-01 0.000000000000000000e+00 2.000000000000000000e+00
3.443828430175781250e+02 1.480723419189453125e+02 2.448842010498046875e+02 4.759027957916259766e-01 -8.320611715316772461e-01 -2.849397063255310059e-01 0.000000000000000000e+00 2.000000000000000000e+00
3.447182006835937500e+02 1.474860076904296875e+02 2.446834106445312500e+02 4.904874265193939209e-01 -8.182439208030700684e-01 -2.998315691947937012e-01 0.000000000000000000e+00 2.000000000000000000e+00
3.450443725585937500e+02 1.469418792724609375e+02 2.444840240478515625e+02 5.053065419197082520e-01 -8.045241832733154297e-01 -3.120996952056884766e-01 0.000000000000000000e+00 2.000000000000000000e+00
3.453627929687500000e+02 1.464349060058593750e+02 2.442873535156250000e+02 5.215775966644287109e-01 -7.913313508033752441e-01 -3.189853131771087646e-01 0.000000000000000000e+00 2.000000000000000000e+00
3.456788330078125000e+02 1.459554138183593750e+02 2.440940704345703125e+02 5.397812724113464355e-01 -7.786579728126525879e-01 -3.198874890804290771e-01 0.000000000000000000e+00 2.000000000000000000e+00
3.459999084472656250e+02 1.454922485351562500e+02 2.439037933349609375e+02 5.592191219329833984e-01 -7.658033967018127441e-01 -3.175201117992401123e-01 0.000000000000000000e+00 2.000000000000000000e+00
3.463325805664062500e+02 1.450366821289062500e+02 2.437149047851562500e+02 5.793381929397583008e-01 -7.514832019805908203e-01 -3.156585097312927246e-01 0.000000000000000000e+00 2.000000000000000000e+00
3.466805419921875000e+02 1.445853271484375000e+02 2.435253143310546875e+02 5.998616218566894531e-01 -7.344863414764404297e-01 -3.173261284828186035e-01 0.000000000000000000e+00 2.000000000000000000e+00
3.470436096191406250e+02 1.441407775878906250e+02 2.433332519531250000e+02 6.202985644340515137e-01 -7.145342826843261719e-01 -3.235282599925994873e-01 0.000000000000000000e+00 2.000000000000000000e+00
3.474171447753906250e+02 1.437104949951171875e+02 2.431384277343750000e+02 6.404921412467956543e-01 -6.917884349822998047e-01 -3.334646224975585938e-01 0.000000000000000000e+00 2.000000000000000000e+00
3.477949523925781250e+02 1.433024291992187500e+02 2.429417266845703125e+02 6.593619585037231445e-01 -6.680920124053955078e-01 -3.448113203048706055e-01 0.000000000000000000e+00 2.000000000000000000e+00
3.481706542968750000e+02 1.429217529296875000e+02 2.427452545166015625e+02 6.759240031242370605e-01 -6.455454230308532715e-01 -3.555246591567993164e-01 0.000000000000000000e+00 2.000000000000000000e+00
3.485400390625000000e+02 1.425689697265625000e+02 2.425509643554687500e+02 6.894131302833557129e-01 -6.260960698127746582e-01 -3.642984330654144287e-01 0.000000000000000000e+00 2.000000000000000000e+00
3.489013977050781250e+02 1.422407989501953125e+02 2.423600158691406250e+02 6.992962360382080078e-01 -6.114920973777770996e-01 -3.702192008495330811e-01 0.000000000000000000e+00 2.000000000000000000e+00
3.492551574707031250e+02 1.419314575195312500e+02 2.421727294921875000e+02 7.058727145195007324e-01 -6.017402410507202148e-01 -3.737009763717651367e-01 0.000000000000000000e+00 2.000000000000000000e+00
3.496032104492187500e+02 1.416347503662109375e+02 2.419884643554687500e+02 7.097418904304504395e-01 -5.960762500762939453e-01 -3.754459023475646973e-01 0.000000000000000000e+00 2.000000000000000000e+00
3.499474487304687500e+02 1.413456420898437500e+02 2.418063659667968750e+02 7.117548584938049316e-01 -5.932772159576416016e-01 -3.760681450366973877e-01 0.000000000000000000e+00 2.000000000000000000e+00
3.502895507812500000e+02 1.410604858398437500e+02 2.416256103515625000e+02 7.127923369407653809e-01 -5.918465852737426758e-01 -3.763571679592132568e-01 0.000000000000000000e+00 2.000000000000000000e+00
3.506306457519531250e+02 1.407772674560546875e+02 2.414455108642578125e+02 7.134205698966979980e-01 -5.913259983062744141e-01 -3.759850263595581055e-01 0.000000000000000000e+00 2.000000000000000000e+00
3.509717712402343750e+02 1.404945220947265625e+02 2.412657318115234375e+02 7.139788866043090820e-01 -5.909504294395446777e-01 -3.755153417587280273e-01 0.000000000000000000e+00 2.000000000000000000e+00
3.513140258789062500e+02 1.402112426757812500e+02 2.410857238769531250e+02 7.146347165107727051e-01 -5.905358791351318359e-01 -3.749193549156188965e-01 0.000000000000000000e+00 2.000000000000000000e+00
3.516590881347656250e+02 1.399261016845703125e+02 2.409046936035156250e+02 7.154222130775451660e-01 -5.901811718940734863e-01 -3.739749491214752197e-01 0.000000000000000000e+00 2.000000000000000000e+00
3.520087890625000000e+02 1.396376190185546875e+02 2.407218933105468750e+02 7.160504460334777832e-01 -5.899908542633056641e-01 -3.730716407299041748e-01 0.000000000000000000e+00 2.000000000000000000e+00
3.523660583496093750e+02 1.393432464599609375e+02 2.405357513427734375e+02 7.158160805702209473e-01 -5.904977917671203613e-01 -3.727194666862487793e-01 0.000000000000000000e+00 2.000000000000000000e+00
3.527340393066406250e+02 1.390396881103515625e+02 2.403441467285156250e+02 7.134015560150146484e-01 -5.930629372596740723e-01 -3.732755780220031738e-01 0.000000000000000000e+00 2.000000000000000000e+00
3.531149597167968750e+02 1.387230224609375000e+02 2.401448364257812500e+02 7.080734372138977051e-01 -5.984795689582824707e-01 -3.747721910476684570e-01 0.000000000000000000e+00 2.000000000000000000e+00
3.535093994140625000e+02 1.383896331787109375e+02 2.399360656738281250e+02 6.989410519599914551e-01 -6.079955697059631348e-01 -3.765936791896820068e-01 0.000000000000000000e+00 2.000000000000000000e+00
3.539147949218750000e+02 1.380369873046875000e+02 2.397176361083984375e+02 6.861190199851989746e-01 -6.218717098236083984e-01 -3.775131404399871826e-01 0.000000000000000000e+00 2.000000000000000000e+00
3.543259277343750000e+02 1.376643524169921875e+02 2.394914245605468750e+02 6.702092885971069336e-01 -6.396862864494323730e-01 -3.763256669044494629e-01 0.000000000000000000e+00 2.000000000000000000e+00
3.547360229492187500e+02 1.372729339599609375e+02 2.392611541748046875e+02 6.523895263671875000e-01 -6.603997945785522461e-01 -3.718333542346954346e-01 0.000000000000000000e+00 2.000000000000000000e+00
3.551386718750000000e+02 1.368653411865234375e+02 2.390316619873046875e+02 6.340695023536682129e-01 -6.823837757110595703e-01 -3.637418746948242188e-01 0.000000000000000000e+00 2.000000000000000000e+00
3.555299682617187500e+02 1.364442291259765625e+02 2.388071899414062500e+02 6.170282959938049316e-01 -7.034490108489990234e-01 -3.527542054653167725e-01 0.000000000000000000e+00 2.000000000000000000e+00
3.559094238281250000e+02 1.360116271972656250e+02 2.385902557373046875e+02 6.025103330612182617e-01 -7.220319509506225586e-01 -3.400754332542419434e-01 0.000000000000000000e+00 2.000000000000000000e+00
3.562788696289062500e+02 1.355688934326171875e+02 2.383817291259765625e+02 5.909578204154968262e-01 -7.372037172317504883e-01 -3.275658786296844482e-01 0.000000000000000000e+00 2.000000000000000000e+00
3.566411132812500000e+02 1.351170043945312500e+02 2.381809387207031250e+02 5.817790031433105469e-01 -7.490634918212890625e-01 -3.169181644916534424e-01 0.000000000000000000e+00 2.000000000000000000e+00
3.569981994628906250e+02 1.346572418212890625e+02 2.379864196777343750e+02 5.731903314590454102e-01 -7.587673664093017578e-01 -3.093944787979125977e-01 0.000000000000000000e+00 2.000000000000000000e+00
3.573499755859375000e+02 1.341915740966796875e+02 2.377965393066406250e+02 5.638178586959838867e-01 -7.673314213752746582e-01 -3.054699897766113281e-01 0.000000000000000000e+00 2.000000000000000000e+00
3.576946716308593750e+02 1.337224578857421875e+02 2.376097869873046875e+02 5.522314310073852539e-01 -7.757681012153625488e-01 -3.053263425827026367e-01 0.000000000000000000e+00 2.000000000000000000e+00
3.580292968750000000e+02 1.332523803710937500e+02 2.374247741699218750e+02 5.381565093994140625e-01 -7.844904065132141113e-01 -3.081598281860351562e-01 0.000000000000000000e+00 2.000000000000000000e+00
3.583509826660156250e+02 1.327834472656250000e+02 2.372405700683593750e+02 5.223413109779357910e-01 -7.933483719825744629e-01 -3.126625120639801025e-01 0.000000000000000000e+00 2.000000000000000000e+00
3.586580810546875000e+02 1.323170166015625000e+02 2.370567474365234375e+02 5.063219070434570312e-01 -8.017422556877136230e-01 -3.175650238990783691e-01 0.000000000000000000e+00 2.000000000000000000e+00
3.589511413574218750e+02 1.318529663085937500e+02 2.368729400634765625e+02 4.925605356693267822e-01 -8.090010881423950195e-01 -3.207823038101196289e-01 0.000000000000000000e+00 2.000000000000000000e+00
3.592333068847656250e+02 1.313895263671875000e+02 2.366891784667968750e+02 4.826644659042358398e-01 -8.145695328712463379e-01 -3.217319250106811523e-01 0.000000000000000000e+00 2.000000000000000000e+00
3.595098571777343750e+02 1.309228057861328125e+02 2.365048370361328125e+02 4.780773818492889404e-01 -8.178937435150146484e-01 -3.201434612274169922e-01 0.000000000000000000e+00 2.000000000000000000e+00
3.597879638671875000e+02 1.304470214843750000e+02 2.363186035156250000e+02 4.777804911136627197e-01 -8.195648193359375000e-01 -3.162897825241088867e-01 0.000000000000000000e+00 2.000000000000000000e+00
3.600744934082031250e+02 1.299555206298828125e+02 2.361289215087890625e+02 4.800691604614257812e-01 -8.200734257698059082e-01 -3.114693760871887207e-01 0.000000000000000000e+00 2.000000000000000000e+00
3.603748474121093750e+02 1.294424438476562500e+02 2.359340515136718750e+02 4.822510182857513428e-01 -8.207939267158508301e-01 -3.061556816101074219e-01 0.000000000000000000e+00 2.000000000000000000e+00
3.606913452148437500e+02 1.289037628173828125e+02 2.357331237792968750e+02 4.827480912208557129e-01 -8.222559094429016113e-01 -3.014124929904937744e-01 0.000000000000000000e+00 2.000000000000000000e+00
3.610233459472656250e+02 1.283382720947265625e+02 2.355258331298828125e+02 4.806112349033355713e-01 -8.248085975646972656e-01 -2.978315651416778564e-01 0.000000000000000000e+00 2.000000000000000000e+00
3.613676757812500000e+02 1.277473449707031250e+02 2.353124542236328125e+02 4.750716984272003174e-01 -8.286855816841125488e-01 -2.959510385990142822e-01 0.000000000000000000e+00 2.000000000000000000e+00
3.617193603515625000e+02 1.271338882446289062e+02 2.350933685302734375e+02 4.659812152385711670e-01 -8.338971138000488281e-01 -2.957652807235717773e-01 0.000000000000000000e+00 2.000000000000000000e+00
3.620727539062500000e+02 1.265014724731445312e+02 2.348690643310546875e+02 4.531427919864654541e-01 -8.405045866966247559e-01 -2.970080077648162842e-01 0.000000000000000000e+00 2.000000000000000000e+00
3.624225158691406250e+02 1.258527221679687500e+02 2.346398162841796875e+02 4.360589385032653809e-01 -8.489325642585754395e-01 -2.986068427562713623e-01 0.000000000000000000e+00 2.000000000000000000e+00
3.627633056640625000e+02 1.251892623901367188e+02 2.344064483642578125e+02 4.154578447341918945e-01 -8.589383363723754883e-01 -2.993654906749725342e-01 0.000000000000000000e+00 2.000000000000000000e+00
3.630912170410156250e+02 1.245113220214843750e+02 2.341701660156250000e+02 3.917347192764282227e-01 -8.705120086669921875e-01 -2.979139685630798340e-01 0.000000000000000000e+00 2.000000000000000000e+00
3.634029541015625000e+02 1.238185806274414062e+02 2.339330902099609375e+02 3.662040829658508301e-01 -8.829813599586486816e-01 -2.936639189720153809e-01 0.000000000000000000e+00 2.000000000000000000e+00
3.636964416503906250e+02 1.231109313964843750e+02 2.336977386474609375e+02 3.401363790035247803e-01 -8.958099484443664551e-01 -2.860625386238098145e-01 0.000000000000000000e+00 2.000000000000000000e+00
3.639702758789062500e+02 1.223897399902343750e+02 2.334674377441406250e+02 3.127795755863189697e-01 -9.092919826507568359e-01 -2.745121717453002930e-01 0.000000000000000000e+00 2.000000000000000000e+00
3.642218322753906250e+02 1.216584320068359375e+02 2.332466583251953125e+02 2.815476953983306885e-01 -9.243746995925903320e-01 -2.574144899845123291e-01 0.000000000000000000e+00 2.000000000000000000e+00
3.644459533691406250e+02 1.209225997924804688e+02 2.330417480468750000e+02 2.410063296556472778e-01 -9.424536228179931641e-01 -2.317262887954711914e-01 0.000000000000000000e+00 2.000000000000000000e+00
3.646333923339843750e+02 1.201896209716796875e+02 2.328615264892578125e+02 1.849503517150878906e-01 -9.636682868003845215e-01 -1.927092224359512329e-01 0.000000000000000000e+00 2.000000000000000000e+00
3.647719726562500000e+02 1.194675598144531250e+02 2.327171325683593750e+02 1.065447553992271423e-01 -9.849836230278015137e-01 -1.358509659767150879e-01 0.000000000000000000e+00 2.000000000000000000e+00
3.648480834960937500e+02 1.187639312744140625e+02 2.326200866699218750e+02 3.764314344152808189e-03 -9.982603192329406738e-01 -5.883982032537460327e-02 0.000000000000000000e+00 2.000000000000000000e+00
3.648506469726562500e+02 1.180841217041015625e+02 2.325800170898437500e+02 -1.155342683196067810e-01 -9.927625656127929688e-01 3.277797996997833252e-02 0.000000000000000000e+00 2.000000000000000000e+00
3.647745971679687500e+02 1.174306411743164062e+02 2.326015930175781250e+02 -2.331140488386154175e-01 -9.644508957862854004e-01 1.244679242372512817e-01 0.000000000000000000e+00 2.000000000000000000e+00
3.646226196289062500e+02 1.168018722534179688e+02 2.326827392578125000e+02 -3.303661048412322998e-01 -9.225511550903320312e-01 1.993931084871292114e-01 0.000000000000000000e+00 2.000000000000000000e+00
3.644043884277343750e+02 1.161924591064453125e+02 2.328144531250000000e+02 -3.993948400020599365e-01 -8.825414180755615234e-01 2.482024580240249634e-01 0.000000000000000000e+00 2.000000000000000000e+00
3.641338806152343750e+02 1.155947189331054688e+02 2.329825592041015625e+02 -4.424739181995391846e-01 -8.550379276275634766e-01 2.704202532768249512e-01 0.000000000000000000e+00 2.000000000000000000e+00
3.638266601562500000e+02 1.150010452270507812e+02 2.331703186035156250e+02 -4.667385220527648926e-01 -8.419838547706604004e-01 2.705890238285064697e-01 0.000000000000000000e+00 2.000000000000000000e+00
3.634971618652343750e+02 1.144066390991210938e+02 2.333613433837890625e+02 -4.789552688598632812e-01 -8.402903079986572266e-01 2.539959847927093506e-01 0.000000000000000000e+00 2.000000000000000000e+00
3.631573791503906250e+02 1.138105163574218750e+02 2.335415344238281250e+02 -4.841669201850891113e-01 -8.452420234680175781e-01 2.261600643396377563e-01 0.000000000000000000e+00 2.000000000000000000e+00
3.628168334960937500e+02 1.132160034179687500e+02 2.337006072998046875e+02 -4.859588742256164551e-01 -8.526732921600341797e-01 1.918130517005920410e-01 0.000000000000000000e+00 2.000000000000000000e+00
3.624816284179687500e+02 1.126278457641601562e+02 2.338329162597656250e+02 -4.856742620468139648e-01 -8.603835701942443848e-01 1.544688194990158081e-01 0.000000000000000000e+00 2.000000000000000000e+00
3.621548156738281250e+02 1.120488891601562500e+02 2.339368591308593750e+02 -4.833309352397918701e-01 -8.675230145454406738e-01 1.174524724483489990e-01 0.000000000000000000e+00 2.000000000000000000e+00
3.618362731933593750e+02 1.114771423339843750e+02 2.340142669677734375e+02 -4.783782362937927246e-01 -8.740659356117248535e-01 8.463472127914428711e-02 0.000000000000000000e+00 2.000000000000000000e+00
3.615227661132812500e+02 1.109043197631835938e+02 2.340697326660156250e+02 -4.703722894191741943e-01 -8.805128931999206543e-01 5.871076881885528564e-02 0.000000000000000000e+00 2.000000000000000000e+00
3.612089538574218750e+02 1.103168792724609375e+02 2.341089019775390625e+02 -4.597439467906951904e-01 -8.870379328727722168e-01 4.241763427853584290e-02 0.000000000000000000e+00 2.000000000000000000e+00
3.608894348144531250e+02 1.097003936767578125e+02 2.341383819580078125e+02 -4.486410617828369141e-01 -8.929626941680908203e-01 3.659070283174514771e-02 0.000000000000000000e+00 2.000000000000000000e+00
3.605597839355468750e+02 1.090442657470703125e+02 2.341652679443359375e+02 -4.386093318462371826e-01 -8.977711200714111328e-01 4.036005586385726929e-02 0.000000000000000000e+00 2.000000000000000000e+00
3.602183532714843750e+02 1.083454055786132812e+02 2.341966857910156250e+02 -4.314158856868743896e-01 -9.006651639938354492e-01 5.179454386234283447e-02 0.000000000000000000e+00 2.000000000000000000e+00
3.598656616210937500e+02 1.076090927124023438e+02 2.342390289306640625e+02 -4.274218380451202393e-01 -9.015613198280334473e-01 6.706462800502777100e-02 0.000000000000000000e+00 2.000000000000000000e+00
3.595045776367187500e+02 1.068474578857421875e+02 2.342956848144531250e+02 -4.267479181289672852e-01 -9.006697535514831543e-01 8.173247426748275757e-02 0.000000000000000000e+00 2.000000000000000000e+00
3.591391296386718750e+02 1.060761642456054688e+02 2.343656768798828125e+02 -4.298185110092163086e-01 -8.983811736106872559e-01 9.037319570779800415e-02 0.000000000000000000e+00 2.000000000000000000e+00
3.587726440429687500e+02 1.053101577758789062e+02 2.344427337646484375e+02 -4.369992613792419434e-01 -8.951135873794555664e-01 8.833586424589157104e-02 0.000000000000000000e+00 2.000000000000000000e+00
3.584078979492187500e+02 1.045630416870117188e+02 2.345164642333984375e+02 -4.482176005840301514e-01 -8.909238576889038086e-01 7.318148016929626465e-02 0.000000000000000000e+00 2.000000000000000000e+00
3.580467834472656250e+02 1.038452529907226562e+02 2.345754241943359375e+02 -4.637419283390045166e-01 -8.847853541374206543e-01 4.580778256058692932e-02 0.000000000000000000e+00 2.000000000000000000e+00
3.576894836425781250e+02 1.031635513305664062e+02 2.346107177734375000e+02 -4.827469289302825928e-01 -8.756923079490661621e-01 1.087623089551925659e-02 0.000000000000000000e+00 2.000000000000000000e+00
3.573345947265625000e+02 1.025197906494140625e+02 2.346187133789062500e+02 -5.035737156867980957e-01 -8.636164069175720215e-01 -2.408565208315849304e-02 0.000000000000000000e+00 2.000000000000000000e+00
3.569788818359375000e+02 1.019097518920898438e+02 2.346016998291015625e+02 -5.239905118942260742e-01 -8.502233028411865234e-01 -5.054030194878578186e-02 0.000000000000000000e+00 2.000000000000000000e+00
3.566175537109375000e+02 1.013234634399414062e+02 2.345668487548828125e+02 -5.407916307449340820e-01 -8.387820720672607422e-01 -6.315895915031433105e-02 0.000000000000000000e+00 2.000000000000000000e+00
3.562458496093750000e+02 1.007469406127929688e+02 2.345234375000000000e+02 -5.517377257347106934e-01 -8.317522406578063965e-01 -6.143059208989143372e-02 0.000000000000000000e+00 2.000000000000000000e+00
3.558610229492187500e+02 1.001668090820312500e+02 2.344805908203125000e+02 -5.560232996940612793e-01 -8.296920061111450195e-01 -4.949021339416503906e-02 0.000000000000000000e+00 2.000000000000000000e+00
3.554634704589843750e+02 9.957358551025390625e+01 2.344452056884765625e+02 -5.540808439254760742e-01 -8.318075537681579590e-01 -3.302606195211410522e-02 0.000000000000000000e+00 2.000000000000000000e+00
3.550569458007812500e+02 9.896329498291015625e+01 2.344209747314453125e+02 -5.478990077972412109e-01 -8.363838791847229004e-01 -1.639048941433429718e-02 0.000000000000000000e+00 2.000000000000000000e+00
3.546468505859375000e+02 9.833727264404296875e+01 2.344087066650390625e+02 -5.390614867210388184e-01 -8.422634005546569824e-01 -2.255487255752086639e-03 0.000000000000000000e+00 2.000000000000000000e+00
3.542384033203125000e+02 9.769908905029296875e+01 2.344069976806640625e+02 -5.294178724288940430e-01 -8.483268618583679199e-01 7.621409371495246887e-03 0.000000000000000000e+00 2.000000000000000000e+00
3.538345642089843750e+02 9.705198669433593750e+01 2.344128112792968750e+02 -5.197126269340515137e-01 -8.542360067367553711e-01 1.340204570442438126e-02 0.000000000000000000e+00 2.000000000000000000e+00
3.534363403320312500e+02 9.639743804931640625e+01 2.344230804443359375e+02 -5.108432173728942871e-01 -8.595317602157592773e-01 1.563199236989021301e-02 0.000000000000000000e+00 2.000000000000000000e+00
3.530429077148437500e+02 9.573545837402343750e+01 2.344351196289062500e+02 -5.025981068611145020e-01 -8.643817901611328125e-01 1.547000836580991745e-02 0.000000000000000000e+00 2.000000000000000000e+00
3.526532592773437500e+02 9.506533050537109375e+01 2.344471130371093750e+02 -4.944568872451782227e-01 -8.690886497497558594e-01 1.404307596385478973e-02 0.000000000000000000e+00 2.000000000000000000e+00
3.522669677734375000e+02 9.438636016845703125e+01 2.344580841064453125e+02 -4.861024916172027588e-01 -8.738179206848144531e-01 1.211186684668064117e-02 0.000000000000000000e+00 2.000000000000000000e+00
3.518842163085937500e+02 9.369832611083984375e+01 2.344676208496093750e+02 -4.773109853267669678e-01 -8.786765336990356445e-01 1.008755993098020554e-02 0.000000000000000000e+00 2.000000000000000000e+00
3.515058898925781250e+02 9.300186920166015625e+01 2.344756164550781250e+02 -4.680724143981933594e-01 -8.836528062820434570e-01 8.118412457406520844e-03 0.000000000000000000e+00 2.000000000000000000e+00
3.511328735351562500e+02 9.229766845703125000e+01 2.344820861816406250e+02 -4.585751295089721680e-01 -8.886347413063049316e-01 6.082555744796991348e-03 0.000000000000000000e+00 2.000000000000000000e+00
3.507658996582031250e+02 9.158654022216796875e+01 2.344869537353515625e+02 -4.490679502487182617e-01 -8.934894204139709473e-01 3.819833276793360710e-03 0.000000000000000000e+00 2.000000000000000000e+00
3.504053344726562500e+02 9.086914062500000000e+01 2.344900207519531250e+02 -4.399059712886810303e-01 -8.980434536933898926e-01 8.523840806446969509e-04 0.000000000000000000e+00 2.000000000000000000e+00
3.500509643554687500e+02 9.014571380615234375e+01 2.344907073974609375e+02 -4.311910271644592285e-01 -9.022554159164428711e-01 -3.057021647691726685e-03 0.000000000000000000e+00 2.000000000000000000e+00
3.497023010253906250e+02 8.941614532470703125e+01 2.344882354736328125e+02 -4.230828285217285156e-01 -9.060519933700561523e-01 -8.414325304329395294e-03 0.000000000000000000e+00 2.000000000000000000e+00
3.493585815429687500e+02 8.868005371093750000e+01 2.344813995361328125e+02 -4.158858656883239746e-01 -9.092882275581359863e-01 -1.529047079384326935e-02 0.000000000000000000e+00 2.000000000000000000e+00
3.490186767578125000e+02 8.793688964843750000e+01 2.344689025878906250e+02 -4.094624221324920654e-01 -9.120131134986877441e-01 -2.393010258674621582e-02 0.000000000000000000e+00 2.000000000000000000e+00
3.486816101074218750e+02 8.718612670898437500e+01 2.344492034912109375e+02 -4.039821624755859375e-01 -9.141429066658020020e-01 -3.378158435225486755e-02 0.000000000000000000e+00 2.000000000000000000e+00
3.483462219238281250e+02 8.642720031738281250e+01 2.344211578369140625e+02 -3.992507755756378174e-01 -9.157505631446838379e-01 -4.471914470195770264e-02 0.000000000000000000e+00 2.000000000000000000e+00
3.480115051269531250e+02 8.565946960449218750e+01 2.343836669921875000e+02 -3.953275978565216064e-01 -9.168314337730407715e-01 -5.600234493613243103e-02 0.000000000000000000e+00 2.000000000000000000e+00
3.476763000488281250e+02 8.488207244873046875e+01 2.343361816406250000e+02 -3.921548128128051758e-01 -9.174345135688781738e-01 -6.729504466056823730e-02 0.000000000000000000e+00 2.000000000000000000e+00
3.473393859863281250e+02 8.409387207031250000e+01 2.342783660888671875e+02 -3.898386657238006592e-01 -9.175710082054138184e-01 -7.803420722484588623e-02 0.000000000000000000e+00 2.000000000000000000e+00
3.469993286132812500e+02 8.329347229003906250e+01 2.342102966308593750e+02 -3.880875706672668457e-01 -9.174268841743469238e-01 -8.784066140651702881e-02 0.000000000000000000e+00 2.000000000000000000e+00
3.466549072265625000e+02 8.247927093505859375e+01 2.341323394775390625e+02 -3.865054845809936523e-01 -9.172123074531555176e-01 -9.661793708801269531e-02 0.000000000000000000e+00 2.000000000000000000e+00
3.463053894042968750e+02 8.164983367919921875e+01 2.340449676513671875e+02 -3.846709132194519043e-01 -9.171107411384582520e-01 -1.045762002468109131e-01 0.000000000000000000e+00 2.000000000000000000e+00
3.459507751464843750e+02 8.080438232421875000e+01 2.339485626220703125e+02 -3.819824755191802979e-01 -9.173172712326049805e-01 -1.123315319418907166e-01 0.000000000000000000e+00 2.000000000000000000e+00
3.455922851562500000e+02 7.994348144531250000e+01 2.338431396484375000e+02 -3.779304325580596924e-01 -9.178882837295532227e-01 -1.210358068346977234e-01 0.000000000000000000e+00 2.000000000000000000e+00
3.452324218750000000e+02 7.906947326660156250e+01 2.337278900146484375e+02 -3.722647428512573242e-01 -9.186415076255798340e-01 -1.323505640029907227e-01 0.000000000000000000e+00 2.000000000000000000e+00
3.448746948242187500e+02 7.818670654296875000e+01 2.336007080078125000e+02 -3.650124967098236084e-01 -9.192303419113159180e-01 -1.475855410099029541e-01 0.000000000000000000e+00 2.000000000000000000e+00
3.445230102539062500e+02 7.730104064941406250e+01 2.334585113525390625e+02 -3.560954630374908447e-01 -9.192505478858947754e-01 -1.678522229194641113e-01 0.000000000000000000e+00 2.000000000000000000e+00
3.441813964843750000e+02 7.641917419433593750e+01 2.332974853515625000e+02 -3.455197513103485107e-01 -9.183111190795898438e-01 -1.931857168674468994e-01 0.000000000000000000e+00 2.000000000000000000e+00
3.438533325195312500e+02 7.554725646972656250e+01 2.331140594482421875e+02 -3.329574465751647949e-01 -9.163098931312561035e-01 -2.225207537412643433e-01 0.000000000000000000e+00 2.000000000000000000e+00
3.435418395996093750e+02 7.469001770019531250e+01 2.329058837890625000e+02 -3.180132806301116943e-01 -9.134250879287719727e-01 -2.540122568607330322e-01 0.000000000000000000e+00 2.000000000000000000e+00
3.432494812011718750e+02 7.385028076171875000e+01 2.326723632812500000e+02 -3.006665110588073730e-01 -9.100039005279541016e-01 -2.854692041873931885e-01 0.000000000000000000e+00 2.000000000000000000e+00
3.429780883789062500e+02 7.302887725830078125e+01 2.324146881103515625e+02 -2.814715802669525146e-01 -9.063426256179809570e-01 -3.151456117630004883e-01 0.000000000000000000e+00 2.000000000000000000e+00
3.427284851074218750e+02 7.222515106201171875e+01 2.321352233886718750e+02 -2.610835134983062744e-01 -9.027549624443054199e-01 -3.418609201908111572e-01 0.000000000000000000e+00 2.000000000000000000e+00
3.425007324218750000e+02 7.143764495849609375e+01 2.318370056152343750e+02 -2.404951453208923340e-01 -8.993357419967651367e-01 -3.651812076568603516e-01 0.000000000000000000e+00 2.000000000000000000e+00
3.422940368652343750e+02 7.066470336914062500e+01 2.315231475830078125e+02 -2.204170674085617065e-01 -8.960968852043151855e-01 -3.852618038654327393e-01 0.000000000000000000e+00 2.000000000000000000e+00
3.421072082519531250e+02 6.990515899658203125e+01 2.311965942382812500e+02 -2.015530765056610107e-01 -8.929130434989929199e-01 -4.025949835777282715e-01 0.000000000000000000e+00 2.000000000000000000e+00
3.419387512207031250e+02 6.915886688232421875e+01 2.308601074218750000e+02 -1.849307566881179810e-01 -8.896709084510803223e-01 -4.174760878086090088e-01 0.000000000000000000e+00 2.000000000000000000e+00
3.417866210937500000e+02 6.842699432373046875e+01 2.305166778564453125e+02 -1.711904555559158325e-01 -8.861383795738220215e-01 -4.306420981884002686e-01 0.000000000000000000e+00 2.000000000000000000e+00
3.416484680175781250e+02 6.771186828613281250e+01 2.301691436767578125e+02 -1.614447385072708130e-01 -8.822851777076721191e-01 -4.421634972095489502e-01 0.000000000000000000e+00 2.000000000000000000e+00
3.415211791992187500e+02 6.701624298095703125e+01 2.298205261230468750e+02 -1.561178416013717651e-01 -8.782572746276855469e-01 -4.519859850406646729e-01 0.000000000000000000e+00 2.000000000000000000e+00
3.414013977050781250e+02 6.634239959716796875e+01 2.294737396240234375e+02 -1.543140560388565063e-01 -8.745726346969604492e-01 -4.596845805644989014e-01 0.000000000000000000e+00 2.000000000000000000e+00
3.412864685058593750e+02 6.569104003906250000e+01 2.291313781738281250e+02 -1.549159437417984009e-01 -8.715605139732360840e-01 -4.651701450347900391e-01 0.000000000000000000e+00 2.000000000000000000e+00
3.411745300292968750e+02 6.506127166748046875e+01 2.287952575683593750e+02 -1.562781482934951782e-01 -8.694682717323303223e-01 -4.686172008514404297e-01 0.000000000000000000e+00 2.000000000000000000e+00
3.410647583007812500e+02 6.445054626464843750e+01 2.284660949707031250e+02 -1.570849418640136719e-01 -8.679321408271789551e-01 -4.711879789829254150e-01 0.000000000000000000e+00 2.000000000000000000e+00
3.409571533203125000e+02 6.385600280761718750e+01 2.281433258056640625e+02 -1.572483181953430176e-01 -8.655715584754943848e-01 -4.754564166069030762e-01 0.000000000000000000e+00 2.000000000000000000e+00
3.408517761230468750e+02 6.327595520019531250e+01 2.278247070312500000e+02 -1.576256901025772095e-01 -8.606853485107421875e-01 -4.841227829456329346e-01 0.000000000000000000e+00 2.000000000000000000e+00
3.407482604980468750e+02 6.271072769165039062e+01 2.275067749023437500e+02 -1.596787124872207642e-01 -8.509378433227539062e-01 -5.004072785377502441e-01 0.000000000000000000e+00 2.000000000000000000e+00
3.406455383300781250e+02 6.216331481933593750e+01 2.271848602294921875e+02 -1.645269989967346191e-01 -8.345958590507507324e-01 -5.257193446159362793e-01 0.000000000000000000e+00 2.000000000000000000e+00
3.405421142578125000e+02 6.163867568969726562e+01 2.268543853759765625e+02 -1.733482033014297485e-01 -8.105260133743286133e-01 -5.594622492790222168e-01 0.000000000000000000e+00 2.000000000000000000e+00
3.404358215332031250e+02 6.114168167114257812e+01 2.265113372802734375e+02 -1.872965544462203979e-01 -7.795842885971069336e-01 -5.976356267929077148e-01 0.000000000000000000e+00 2.000000000000000000e+00
3.403237304687500000e+02 6.067512512207031250e+01 2.261536712646484375e+02 -2.073331922292709351e-01 -7.456890940666198730e-01 -6.332145333290100098e-01 0.000000000000000000e+00 2.000000000000000000e+00
3.402021484375000000e+02 6.023784637451171875e+01 2.257823486328125000e+02 -2.331474572420120239e-01 -7.156551480293273926e-01 -6.583919525146484375e-01 0.000000000000000000e+00 2.000000000000000000e+00
3.400674743652343750e+02 5.982445907592773438e+01 2.254020385742187500e+02 -2.637692689895629883e-01 -6.961809992790222168e-01 -6.676509380340576172e-01 0.000000000000000000e+00 2.000000000000000000e+00
3.399168090820312500e+02 5.942679977416992188e+01 2.250206756591796875e+02 -2.969388067722320557e-01 -6.911131739616394043e-01 -6.589308381080627441e-01 0.000000000000000000e+00 2.000000000000000000e+00
3.397490234375000000e+02 5.903628540039062500e+01 2.246483459472656250e+02 -3.291290998458862305e-01 -6.998785734176635742e-01 -6.339117288589477539e-01 0.000000000000000000e+00 2.000000000000000000e+00
3.395656433105468750e+02 5.864633560180664062e+01 2.242951507568359375e+02 -3.573668301105499268e-01 -7.181634306907653809e-01 -5.971015691757202148e-01 0.000000000000000000e+00 2.000000000000000000e+00
3.393704833984375000e+02 5.825414276123046875e+01 2.239690704345703125e+02 -3.794253170490264893e-01 -7.408866286277770996e-01 -5.541871190071105957e-01 0.000000000000000000e+00 2.000000000000000000e+00
3.391687316894531250e+02 5.786019134521484375e+01 2.236743927001953125e+02 -3.947792947292327881e-01 -7.634046673774719238e-01 -5.112364888191223145e-01 0.000000000000000000e+00 2.000000000000000000e+00
3.389657592773437500e+02 5.746769332885742188e+01 2.234115447998046875e+02 -4.038735032081604004e-01 -7.826867699623107910e-01 -4.735901355743408203e-01 0.000000000000000000e+00 2.000000000000000000e+00
3.387666931152343750e+02 5.708191299438476562e+01 2.231781158447265625e+02 -4.086889922618865967e-01 -7.972967624664306641e-01 -4.441745579242706299e-01 0.000000000000000000e+00 2.000000000000000000e+00
3.385760192871093750e+02 5.670993423461914062e+01 2.229708862304687500e+02 -4.106604456901550293e-01 -8.074893951416015625e-01 -4.234605431556701660e-01 0.000000000000000000e+00 2.000000000000000000e+00
3.383983154296875000e+02 5.636051177978515625e+01 2.227876434326171875e+02 -4.112384021282196045e-01 -8.139256834983825684e-01 -4.103754460811614990e-01 0.000000000000000000e+00 2.000000000000000000e+00
3.382383422851562500e+02 5.604389190673828125e+01 2.226280059814453125e+02 -4.114094674587249756e-01 -8.176148533821105957e-01 -4.028004705905914307e-01 0.000000000000000000e+00 2.000000000000000000e+00
3.381005249023437500e+02 5.577000045776367188e+01 2.224930725097656250e+02 -4.114011824131011963e-01 -8.196730017662048340e-01 -3.986042737960815430e-01 0.000000000000000000e+00 2.000000000000000000e+00
3.379881896972656250e+02 5.554618453979492188e+01 2.223842315673828125e+02 -2.655943930149078369e-01 -8.338097333908081055e-01 -4.839638173580169678e-01 0.000000000000000000e+00 2.000000000000000000e+00
3.376353149414062500e+02 5.443836593627929688e+01 2.217412261962890625e+02 -4.018498063087463379e-01 -6.326303482055664062e-01 -6.620389819145202637e-01 0.000000000000000000e+00 2.000000000000000000e+00
3.374707031250000000e+02 5.417921829223632812e+01 2.214700317382812500e+02 -4.018498063087463379e-01 -6.326303482055664062e-01 -6.620389819145202637e-01 0.000000000000000000e+00 2.000000000000000000e+00
