3.617311096191406250e+02 1.270848083496093750e+02 2.350869903564453125e+02 -4.469050765037536621e-01 8.471260070800781250e-01 2.874949574470520020e-01 0.000000000000000000e+00 2.000000000000000000e+00
3.620789794921875000e+02 1.264254074096679688e+02 2.348632049560546875e+02 -4.264485836029052734e-01 8.571825623512268066e-01 2.887553274631500244e-01 0.000000000000000000e+00 2.000000000000000000e+00
3.624153137207031250e+02 1.257493591308593750e+02 2.346354675292968750e+02 -4.038553833961486816e-01 8.672152161598205566e-01 2.912706434726715088e-01 0.000000000000000000e+00 2.000000000000000000e+00
3.627366638183593750e+02 1.250593109130859375e+02 2.344037017822265625e+02 -3.806853890419006348e-01 8.768910765647888184e-01 2.934973835945129395e-01 0.000000000000000000e+00 2.000000000000000000e+00
3.630415344238281250e+02 1.243570556640625000e+02 2.341686553955078125e+02 -3.582603335380554199e-01 8.862154483795166016e-01 2.937203645706176758e-01 0.000000000000000000e+00 2.000000000000000000e+00
3.633297729492187500e+02 1.236440505981445312e+02 2.339323425292968750e+02 -3.374652862548828125e-01 8.952602744102478027e-01 2.909059524536132812e-01 0.000000000000000000e+00 2.000000000000000000e+00
3.636021728515625000e+02 1.229214019775390625e+02 2.336975250244140625e+02 -3.180545270442962646e-01 9.044002294540405273e-01 2.844319343566894531e-01 0.000000000000000000e+00 2.000000000000000000e+00
3.638591003417968750e+02 1.221908187866210938e+02 2.334677581787109375e+02 -2.976561188697814941e-01 9.145763516426086426e-01 2.737715244293212891e-01 0.000000000000000000e+00 2.000000000000000000e+00
3.640985107421875000e+02 1.214552078247070312e+02 2.332475585937500000e+02 -2.727895677089691162e-01 9.270445108413696289e-01 2.572438716888427734e-01 0.000000000000000000e+00 2.000000000000000000e+00
3.643151245117187500e+02 1.207190704345703125e+02 2.330432891845703125e+02 -2.371384948492050171e-01 9.433435201644897461e-01 2.320955097675323486e-01 0.000000000000000000e+00 2.000000000000000000e+00
3.644988098144531250e+02 1.199883651733398438e+02 2.328635101318359375e+02 -1.846990883350372314e-01 9.634801745414733887e-01 1.938869804143905640e-01 0.000000000000000000e+00 2.000000000000000000e+00
3.646365356445312500e+02 1.192699203491210938e+02 2.327189331054687500e+02 -1.097216010093688965e-01 9.842830896377563477e-01 1.383763849735260010e-01 0.000000000000000000e+00 2.000000000000000000e+00
3.647144775390625000e+02 1.185707244873046875e+02 2.326206359863281250e+02 -1.079251803457736969e-02 9.979240894317626953e-01 6.349071115255355835e-02 0.000000000000000000e+00 2.000000000000000000e+00
3.647217712402343750e+02 1.178963165283203125e+02 2.325777282714843750e+02 1.049506887793540955e-01 9.941462278366088867e-01 -2.566295489668846130e-02 0.000000000000000000e+00 2.000000000000000000e+00
3.646535034179687500e+02 1.172496490478515625e+02 2.325944213867187500e+02 2.204133868217468262e-01 9.684715270996093750e-01 -1.161076426506042480e-01 0.000000000000000000e+00 2.000000000000000000e+00
3.645127258300781250e+02 1.166310882568359375e+02 2.326685791015625000e+02 3.179918825626373291e-01 9.282971620559692383e-01 -1.927317678928375244e-01 0.000000000000000000e+00 2.000000000000000000e+00
3.643097839355468750e+02 1.160386505126953125e+02 2.327915802001953125e+02 3.891923725605010986e-01 8.871660232543945312e-01 -2.479229122400283813e-01 0.000000000000000000e+00 2.000000000000000000e+00
3.640599975585937500e+02 1.154692611694335938e+02 2.329506988525390625e+02 4.356601834297180176e-01 8.548738956451416016e-01 -2.817636430263519287e-01 0.000000000000000000e+00 2.000000000000000000e+00
3.637800903320312500e+02 1.149200134277343750e+02 2.331317291259765625e+02 4.631671905517578125e-01 8.345685005187988281e-01 -2.982810139656066895e-01 0.000000000000000000e+00 2.000000000000000000e+00
3.634851989746093750e+02 1.143886566162109375e+02 2.333216400146484375e+02 4.775157272815704346e-01 8.251151442527770996e-01 -3.019333183765411377e-01 0.000000000000000000e+00 2.000000000000000000e+00
3.631868286132812500e+02 1.138730926513671875e+02 2.335102996826171875e+02 4.832292497158050537e-01 8.238783478736877441e-01 -2.961654961109161377e-01 0.000000000000000000e+00 2.000000000000000000e+00
3.628920288085937500e+02 1.133704757690429688e+02 2.336909790039062500e+02 4.837200343608856201e-01 8.283545970916748047e-01 -2.825661003589630127e-01 0.000000000000000000e+00 2.000000000000000000e+00
3.626031799316406250e+02 1.128758316040039062e+02 2.338597106933593750e+02 4.811828732490539551e-01 8.363490104675292969e-01 -2.626469433307647705e-01 0.000000000000000000e+00 2.000000000000000000e+00
3.623195495605468750e+02 1.123828506469726562e+02 2.340145263671875000e+02 4.757155776023864746e-01 8.469666242599487305e-01 -2.373652756214141846e-01 0.000000000000000000e+00 2.000000000000000000e+00
3.620395202636718750e+02 1.118842849731445312e+02 2.341542510986328125e+02 4.690707027912139893e-01 8.583317399024963379e-01 -2.079406678676605225e-01 0.000000000000000000e+00 2.000000000000000000e+00
3.617601623535156250e+02 1.113731002807617188e+02 2.342780914306640625e+02 4.604219198226928711e-01 8.700587153434753418e-01 -1.760952323675155640e-01 0.000000000000000000e+00 2.000000000000000000e+00
3.614796142578125000e+02 1.108429489135742188e+02 2.343853912353515625e+02 4.505726397037506104e-01 8.811542987823486328e-01 -1.433573961257934570e-01 0.000000000000000000e+00 2.000000000000000000e+00
3.611962280273437500e+02 1.102887496948242188e+02 2.344755554199218750e+02 4.408873915672302246e-01 8.905696272850036621e-01 -1.118219718337059021e-01 0.000000000000000000e+00 2.000000000000000000e+00
3.609082336425781250e+02 1.097070159912109375e+02 2.345485992431640625e+02 4.323928058147430420e-01 8.978222012519836426e-01 -8.337689936161041260e-02 0.000000000000000000e+00 2.000000000000000000e+00
3.606142578125000000e+02 1.090966033935546875e+02 2.346052856445312500e+02 4.268703460693359375e-01 9.023724198341369629e-01 -5.920951440930366516e-02 0.000000000000000000e+00 2.000000000000000000e+00
3.603128356933593750e+02 1.084594192504882812e+02 2.346470947265625000e+02 4.253442883491516113e-01 9.041395187377929688e-01 -4.017466306686401367e-02 0.000000000000000000e+00 2.000000000000000000e+00
3.600031433105468750e+02 1.078011169433593750e+02 2.346763458251953125e+02 4.282785356044769287e-01 9.032948017120361328e-01 -2.521701343357563019e-02 0.000000000000000000e+00 2.000000000000000000e+00
3.596849060058593750e+02 1.071299133300781250e+02 2.346950836181640625e+02 4.358901679515838623e-01 8.998976945877075195e-01 -1.356057543307542801e-02 0.000000000000000000e+00 2.000000000000000000e+00
3.593577575683593750e+02 1.064545135498046875e+02 2.347052612304687500e+02 4.476857185363769531e-01 8.941843509674072266e-01 -3.429375821724534035e-03 0.000000000000000000e+00 2.000000000000000000e+00
3.590211181640625000e+02 1.057821273803710938e+02 2.347078399658203125e+02 4.622156918048858643e-01 8.867447972297668457e-01 6.352360825985670090e-03 0.000000000000000000e+00 2.000000000000000000e+00
3.586747131347656250e+02 1.051175613403320312e+02 2.347030792236328125e+02 4.776636064052581787e-01 8.783819079399108887e-01 1.681192219257354736e-02 0.000000000000000000e+00 2.000000000000000000e+00
3.583192138671875000e+02 1.044638290405273438e+02 2.346905670166015625e+02 4.920176565647125244e-01 8.701358437538146973e-01 2.796731889247894287e-02 0.000000000000000000e+00 2.000000000000000000e+00
3.579568176269531250e+02 1.038229293823242188e+02 2.346699676513671875e+02 5.043931007385253906e-01 8.625850081443786621e-01 3.917494043707847595e-02 0.000000000000000000e+00 2.000000000000000000e+00
3.575910034179687500e+02 1.031973342895507812e+02 2.346415557861328125e+02 5.139845609664916992e-01 8.563937544822692871e-01 4.908599704504013062e-02 0.000000000000000000e+00 2.000000000000000000e+00
3.572260742187500000e+02 1.025892944335937500e+02 2.346067047119140625e+02 5.208454132080078125e-01 8.518028855323791504e-01 5.614152923226356506e-02 0.000000000000000000e+00 2.000000000000000000e+00
3.568652343750000000e+02 1.019991683959960938e+02 2.345678100585937500e+02 5.254115462303161621e-01 8.488187789916992188e-01 5.873173475265502930e-02 0.000000000000000000e+00 2.000000000000000000e+00
3.565090942382812500e+02 1.014238128662109375e+02 2.345279998779296875e+02 5.273126363754272461e-01 8.478308916091918945e-01 5.589468404650688171e-02 0.000000000000000000e+00 2.000000000000000000e+00
3.561555480957031250e+02 1.008553695678710938e+02 2.344905242919921875e+02 5.269376635551452637e-01 8.485465645790100098e-01 4.801450297236442566e-02 0.000000000000000000e+00 2.000000000000000000e+00
3.558002014160156250e+02 1.002831420898437500e+02 2.344581451416015625e+02 5.246635079383850098e-01 8.505154252052307129e-01 3.676493465900421143e-02 0.000000000000000000e+00 2.000000000000000000e+00
3.554382934570312500e+02 9.969646453857421875e+01 2.344327850341796875e+02 5.215778946876525879e-01 8.528555035591125488e-01 2.437279745936393738e-02 0.000000000000000000e+00 2.000000000000000000e+00
3.550660400390625000e+02 9.908777618408203125e+01 2.344153900146484375e+02 5.186856389045715332e-01 8.548711538314819336e-01 1.267147343605756760e-02 0.000000000000000000e+00 2.000000000000000000e+00
3.546819152832031250e+02 9.845468139648437500e+01 2.344060058593750000e+02 5.162388086318969727e-01 8.564399480819702148e-01 2.853801939636468887e-03 0.000000000000000000e+00 2.000000000000000000e+00
3.542872009277343750e+02 9.779985046386718750e+01 2.344038238525390625e+02 5.141885876655578613e-01 8.576637506484985352e-01 -4.798937588930130005e-03 0.000000000000000000e+00 2.000000000000000000e+00
3.538850097656250000e+02 9.712899780273437500e+01 2.344075775146484375e+02 5.114685297012329102e-01 8.592405319213867188e-01 -1.028096769005060196e-02 0.000000000000000000e+00 2.000000000000000000e+00
3.534796447753906250e+02 9.644800567626953125e+01 2.344157257080078125e+02 5.075473785400390625e-01 8.615185618400573730e-01 -1.346421614289283752e-02 0.000000000000000000e+00 2.000000000000000000e+00
3.530747070312500000e+02 9.576065826416015625e+01 2.344264678955078125e+02 5.017740130424499512e-01 8.648738861083984375e-01 -1.469862367957830429e-02 0.000000000000000000e+00 2.000000000000000000e+00
3.526730957031250000e+02 9.506842803955078125e+01 2.344382324218750000e+02 4.943523705005645752e-01 8.691468834877014160e-01 -1.412489637732505798e-02 0.000000000000000000e+00 2.000000000000000000e+00
3.522763061523437500e+02 9.437081146240234375e+01 2.344495697021484375e+02 4.855745136737823486e-01 8.741098642349243164e-01 -1.221511606127023697e-02 0.000000000000000000e+00 2.000000000000000000e+00
3.518850708007812500e+02 9.366652679443359375e+01 2.344594116210937500e+02 -4.762067496776580811e-01 -8.792806267738342285e-01 9.630427695810794830e-03 0.000000000000000000e+00 2.000000000000000000e+00
3.514995117187500000e+02 9.295462036132812500e+01 2.344672088623046875e+02 -4.664961099624633789e-01 -8.844973444938659668e-01 6.769781932234764099e-03 0.000000000000000000e+00 2.000000000000000000e+00
3.511199340820312500e+02 9.223492431640625000e+01 2.344727172851562500e+02 -4.565408229827880859e-01 -8.896942138671875000e-01 3.829413559287786484e-03 0.000000000000000000e+00 2.000000000000000000e+00
3.507470092773437500e+02 9.150817871093750000e+01 2.344758453369140625e+02 -4.466247856616973877e-01 -8.947208523750305176e-01 9.497900609858334064e-04 0.000000000000000000e+00 2.000000000000000000e+00
3.503810729980468750e+02 9.077510070800781250e+01 2.344766235351562500e+02 -4.369413256645202637e-01 -8.994867205619812012e-01 -2.434058347716927528e-03 0.000000000000000000e+00 2.000000000000000000e+00
3.500222473144531250e+02 9.003642272949218750e+01 2.344746246337890625e+02 -4.277005195617675781e-01 -9.038946032524108887e-01 -6.841576658189296722e-03 0.000000000000000000e+00 2.000000000000000000e+00
3.496702575683593750e+02 8.929253387451171875e+01 2.344689941406250000e+02 -4.193747341632843018e-01 -9.077238440513610840e-01 -1.273914054036140442e-02 0.000000000000000000e+00 2.000000000000000000e+00
3.493241577148437500e+02 8.854341125488281250e+01 2.344584808349609375e+02 -4.120830297470092773e-01 -9.109203815460205078e-01 -2.028931677341461182e-02 0.000000000000000000e+00 2.000000000000000000e+00
3.489826354980468750e+02 8.778846740722656250e+01 2.344416656494140625e+02 -4.060242176055908203e-01 -9.133898019790649414e-01 -2.938597835600376129e-02 0.000000000000000000e+00 2.000000000000000000e+00
3.486440429687500000e+02 8.702677154541015625e+01 2.344171600341796875e+02 -4.011417329311370850e-01 -9.151601195335388184e-01 -3.958802670240402222e-02 0.000000000000000000e+00 2.000000000000000000e+00
3.483066711425781250e+02 8.625709533691406250e+01 2.343838653564453125e+02 -3.970417976379394531e-01 -9.164201617240905762e-01 -5.031685531139373779e-02 0.000000000000000000e+00 2.000000000000000000e+00
3.479691772460937500e+02 8.547811889648437500e+01 2.343410949707031250e+02 -3.938209712505340576e-01 -9.171612262725830078e-01 -6.099404767155647278e-02 0.000000000000000000e+00 2.000000000000000000e+00
3.476300659179687500e+02 8.468836975097656250e+01 2.342885742187500000e+02 -3.910010755062103271e-01 -9.176495075225830078e-01 -7.097523659467697144e-02 0.000000000000000000e+00 2.000000000000000000e+00
3.472883605957031250e+02 8.388641357421875000e+01 2.342265472412109375e+02 -3.885439336299896240e-01 -9.179238677024841309e-01 -8.030846714973449707e-02 0.000000000000000000e+00 2.000000000000000000e+00
3.469430847167968750e+02 8.307070922851562500e+01 2.341551818847656250e+02 -3.860707879066467285e-01 -9.181702136993408203e-01 -8.895445615053176880e-02 0.000000000000000000e+00 2.000000000000000000e+00
3.465937500000000000e+02 8.223990631103515625e+01 2.340746917724609375e+02 -3.839032649993896484e-01 -9.182439446449279785e-01 -9.719195961952209473e-02 0.000000000000000000e+00 2.000000000000000000e+00
3.462397155761718750e+02 8.139310455322265625e+01 2.339850616455078125e+02 -3.816955983638763428e-01 -9.182277321815490723e-01 -1.056710928678512573e-01 0.000000000000000000e+00 2.000000000000000000e+00
3.458810729980468750e+02 8.053033447265625000e+01 2.338857727050781250e+02 -3.793680667877197266e-01 -9.180330038070678711e-01 -1.153050214052200317e-01 0.000000000000000000e+00 2.000000000000000000e+00
3.455185546875000000e+02 7.965307617187500000e+01 2.337755889892578125e+02 -3.768178522586822510e-01 -9.175226688385009766e-01 -1.271236389875411987e-01 0.000000000000000000e+00 2.000000000000000000e+00
3.451535949707031250e+02 7.876442718505859375e+01 2.336524658203125000e+02 -3.733751475811004639e-01 -9.167481064796447754e-01 -1.419993937015533447e-01 0.000000000000000000e+00 2.000000000000000000e+00
3.447888488769531250e+02 7.786886596679687500e+01 2.335137481689453125e+02 -3.683140575885772705e-01 -9.157860279083251953e-01 -1.602516621351242065e-01 0.000000000000000000e+00 2.000000000000000000e+00
3.444279785156250000e+02 7.697158813476562500e+01 2.333567352294921875e+02 -3.607898056507110596e-01 -9.147316217422485352e-01 -1.819251328706741333e-01 0.000000000000000000e+00 2.000000000000000000e+00
3.440754089355468750e+02 7.607769775390625000e+01 2.331789550781250000e+02 -3.498795032501220703e-01 -9.137769937515258789e-01 -2.063879966735839844e-01 0.000000000000000000e+00 2.000000000000000000e+00
3.437360534667968750e+02 7.519140625000000000e+01 2.329787750244140625e+02 -3.352023363113403320e-01 -9.129070043563842773e-01 -2.328951507806777954e-01 0.000000000000000000e+00 2.000000000000000000e+00
3.434144897460937500e+02 7.431564331054687500e+01 2.327553558349609375e+02 -3.167825937271118164e-01 -9.119909405708312988e-01 -2.606171965599060059e-01 0.000000000000000000e+00 2.000000000000000000e+00
3.431145629882812500e+02 7.345217895507812500e+01 2.325086059570312500e+02 -2.954273521900177002e-01 -9.106341600418090820e-01 -2.889084219932556152e-01 0.000000000000000000e+00 2.000000000000000000e+00
3.428386535644531250e+02 7.260170745849609375e+01 2.322387847900390625e+02 -2.724470794200897217e-01 -9.084300994873046875e-01 -3.170603513717651367e-01 0.000000000000000000e+00 2.000000000000000000e+00
3.425875244140625000e+02 7.176435852050781250e+01 2.319465332031250000e+02 -2.493404746055603027e-01 -9.051618576049804688e-01 -3.442547023296356201e-01 0.000000000000000000e+00 2.000000000000000000e+00
3.423604431152343750e+02 7.094000244140625000e+01 2.316330108642578125e+02 -2.275162637233734131e-01 -9.009325504302978516e-01 -3.695360124111175537e-01 0.000000000000000000e+00 2.000000000000000000e+00
3.421555480957031250e+02 7.012864685058593750e+01 2.313002166748046875e+02 -2.086590230464935303e-01 -8.959978222846984863e-01 -3.919813632965087891e-01 0.000000000000000000e+00 2.000000000000000000e+00
3.419698181152343750e+02 6.933110809326171875e+01 2.309513092041015625e+02 -1.936984211206436157e-01 -8.906388878822326660e-01 -4.113917946815490723e-01 0.000000000000000000e+00 2.000000000000000000e+00
3.417998352050781250e+02 6.854951477050781250e+01 2.305902862548828125e+02 -1.833106428384780884e-01 -8.849292993545532227e-01 -4.281324446201324463e-01 0.000000000000000000e+00 2.000000000000000000e+00
3.416419982910156250e+02 6.778755950927734375e+01 2.302216491699218750e+02 -1.777477264404296875e-01 -8.785748481750488281e-01 -4.432965815067291260e-01 0.000000000000000000e+00 2.000000000000000000e+00
3.414928283691406250e+02 6.705023956298828125e+01 2.298496246337890625e+02 -1.764437258243560791e-01 -8.710687756538391113e-01 -4.583741724491119385e-01 0.000000000000000000e+00 2.000000000000000000e+00
3.413495178222656250e+02 6.634274291992187500e+01 2.294773254394531250e+02 -1.778767406940460205e-01 -8.620383739471435547e-01 -4.746048450469970703e-01 0.000000000000000000e+00 2.000000000000000000e+00
3.412105102539062500e+02 6.566907501220703125e+01 2.291064300537109375e+02 -1.804740428924560547e-01 -8.514312505722045898e-01 -4.924368858337402344e-01 0.000000000000000000e+00 2.000000000000000000e+00
3.410751953125000000e+02 6.503069305419921875e+01 2.287372131347656250e+02 -1.829478591680526733e-01 -8.399586081504821777e-01 -5.108812451362609863e-01 0.000000000000000000e+00 2.000000000000000000e+00
3.409434204101562500e+02 6.442568206787109375e+01 2.283692321777343750e+02 -1.842915564775466919e-01 -8.289885520935058594e-01 -5.280290842056274414e-01 0.000000000000000000e+00 2.000000000000000000e+00
3.408151855468750000e+02 6.384885025024414062e+01 2.280018157958984375e+02 -1.857852190732955933e-01 -8.201294541358947754e-01 -5.411759614944458008e-01 0.000000000000000000e+00 2.000000000000000000e+00
3.406892089843750000e+02 6.329273986816406250e+01 2.276348571777343750e+02 -1.883788108825683594e-01 -8.151142597198486328e-01 -5.478158593177795410e-01 0.000000000000000000e+00 2.000000000000000000e+00
3.405634155273437500e+02 6.274843215942382812e+01 2.272690429687500000e+02 -1.935134679079055786e-01 -8.147437572479248047e-01 -5.465757846832275391e-01 0.000000000000000000e+00 2.000000000000000000e+00
3.404346618652343750e+02 6.220634460449218750e+01 2.269053802490234375e+02 -2.020884901285171509e-01 -8.186755776405334473e-01 -5.375226140022277832e-01 0.000000000000000000e+00 2.000000000000000000e+00
3.402991027832031250e+02 6.165718460083007812e+01 2.265448150634765625e+02 -2.126334160566329956e-01 -8.258219361305236816e-01 -5.223075747489929199e-01 0.000000000000000000e+00 2.000000000000000000e+00
3.401535949707031250e+02 6.109206390380859375e+01 2.261873931884765625e+02 -2.235736846923828125e-01 -8.340148329734802246e-01 -5.044146180152893066e-01 0.000000000000000000e+00 2.000000000000000000e+00
3.399959106445312500e+02 6.050384140014648438e+01 2.258316345214843750e+02 -2.335731536149978638e-01 -8.411086201667785645e-01 -4.878318309783935547e-01 0.000000000000000000e+00 2.000000000000000000e+00
3.398251647949218750e+02 5.988897705078125000e+01 2.254750213623046875e+02 -2.427601367235183716e-01 -8.451036810874938965e-01 -4.763058722019195557e-01 0.000000000000000000e+00 2.000000000000000000e+00
3.396414489746093750e+02 5.924942016601562500e+01 2.251145629882812500e+02 -2.530712187290191650e-01 -8.443384170532226562e-01 -4.722791314125061035e-01 0.000000000000000000e+00 2.000000000000000000e+00
3.394448547363281250e+02 5.859350967407226562e+01 2.247476806640625000e+02 -2.660671770572662354e-01 -8.376491069793701172e-01 -4.770243167877197266e-01 0.000000000000000000e+00 2.000000000000000000e+00
3.392359313964843750e+02 5.793576431274414062e+01 2.243731079101562500e+02 -2.835789024829864502e-01 -8.238123655319213867e-01 -4.908322095870971680e-01 0.000000000000000000e+00 2.000000000000000000e+00
3.390148315429687500e+02 5.729345703125000000e+01 2.239904174804687500e+02 -3.054908514022827148e-01 -8.023146986961364746e-01 -5.128025412559509277e-01 0.000000000000000000e+00 2.000000000000000000e+00
3.387824707031250000e+02 5.668320465087890625e+01 2.236003723144531250e+02 -3.300634026527404785e-01 -7.737010121345520020e-01 -5.407817363739013672e-01 0.000000000000000000e+00 2.000000000000000000e+00
3.385413818359375000e+02 5.611806869506835938e+01 2.232053680419921875e+02 -3.538293540477752686e-01 -7.404822707176208496e-01 -5.713937282562255859e-01 0.000000000000000000e+00 2.000000000000000000e+00
3.382969970703125000e+02 5.560662841796875000e+01 2.228107147216796875e+02 -3.737452626228332520e-01 -7.066627740859985352e-01 -6.007845401763916016e-01 0.000000000000000000e+00 2.000000000000000000e+00
3.380576171875000000e+02 5.515401840209960938e+01 2.224259185791015625e+02 -3.737452626228332520e-01 -7.066627740859985352e-01 -6.007845401763916016e-01 0.000000000000000000e+00 2.000000000000000000e+00
