2.164508209228515625e+02 2.678244018554687500e+02 7.101101684570312500e+01 -3.811929821968078613e-01 -8.981232643127441406e-01 -2.192408144474029541e-01 0.000000000000000000e+00 2.000000000000000000e+00
2.165992584228515625e+02 2.681741333007812500e+02 7.109638977050781250e+01 -3.708201348781585693e-01 -9.031904935836791992e-01 -2.161930799484252930e-01 0.000000000000000000e+00 2.000000000000000000e+00
2.167860107421875000e+02 2.686289978027343750e+02 7.120526885986328125e+01 -3.586321473121643066e-01 -9.087693691253662109e-01 -2.133572250604629517e-01 0.000000000000000000e+00 2.000000000000000000e+00
2.170037536621093750e+02 2.691807556152343750e+02 7.133480834960937500e+01 -3.460745513439178467e-01 -9.139400124549865723e-01 -2.120047360658645630e-01 0.000000000000000000e+00 2.000000000000000000e+00
2.172419891357421875e+02 2.698099060058593750e+02 7.148075103759765625e+01 -3.347635567188262939e-01 -9.178304672241210938e-01 -2.133555114269256592e-01 0.000000000000000000e+00 2.000000000000000000e+00
2.174905395507812500e+02 2.704913635253906250e+02 7.163916015625000000e+01 -3.273705542087554932e-01 -9.191794395446777344e-01 -2.189465165138244629e-01 0.000000000000000000e+00 2.000000000000000000e+00
2.177428741455078125e+02 2.711998596191406250e+02 7.180792236328125000e+01 -3.261242210865020752e-01 -9.169981479644775391e-01 -2.296897470951080322e-01 0.000000000000000000e+00 2.000000000000000000e+00
2.179972229003906250e+02 2.719150390625000000e+02 7.198706054687500000e+01 -3.318622708320617676e-01 -9.109390377998352051e-01 -2.450664490461349487e-01 0.000000000000000000e+00 2.000000000000000000e+00
2.182553558349609375e+02 2.726235961914062500e+02 7.217768096923828125e+01 -3.434522449970245361e-01 -9.016932249069213867e-01 -2.626591622829437256e-01 0.000000000000000000e+00 2.000000000000000000e+00
2.185202331542968750e+02 2.733190002441406250e+02 7.238024902343750000e+01 -3.579376041889190674e-01 -8.909894227981567383e-01 -2.793179452419281006e-01 0.000000000000000000e+00 2.000000000000000000e+00
2.187937011718750000e+02 2.739997253417968750e+02 7.259365081787109375e+01 -3.723182082176208496e-01 -8.809772133827209473e-01 -2.919903993606567383e-01 0.000000000000000000e+00 2.000000000000000000e+00
2.190757141113281250e+02 2.746670227050781250e+02 7.281481933593750000e+01 -3.844547569751739502e-01 -8.732861876487731934e-01 -2.992754280567169189e-01 0.000000000000000000e+00 2.000000000000000000e+00
2.193644866943359375e+02 2.753229675292968750e+02 7.303961181640625000e+01 -3.938585221767425537e-01 -8.685106635093688965e-01 -3.009397685527801514e-01 0.000000000000000000e+00 2.000000000000000000e+00
2.196581573486328125e+02 2.759705505371093750e+02 7.326399993896484375e+01 -4.012316465377807617e-01 -8.661547899246215820e-01 -2.979748845100402832e-01 0.000000000000000000e+00 2.000000000000000000e+00
2.199555664062500000e+02 2.766125793457031250e+02 7.348487091064453125e+01 -4.079436063766479492e-01 -8.651157021522521973e-01 -2.918163836002349854e-01 0.000000000000000000e+00 2.000000000000000000e+00
2.202567596435546875e+02 2.772513122558593750e+02 7.370032501220703125e+01 -4.155632555484771729e-01 -8.640571832656860352e-01 -2.840992212295532227e-01 0.000000000000000000e+00 2.000000000000000000e+00
2.205633087158203125e+02 2.778887023925781250e+02 7.390989685058593750e+01 -4.254446625709533691e-01 -8.619940280914306641e-01 -2.756143510341644287e-01 0.000000000000000000e+00 2.000000000000000000e+00
2.208778228759765625e+02 2.785259399414062500e+02 7.411364746093750000e+01 -4.384344816207885742e-01 -8.584331870079040527e-01 -2.662099599838256836e-01 0.000000000000000000e+00 2.000000000000000000e+00
2.212036895751953125e+02 2.791639709472656250e+02 7.431150817871093750e+01 -4.557604193687438965e-01 -8.527209162712097168e-01 -2.552441656589508057e-01 0.000000000000000000e+00 2.000000000000000000e+00
2.215452575683593750e+02 2.798030395507812500e+02 7.450279998779296875e+01 -4.774120748043060303e-01 -8.449742794036865234e-01 -2.410314828157424927e-01 0.000000000000000000e+00 2.000000000000000000e+00
2.219070739746093750e+02 2.804434204101562500e+02 7.468547058105468750e+01 -5.020486712455749512e-01 -8.354700207710266113e-01 -2.234659790992736816e-01 0.000000000000000000e+00 2.000000000000000000e+00
2.222927703857421875e+02 2.810852661132812500e+02 7.485714721679687500e+01 -5.272521972656250000e-01 -8.248220086097717285e-01 -2.041414827108383179e-01 0.000000000000000000e+00 2.000000000000000000e+00
2.227039947509765625e+02 2.817285766601562500e+02 7.501636505126953125e+01 -5.500901937484741211e-01 -8.140709400177001953e-01 -1.862508505582809448e-01 0.000000000000000000e+00 2.000000000000000000e+00
2.231390686035156250e+02 2.823724365234375000e+02 7.516367340087890625e+01 -5.680614113807678223e-01 -8.045752644538879395e-01 -1.731038987636566162e-01 0.000000000000000000e+00 2.000000000000000000e+00
2.235925598144531250e+02 2.830147399902343750e+02 7.530186462402343750e+01 -5.805068612098693848e-01 -7.971298694610595703e-01 -1.661196500062942505e-01 0.000000000000000000e+00 2.000000000000000000e+00
2.240563812255859375e+02 2.836516418457031250e+02 7.543459320068359375e+01 -5.879630446434020996e-01 -7.920399904251098633e-01 -1.642318665981292725e-01 0.000000000000000000e+00 2.000000000000000000e+00
2.245214538574218750e+02 2.842781372070312500e+02 7.556449890136718750e+01 -5.925292372703552246e-01 -7.886602282524108887e-01 -1.640859246253967285e-01 0.000000000000000000e+00 2.000000000000000000e+00
2.249804992675781250e+02 2.848891296386718750e+02 7.569161987304687500e+01 -5.964521765708923340e-01 -7.861042618751525879e-01 -1.621259003877639771e-01 0.000000000000000000e+00 2.000000000000000000e+00
2.254293365478515625e+02 2.854806823730468750e+02 7.581362152099609375e+01 -6.017188429832458496e-01 -7.830938100814819336e-01 -1.571573913097381592e-01 0.000000000000000000e+00 2.000000000000000000e+00
2.258674163818359375e+02 2.860508117675781250e+02 7.592803955078125000e+01 -6.084098815917968750e-01 -7.789827585220336914e-01 -1.517345756292343140e-01 0.000000000000000000e+00 2.000000000000000000e+00
2.262964019775390625e+02 2.866000671386718750e+02 7.603502655029296875e+01 -6.150152087211608887e-01 -7.737696766853332520e-01 -1.517791002988815308e-01 0.000000000000000000e+00 2.000000000000000000e+00
2.267181701660156250e+02 2.871307067871093750e+02 7.613911437988281250e+01 -6.191998124122619629e-01 -7.680671215057373047e-01 -1.632921993732452393e-01 0.000000000000000000e+00 2.000000000000000000e+00
2.271334381103515625e+02 2.876458129882812500e+02 7.624862670898437500e+01 -6.187668442726135254e-01 -7.626876235008239746e-01 -1.882423758506774902e-01 0.000000000000000000e+00 2.000000000000000000e+00
2.275414886474609375e+02 2.881487731933593750e+02 7.637276458740234375e+01 -6.130691766738891602e-01 -7.580665946006774902e-01 -2.224440276622772217e-01 0.000000000000000000e+00 2.000000000000000000e+00
2.279413604736328125e+02 2.886432189941406250e+02 7.651785278320312500e+01 -6.043277382850646973e-01 -7.543111443519592285e-01 -2.565203011035919189e-01 0.000000000000000000e+00 2.000000000000000000e+00
2.283338012695312500e+02 2.891330566406250000e+02 7.668443298339843750e+01 -5.962747931480407715e-01 -7.523266673088073730e-01 -2.801089286804199219e-01 0.000000000000000000e+00 2.000000000000000000e+00
2.287223968505859375e+02 2.896233520507812500e+02 7.686698150634765625e+01 -5.932656526565551758e-01 -7.521454691886901855e-01 -2.869023978710174561e-01 0.000000000000000000e+00 2.000000000000000000e+00
2.291136016845703125e+02 2.901193237304687500e+02 7.705616760253906250e+01 -5.970888137817382812e-01 -7.528708577156066895e-01 -2.768941521644592285e-01 0.000000000000000000e+00 2.000000000000000000e+00
2.295152740478515625e+02 2.906257934570312500e+02 7.724243927001953125e+01 -6.064102053642272949e-01 -7.526068687438964844e-01 -2.566116750240325928e-01 0.000000000000000000e+00 2.000000000000000000e+00
2.299342041015625000e+02 2.911457214355468750e+02 7.741971588134765625e+01 -6.195327639579772949e-01 -7.492473125457763672e-01 -2.341102808713912964e-01 0.000000000000000000e+00 2.000000000000000000e+00
2.303749694824218750e+02 2.916787719726562500e+02 7.758627319335937500e+01 -6.342239975929260254e-01 -7.423372268676757812e-01 -2.160908877849578857e-01 0.000000000000000000e+00 2.000000000000000000e+00
2.308389129638671875e+02 2.922218017578125000e+02 7.774434661865234375e+01 -6.497368216514587402e-01 -7.319610714912414551e-01 -2.051220685243606567e-01 0.000000000000000000e+00 2.000000000000000000e+00
2.313249511718750000e+02 2.927693481445312500e+02 7.789778900146484375e+01 -6.655590534210205078e-01 -7.190400362014770508e-01 -2.000313550233840942e-01 0.000000000000000000e+00 2.000000000000000000e+00
2.318304443359375000e+02 2.933154602050781250e+02 7.804971313476562500e+01 -6.821622252464294434e-01 -7.039965391159057617e-01 -1.975943595170974731e-01 0.000000000000000000e+00 2.000000000000000000e+00
2.323529357910156250e+02 2.938546752929687500e+02 7.820105743408203125e+01 -6.997227668762207031e-01 -6.874169707298278809e-01 -1.945405453443527222e-01 0.000000000000000000e+00 2.000000000000000000e+00
2.328908691406250000e+02 2.943831481933593750e+02 7.835061645507812500e+01 -7.184233069419860840e-01 -6.695079207420349121e-01 -1.887514293193817139e-01 0.000000000000000000e+00 2.000000000000000000e+00
2.334437408447265625e+02 2.948983764648437500e+02 7.849587249755859375e+01 -7.390361428260803223e-01 -6.494890451431274414e-01 -1.788562983274459839e-01 0.000000000000000000e+00 2.000000000000000000e+00
2.340125732421875000e+02 2.953982849121093750e+02 7.863353729248046875e+01 -7.625046372413635254e-01 -6.259120702743530273e-01 -1.637703478336334229e-01 0.000000000000000000e+00 2.000000000000000000e+00
2.345997161865234375e+02 2.958802490234375000e+02 7.875964355468750000e+01 -7.897580862045288086e-01 -5.966242551803588867e-01 -1.425539702177047729e-01 0.000000000000000000e+00 2.000000000000000000e+00
2.352084503173828125e+02 2.963401184082031250e+02 7.886952209472656250e+01 -8.213077187538146973e-01 -5.589438676834106445e-01 -1.141728237271308899e-01 0.000000000000000000e+00 2.000000000000000000e+00
2.358413543701171875e+02 2.967708435058593750e+02 7.895750427246093750e+01 -8.562543988227844238e-01 -5.106227993965148926e-01 -7.805705070495605469e-02 0.000000000000000000e+00 2.000000000000000000e+00
2.364992523193359375e+02 2.971631774902343750e+02 7.901747894287109375e+01 -8.923255801200866699e-01 -4.500949978828430176e-01 -3.419937565922737122e-02 0.000000000000000000e+00 2.000000000000000000e+00
2.371796569824218750e+02 2.975063781738281250e+02 7.904355621337890625e+01 -9.262299537658691406e-01 -3.765818476676940918e-01 1.685657911002635956e-02 0.000000000000000000e+00 2.000000000000000000e+00
2.378768157958984375e+02 2.977898254394531250e+02 7.903086853027343750e+01 -9.537163972854614258e-01 -2.915634512901306152e-01 7.359202951192855835e-02 0.000000000000000000e+00 2.000000000000000000e+00
2.385824737548828125e+02 2.980055541992187500e+02 7.897641754150390625e+01 -9.709561467170715332e-01 -1.983129531145095825e-01 1.338507384061813354e-01 0.000000000000000000e+00 2.000000000000000000e+00
2.392877197265625000e+02 2.981495971679687500e+02 7.887919616699218750e+01 -9.755910634994506836e-01 -1.022960618138313293e-01 1.943134218454360962e-01 0.000000000000000000e+00 2.000000000000000000e+00
2.399850616455078125e+02 2.982227172851562500e+02 7.874030303955078125e+01 -9.678838253021240234e-01 -1.024467311799526215e-02 2.511889934539794922e-01 0.000000000000000000e+00 2.000000000000000000e+00
2.406683807373046875e+02 2.982299499511718750e+02 7.856296539306640625e+01 -9.508151412010192871e-01 7.252202183008193970e-02 3.011496365070343018e-01 0.000000000000000000e+00 2.000000000000000000e+00
2.413333587646484375e+02 2.981792297363281250e+02 7.835234832763671875e+01 -9.286845922470092773e-01 1.432673037052154541e-01 3.420809209346771240e-01 0.000000000000000000e+00 2.000000000000000000e+00
2.419772644042968750e+02 2.980798950195312500e+02 7.811516571044921875e+01 -9.055536985397338867e-01 2.021281570196151733e-01 3.729835748672485352e-01 0.000000000000000000e+00 2.000000000000000000e+00
2.425989379882812500e+02 2.979411315917968750e+02 7.785910797119140625e+01 -8.848464488983154297e-01 2.493633627891540527e-01 3.935286700725555420e-01 0.000000000000000000e+00 2.000000000000000000e+00
2.431994018554687500e+02 2.977719116210937500e+02 7.759205627441406250e+01 -8.691412806510925293e-01 2.853353023529052734e-01 4.039518535137176514e-01 0.000000000000000000e+00 2.000000000000000000e+00
2.437819671630859375e+02 2.975806579589843750e+02 7.732129669189453125e+01 -8.600692152976989746e-01 3.098987340927124023e-01 4.052699208259582520e-01 0.000000000000000000e+00 2.000000000000000000e+00
2.443513793945312500e+02 2.973754882812500000e+02 7.705298614501953125e+01 -8.582791090011596680e-01 3.227297663688659668e-01 3.990017771720886230e-01 0.000000000000000000e+00 2.000000000000000000e+00
2.449125976562500000e+02 2.971644592285156250e+02 7.679208374023437500e+01 -8.627414107322692871e-01 3.249298036098480225e-01 3.874244987964630127e-01 0.000000000000000000e+00 2.000000000000000000e+00
2.454690246582031250e+02 2.969548950195312500e+02 7.654221343994140625e+01 -8.714812994003295898e-01 3.185641467571258545e-01 3.728768825531005859e-01 0.000000000000000000e+00 2.000000000000000000e+00
2.460218658447265625e+02 2.967528076171875000e+02 7.630567169189453125e+01 -8.821992278099060059e-01 3.065916895866394043e-01 3.573878109455108643e-01 0.000000000000000000e+00 2.000000000000000000e+00
2.465706939697265625e+02 2.965620727539062500e+02 7.608333587646484375e+01 -8.927404880523681641e-01 2.925655543804168701e-01 3.426656723022460938e-01 0.000000000000000000e+00 2.000000000000000000e+00
2.471148986816406250e+02 2.963837280273437500e+02 7.587445068359375000e+01 -9.016551971435546875e-01 2.793064415454864502e-01 3.301600813865661621e-01 0.000000000000000000e+00 2.000000000000000000e+00
2.476547698974609375e+02 2.962164916992187500e+02 7.567676544189453125e+01 -9.080412387847900391e-01 2.700954377651214600e-01 3.201713263988494873e-01 0.000000000000000000e+00 2.000000000000000000e+00
2.481923828125000000e+02 2.960565795898437500e+02 7.548720550537109375e+01 -9.119451045989990234e-01 2.658537924289703369e-01 3.125344514846801758e-01 0.000000000000000000e+00 2.000000000000000000e+00
2.487311859130859375e+02 2.958995056152343750e+02 7.530255126953125000e+01 -9.135876893997192383e-01 2.670629024505615234e-01 3.066510260105133057e-01 0.000000000000000000e+00 2.000000000000000000e+00
2.492754058837890625e+02 2.957404174804687500e+02 7.511988067626953125e+01 -9.134330153465270996e-01 2.729083001613616943e-01 3.019293248653411865e-01 0.000000000000000000e+00 2.000000000000000000e+00
2.498296356201171875e+02 2.955748291015625000e+02 7.493668365478515625e+01 -9.121347069740295410e-01 2.808754742145538330e-01 2.985281944274902344e-01 0.000000000000000000e+00 2.000000000000000000e+00
2.503977050781250000e+02 2.953999023437500000e+02 7.475076293945312500e+01 -9.099703431129455566e-01 2.892173826694488525e-01 2.971654236316680908e-01 0.000000000000000000e+00 2.000000000000000000e+00
2.509820709228515625e+02 2.952141723632812500e+02 7.455992889404296875e+01 -9.074196219444274902e-01 2.955181300640106201e-01 2.987617850303649902e-01 0.000000000000000000e+00 2.000000000000000000e+00
2.515839538574218750e+02 2.950181579589843750e+02 7.436176300048828125e+01 -9.047701954841613770e-01 2.987941205501556396e-01 3.035011291503906250e-01 0.000000000000000000e+00 2.000000000000000000e+00
2.522028198242187500e+02 2.948137817382812500e+02 7.415416717529296875e+01 -9.022276401519775391e-01 2.989542484283447266e-01 3.108242452144622803e-01 0.000000000000000000e+00 2.000000000000000000e+00
2.528366546630859375e+02 2.946037597656250000e+02 7.393580627441406250e+01 -8.999668955802917480e-01 2.965802252292633057e-01 3.195306658744812012e-01 0.000000000000000000e+00 2.000000000000000000e+00
2.534825744628906250e+02 2.943908996582031250e+02 7.370647430419921875e+01 -8.980453014373779297e-01 2.930496633052825928e-01 3.280800282955169678e-01 0.000000000000000000e+00 2.000000000000000000e+00
2.541374053955078125e+02 2.941772155761718750e+02 7.346724700927734375e+01 -8.965934514999389648e-01 2.893785834312438965e-01 3.352316915988922119e-01 0.000000000000000000e+00 2.000000000000000000e+00
2.547984313964843750e+02 2.939638671875000000e+02 7.322009277343750000e+01 -8.955083489418029785e-01 2.865741848945617676e-01 3.404995501041412354e-01 0.000000000000000000e+00 2.000000000000000000e+00
2.554632110595703125e+02 2.937511291503906250e+02 7.296732330322265625e+01 -8.948712944984436035e-01 2.844572663307189941e-01 3.439324498176574707e-01 0.000000000000000000e+00 2.000000000000000000e+00
2.561301574707031250e+02 2.935391235351562500e+02 7.271099090576171875e+01 -8.944869041442871094e-01 2.832610011100769043e-01 3.459138870239257812e-01 0.000000000000000000e+00 2.000000000000000000e+00
2.567981872558593750e+02 2.933275756835937500e+02 7.245265197753906250e+01 -8.942664861679077148e-01 2.825998067855834961e-01 3.470228314399719238e-01 0.000000000000000000e+00 2.000000000000000000e+00
2.574665527343750000e+02 2.931163635253906250e+02 7.219329071044921875e+01 -8.939660787582397461e-01 2.823759913444519043e-01 3.479778766632080078e-01 0.000000000000000000e+00 2.000000000000000000e+00
2.581346435546875000e+02 2.929053344726562500e+02 7.193323516845703125e+01 -8.935329318046569824e-01 2.823962867259979248e-01 3.490720689296722412e-01 0.000000000000000000e+00 2.000000000000000000e+00
2.588018798828125000e+02 2.926944580078125000e+02 7.167256927490234375e+01 -8.927680253982543945e-01 2.828511297702789307e-01 3.506571948528289795e-01 0.000000000000000000e+00 2.000000000000000000e+00
2.594673767089843750e+02 2.924836120605468750e+02 7.141117858886718750e+01 -8.913068771362304688e-01 2.838925719261169434e-01 3.535208106040954590e-01 0.000000000000000000e+00 2.000000000000000000e+00
2.601297302246093750e+02 2.922726440429687500e+02 7.114846801757812500e+01 -8.890113234519958496e-01 2.857064902782440186e-01 3.578138351440429688e-01 0.000000000000000000e+00 2.000000000000000000e+00
2.607873229980468750e+02 2.920613098144531250e+02 7.088379669189453125e+01 -8.856238722801208496e-01 2.891629934310913086e-01 3.633937835693359375e-01 0.000000000000000000e+00 2.000000000000000000e+00
2.614385986328125000e+02 2.918486633300781250e+02 7.061656188964843750e+01 -8.813143968582153320e-01 2.944534718990325928e-01 3.695699870586395264e-01 0.000000000000000000e+00 2.000000000000000000e+00
2.620827331542968750e+02 2.916334533691406250e+02 7.034645080566406250e+01 -8.765269517898559570e-01 3.015474379062652588e-01 3.751928210258483887e-01 0.000000000000000000e+00 2.000000000000000000e+00
2.627201843261718750e+02 2.914141540527343750e+02 7.007359313964843750e+01 -8.716992735862731934e-01 3.107896149158477783e-01 3.788799643516540527e-01 0.000000000000000000e+00 2.000000000000000000e+00
2.633529052734375000e+02 2.911885681152343750e+02 6.979858398437500000e+01 -8.673465847969055176e-01 3.213948905467987061e-01 3.800200819969177246e-01 0.000000000000000000e+00 2.000000000000000000e+00
2.639837646484375000e+02 2.909548034667968750e+02 6.952217864990234375e+01 -8.634258508682250977e-01 3.332988917827606201e-01 3.786919116973876953e-01 0.000000000000000000e+00 2.000000000000000000e+00
2.646159057617187500e+02 2.907107849121093750e+02 6.924492645263671875e+01 -8.596380352973937988e-01 3.458698093891143799e-01 3.760271370410919189e-01 0.000000000000000000e+00 2.000000000000000000e+00
2.652513732910156250e+02 2.904551086425781250e+02 6.896695709228515625e+01 -8.554844856262207031e-01 3.590136170387268066e-01 3.731696307659149170e-01 0.000000000000000000e+00 2.000000000000000000e+00
2.658908691406250000e+02 2.901867370605468750e+02 6.868800354003906250e+01 -8.508481979370117188e-01 3.722384870052337646e-01 3.708043396472930908e-01 0.000000000000000000e+00 2.000000000000000000e+00
2.665335998535156250e+02 2.899055480957031250e+02 6.840789794921875000e+01 -8.459153175354003906e-01 3.851771354675292969e-01 3.688710033893585205e-01 0.000000000000000000e+00 2.000000000000000000e+00
2.671779479980468750e+02 2.896121520996093750e+02 6.812692260742187500e+01 -8.412366509437561035e-01 3.972473144531250000e-01 3.667634129524230957e-01 0.000000000000000000e+00 2.000000000000000000e+00
2.678222045898437500e+02 2.893079223632812500e+02 6.784603881835937500e+01 -8.371397852897644043e-01 4.084103405475616455e-01 3.638653457164764404e-01 0.000000000000000000e+00 2.000000000000000000e+00
2.684646911621093750e+02 2.889944763183593750e+02 6.756678009033203125e+01 -8.339793682098388672e-01 4.183428883552551270e-01 3.598162829875946045e-01 0.000000000000000000e+00 2.000000000000000000e+00
2.691041564941406250e+02 2.886737060546875000e+02 6.729088592529296875e+01 -8.317378759384155273e-01 4.269553124904632568e-01 3.548539280891418457e-01 0.000000000000000000e+00 2.000000000000000000e+00
2.697395019531250000e+02 2.883475646972656250e+02 6.701982116699218750e+01 -8.302887678146362305e-01 4.342219829559326172e-01 3.493878841400146484e-01 0.000000000000000000e+00 2.000000000000000000e+00
2.703697204589843750e+02 2.880179748535156250e+02 6.675462341308593750e+01 -8.296456336975097656e-01 4.398346245288848877e-01 3.438513576984405518e-01 0.000000000000000000e+00 2.000000000000000000e+00
2.709942932128906250e+02 2.876868591308593750e+02 6.649576568603515625e+01 -8.295757770538330078e-01 4.440340697765350342e-01 3.385820984840393066e-01 0.000000000000000000e+00 2.000000000000000000e+00
2.716127929687500000e+02 2.873558044433593750e+02 6.624333190917968750e+01 -8.301358222961425781e-01 4.466239809989929199e-01 3.337686061859130859e-01 0.000000000000000000e+00 2.000000000000000000e+00
2.722253417968750000e+02 2.870262451171875000e+02 6.599704742431640625e+01 -8.309957981109619141e-01 4.480568766593933105e-01 3.296833336353302002e-01 0.000000000000000000e+00 2.000000000000000000e+00
2.728324890136718750e+02 2.866988830566406250e+02 6.575617218017578125e+01 -8.318760991096496582e-01 4.485784173011779785e-01 3.267407417297363281e-01 0.000000000000000000e+00 2.000000000000000000e+00
2.734348754882812500e+02 2.863740539550781250e+02 6.551956939697265625e+01 -8.323500752449035645e-01 4.486718177795410156e-01 3.254027366638183594e-01 0.000000000000000000e+00 2.000000000000000000e+00
2.740332336425781250e+02 2.860515136718750000e+02 6.528564453125000000e+01 -8.320967555046081543e-01 4.484397172927856445e-01 3.263689577579498291e-01 0.000000000000000000e+00 2.000000000000000000e+00
2.746278686523437500e+02 2.857310485839843750e+02 6.505241394042968750e+01 -8.307983279228210449e-01 4.481153786182403564e-01 3.301010727882385254e-01 0.000000000000000000e+00 2.000000000000000000e+00
2.752187805175781250e+02 2.854123229980468750e+02 6.481762695312500000e+01 -8.282462954521179199e-01 4.476494491100311279e-01 3.370729684829711914e-01 0.000000000000000000e+00 2.000000000000000000e+00
2.758053283691406250e+02 2.850953063964843750e+02 6.457891845703125000e+01 -8.241865634918212891e-01 4.471471011638641357e-01 3.475284576416015625e-01 0.000000000000000000e+00 2.000000000000000000e+00
2.763861694335937500e+02 2.847801818847656250e+02 6.433399963378906250e+01 -8.186751604080200195e-01 4.460431337356567383e-01 3.616857230663299561e-01 0.000000000000000000e+00 2.000000000000000000e+00
2.769596252441406250e+02 2.844677429199218750e+02 6.408065032958984375e+01 -8.115525245666503906e-01 4.444571733474731445e-01 3.792627453804016113e-01 0.000000000000000000e+00 2.000000000000000000e+00
2.775237121582031250e+02 2.841588134765625000e+02 6.381703567504882812e+01 -8.030003905296325684e-01 4.419250488281250000e-01 3.998657166957855225e-01 0.000000000000000000e+00 2.000000000000000000e+00
2.780765686035156250e+02 2.838545532226562500e+02 6.354173278808593750e+01 -7.930064797401428223e-01 4.384173750877380371e-01 4.230021536350250244e-01 0.000000000000000000e+00 2.000000000000000000e+00
2.786164245605468750e+02 2.835560913085937500e+02 6.325376510620117188e+01 -7.815545201301574707e-01 4.341666996479034424e-01 4.479641914367675781e-01 0.000000000000000000e+00 2.000000000000000000e+00
2.791419372558593750e+02 2.832641601562500000e+02 6.295255661010742188e+01 -7.686119675636291504e-01 4.294576346874237061e-01 4.741325080394744873e-01 0.000000000000000000e+00 2.000000000000000000e+00
2.796523437500000000e+02 2.829789733886718750e+02 6.263770294189453125e+01 -7.542180418968200684e-01 4.247035086154937744e-01 5.007814764976501465e-01 0.000000000000000000e+00 2.000000000000000000e+00
2.801477966308593750e+02 2.826999816894531250e+02 6.230873489379882812e+01 -7.382763028144836426e-01 4.204073250293731689e-01 5.274522304534912109e-01 0.000000000000000000e+00 2.000000000000000000e+00
2.806289978027343750e+02 2.824259643554687500e+02 6.196494674682617188e+01 -7.210686206817626953e-01 4.169712662696838379e-01 5.533488988876342773e-01 0.000000000000000000e+00 2.000000000000000000e+00
2.810974731445312500e+02 2.821550598144531250e+02 6.160543823242187500e+01 -7.030093073844909668e-01 4.144257307052612305e-01 5.779525637626647949e-01 0.000000000000000000e+00 2.000000000000000000e+00
2.815550537109375000e+02 2.818853149414062500e+02 6.122925567626953125e+01 -6.844838857650756836e-01 4.133172333240509033e-01 6.005419492721557617e-01 0.000000000000000000e+00 2.000000000000000000e+00
2.820035400390625000e+02 2.816145019531250000e+02 6.083576965332031250e+01 -6.661055088043212891e-01 4.133414328098297119e-01 6.208480000495910645e-01 0.000000000000000000e+00 2.000000000000000000e+00
2.824443359375000000e+02 2.813409729003906250e+02 6.042492294311523438e+01 -6.486718654632568359e-01 4.146027863025665283e-01 6.382235884666442871e-01 0.000000000000000000e+00 2.000000000000000000e+00
2.828784484863281250e+02 2.810635070800781250e+02 5.999780273437500000e+01 -6.321214437484741211e-01 4.172633290290832520e-01 6.529271006584167480e-01 0.000000000000000000e+00 2.000000000000000000e+00
2.833059997558593750e+02 2.807812805175781250e+02 5.955617904663085938e+01 -6.159493327140808105e-01 4.211493134498596191e-01 6.657624840736389160e-01 0.000000000000000000e+00 2.000000000000000000e+00
2.837260437011718750e+02 2.804940795898437500e+02 5.910216522216796875e+01 -5.992718338966369629e-01 4.264160990715026855e-01 6.775268316268920898e-01 0.000000000000000000e+00 2.000000000000000000e+00
2.841366577148437500e+02 2.802019042968750000e+02 5.863793182373046875e+01 -5.798565149307250977e-01 4.329874217510223389e-01 6.901363730430603027e-01 0.000000000000000000e+00 2.000000000000000000e+00
2.845337829589843750e+02 2.799053649902343750e+02 5.816527938842773438e+01 -5.554814338684082031e-01 4.407956302165985107e-01 7.050811648368835449e-01 0.000000000000000000e+00 2.000000000000000000e+00
2.849115905761718750e+02 2.796055603027343750e+02 5.768572235107421875e+01 -5.244289636611938477e-01 4.489902257919311523e-01 7.234515547752380371e-01 0.000000000000000000e+00 2.000000000000000000e+00
2.852631225585937500e+02 2.793045959472656250e+02 5.720078277587890625e+01 -4.856748282909393311e-01 4.565910995006561279e-01 7.454156875610351562e-01 0.000000000000000000e+00 2.000000000000000000e+00
2.855816345214843750e+02 2.790051574707031250e+02 5.671192932128906250e+01 -4.406412541866302490e-01 4.620589911937713623e-01 7.696341872215270996e-01 0.000000000000000000e+00 2.000000000000000000e+00
2.858629150390625000e+02 2.787102050781250000e+02 5.622063827514648438e+01 -3.951901495456695557e-01 4.631941318511962891e-01 7.932691574096679688e-01 0.000000000000000000e+00 2.000000000000000000e+00
2.861081848144531250e+02 2.784227294921875000e+02 5.572830581665039062e+01 -3.609237372875213623e-01 4.570994079113006592e-01 8.128924965858459473e-01 0.000000000000000000e+00 2.000000000000000000e+00
2.863263549804687500e+02 2.781464233398437500e+02 5.523693084716796875e+01 -3.517421483993530273e-01 4.420410692691802979e-01 8.251528143882751465e-01 0.000000000000000000e+00 2.000000000000000000e+00
2.865341491699218750e+02 2.778852844238281250e+02 5.474946594238281250e+01 -3.808634579181671143e-01 4.156789481639862061e-01 8.259261846542358398e-01 0.000000000000000000e+00 2.000000000000000000e+00
2.867548217773437500e+02 2.776444396972656250e+02 5.427092361450195312e+01 -4.533815383911132812e-01 3.746486902236938477e-01 8.087542653083801270e-01 0.000000000000000000e+00 2.000000000000000000e+00
2.870138549804687500e+02 2.774303894042968750e+02 5.380885314941406250e+01 -5.625401735305786133e-01 3.159435391426086426e-01 7.640210986137390137e-01 0.000000000000000000e+00 2.000000000000000000e+00
2.873344421386718750e+02 2.772503356933593750e+02 5.337344360351562500e+01 -6.882467269897460938e-01 2.399169951677322388e-01 6.846577525138854980e-01 0.000000000000000000e+00 2.000000000000000000e+00
2.877331237792968750e+02 2.771113586425781250e+02 5.297684097290039062e+01 -8.053314685821533203e-01 1.536160856485366821e-01 5.725759863853454590e-01 0.000000000000000000e+00 2.000000000000000000e+00
2.882180480957031250e+02 2.770188598632812500e+02 5.263206863403320312e+01 -8.953009247779846191e-01 6.819421797990798950e-02 4.402112066745758057e-01 0.000000000000000000e+00 2.000000000000000000e+00
2.887877807617187500e+02 2.769754638671875000e+02 5.235193634033203125e+01 -9.535835981369018555e-01 -6.989429239183664322e-03 3.010471165180206299e-01 0.000000000000000000e+00 2.000000000000000000e+00
2.894331359863281250e+02 2.769801940917968750e+02 5.214819717407226562e+01 -9.838694930076599121e-01 -6.749747693538665771e-02 1.656649857759475708e-01 0.000000000000000000e+00 2.000000000000000000e+00
2.901377563476562500e+02 2.770285339355468750e+02 5.202955245971679688e+01 -9.926967024803161621e-01 -1.150282546877861023e-01 3.635809570550918579e-02 0.000000000000000000e+00 2.000000000000000000e+00
2.908780822753906250e+02 2.771143188476562500e+02 5.200243759155273438e+01 -9.837822318077087402e-01 -1.542864590883255005e-01 -9.147816151380538940e-02 0.000000000000000000e+00 2.000000000000000000e+00
2.916247253417968750e+02 2.772314147949218750e+02 5.207186508178710938e+01 -9.555849432945251465e-01 -1.906631290912628174e-01 -2.247332781553268433e-01 0.000000000000000000e+00 2.000000000000000000e+00
2.923443603515625000e+02 2.773750000000000000e+02 5.224110794067382812e+01 -9.006817936897277832e-01 -2.274933010339736938e-01 -3.701609671115875244e-01 0.000000000000000000e+00 2.000000000000000000e+00
2.930040588378906250e+02 2.775416259765625000e+02 5.251222991943359375e+01 -8.077346682548522949e-01 -2.628001272678375244e-01 -5.277317762374877930e-01 0.000000000000000000e+00 2.000000000000000000e+00
2.935765075683593750e+02 2.777278747558593750e+02 5.288623809814453125e+01 -6.728662252426147461e-01 -2.872449457645416260e-01 -6.817194223403930664e-01 0.000000000000000000e+00 2.000000000000000000e+00
2.940453186035156250e+02 2.779280090332031250e+02 5.336121749877929688e+01 -5.150530934333801270e-01 -2.908708155155181885e-01 -8.062967061996459961e-01 0.000000000000000000e+00 2.000000000000000000e+00
2.944089965820312500e+02 2.781333923339843750e+02 5.393054199218750000e+01 -3.707554638385772705e-01 -2.723815739154815674e-01 -8.878899812698364258e-01 0.000000000000000000e+00 2.000000000000000000e+00
2.946806640625000000e+02 2.783329772949218750e+02 5.458113479614257812e+01 -2.678843140602111816e-01 -2.388351559638977051e-01 -9.333786964416503906e-01 0.000000000000000000e+00 2.000000000000000000e+00
2.948849792480468750e+02 2.785151367187500000e+02 5.529302215576171875e+01 -2.150911390781402588e-01 -1.985757052898406982e-01 -9.561921954154968262e-01 0.000000000000000000e+00 2.000000000000000000e+00
2.950531005859375000e+02 2.786703491210937500e+02 5.604040908813476562e+01 -2.085095196962356567e-01 -1.566358506679534912e-01 -9.653957486152648926e-01 0.000000000000000000e+00 2.000000000000000000e+00
2.952161254882812500e+02 2.787928161621093750e+02 5.679521179199218750e+01 -2.411423772573471069e-01 -1.154749467968940735e-01 -9.635952711105346680e-01 0.000000000000000000e+00 2.000000000000000000e+00
2.954002380371093750e+02 2.788809814453125000e+02 5.753091812133789062e+01 -3.033387362957000732e-01 -7.599074393510818481e-02 -9.498478770256042480e-01 0.000000000000000000e+00 2.000000000000000000e+00
2.956226806640625000e+02 2.789367065429687500e+02 5.822745513916015625e+01 -3.841595649719238281e-01 -3.903015702962875366e-02 -9.224414229393005371e-01 0.000000000000000000e+00 2.000000000000000000e+00
2.958918151855468750e+02 2.789640502929687500e+02 5.887369918823242188e+01 -4.721093773841857910e-01 -5.895698443055152893e-03 -8.815202713012695312e-01 0.000000000000000000e+00 2.000000000000000000e+00
2.962095031738281250e+02 2.789680175781250000e+02 5.946688461303710938e+01 -5.592178702354431152e-01 2.317445911467075348e-02 -8.286967277526855469e-01 0.000000000000000000e+00 2.000000000000000000e+00
2.965755004882812500e+02 2.789528503417968750e+02 6.000925064086914062e+01 -6.426408290863037109e-01 4.890377074480056763e-02 -7.646052241325378418e-01 0.000000000000000000e+00 2.000000000000000000e+00
2.969909667968750000e+02 2.789212341308593750e+02 6.050356674194335938e+01 -7.230015993118286133e-01 7.404544949531555176e-02 -6.868668198585510254e-01 0.000000000000000000e+00 2.000000000000000000e+00
2.974599914550781250e+02 2.788731994628906250e+02 6.094915008544921875e+01 7.988766431808471680e-01 -1.010535359382629395e-01 5.929454565048217773e-01 0.000000000000000000e+00 2.000000000000000000e+00
2.979883422851562500e+02 2.788063659667968750e+02 6.134130477905273438e+01 8.652122020721435547e-01 -1.311956346035003662e-01 4.839374423027038574e-01 0.000000000000000000e+00 2.000000000000000000e+00
2.985794372558593750e+02 2.787167358398437500e+02 6.167192077636718750e+01 9.158924818038940430e-01 -1.626631915569305420e-01 3.669900596141815186e-01 0.000000000000000000e+00 2.000000000000000000e+00
2.992306823730468750e+02 2.786010742187500000e+02 6.193286895751953125e+01 9.479867815971374512e-01 -1.922308802604675293e-01 2.537090480327606201e-01 0.000000000000000000e+00 2.000000000000000000e+00
2.999315490722656250e+02 2.784589538574218750e+02 6.212044143676757812e+01 9.640285968780517578e-01 -2.168051302433013916e-01 1.537675559520721436e-01 0.000000000000000000e+00 2.000000000000000000e+00
3.006648559570312500e+02 2.782940368652343750e+02 6.223740768432617188e+01 9.695258140563964844e-01 -2.341710180044174194e-01 7.199738174676895142e-02 0.000000000000000000e+00 2.000000000000000000e+00
3.014117126464843750e+02 2.781136474609375000e+02 6.229286956787109375e+01 9.698159098625183105e-01 -2.435463815927505493e-01 1.192705985158681870e-02 0.000000000000000000e+00 2.000000000000000000e+00
3.021567687988281250e+02 2.779265441894531250e+02 6.230203247070312500e+01 9.689813852310180664e-01 -2.459366172552108765e-01 -2.429494075477123260e-02 0.000000000000000000e+00 2.000000000000000000e+00
3.028917846679687500e+02 2.777399902343750000e+02 6.228360366821289062e+01 9.693292975425720215e-01 -2.431387007236480713e-01 -3.583794832229614258e-02 0.000000000000000000e+00 2.000000000000000000e+00
3.036163024902343750e+02 2.775582580566406250e+02 6.225681686401367188e+01 9.708341956138610840e-01 -2.385091632604598999e-01 -2.437609806656837463e-02 0.000000000000000000e+00 2.000000000000000000e+00
3.043341674804687500e+02 2.773818969726562500e+02 6.223879241943359375e+01 9.723368883132934570e-01 -2.335218191146850586e-01 5.341256503015756607e-03 0.000000000000000000e+00 2.000000000000000000e+00
3.050494384765625000e+02 2.772101135253906250e+02 6.224272155761718750e+01 9.725111722946166992e-01 -2.281240075826644897e-01 4.670615494251251221e-02 0.000000000000000000e+00 2.000000000000000000e+00
3.057630310058593750e+02 2.770427246093750000e+02 6.227699279785156250e+01 9.708812236785888672e-01 -2.208869904279708862e-01 9.272878617048263550e-02 0.000000000000000000e+00 2.000000000000000000e+00
3.064707336425781250e+02 2.768817138671875000e+02 6.234458541870117188e+01 9.678602814674377441e-01 -2.103785723447799683e-01 1.377943605184555054e-01 0.000000000000000000e+00 2.000000000000000000e+00
3.071666870117187500e+02 2.767304382324218750e+02 6.244366836547851562e+01 9.641648530960083008e-01 -1.974487751722335815e-01 1.772005259990692139e-01 0.000000000000000000e+00 2.000000000000000000e+00
3.078462219238281250e+02 2.765912780761718750e+02 6.256855773925781250e+01 9.607048630714416504e-01 -1.855364590883255005e-01 2.064518630504608154e-01 0.000000000000000000e+00 2.000000000000000000e+00
3.085094299316406250e+02 2.764631958007812500e+02 6.271107864379882812e+01 9.586196541786193848e-01 -1.791640669107437134e-01 2.212432026863098145e-01 0.000000000000000000e+00 2.000000000000000000e+00
3.091620788574218750e+02 2.763412170410156250e+02 6.286170578002929688e+01 9.586365222930908203e-01 -1.827726066112518311e-01 2.181977033615112305e-01 0.000000000000000000e+00 2.000000000000000000e+00
3.098141784667968750e+02 2.762168884277343750e+02 6.301013183593750000e+01 9.602622389793395996e-01 -1.969235092401504517e-01 1.977814733982086182e-01 0.000000000000000000e+00 2.000000000000000000e+00
3.104759521484375000e+02 2.760811767578125000e+02 6.314643478393554688e+01 9.619606733322143555e-01 -2.192634642124176025e-01 1.629576236009597778e-01 0.000000000000000000e+00 2.000000000000000000e+00
3.111557006835937500e+02 2.759262390136718750e+02 6.326158523559570312e+01 9.620880484580993652e-01 -2.452381253242492676e-01 1.193512454628944397e-01 0.000000000000000000e+00 2.000000000000000000e+00
3.118576354980468750e+02 2.757473144531250000e+02 6.334866333007812500e+01 9.596561789512634277e-01 -2.713733613491058350e-01 7.359723746776580811e-02 0.000000000000000000e+00 2.000000000000000000e+00
3.125816650390625000e+02 2.755425720214843750e+02 6.340419006347656250e+01 9.549144506454467773e-01 -2.951724529266357422e-01 3.180535137653350830e-02 0.000000000000000000e+00 2.000000000000000000e+00
3.133257751464843750e+02 2.753125610351562500e+02 6.342897415161132812e+01 9.485723972320556641e-01 -3.165582418441772461e-01 -1.145090907812118530e-03 0.000000000000000000e+00 2.000000000000000000e+00
3.140873413085937500e+02 2.750584106445312500e+02 6.342805480957031250e+01 9.419326782226562500e-01 -3.350655138492584229e-01 -2.222646772861480713e-02 0.000000000000000000e+00 2.000000000000000000e+00
3.148647766113281250e+02 2.747818603515625000e+02 6.340970993041992188e+01 9.360027909278869629e-01 -3.506226241588592529e-01 -3.102500364184379578e-02 0.000000000000000000e+00 2.000000000000000000e+00
3.156573791503906250e+02 2.744849548339843750e+02 6.338343811035156250e+01 9.314349293708801270e-01 -3.627468049526214600e-01 -2.904684655368328094e-02 0.000000000000000000e+00 2.000000000000000000e+00
3.164649658203125000e+02 2.741704406738281250e+02 6.335825347900390625e+01 9.284665584564208984e-01 -3.709110617637634277e-01 -1.935884915292263031e-02 0.000000000000000000e+00 2.000000000000000000e+00
3.172871704101562500e+02 2.738419799804687500e+02 6.334111022949218750e+01 9.271044731140136719e-01 -3.747631311416625977e-01 -5.464660935103893280e-03 0.000000000000000000e+00 2.000000000000000000e+00
3.181226806640625000e+02 2.735042419433593750e+02 6.333618545532226562e+01 9.270175099372863770e-01 -3.749132752418518066e-01 8.869580924510955811e-03 0.000000000000000000e+00 2.000000000000000000e+00
3.189687194824218750e+02 2.731620788574218750e+02 6.334428024291992188e+01 9.278989434242248535e-01 -3.722692430019378662e-01 2.047397755086421967e-02 0.000000000000000000e+00 2.000000000000000000e+00
3.198210449218750000e+02 2.728201293945312500e+02 6.336308670043945312e+01 9.290001988410949707e-01 -3.690776228904724121e-01 2.720785699784755707e-02 0.000000000000000000e+00 2.000000000000000000e+00
3.206752319335937500e+02 2.724807739257812500e+02 6.338810348510742188e+01 9.294759631156921387e-01 -3.678120374679565430e-01 2.808402664959430695e-02 0.000000000000000000e+00 2.000000000000000000e+00
3.215265502929687500e+02 2.721438903808593750e+02 6.341382598876953125e+01 9.284318089485168457e-01 -3.707356750965118408e-01 2.386042848229408264e-02 0.000000000000000000e+00 2.000000000000000000e+00
3.223715820312500000e+02 2.718064575195312500e+02 6.343554306030273438e+01 9.250925779342651367e-01 -3.793634772300720215e-01 1.694339700043201447e-02 0.000000000000000000e+00 2.000000000000000000e+00
3.232088623046875000e+02 2.714631042480468750e+02 6.345087814331054688e+01 9.192065596580505371e-01 -3.936218023300170898e-01 1.101383101195096970e-02 0.000000000000000000e+00 2.000000000000000000e+00
3.240379028320312500e+02 2.711080932617187500e+02 6.346081161499023438e+01 9.111185669898986816e-01 -4.120241403579711914e-01 9.955611079931259155e-03 0.000000000000000000e+00 2.000000000000000000e+00
3.248579711914062500e+02 2.707372436523437500e+02 6.346977233886718750e+01 9.018021821975708008e-01 -4.318249523639678955e-01 1.673628017306327820e-02 0.000000000000000000e+00 2.000000000000000000e+00
3.256665954589843750e+02 2.703500366210937500e+02 6.348477935791015625e+01 8.919637203216552734e-01 -4.509137272834777832e-01 3.282614052295684814e-02 0.000000000000000000e+00 2.000000000000000000e+00
3.264586181640625000e+02 2.699496459960937500e+02 6.351392745971679688e+01 8.820077776908874512e-01 -4.676517844200134277e-01 5.800125375390052795e-02 0.000000000000000000e+00 2.000000000000000000e+00
3.272272949218750000e+02 2.695420837402343750e+02 6.356447601318359375e+01 8.719087243080139160e-01 -4.812354743480682373e-01 9.048575907945632935e-02 0.000000000000000000e+00 2.000000000000000000e+00
3.279668273925781250e+02 2.691339111328125000e+02 6.364122390747070312e+01 8.618606328964233398e-01 -4.910320639610290527e-01 1.268220841884613037e-01 0.000000000000000000e+00 2.000000000000000000e+00
3.286746826171875000e+02 2.687306213378906250e+02 6.374538421630859375e+01 8.524272441864013672e-01 -4.970224499702453613e-01 1.622854173183441162e-01 0.000000000000000000e+00 2.000000000000000000e+00
3.293534240722656250e+02 2.683348693847656250e+02 6.387460327148437500e+01 8.449589014053344727e-01 -4.991189241409301758e-01 1.921584308147430420e-01 0.000000000000000000e+00 2.000000000000000000e+00
3.300098571777343750e+02 2.679471130371093750e+02 6.402388763427734375e+01 8.405643105506896973e-01 -4.978389739990234375e-01 2.135603576898574829e-01 0.000000000000000000e+00 2.000000000000000000e+00
3.306531677246093750e+02 2.675661010742187500e+02 6.418733215332031250e+01 8.399642705917358398e-01 -4.931723773479461670e-01 2.263646870851516724e-01 0.000000000000000000e+00 2.000000000000000000e+00
3.312926940917968750e+02 2.671906127929687500e+02 6.435968017578125000e+01 8.427304029464721680e-01 -4.853538572788238525e-01 2.328886687755584717e-01 0.000000000000000000e+00 2.000000000000000000e+00
3.319357604980468750e+02 2.668202514648437500e+02 6.453739166259765625e+01 8.484156131744384766e-01 -4.739194810390472412e-01 2.357780188322067261e-01 0.000000000000000000e+00 2.000000000000000000e+00
3.325875854492187500e+02 2.664561462402343750e+02 6.471853637695312500e+01 8.562686443328857422e-01 -4.587659835815429688e-01 2.373558729887008667e-01 0.000000000000000000e+00 2.000000000000000000e+00
3.332512817382812500e+02 2.661005554199218750e+02 6.490251159667968750e+01 8.656580448150634766e-01 -4.400678873062133789e-01 2.386969327926635742e-01 0.000000000000000000e+00 2.000000000000000000e+00
3.339282531738281250e+02 2.657564086914062500e+02 6.508917999267578125e+01 8.763616681098937988e-01 -4.176008701324462891e-01 2.399995028972625732e-01 0.000000000000000000e+00 2.000000000000000000e+00
3.346189575195312500e+02 2.654272766113281250e+02 6.527833557128906250e+01 8.878853321075439453e-01 -3.919618725776672363e-01 2.408848106861114502e-01 0.000000000000000000e+00 2.000000000000000000e+00
3.353234558105468750e+02 2.651162719726562500e+02 6.546946716308593750e+01 8.995734453201293945e-01 -3.640529513359069824e-01 2.413151562213897705e-01 0.000000000000000000e+00 2.000000000000000000e+00
3.360410461425781250e+02 2.648258666992187500e+02 6.566196441650390625e+01 9.109301567077636719e-01 -3.346631824970245361e-01 2.412608414888381958e-01 0.000000000000000000e+00 2.000000000000000000e+00
3.367705383300781250e+02 2.645578613281250000e+02 6.585517120361328125e+01 9.212944507598876953e-01 -3.054138720035552979e-01 2.407048046588897705e-01 0.000000000000000000e+00 2.000000000000000000e+00
3.375105895996093750e+02 2.643125305175781250e+02 6.604852294921875000e+01 9.303233623504638672e-01 -2.773604393005371094e-01 2.399366796016693115e-01 0.000000000000000000e+00 2.000000000000000000e+00
3.382593688964843750e+02 2.640892944335937500e+02 6.624163818359375000e+01 9.377316236495971680e-01 -2.518939971923828125e-01 2.391838431358337402e-01 0.000000000000000000e+00 2.000000000000000000e+00
3.390153198242187500e+02 2.638862304687500000e+02 6.643445587158203125e+01 9.434226751327514648e-01 -2.298973351716995239e-01 2.389577925205230713e-01 0.000000000000000000e+00 2.000000000000000000e+00
3.397763671875000000e+02 2.637007751464843750e+02 6.662722015380859375e+01 9.474809765815734863e-01 -2.120300531387329102e-01 2.394223213195800781e-01 0.000000000000000000e+00 2.000000000000000000e+00
3.405411376953125000e+02 2.635296325683593750e+02 6.682047271728515625e+01 9.500037431716918945e-01 -1.987027227878570557e-01 2.408529371023178101e-01 0.000000000000000000e+00 2.000000000000000000e+00
3.413087463378906250e+02 2.633690795898437500e+02 6.701508331298828125e+01 9.511319398880004883e-01 -1.898875087499618530e-01 2.434969246387481689e-01 0.000000000000000000e+00 2.000000000000000000e+00
3.420796203613281250e+02 2.632151794433593750e+02 6.721243286132812500e+01 9.510997533798217773e-01 -1.847656369209289551e-01 2.475294768810272217e-01 0.000000000000000000e+00 2.000000000000000000e+00
3.428554992675781250e+02 2.630644531250000000e+02 6.741436004638671875e+01 9.500336647033691406e-01 -1.827800273895263672e-01 2.530365586280822754e-01 0.000000000000000000e+00 2.000000000000000000e+00
3.436378173828125000e+02 2.629139404296875000e+02 6.762272644042968750e+01 9.480787515640258789e-01 -1.828571110963821411e-01 2.602112889289855957e-01 0.000000000000000000e+00 2.000000000000000000e+00
3.444272155761718750e+02 2.627616882324218750e+02 6.783938598632812500e+01 9.454805850982666016e-01 -1.834655404090881348e-01 2.690851986408233643e-01 0.000000000000000000e+00 2.000000000000000000e+00
3.452225341796875000e+02 2.626073608398437500e+02 6.806573486328125000e+01 9.422855377197265625e-01 -1.837664246559143066e-01 2.798712551593780518e-01 0.000000000000000000e+00 2.000000000000000000e+00
3.460195007324218750e+02 2.624519348144531250e+02 6.830244445800781250e+01 9.386714696884155273e-01 -1.829111427068710327e-01 2.922998964786529541e-01 0.000000000000000000e+00 2.000000000000000000e+00
3.468117980957031250e+02 2.622975463867187500e+02 6.854916381835937500e+01 9.345970749855041504e-01 -1.813839375972747803e-01 3.059871196746826172e-01 0.000000000000000000e+00 2.000000000000000000e+00
3.475918884277343750e+02 2.621461486816406250e+02 6.880456542968750000e+01 9.300860166549682617e-01 -1.798709034919738770e-01 3.202911913394927979e-01 0.000000000000000000e+00 2.000000000000000000e+00
3.483520202636718750e+02 2.619991455078125000e+02 6.906632995605468750e+01 9.251168966293334961e-01 -1.803200393915176392e-01 3.341309130191802979e-01 0.000000000000000000e+00 2.000000000000000000e+00
3.490855407714843750e+02 2.618561706542968750e+02 6.933126068115234375e+01 9.196224212646484375e-01 -1.845246255397796631e-01 3.467638790607452393e-01 0.000000000000000000e+00 2.000000000000000000e+00
3.497869873046875000e+02 2.617154235839843750e+02 6.959575653076171875e+01 9.133851528167724609e-01 -1.941697299480438232e-01 3.578067421913146973e-01 0.000000000000000000e+00 2.000000000000000000e+00
3.504525146484375000e+02 2.615739440917968750e+02 6.985646820068359375e+01 9.062602519989013672e-01 -2.092250585556030273e-01 3.673108518123626709e-01 0.000000000000000000e+00 2.000000000000000000e+00
3.510805358886718750e+02 2.614289550781250000e+02 7.011100769042968750e+01 8.981363773345947266e-01 -2.278382778167724609e-01 3.760862052440643311e-01 0.000000000000000000e+00 2.000000000000000000e+00
3.516715698242187500e+02 2.612790222167968750e+02 7.035849761962890625e+01 8.894068598747253418e-01 -2.465402483940124512e-01 3.849327862262725830e-01 0.000000000000000000e+00 2.000000000000000000e+00
3.522284240722656250e+02 2.611246643066406250e+02 7.059950256347656250e+01 8.808727264404296875e-01 -2.611258625984191895e-01 3.948120176792144775e-01 0.000000000000000000e+00 2.000000000000000000e+00
3.527556152343750000e+02 2.609683837890625000e+02 7.083579254150390625e+01 8.739724159240722656e-01 -2.677056491374969482e-01 4.055933654308319092e-01 0.000000000000000000e+00 2.000000000000000000e+00
3.532596435546875000e+02 2.608139953613281250e+02 7.106970214843750000e+01 8.700088858604431152e-01 -2.638938426971435547e-01 4.164668023586273193e-01 0.000000000000000000e+00 2.000000000000000000e+00
3.537491149902343750e+02 2.606655273437500000e+02 7.130400848388671875e+01 8.695190548896789551e-01 -2.500666975975036621e-01 4.259144961833953857e-01 0.000000000000000000e+00 2.000000000000000000e+00
3.542343750000000000e+02 2.605259704589843750e+02 7.154170227050781250e+01 8.723033070564270020e-01 -2.287752032279968262e-01 4.321444332599639893e-01 0.000000000000000000e+00 2.000000000000000000e+00
3.547276306152343750e+02 2.603966064453125000e+02 7.178606414794921875e+01 8.771430253982543945e-01 -2.053519040346145630e-01 4.341090321540832520e-01 0.000000000000000000e+00 2.000000000000000000e+00
3.552420043945312500e+02 2.602761840820312500e+02 7.204063415527343750e+01 8.827431201934814453e-01 -1.854915320873260498e-01 4.316916167736053467e-01 0.000000000000000000e+00 2.000000000000000000e+00
3.557902526855468750e+02 2.601609802246093750e+02 7.230874633789062500e+01 8.882133960723876953e-01 -1.730755418539047241e-01 4.255841374397277832e-01 0.000000000000000000e+00 2.000000000000000000e+00
3.563825683593750000e+02 2.600455627441406250e+02 7.259255218505859375e+01 8.929302692413330078e-01 -1.694937497377395630e-01 4.170700907707214355e-01 0.000000000000000000e+00 2.000000000000000000e+00
3.570245361328125000e+02 2.599237060546875000e+02 7.289240264892578125e+01 8.968244791030883789e-01 -1.733185350894927979e-01 4.070215523242950439e-01 0.000000000000000000e+00 2.000000000000000000e+00
3.577161865234375000e+02 2.597900390625000000e+02 7.320630645751953125e+01 8.997510075569152832e-01 -1.818788796663284302e-01 3.966966867446899414e-01 0.000000000000000000e+00 2.000000000000000000e+00
3.584508056640625000e+02 2.596415405273437500e+02 7.353019714355468750e+01 9.017223119735717773e-01 -1.922216266393661499e-01 3.872309029102325439e-01 0.000000000000000000e+00 2.000000000000000000e+00
3.592158508300781250e+02 2.594784545898437500e+02 7.385873413085937500e+01 9.029512405395507812e-01 -2.017400711774826050e-01 3.794470429420471191e-01 0.000000000000000000e+00 2.000000000000000000e+00
3.599952392578125000e+02 2.593043212890625000e+02 7.418625640869140625e+01 9.033502936363220215e-01 -2.093185037374496460e-01 3.743580877780914307e-01 0.000000000000000000e+00 2.000000000000000000e+00
3.607708435058593750e+02 2.591246032714843750e+02 7.450767517089843750e+01 9.028317332267761230e-01 -2.150051146745681763e-01 3.723811209201812744e-01 0.000000000000000000e+00 2.000000000000000000e+00
3.615257568359375000e+02 2.589448242187500000e+02 7.481904602050781250e+01 9.014418125152587891e-01 -2.193541526794433594e-01 3.732109367847442627e-01 0.000000000000000000e+00 2.000000000000000000e+00
3.622471313476562500e+02 2.587692871093750000e+02 7.511770629882812500e+01 8.988350629806518555e-01 -2.243354022502899170e-01 3.765226304531097412e-01 0.000000000000000000e+00 2.000000000000000000e+00
3.629267272949218750e+02 2.585996704101562500e+02 7.540238952636718750e+01 8.951153159141540527e-01 -2.313938587903976440e-01 3.810845613479614258e-01 0.000000000000000000e+00 2.000000000000000000e+00
3.635625610351562500e+02 2.584353027343750000e+02 7.567308807373046875e+01 8.902702331542968750e-01 -2.413757592439651489e-01 3.862080872058868408e-01 0.000000000000000000e+00 2.000000000000000000e+00
3.641569824218750000e+02 2.582741394042968750e+02 7.593095397949218750e+01 8.848327398300170898e-01 -2.534021139144897461e-01 3.909712135791778564e-01 0.000000000000000000e+00 2.000000000000000000e+00
3.647166442871093750e+02 2.581138610839843750e+02 7.617824554443359375e+01 8.789481520652770996e-01 -2.666647136211395264e-01 3.953985273838043213e-01 0.000000000000000000e+00 2.000000000000000000e+00
3.652503662109375000e+02 2.579519348144531250e+02 7.641834259033203125e+01 8.729597926139831543e-01 -2.791926264762878418e-01 3.999907076358795166e-01 0.000000000000000000e+00 2.000000000000000000e+00
3.657676391601562500e+02 2.577864990234375000e+02 7.665535736083984375e+01 8.670231103897094727e-01 -2.900452613830566406e-01 4.051477015018463135e-01 0.000000000000000000e+00 2.000000000000000000e+00
3.662776794433593750e+02 2.576158752441406250e+02 7.689369201660156250e+01 8.615356087684631348e-01 -2.978921234607696533e-01 4.111162722110748291e-01 0.000000000000000000e+00 2.000000000000000000e+00
3.667897644042968750e+02 2.574388122558593750e+02 7.713805389404296875e+01 8.568190932273864746e-01 -3.028662800788879395e-01 4.172924458980560303e-01 0.000000000000000000e+00 2.000000000000000000e+00
3.673119201660156250e+02 2.572542419433593750e+02 7.739235687255859375e+01 8.538929820060729980e-01 -3.043172657489776611e-01 4.222058355808258057e-01 0.000000000000000000e+00 2.000000000000000000e+00
3.678519897460937500e+02 2.570617675781250000e+02 7.765939331054687500e+01 8.530952930450439453e-01 -3.031316995620727539e-01 4.246640503406524658e-01 0.000000000000000000e+00 2.000000000000000000e+00
3.684152221679687500e+02 2.568616333007812500e+02 7.793976593017578125e+01 8.544704318046569824e-01 -3.004721403121948242e-01 4.237885177135467529e-01 0.000000000000000000e+00 2.000000000000000000e+00
3.690034484863281250e+02 2.566547851562500000e+02 7.823150634765625000e+01 8.573952913284301758e-01 -2.981163561344146729e-01 4.195235371589660645e-01 0.000000000000000000e+00 2.000000000000000000e+00
3.696138000488281250e+02 2.564425659179687500e+02 7.853015136718750000e+01 8.608421087265014648e-01 -2.981165647506713867e-01 4.124043881893157959e-01 0.000000000000000000e+00 2.000000000000000000e+00
3.702378845214843750e+02 2.562264404296875000e+02 7.882913208007812500e+01 8.640746474266052246e-01 -3.014213740825653076e-01 4.031379222869873047e-01 0.000000000000000000e+00 2.000000000000000000e+00
3.708638305664062500e+02 2.560080871582031250e+02 7.912117004394531250e+01 8.665740489959716797e-01 -3.087213039398193359e-01 3.920977413654327393e-01 0.000000000000000000e+00 2.000000000000000000e+00
3.714800415039062500e+02 2.557885589599609375e+02 7.939998626708984375e+01 8.683382868766784668e-01 -3.188412487506866455e-01 3.799063265323638916e-01 0.000000000000000000e+00 2.000000000000000000e+00
3.720780334472656250e+02 2.555689849853515625e+02 7.966161346435546875e+01 8.699169158935546875e-01 -3.293049931526184082e-01 3.671549558639526367e-01 0.000000000000000000e+00 2.000000000000000000e+00
3.726554565429687500e+02 2.553504028320312500e+02 7.990531921386718750e+01 8.720809817314147949e-01 -3.368000984191894531e-01 3.550218641757965088e-01 0.000000000000000000e+00 2.000000000000000000e+00
3.732159423828125000e+02 2.551339416503906250e+02 8.013349151611328125e+01 8.755891323089599609e-01 -3.380874991416931152e-01 3.450223803520202637e-01 0.000000000000000000e+00 2.000000000000000000e+00
3.737669372558593750e+02 2.549211883544921875e+02 8.035060882568359375e+01 8.804881572723388672e-01 -3.321641683578491211e-01 3.382419645786285400e-01 0.000000000000000000e+00 2.000000000000000000e+00
3.743162536621093750e+02 2.547139587402343750e+02 8.056163024902343750e+01 8.859474062919616699e-01 -3.206983208656311035e-01 3.350369930267333984e-01 0.000000000000000000e+00 2.000000000000000000e+00
3.748701477050781250e+02 2.545134582519531250e+02 8.077109527587890625e+01 8.909440040588378906e-01 -3.070602416992187500e-01 3.345635831356048584e-01 0.000000000000000000e+00 2.000000000000000000e+00
3.754321594238281250e+02 2.543197631835937500e+02 8.098213958740234375e+01 8.945949077606201172e-01 -2.952588796615600586e-01 3.354432284832000732e-01 0.000000000000000000e+00 2.000000000000000000e+00
3.760033569335937500e+02 2.541312408447265625e+02 8.119631958007812500e+01 8.964986801147460938e-01 -2.886450588703155518e-01 3.361163139343261719e-01 0.000000000000000000e+00 2.000000000000000000e+00
3.765838623046875000e+02 2.539443359375000000e+02 8.141396331787109375e+01 8.965581059455871582e-01 -2.895658016204833984e-01 3.351645171642303467e-01 0.000000000000000000e+00 2.000000000000000000e+00
3.771730957031250000e+02 2.537540283203125000e+02 8.163423919677734375e+01 8.954283595085144043e-01 -2.973701059818267822e-01 3.313291072845458984e-01 0.000000000000000000e+00 2.000000000000000000e+00
3.777701721191406250e+02 2.535557403564453125e+02 8.185517120361328125e+01 8.935726284980773926e-01 -3.107695877552032471e-01 3.239601850509643555e-01 0.000000000000000000e+00 2.000000000000000000e+00
3.783738403320312500e+02 2.533457946777343750e+02 8.207402801513671875e+01 8.916136622428894043e-01 -3.272782862186431885e-01 3.129122257232666016e-01 0.000000000000000000e+00 2.000000000000000000e+00
3.789822998046875000e+02 2.531224517822265625e+02 8.228756713867187500e+01 8.901216983795166016e-01 -3.444859087467193604e-01 2.983501851558685303e-01 0.000000000000000000e+00 2.000000000000000000e+00
3.795940551757812500e+02 2.528856964111328125e+02 8.249261474609375000e+01 8.894845247268676758e-01 -3.604208827018737793e-01 2.809166014194488525e-01 0.000000000000000000e+00 2.000000000000000000e+00
3.802082824707031250e+02 2.526368103027343750e+02 8.268659973144531250e+01 8.897786736488342285e-01 -3.743806481361389160e-01 2.610230147838592529e-01 0.000000000000000000e+00 2.000000000000000000e+00
3.808250427246093750e+02 2.523773040771484375e+02 8.286753082275390625e+01 8.908554315567016602e-01 -3.861235678195953369e-01 2.393431216478347778e-01 0.000000000000000000e+00 2.000000000000000000e+00
3.814450683593750000e+02 2.521085662841796875e+02 8.303411102294921875e+01 8.922827839851379395e-01 -3.963421285152435303e-01 2.162044644355773926e-01 0.000000000000000000e+00 2.000000000000000000e+00
3.820686950683593750e+02 2.518315582275390625e+02 8.318521881103515625e+01 8.936592340469360352e-01 -4.055664241313934326e-01 1.920652091503143311e-01 0.000000000000000000e+00 2.000000000000000000e+00
3.826959228515625000e+02 2.515469055175781250e+02 8.332002258300781250e+01 8.943745493888854980e-01 -4.149296581745147705e-01 1.671157181262969971e-01 0.000000000000000000e+00 2.000000000000000000e+00
3.833258666992187500e+02 2.512546539306640625e+02 8.343772888183593750e+01 8.941445946693420410e-01 -4.246841073036193848e-01 1.419467478990554810e-01 0.000000000000000000e+00 2.000000000000000000e+00
3.839572143554687500e+02 2.509547882080078125e+02 8.353795623779296875e+01 8.926244378089904785e-01 -4.353675842285156250e-01 1.169478297233581543e-01 0.000000000000000000e+00 2.000000000000000000e+00
3.845881652832031250e+02 2.506470489501953125e+02 8.362062072753906250e+01 8.896412253379821777e-01 -4.472829401493072510e-01 9.206797182559967041e-02 0.000000000000000000e+00 2.000000000000000000e+00
3.852166442871093750e+02 2.503310699462890625e+02 8.368566131591796875e+01 8.849713802337646484e-01 -4.607872366905212402e-01 6.708759069442749023e-02 0.000000000000000000e+00 2.000000000000000000e+00
3.858401184082031250e+02 2.500064392089843750e+02 8.373292541503906250e+01 8.781291246414184570e-01 -4.766955375671386719e-01 4.062708839774131775e-02 0.000000000000000000e+00 2.000000000000000000e+00
3.864550476074218750e+02 2.496726226806640625e+02 8.376137542724609375e+01 8.680496215820312500e-01 -4.963683485984802246e-01 1.040161028504371643e-02 0.000000000000000000e+00 2.000000000000000000e+00
3.870560913085937500e+02 2.493289337158203125e+02 8.376857757568359375e+01 8.530952930450439453e-01 -5.210667252540588379e-01 -2.679387107491493225e-02 0.000000000000000000e+00 2.000000000000000000e+00
3.876361694335937500e+02 2.489746246337890625e+02 8.375035858154296875e+01 8.301337361335754395e-01 -5.525312423706054688e-01 -7.474799454212188721e-02 0.000000000000000000e+00 2.000000000000000000e+00
3.881857299804687500e+02 2.486088409423828125e+02 8.370087432861328125e+01 7.948167920112609863e-01 -5.912556648254394531e-01 -1.366859525442123413e-01 0.000000000000000000e+00 2.000000000000000000e+00
3.886938781738281250e+02 2.482308349609375000e+02 8.361348724365234375e+01 7.429369091987609863e-01 -6.344854831695556641e-01 -2.132439762353897095e-01 0.000000000000000000e+00 2.000000000000000000e+00
3.891508789062500000e+02 2.478405456542968750e+02 8.348231506347656250e+01 6.723190546035766602e-01 -6.767631769180297852e-01 -2.999644577503204346e-01 0.000000000000000000e+00 2.000000000000000000e+00
3.895502319335937500e+02 2.474385528564453125e+02 8.330413818359375000e+01 5.868647098541259766e-01 -7.110425233840942383e-01 -3.873091340065002441e-01 0.000000000000000000e+00 2.000000000000000000e+00
3.898905334472656250e+02 2.470262451171875000e+02 8.307955169677734375e+01 4.981164336204528809e-01 -7.326617240905761719e-01 -4.637745618820190430e-01 0.000000000000000000e+00 2.000000000000000000e+00
3.901764831542968750e+02 2.466056518554687500e+02 8.281331634521484375e+01 4.193052053451538086e-01 -7.425727248191833496e-01 -5.222728848457336426e-01 0.000000000000000000e+00 2.000000000000000000e+00
3.904174499511718750e+02 2.461789093017578125e+02 8.251317596435546875e+01 3.586109578609466553e-01 -7.452763319015502930e-01 -5.621044635772705078e-01 0.000000000000000000e+00 2.000000000000000000e+00
3.906247863769531250e+02 2.457480163574218750e+02 8.218818664550781250e+01 3.178322017192840576e-01 -7.448160052299499512e-01 -5.867127180099487305e-01 0.000000000000000000e+00 2.000000000000000000e+00
3.908097534179687500e+02 2.453145599365234375e+02 8.184674072265625000e+01 2.932654619216918945e-01 -7.437324523925781250e-01 -6.007140278816223145e-01 0.000000000000000000e+00 2.000000000000000000e+00
3.909812316894531250e+02 2.448796844482421875e+02 8.149549102783203125e+01 2.801317274570465088e-01 -7.428799867630004883e-01 -6.079930663108825684e-01 0.000000000000000000e+00 2.000000000000000000e+00
3.911454772949218750e+02 2.444441223144531250e+02 8.113901519775390625e+01 2.737681865692138672e-01 -7.423239946365356445e-01 -6.115602850914001465e-01 0.000000000000000000e+00 2.000000000000000000e+00
3.913062133789062500e+02 2.440082855224609375e+02 8.077995300292968750e+01 2.718050181865692139e-01 -7.416735291481018066e-01 -6.132230758666992188e-01 0.000000000000000000e+00 2.000000000000000000e+00
3.914659423828125000e+02 2.435724334716796875e+02 8.041958618164062500e+01 2.713065743446350098e-01 -7.411649227142333984e-01 -6.140580773353576660e-01 0.000000000000000000e+00 2.000000000000000000e+00
3.916255493164062500e+02 2.431364135742187500e+02 8.005834197998046875e+01 2.722800076007843018e-01 -7.404360175132751465e-01 -6.145064830780029297e-01 0.000000000000000000e+00 2.000000000000000000e+00
3.917860717773437500e+02 2.426998901367187500e+02 7.969606018066406250e+01 2.736751139163970947e-01 -7.396750450134277344e-01 -6.148030161857604980e-01 0.000000000000000000e+00 2.000000000000000000e+00
3.919481811523437500e+02 2.422617492675781250e+02 7.933188629150390625e+01 2.745729386806488037e-01 -7.393546700477600098e-01 -6.147879362106323242e-01 0.000000000000000000e+00 2.000000000000000000e+00
3.921122131347656250e+02 2.418200531005859375e+02 7.896460723876953125e+01 2.737319469451904297e-01 -7.407931089401245117e-01 -6.134299635887145996e-01 0.000000000000000000e+00 2.000000000000000000e+00
3.922781372070312500e+02 2.413710174560546875e+02 7.859277343750000000e+01 2.692537605762481689e-01 -7.451653480529785156e-01 -6.101073622703552246e-01 0.000000000000000000e+00 2.000000000000000000e+00
3.924449157714843750e+02 2.409094543457031250e+02 7.821486663818359375e+01 2.588133513927459717e-01 -7.537442445755004883e-01 -6.040572524070739746e-01 0.000000000000000000e+00 2.000000000000000000e+00
3.926100463867187500e+02 2.404285430908203125e+02 7.782946014404296875e+01 2.413879185914993286e-01 -7.661863565444946289e-01 -5.955588221549987793e-01 0.000000000000000000e+00 2.000000000000000000e+00
3.927697448730468750e+02 2.399216461181640625e+02 7.743544769287109375e+01 2.175968587398529053e-01 -7.808708548545837402e-01 -5.855700373649597168e-01 0.000000000000000000e+00 2.000000000000000000e+00
3.929195556640625000e+02 2.393840332031250000e+02 7.703229522705078125e+01 1.899298429489135742e-01 -7.951393723487854004e-01 -5.759166479110717773e-01 0.000000000000000000e+00 2.000000000000000000e+00
3.930555419921875000e+02 2.388147277832031250e+02 7.661994934082031250e+01 1.614627391099929810e-01 -8.066541552543640137e-01 -5.685409307479858398e-01 0.000000000000000000e+00 2.000000000000000000e+00
3.931750793457031250e+02 2.382175292968750000e+02 7.619903564453125000e+01 1.348173767328262329e-01 -8.140941858291625977e-01 -5.648671388626098633e-01 0.000000000000000000e+00 2.000000000000000000e+00
3.932773437500000000e+02 2.376000061035156250e+02 7.577056121826171875e+01 1.112481728196144104e-01 -8.174201846122741699e-01 -5.651974678039550781e-01 0.000000000000000000e+00 2.000000000000000000e+00
3.933629150390625000e+02 2.369712524414062500e+02 7.533581542968750000e+01 9.022428095340728760e-02 -8.172921538352966309e-01 -5.691161155700683594e-01 0.000000000000000000e+00 2.000000000000000000e+00
3.934326171875000000e+02 2.363398590087890625e+02 7.489614868164062500e+01 7.009729743003845215e-02 -8.152568936347961426e-01 -5.748413801193237305e-01 0.000000000000000000e+00 2.000000000000000000e+00
3.934866943359375000e+02 2.357109222412109375e+02 7.445268249511718750e+01 4.878788441419601440e-02 -8.136271834373474121e-01 -5.793362855911254883e-01 0.000000000000000000e+00 2.000000000000000000e+00
3.935242309570312500e+02 2.350849304199218750e+02 7.400695037841796875e+01 2.465739473700523376e-02 -8.149248957633972168e-01 -5.790417790412902832e-01 0.000000000000000000e+00 2.000000000000000000e+00
3.935431823730468750e+02 2.344585876464843750e+02 7.356190490722656250e+01 2.465739473700523376e-02 -8.149248957633972168e-01 -5.790417790412902832e-01 0.000000000000000000e+00 2.000000000000000000e+00
