3.439084167480468750e+02 1.087250061035156250e+02 2.431920166015625000e+02 5.481088161468505859e-01 -4.656998813152313232e-01 -6.947664022445678711e-01 0.000000000000000000e+00 2.000000000000000000e+00
3.437868347167968750e+02 1.088283081054687500e+02 2.433461303710937500e+02 5.479540824890136719e-01 -4.712931811809539795e-01 -6.911070346832275391e-01 0.000000000000000000e+00 2.000000000000000000e+00
3.436281433105468750e+02 1.089647979736328125e+02 2.435462799072265625e+02 5.472744703292846680e-01 -4.817605912685394287e-01 -6.843956112861633301e-01 0.000000000000000000e+00 2.000000000000000000e+00
3.434349060058593750e+02 1.091349029541015625e+02 2.437879333496093750e+02 5.459165573120117188e-01 -5.006492137908935547e-01 -6.718075871467590332e-01 0.000000000000000000e+00 2.000000000000000000e+00
3.432134399414062500e+02 1.093380050659179688e+02 2.440604705810546875e+02 5.425236225128173828e-01 -5.332112312316894531e-01 -6.491177678108215332e-01 0.000000000000000000e+00 2.000000000000000000e+00
3.429725341796875000e+02 1.095747756958007812e+02 2.443487091064453125e+02 5.353752374649047852e-01 -5.841536521911621094e-01 -6.100310683250427246e-01 0.000000000000000000e+00 2.000000000000000000e+00
3.427214050292968750e+02 1.098487854003906250e+02 2.446348571777343750e+02 5.205500721931457520e-01 -6.548622846603393555e-01 -5.478895902633666992e-01 0.000000000000000000e+00 2.000000000000000000e+00
3.424683532714843750e+02 1.101671295166015625e+02 2.449011993408203125e+02 4.935636222362518311e-01 -7.386645078659057617e-01 -4.590965509414672852e-01 0.000000000000000000e+00 2.000000000000000000e+00
3.422196960449218750e+02 1.105392684936523438e+02 2.451324920654296875e+02 4.530022144317626953e-01 -8.198161721229553223e-01 -3.502718806266784668e-01 0.000000000000000000e+00 2.000000000000000000e+00
3.419792175292968750e+02 1.109744720458984375e+02 2.453184356689453125e+02 4.049398899078369141e-01 -8.824477791786193848e-01 -2.393942326307296753e-01 0.000000000000000000e+00 2.000000000000000000e+00
3.417476196289062500e+02 1.114791717529296875e+02 2.454553527832031250e+02 3.586852848529815674e-01 -9.221050143241882324e-01 -1.451449245214462280e-01 0.000000000000000000e+00 2.000000000000000000e+00
3.415235595703125000e+02 1.120551834106445312e+02 2.455460205078125000e+02 3.209782540798187256e-01 -9.440227746963500977e-01 -7.611770182847976685e-02 0.000000000000000000e+00 2.000000000000000000e+00
3.413045959472656250e+02 1.126991729736328125e+02 2.455979461669921875e+02 2.940801978111267090e-01 -9.552847743034362793e-01 -3.078593872487545013e-02 0.000000000000000000e+00 2.000000000000000000e+00
3.410877075195312500e+02 1.134037094116210938e+02 2.456206512451171875e+02 2.752850353717803955e-01 -9.613597393035888672e-01 -2.390571869909763336e-03 0.000000000000000000e+00 2.000000000000000000e+00
3.408715820312500000e+02 1.141584701538085938e+02 2.456225280761718750e+02 2.610596418380737305e-01 -9.651780128479003906e-01 1.671078801155090332e-02 0.000000000000000000e+00 2.000000000000000000e+00
3.406570434570312500e+02 1.149516525268554688e+02 2.456087951660156250e+02 2.477971017360687256e-01 -9.682682752609252930e-01 3.245219588279724121e-02 0.000000000000000000e+00 2.000000000000000000e+00
3.404472045898437500e+02 1.157715988159179688e+02 2.455813140869140625e+02 2.333955019712448120e-01 -9.711723923683166504e-01 4.848372191190719604e-02 0.000000000000000000e+00 2.000000000000000000e+00
3.402463073730468750e+02 1.166075439453125000e+02 2.455395812988281250e+02 2.167505919933319092e-01 -9.739416837692260742e-01 6.675890088081359863e-02 0.000000000000000000e+00 2.000000000000000000e+00
3.400585937500000000e+02 1.174510116577148438e+02 2.454817657470703125e+02 1.994517743587493896e-01 -9.760036468505859375e-01 8.738357573747634888e-02 0.000000000000000000e+00 2.000000000000000000e+00
3.398859863281250000e+02 1.182956542968750000e+02 2.454061431884765625e+02 1.843452602624893188e-01 -9.767248034477233887e-01 1.096600666642189026e-01 0.000000000000000000e+00 2.000000000000000000e+00
3.397273864746093750e+02 1.191359710693359375e+02 2.453117980957031250e+02 1.751560121774673462e-01 -9.754683971405029297e-01 1.333480477333068848e-01 0.000000000000000000e+00 2.000000000000000000e+00
3.395783081054687500e+02 1.199662094116210938e+02 2.451983032226562500e+02 1.751614362001419067e-01 -9.716476202011108398e-01 1.588062196969985962e-01 0.000000000000000000e+00 2.000000000000000000e+00
3.394318847656250000e+02 1.207784423828125000e+02 2.450655517578125000e+02 1.858089417219161987e-01 -9.645670056343078613e-01 1.873113363981246948e-01 0.000000000000000000e+00 2.000000000000000000e+00
3.392809143066406250e+02 1.215621566772460938e+02 2.449133605957031250e+02 2.067390978336334229e-01 -9.530186653137207031e-01 2.213915884494781494e-01 0.000000000000000000e+00 2.000000000000000000e+00
3.391196594238281250e+02 1.223055038452148438e+02 2.447406768798828125e+02 2.351229488849639893e-01 -9.356002807617187500e-01 2.633805572986602783e-01 0.000000000000000000e+00 2.000000000000000000e+00
3.389454650878906250e+02 1.229986572265625000e+02 2.445455474853515625e+02 2.664117217063903809e-01 -9.113121628761291504e-01 3.139027059078216553e-01 0.000000000000000000e+00 2.000000000000000000e+00
3.387590332031250000e+02 1.236363830566406250e+02 2.443258819580078125e+02 2.954018115997314453e-01 -8.804874420166015625e-01 3.707824349403381348e-01 0.000000000000000000e+00 2.000000000000000000e+00
3.385631408691406250e+02 1.242202682495117188e+02 2.440800018310546875e+02 3.166694045066833496e-01 -8.465222716331481934e-01 4.279257953166961670e-01 0.000000000000000000e+00 2.000000000000000000e+00
3.383616638183593750e+02 1.247588577270507812e+02 2.438077392578125000e+02 3.275283575057983398e-01 -8.159875869750976562e-01 4.763290286064147949e-01 0.000000000000000000e+00 2.000000000000000000e+00
3.381579284667968750e+02 1.252664337158203125e+02 2.435114440917968750e+02 3.284910023212432861e-01 -7.963362336158752441e-01 5.078802108764648438e-01 0.000000000000000000e+00 2.000000000000000000e+00
3.379540405273437500e+02 1.257607040405273438e+02 2.431962127685546875e+02 3.220348656177520752e-01 -7.928910851478576660e-01 5.173174738883972168e-01 0.000000000000000000e+00 2.000000000000000000e+00
3.377509765625000000e+02 1.262606735229492188e+02 2.428700103759765625e+02 3.107190728187561035e-01 -8.058350682258605957e-01 5.040668845176696777e-01 0.000000000000000000e+00 2.000000000000000000e+00
3.375491638183593750e+02 1.267840652465820312e+02 2.425426177978515625e+02 2.970318496227264404e-01 -8.306952714920043945e-01 4.708688855171203613e-01 0.000000000000000000e+00 2.000000000000000000e+00
3.373485107421875000e+02 1.273452224731445312e+02 2.422245330810546875e+02 2.815318703651428223e-01 -8.606516718864440918e-01 4.242859184741973877e-01 0.000000000000000000e+00 2.000000000000000000e+00
3.371497192382812500e+02 1.279529342651367188e+02 2.419249420166015625e+02 2.650667726993560791e-01 -8.895614147186279297e-01 3.720485866069793701e-01 0.000000000000000000e+00 2.000000000000000000e+00
3.369540710449218750e+02 1.286095275878906250e+02 2.416503295898437500e+02 2.483133673667907715e-01 -9.138257503509521484e-01 3.213455379009246826e-01 0.000000000000000000e+00 2.000000000000000000e+00
3.367633056640625000e+02 1.293115692138671875e+02 2.414034576416015625e+02 2.301143556833267212e-01 -9.328626990318298340e-01 2.771542966365814209e-01 0.000000000000000000e+00 2.000000000000000000e+00
3.365810241699218750e+02 1.300505218505859375e+02 2.411839141845703125e+02 2.088877409696578979e-01 -9.479447007179260254e-01 2.403474152088165283e-01 0.000000000000000000e+00 2.000000000000000000e+00
3.364122314453125000e+02 1.308165130615234375e+02 2.409897003173828125e+02 1.813342124223709106e-01 -9.608992338180541992e-01 2.092619985342025757e-01 0.000000000000000000e+00 2.000000000000000000e+00
3.362643127441406250e+02 1.316003417968750000e+02 2.408190002441406250e+02 1.447271555662155151e-01 -9.729628562927246094e-01 1.799927055835723877e-01 0.000000000000000000e+00 2.000000000000000000e+00
3.361462097167968750e+02 1.323943176269531250e+02 2.406721191406250000e+02 9.773787856101989746e-02 -9.840239286422729492e-01 1.488093137741088867e-01 0.000000000000000000e+00 2.000000000000000000e+00
3.360669860839843750e+02 1.331919403076171875e+02 2.405514984130859375e+02 4.176581278443336487e-02 -9.926811456680297852e-01 1.133126318454742432e-01 0.000000000000000000e+00 2.000000000000000000e+00
3.360335388183593750e+02 1.339869079589843750e+02 2.404607543945312500e+02 -2.031277865171432495e-02 -9.970899224281311035e-01 7.347875833511352539e-02 0.000000000000000000e+00 2.000000000000000000e+00
3.360495300292968750e+02 1.347718658447265625e+02 2.404029083251953125e+02 -8.409085869789123535e-02 -9.959474205970764160e-01 3.189584985375404358e-02 0.000000000000000000e+00 2.000000000000000000e+00
3.361142578125000000e+02 1.355384826660156250e+02 2.403783569335937500e+02 -1.466414034366607666e-01 -9.891666769981384277e-01 -6.750807631760835648e-03 0.000000000000000000e+00 2.000000000000000000e+00
3.362239685058593750e+02 1.362785339355468750e+02 2.403834075927734375e+02 -2.078635245561599731e-01 -9.774057269096374512e-01 -3.834949061274528503e-02 0.000000000000000000e+00 2.000000000000000000e+00
3.363743286132812500e+02 1.369855499267578125e+02 2.404111480712890625e+02 -2.691394984722137451e-01 -9.612624645233154297e-01 -5.948546901345252991e-02 0.000000000000000000e+00 2.000000000000000000e+00
3.365620422363281250e+02 1.376559906005859375e+02 2.404526367187500000e+02 -3.315442204475402832e-01 -9.409324526786804199e-01 -6.873533129692077637e-02 0.000000000000000000e+00 2.000000000000000000e+00
3.367851257324218750e+02 1.382891082763671875e+02 2.404988861083984375e+02 -3.956864476203918457e-01 -9.158671498298645020e-01 -6.796766072511672974e-02 0.000000000000000000e+00 2.000000000000000000e+00
3.370431823730468750e+02 1.388864135742187500e+02 2.405432128906250000e+02 -4.598856866359710693e-01 -8.858166933059692383e-01 -6.191875040531158447e-02 0.000000000000000000e+00 2.000000000000000000e+00
3.373360290527343750e+02 1.394504852294921875e+02 2.405826416015625000e+02 -5.215188860893249512e-01 -8.513278961181640625e-01 -5.708747357130050659e-02 0.000000000000000000e+00 2.000000000000000000e+00
3.376633300781250000e+02 1.399847717285156250e+02 2.406184692382812500e+02 -5.781131386756896973e-01 -8.137483596801757812e-01 -5.998919159173965454e-02 0.000000000000000000e+00 2.000000000000000000e+00
3.380246276855468750e+02 1.404933319091796875e+02 2.406559600830078125e+02 -6.271518468856811523e-01 -7.752879858016967773e-01 -7.489322125911712646e-02 0.000000000000000000e+00 2.000000000000000000e+00
3.384189453125000000e+02 1.409807891845703125e+02 2.407030487060546875e+02 -6.673399209976196289e-01 -7.376767396926879883e-01 -1.024232506752014160e-01 0.000000000000000000e+00 2.000000000000000000e+00
3.388451538085937500e+02 1.414519195556640625e+02 2.407684631347656250e+02 -6.977089047431945801e-01 -7.026167511940002441e-01 -1.397567987442016602e-01 0.000000000000000000e+00 2.000000000000000000e+00
3.393006896972656250e+02 1.419106597900390625e+02 2.408597106933593750e+02 -7.183396816253662109e-01 -6.713266968727111816e-01 -1.825061142444610596e-01 0.000000000000000000e+00 2.000000000000000000e+00
3.397809753417968750e+02 1.423595123291015625e+02 2.409817352294921875e+02 -7.307403087615966797e-01 -6.439850330352783203e-01 -2.264990657567977905e-01 0.000000000000000000e+00 2.000000000000000000e+00
3.402792663574218750e+02 1.427986450195312500e+02 2.411361846923828125e+02 -7.361792922019958496e-01 -6.209191083908081055e-01 -2.692573070526123047e-01 0.000000000000000000e+00 2.000000000000000000e+00
3.407873229980468750e+02 1.432271575927734375e+02 2.413220062255859375e+02 -7.355369925498962402e-01 -6.024562120437622070e-01 -3.098900318145751953e-01 0.000000000000000000e+00 2.000000000000000000e+00
3.412965393066406250e+02 1.436442413330078125e+02 2.415365447998046875e+02 -7.280570268630981445e-01 -5.900506377220153809e-01 -3.489603698253631592e-01 0.000000000000000000e+00 2.000000000000000000e+00
3.417978820800781250e+02 1.440505523681640625e+02 2.417768402099609375e+02 -7.120528221130371094e-01 -5.856152176856994629e-01 -3.873441815376281738e-01 0.000000000000000000e+00 2.000000000000000000e+00
3.422821960449218750e+02 1.444488677978515625e+02 2.420402984619140625e+02 -6.839759349822998047e-01 -5.918055772781372070e-01 -4.265479445457458496e-01 0.000000000000000000e+00 2.000000000000000000e+00
3.427388610839843750e+02 1.448439941406250000e+02 2.423250885009765625e+02 -6.389655470848083496e-01 -6.115357875823974609e-01 -4.666336476802825928e-01 0.000000000000000000e+00 2.000000000000000000e+00
3.431550903320312500e+02 1.452423553466796875e+02 2.426290588378906250e+02 -5.712754130363464355e-01 -6.464114785194396973e-01 -5.057634711265563965e-01 0.000000000000000000e+00 2.000000000000000000e+00
3.435164794921875000e+02 1.456512756347656250e+02 2.429490051269531250e+02 -4.751355946063995361e-01 -6.952688097953796387e-01 -5.393027663230895996e-01 0.000000000000000000e+00 2.000000000000000000e+00
3.438079833984375000e+02 1.460778350830078125e+02 2.432798767089843750e+02 -3.479565978050231934e-01 -7.520195841789245605e-01 -5.598149895668029785e-01 0.000000000000000000e+00 2.000000000000000000e+00
3.440162658691406250e+02 1.465279846191406250e+02 2.436149749755859375e+02 -1.967494189739227295e-01 -8.051294684410095215e-01 -5.595141649246215820e-01 0.000000000000000000e+00 2.000000000000000000e+00
3.441329956054687500e+02 1.470056610107421875e+02 2.439469299316406250e+02 -3.862944617867469788e-02 -8.433926105499267578e-01 -5.359073281288146973e-01 0.000000000000000000e+00 2.000000000000000000e+00
3.441561889648437500e+02 1.475120391845703125e+02 2.442686920166015625e+02 1.059039533138275146e-01 -8.626461625099182129e-01 -4.945966303348541260e-01 0.000000000000000000e+00 2.000000000000000000e+00
3.440906677246093750e+02 1.480457458496093750e+02 2.445746917724609375e+02 2.229442000389099121e-01 -8.673055768013000488e-01 -4.450584650039672852e-01 0.000000000000000000e+00 2.000000000000000000e+00
3.439472045898437500e+02 1.486038513183593750e+02 2.448610839843750000e+02 3.078036308288574219e-01 -8.652135133743286133e-01 -3.958061337471008301e-01 0.000000000000000000e+00 2.000000000000000000e+00
3.437410888671875000e+02 1.491832275390625000e+02 2.451261291503906250e+02 3.633169829845428467e-01 -8.632898926734924316e-01 -3.503304123878479004e-01 0.000000000000000000e+00 2.000000000000000000e+00
3.434888000488281250e+02 1.497826995849609375e+02 2.453694000244140625e+02 3.941940963268280029e-01 -8.651433587074279785e-01 -3.100610971450805664e-01 0.000000000000000000e+00 2.000000000000000000e+00
3.432059020996093750e+02 1.504035797119140625e+02 2.455919189453125000e+02 4.061894416809082031e-01 -8.712707757949829102e-01 -2.754946947097778320e-01 0.000000000000000000e+00 2.000000000000000000e+00
3.429049072265625000e+02 1.510492095947265625e+02 2.457960662841796875e+02 4.048411846160888672e-01 -8.802005052566528320e-01 -2.476910054683685303e-01 0.000000000000000000e+00 2.000000000000000000e+00
3.425951538085937500e+02 1.517226715087890625e+02 2.459855804443359375e+02 3.957209289073944092e-01 -8.896759748458862305e-01 -2.277754545211791992e-01 0.000000000000000000e+00 2.000000000000000000e+00
3.422828979492187500e+02 1.524246978759765625e+02 2.461653137207031250e+02 3.828485310077667236e-01 -8.981316685676574707e-01 -2.163016945123672485e-01 0.000000000000000000e+00 2.000000000000000000e+00
3.419729309082031250e+02 1.531518554687500000e+02 2.463404388427734375e+02 3.693779110908508301e-01 -9.046329855918884277e-01 -2.126007974147796631e-01 0.000000000000000000e+00 2.000000000000000000e+00
3.416688232421875000e+02 1.538966369628906250e+02 2.465154724121093750e+02 3.553574383258819580e-01 -9.095985293388366699e-01 -2.152943909168243408e-01 0.000000000000000000e+00 2.000000000000000000e+00
3.413747558593750000e+02 1.546493530273437500e+02 2.466936340332031250e+02 3.413870930671691895e-01 -9.132958054542541504e-01 -2.221389859914779663e-01 0.000000000000000000e+00 2.000000000000000000e+00
3.410938720703125000e+02 1.554007873535156250e+02 2.468764038085937500e+02 -3.273108005523681641e-01 9.163424372673034668e-01 2.306172847747802734e-01 0.000000000000000000e+00 2.000000000000000000e+00
3.408281250000000000e+02 1.561447753906250000e+02 2.470636444091796875e+02 -3.136841356754302979e-01 9.190639257431030273e-01 2.385871559381484985e-01 0.000000000000000000e+00 2.000000000000000000e+00
3.405775756835937500e+02 1.568788604736328125e+02 2.472542114257812500e+02 -3.016607761383056641e-01 9.215515255928039551e-01 2.444251626729965210e-01 0.000000000000000000e+00 2.000000000000000000e+00
3.403403320312500000e+02 1.576036224365234375e+02 2.474464416503906250e+02 -2.924536168575286865e-01 9.237920641899108887e-01 2.471419721841812134e-01 0.000000000000000000e+00 2.000000000000000000e+00
3.401131286621093750e+02 1.583213043212890625e+02 2.476384429931640625e+02 -2.865393161773681641e-01 9.258247017860412598e-01 2.464626431465148926e-01 0.000000000000000000e+00 2.000000000000000000e+00
3.398924255371093750e+02 1.590344085693359375e+02 2.478282775878906250e+02 -2.841161787509918213e-01 9.276108145713806152e-01 2.425207048654556274e-01 0.000000000000000000e+00 2.000000000000000000e+00
3.396748046875000000e+02 1.597449188232421875e+02 2.480140380859375000e+02 -2.844573855400085449e-01 9.292355179786682129e-01 2.358081042766571045e-01 0.000000000000000000e+00 2.000000000000000000e+00
3.394577331542968750e+02 1.604540252685546875e+02 2.481939849853515625e+02 -2.864080071449279785e-01 9.308360219001770020e-01 2.269686162471771240e-01 0.000000000000000000e+00 2.000000000000000000e+00
3.392398071289062500e+02 1.611622924804687500e+02 2.483666839599609375e+02 -2.890480160713195801e-01 9.325646162033081055e-01 2.162736654281616211e-01 0.000000000000000000e+00 2.000000000000000000e+00
3.390202941894531250e+02 1.618705139160156250e+02 2.485309295654296875e+02 -2.920733392238616943e-01 9.344577789306640625e-01 2.036710828542709351e-01 0.000000000000000000e+00 2.000000000000000000e+00
3.387986755371093750e+02 1.625795593261718750e+02 2.486854705810546875e+02 -2.943303883075714111e-01 9.367379546165466309e-01 1.894508153200149536e-01 0.000000000000000000e+00 2.000000000000000000e+00
3.385753173828125000e+02 1.632904205322265625e+02 2.488292388916015625e+02 -2.961276471614837646e-01 9.393563866615295410e-01 1.729685664176940918e-01 0.000000000000000000e+00 2.000000000000000000e+00
3.383501586914062500e+02 1.640046539306640625e+02 2.489607543945312500e+02 -2.971806824207305908e-01 9.423845410346984863e-01 1.536066383123397827e-01 0.000000000000000000e+00 2.000000000000000000e+00
3.381232604980468750e+02 1.647241668701171875e+02 2.490780334472656250e+02 -2.982310950756072998e-01 9.454370141029357910e-01 1.311756372451782227e-01 0.000000000000000000e+00 2.000000000000000000e+00
3.378939514160156250e+02 1.654511108398437500e+02 2.491788940429687500e+02 -2.995305359363555908e-01 9.481859207153320312e-01 1.059478297829627991e-01 0.000000000000000000e+00 2.000000000000000000e+00
3.376613464355468750e+02 1.661874389648437500e+02 2.492611694335937500e+02 -3.012318611145019531e-01 9.502972364425659180e-01 7.870458811521530151e-02 0.000000000000000000e+00 2.000000000000000000e+00
3.374245300292968750e+02 1.669345245361328125e+02 2.493230438232421875e+02 -3.033990263938903809e-01 9.515069723129272461e-01 5.082824081182479858e-02 0.000000000000000000e+00 2.000000000000000000e+00
3.371828002929687500e+02 1.676926269531250000e+02 2.493635406494140625e+02 -3.059041500091552734e-01 9.517711400985717773e-01 2.354418113827705383e-02 0.000000000000000000e+00 2.000000000000000000e+00
3.369359741210937500e+02 1.684605865478515625e+02 2.493825378417968750e+02 -3.090578913688659668e-01 9.510409235954284668e-01 -2.115296199917793274e-03 0.000000000000000000e+00 2.000000000000000000e+00
3.366840515136718750e+02 1.692358093261718750e+02 2.493808135986328125e+02 -3.128562271595001221e-01 9.494524002075195312e-01 -2.571166120469570160e-02 0.000000000000000000e+00 2.000000000000000000e+00
3.364274597167968750e+02 1.700145111083984375e+02 2.493597259521484375e+02 -3.176563382148742676e-01 9.470417499542236328e-01 -4.697211086750030518e-02 0.000000000000000000e+00 2.000000000000000000e+00
3.361665954589843750e+02 1.707922363281250000e+02 2.493211517333984375e+02 -3.240357935428619385e-01 9.437299966812133789e-01 -6.613927334547042847e-02 0.000000000000000000e+00 2.000000000000000000e+00
3.359015808105468750e+02 1.715640716552734375e+02 2.492670593261718750e+02 -3.316998779773712158e-01 9.396908879280090332e-01 -8.340474218130111694e-02 0.000000000000000000e+00 2.000000000000000000e+00
3.356325683593750000e+02 1.723261718750000000e+02 2.491994171142578125e+02 -3.410629928112030029e-01 9.347934126853942871e-01 -9.918338060379028320e-02 0.000000000000000000e+00 2.000000000000000000e+00
3.353590393066406250e+02 1.730758666992187500e+02 2.491198730468750000e+02 -3.516076803207397461e-01 9.292764067649841309e-01 -1.132135912775993347e-01 0.000000000000000000e+00 2.000000000000000000e+00
3.350806274414062500e+02 1.738116912841796875e+02 2.490302276611328125e+02 -3.628159761428833008e-01 9.233841896057128906e-01 -1.254038810729980469e-01 0.000000000000000000e+00 2.000000000000000000e+00
3.347971191406250000e+02 1.745332336425781250e+02 2.489322357177734375e+02 -3.744629621505737305e-01 9.173609018325805664e-01 -1.350057423114776611e-01 0.000000000000000000e+00 2.000000000000000000e+00
3.345089416503906250e+02 1.752392120361328125e+02 2.488283386230468750e+02 -3.863385021686553955e-01 9.113911390304565430e-01 -1.418056339025497437e-01 0.000000000000000000e+00 2.000000000000000000e+00
3.342171936035156250e+02 1.759274597167968750e+02 2.487212524414062500e+02 -3.997961282730102539e-01 9.050945639610290527e-01 -1.447994112968444824e-01 0.000000000000000000e+00 2.000000000000000000e+00
3.339222412109375000e+02 1.765951995849609375e+02 2.486144256591796875e+02 -4.153313040733337402e-01 8.982791304588317871e-01 -1.435074061155319214e-01 0.000000000000000000e+00 2.000000000000000000e+00
3.336235351562500000e+02 1.772412414550781250e+02 2.485112152099609375e+02 -4.333330094814300537e-01 8.906003832817077637e-01 -1.380343884229660034e-01 0.000000000000000000e+00 2.000000000000000000e+00
3.333185424804687500e+02 1.778680725097656250e+02 2.484140625000000000e+02 -4.526430070400238037e-01 8.823185563087463379e-01 -1.289508789777755737e-01 0.000000000000000000e+00 2.000000000000000000e+00
3.330033874511718750e+02 1.784823913574218750e+02 2.483242797851562500e+02 -4.710254669189453125e-01 8.742127418518066406e-01 -1.178436726331710815e-01 0.000000000000000000e+00 2.000000000000000000e+00
3.326741027832031250e+02 1.790935363769531250e+02 2.482418975830078125e+02 -4.865333735942840576e-01 8.671193718910217285e-01 -1.067204028367996216e-01 0.000000000000000000e+00 2.000000000000000000e+00
3.323283691406250000e+02 1.797097167968750000e+02 2.481660614013671875e+02 -4.983553886413574219e-01 8.615913391113281250e-01 -9.644773602485656738e-02 0.000000000000000000e+00 2.000000000000000000e+00
3.319669494628906250e+02 1.803345642089843750e+02 2.480961151123046875e+02 -5.071343183517456055e-01 8.574475646018981934e-01 -8.716889470815658569e-02 0.000000000000000000e+00 2.000000000000000000e+00
3.315936584472656250e+02 1.809657135009765625e+02 2.480319519042968750e+02 -5.142487883567810059e-01 8.540239930152893066e-01 -7.868456840515136719e-02 0.000000000000000000e+00 2.000000000000000000e+00
3.312138061523437500e+02 1.815965423583984375e+02 2.479738311767578125e+02 -5.207815170288085938e-01 8.507820963859558105e-01 -7.040178775787353516e-02 0.000000000000000000e+00 2.000000000000000000e+00
3.308325195312500000e+02 1.822194366455078125e+02 2.479222869873046875e+02 -5.270068049430847168e-01 8.475189208984375000e-01 -6.305085867643356323e-02 0.000000000000000000e+00 2.000000000000000000e+00
3.304532165527343750e+02 1.828294219970703125e+02 2.478769073486328125e+02 -5.326932668685913086e-01 8.442853093147277832e-01 -5.848163366317749023e-02 0.000000000000000000e+00 2.000000000000000000e+00
3.300773925781250000e+02 1.834250793457031250e+02 2.478356475830078125e+02 -5.368010401725769043e-01 8.416346907615661621e-01 -5.912419036030769348e-02 0.000000000000000000e+00 2.000000000000000000e+00
3.297048645019531250e+02 1.840091552734375000e+02 2.477946166992187500e+02 -5.393435359001159668e-01 8.393392562866210938e-01 -6.795666366815567017e-02 0.000000000000000000e+00 2.000000000000000000e+00
3.293344116210937500e+02 1.845856628417968750e+02 2.477479400634765625e+02 -5.397188067436218262e-01 8.374008536338806152e-01 -8.639071136713027954e-02 0.000000000000000000e+00 2.000000000000000000e+00
3.289653015136718750e+02 1.851583557128906250e+02 2.476888580322265625e+02 -5.388884544372558594e-01 8.346661329269409180e-01 -1.137177720665931702e-01 0.000000000000000000e+00 2.000000000000000000e+00
3.285965270996093750e+02 1.857295379638671875e+02 2.476110382080078125e+02 -5.376398563385009766e-01 8.302558660507202148e-01 -1.470321416854858398e-01 0.000000000000000000e+00 2.000000000000000000e+00
3.282283325195312500e+02 1.862981262207031250e+02 2.475103454589843750e+02 -5.372678637504577637e-01 8.237393498420715332e-01 -1.810985207557678223e-01 0.000000000000000000e+00 2.000000000000000000e+00
3.278611145019531250e+02 1.868611450195312500e+02 2.473865661621093750e+02 -5.396451354026794434e-01 8.153994083404541016e-01 -2.095399647951126099e-01 0.000000000000000000e+00 2.000000000000000000e+00
3.274946289062500000e+02 1.874149017333984375e+02 2.472442626953125000e+02 -5.459887981414794922e-01 8.063991665840148926e-01 -2.271930128335952759e-01 0.000000000000000000e+00 2.000000000000000000e+00
3.271271972656250000e+02 1.879575805664062500e+02 2.470913696289062500e+02 -5.571979284286499023e-01 7.983765602111816406e-01 -2.283096760511398315e-01 0.000000000000000000e+00 2.000000000000000000e+00
3.267545776367187500e+02 1.884914855957031250e+02 2.469386901855468750e+02 -5.730370879173278809e-01 7.919243574142456055e-01 -2.109132707118988037e-01 0.000000000000000000e+00 2.000000000000000000e+00
3.263696899414062500e+02 1.890233917236328125e+02 2.467970275878906250e+02 -5.923275351524353027e-01 7.858601212501525879e-01 -1.776849180459976196e-01 0.000000000000000000e+00 2.000000000000000000e+00
3.259636230468750000e+02 1.895621337890625000e+02 2.466752166748046875e+02 -6.135604381561279297e-01 7.777236104011535645e-01 -1.367095708847045898e-01 0.000000000000000000e+00 2.000000000000000000e+00
3.255278015136718750e+02 1.901145629882812500e+02 2.465781097412109375e+02 -6.367609500885009766e-01 7.648254632949829102e-01 -9.786504507064819336e-02 0.000000000000000000e+00 2.000000000000000000e+00
3.250558166503906250e+02 1.906814727783203125e+02 2.465055694580078125e+02 -6.626462936401367188e-01 7.457293272018432617e-01 -6.919301301240921021e-02 0.000000000000000000e+00 2.000000000000000000e+00
3.245447998046875000e+02 1.912565612792968750e+02 2.464522094726562500e+02 -6.913294792175292969e-01 7.204712629318237305e-01 -5.463125556707382202e-02 0.000000000000000000e+00 2.000000000000000000e+00
3.239960327148437500e+02 1.918284606933593750e+02 2.464088439941406250e+02 -7.222233414649963379e-01 6.895499825477600098e-01 -5.398207530379295349e-02 0.000000000000000000e+00 2.000000000000000000e+00
3.234142150878906250e+02 1.923839569091796875e+02 2.463653564453125000e+02 -7.523823380470275879e-01 6.556242704391479492e-01 -6.385581940412521362e-02 0.000000000000000000e+00 2.000000000000000000e+00
3.228074340820312500e+02 1.929127044677734375e+02 2.463138580322265625e+02 -7.791337966918945312e-01 6.219525933265686035e-01 -7.826539129018783569e-02 0.000000000000000000e+00 2.000000000000000000e+00
3.221860046386718750e+02 1.934087677001953125e+02 2.462514343261718750e+02 -8.006778955459594727e-01 5.921888351440429688e-01 -9.070439636707305908e-02 0.000000000000000000e+00 2.000000000000000000e+00
3.215611572265625000e+02 1.938709106445312500e+02 2.461806488037109375e+02 -8.165556788444519043e-01 5.691537261009216309e-01 -9.644072502851486206e-02 0.000000000000000000e+00 2.000000000000000000e+00
3.209441223144531250e+02 1.943009948730468750e+02 2.461077728271484375e+02 -8.270301818847656250e-01 5.543161034584045410e-01 -9.356619417667388916e-02 0.000000000000000000e+00 2.000000000000000000e+00
3.203435363769531250e+02 1.947035369873046875e+02 2.460398254394531250e+02 -8.328056931495666504e-01 5.471457242965698242e-01 -8.406151831150054932e-02 0.000000000000000000e+00 2.000000000000000000e+00
3.197642517089843750e+02 1.950841217041015625e+02 2.459813537597656250e+02 -8.340332508087158203e-01 5.470471978187561035e-01 -7.160937786102294922e-02 0.000000000000000000e+00 2.000000000000000000e+00
3.192074584960937500e+02 1.954493255615234375e+02 2.459335479736328125e+02 -8.309435844421386719e-01 5.530102252960205078e-01 -6.093145534396171570e-02 0.000000000000000000e+00 2.000000000000000000e+00
3.186703796386718750e+02 1.958067626953125000e+02 2.458941650390625000e+02 -8.240267634391784668e-01 5.638749003410339355e-01 -5.499927699565887451e-02 0.000000000000000000e+00 2.000000000000000000e+00
3.181477661132812500e+02 1.961643829345703125e+02 2.458592834472656250e+02 -8.140292763710021973e-01 5.782214999198913574e-01 -5.492042377591133118e-02 0.000000000000000000e+00 2.000000000000000000e+00
3.176332397460937500e+02 1.965298614501953125e+02 2.458245697021484375e+02 -8.016104102134704590e-01 5.949310660362243652e-01 -5.897282809019088745e-02 0.000000000000000000e+00 2.000000000000000000e+00
3.171207275390625000e+02 1.969102325439453125e+02 2.457868652343750000e+02 -7.877727746963500977e-01 6.123906970024108887e-01 -6.626998633146286011e-02 0.000000000000000000e+00 2.000000000000000000e+00
3.166055908203125000e+02 1.973106842041015625e+02 2.457435302734375000e+02 -7.731609344482421875e-01 6.296693086624145508e-01 -7.575378566980361938e-02 0.000000000000000000e+00 2.000000000000000000e+00
3.160860595703125000e+02 1.977337951660156250e+02 2.456926269531250000e+02 -7.582711577415466309e-01 6.460388898849487305e-01 -8.751327544450759888e-02 0.000000000000000000e+00 2.000000000000000000e+00
3.155636901855468750e+02 1.981788482666015625e+02 2.456323394775390625e+02 -7.438610196113586426e-01 6.603602170944213867e-01 -1.029328033328056335e-01 0.000000000000000000e+00 2.000000000000000000e+00
3.150426635742187500e+02 1.986413879394531250e+02 2.455602416992187500e+02 -7.307919859886169434e-01 6.715093255043029785e-01 -1.225492656230926514e-01 0.000000000000000000e+00 2.000000000000000000e+00
3.145276489257812500e+02 1.991146240234375000e+02 2.454738769531250000e+02 -7.199124693870544434e-01 6.785212159156799316e-01 -1.460651010274887085e-01 0.000000000000000000e+00 2.000000000000000000e+00
3.140223388671875000e+02 1.995908813476562500e+02 2.453713531494140625e+02 -7.120891809463500977e-01 6.810991764068603516e-01 -1.703900992870330811e-01 0.000000000000000000e+00 2.000000000000000000e+00
3.135276184082031250e+02 2.000640716552734375e+02 2.452529754638671875e+02 -7.074318528175354004e-01 6.806479692459106445e-01 -1.904163360595703125e-01 0.000000000000000000e+00 2.000000000000000000e+00
3.130411682128906250e+02 2.005321044921875000e+02 2.451220397949218750e+02 -7.053129076957702637e-01 6.799336075782775879e-01 -2.005590051412582397e-01 0.000000000000000000e+00 2.000000000000000000e+00
3.125585937500000000e+02 2.009973144531250000e+02 2.449848175048828125e+02 -7.040109634399414062e-01 6.820952892303466797e-01 -1.977740973234176636e-01 0.000000000000000000e+00 2.000000000000000000e+00
3.120747985839843750e+02 2.014660491943359375e+02 2.448489074707031250e+02 -7.007549405097961426e-01 6.891857385635375977e-01 -1.842975467443466187e-01 0.000000000000000000e+00 2.000000000000000000e+00
3.115858764648437500e+02 2.019468994140625000e+02 2.447203216552734375e+02 -6.939536929130554199e-01 7.004408240318298340e-01 -1.667665392160415649e-01 0.000000000000000000e+00 2.000000000000000000e+00
3.110896606445312500e+02 2.024477539062500000e+02 2.446010742187500000e+02 -6.826120018959045410e-01 7.144534587860107422e-01 -1.536135971546173096e-01 0.000000000000000000e+00 2.000000000000000000e+00
3.105868835449218750e+02 2.029739837646484375e+02 2.444879302978515625e+02 -6.826120018959045410e-01 7.144534587860107422e-01 -1.536135971546173096e-01 0.000000000000000000e+00 2.000000000000000000e+00
