3.152723999023437500e+02 1.226943893432617188e+02 2.173014068603515625e+02 1.463943272829055786e-01 -8.571383953094482422e-01 -4.938445687294006348e-01 0.000000000000000000e+00 2.000000000000000000e+00
3.152180480957031250e+02 1.230126190185546875e+02 2.174847564697265625e+02 1.401544362306594849e-01 -8.559362888336181641e-01 -4.977246522903442383e-01 0.000000000000000000e+00 2.000000000000000000e+00
3.151513671875000000e+02 1.234198455810546875e+02 2.177215576171875000e+02 1.315161138772964478e-01 -8.541815876960754395e-01 -5.030679702758789062e-01 0.000000000000000000e+00 2.000000000000000000e+00
3.150768432617187500e+02 1.239038696289062500e+02 2.180066223144531250e+02 1.206937283277511597e-01 -8.518331050872802734e-01 -5.097188949584960938e-01 0.000000000000000000e+00 2.000000000000000000e+00
3.150004272460937500e+02 1.244431991577148438e+02 2.183293457031250000e+02 1.073765307664871216e-01 -8.488903045654296875e-01 -5.175476074218750000e-01 0.000000000000000000e+00 2.000000000000000000e+00
3.149283142089843750e+02 1.250133056640625000e+02 2.186769256591796875e+02 9.240208566188812256e-02 -8.453744053840637207e-01 -5.261216163635253906e-01 0.000000000000000000e+00 2.000000000000000000e+00
3.148650207519531250e+02 1.255923690795898438e+02 2.190373077392578125e+02 7.705370336771011353e-02 -8.417366743087768555e-01 -5.343613624572753906e-01 0.000000000000000000e+00 2.000000000000000000e+00
3.148125000000000000e+02 1.261661071777343750e+02 2.194015350341796875e+02 6.357109546661376953e-02 -8.389154672622680664e-01 -5.405363440513610840e-01 0.000000000000000000e+00 2.000000000000000000e+00
3.147698669433593750e+02 1.267287139892578125e+02 2.197640380859375000e+02 5.403986573219299316e-02 -8.379073739051818848e-01 -5.431307554244995117e-01 0.000000000000000000e+00 2.000000000000000000e+00
3.147342529296875000e+02 1.272809219360351562e+02 2.201219787597656250e+02 5.052033066749572754e-02 -8.396131992340087891e-01 -5.408301949501037598e-01 0.000000000000000000e+00 2.000000000000000000e+00
3.147013854980468750e+02 1.278271560668945312e+02 2.204738311767578125e+02 5.292344093322753906e-02 -8.446132540702819824e-01 -5.327547788619995117e-01 0.000000000000000000e+00 2.000000000000000000e+00
3.146672058105468750e+02 1.283726348876953125e+02 2.208179016113281250e+02 6.171041354537010193e-02 -8.526804447174072266e-01 -5.187754034996032715e-01 0.000000000000000000e+00 2.000000000000000000e+00
3.146275024414062500e+02 1.289212341308593750e+02 2.211516723632812500e+02 7.524328678846359253e-02 -8.630666136741638184e-01 -4.994540214538574219e-01 0.000000000000000000e+00 2.000000000000000000e+00
3.145791320800781250e+02 1.294760589599609375e+02 2.214727478027343750e+02 9.299008548259735107e-02 -8.746287226676940918e-01 -4.757913649082183838e-01 0.000000000000000000e+00 2.000000000000000000e+00
3.145193176269531250e+02 1.300386505126953125e+02 2.217787933349609375e+02 1.126026958227157593e-01 -8.861249685287475586e-01 -4.495587944984436035e-01 0.000000000000000000e+00 2.000000000000000000e+00
3.144467163085937500e+02 1.306099853515625000e+02 2.220686492919921875e+02 1.328083276748657227e-01 -8.966327905654907227e-01 -4.223879277706146240e-01 0.000000000000000000e+00 2.000000000000000000e+00
3.143606262207031250e+02 1.311912078857421875e+02 2.223424530029296875e+02 1.513108313083648682e-01 -9.055526256561279297e-01 -3.963325619697570801e-01 0.000000000000000000e+00 2.000000000000000000e+00
3.142617797851562500e+02 1.317827758789062500e+02 2.226013641357421875e+02 1.662491858005523682e-01 -9.129588603973388672e-01 -3.726490139961242676e-01 0.000000000000000000e+00 2.000000000000000000e+00
3.141521606445312500e+02 1.323847503662109375e+02 2.228470764160156250e+02 1.759357005357742310e-01 -9.193305373191833496e-01 -3.519631028175354004e-01 0.000000000000000000e+00 2.000000000000000000e+00
3.140350341796875000e+02 1.329967803955078125e+02 2.230813903808593750e+02 1.790364533662796021e-01 -9.252259135246276855e-01 -3.345190584659576416e-01 0.000000000000000000e+00 2.000000000000000000e+00
3.139146423339843750e+02 1.336189422607421875e+02 2.233063354492187500e+02 1.740141659975051880e-01 -9.314059019088745117e-01 -3.196905553340911865e-01 0.000000000000000000e+00 2.000000000000000000e+00
3.137961120605468750e+02 1.342533721923828125e+02 2.235240936279296875e+02 1.598930954933166504e-01 -9.382621645927429199e-01 -3.067547678947448730e-01 0.000000000000000000e+00 2.000000000000000000e+00
3.136850891113281250e+02 1.349048614501953125e+02 2.237370910644531250e+02 1.375250965356826782e-01 -9.456079006195068359e-01 -2.948095500469207764e-01 0.000000000000000000e+00 2.000000000000000000e+00
3.135868530273437500e+02 1.355803222656250000e+02 2.239476776123046875e+02 1.089962944388389587e-01 -9.529260993003845215e-01 -2.829339802265167236e-01 0.000000000000000000e+00 2.000000000000000000e+00
3.135059509277343750e+02 1.362876281738281250e+02 2.241576843261718750e+02 7.829346507787704468e-02 -9.594383835792541504e-01 -2.708286941051483154e-01 0.000000000000000000e+00 2.000000000000000000e+00
3.134450683593750000e+02 1.370337066650390625e+02 2.243682861328125000e+02 5.013080313801765442e-02 -9.645696878433227539e-01 -2.590215802192687988e-01 0.000000000000000000e+00 2.000000000000000000e+00
3.134041137695312500e+02 1.378217163085937500e+02 2.245798950195312500e+02 2.860710024833679199e-02 -9.681470394134521484e-01 -2.487426549196243286e-01 0.000000000000000000e+00 2.000000000000000000e+00
3.133796386718750000e+02 1.386500244140625000e+02 2.247927093505859375e+02 1.528723072260618210e-02 -9.702238440513610840e-01 -2.417271882295608521e-01 0.000000000000000000e+00 2.000000000000000000e+00
3.133660583496093750e+02 1.395119171142578125e+02 2.250074462890625000e+02 9.954756125807762146e-03 -9.709071516990661621e-01 -2.392493337392807007e-01 0.000000000000000000e+00 2.000000000000000000e+00
3.133569946289062500e+02 1.403959197998046875e+02 2.252252807617187500e+02 9.125976823270320892e-03 -9.701742529869079590e-01 -2.422365993261337280e-01 0.000000000000000000e+00 2.000000000000000000e+00
3.133486022949218750e+02 1.412881011962890625e+02 2.254480438232421875e+02 7.831174880266189575e-03 -9.680165052413940430e-01 -2.507642209529876709e-01 0.000000000000000000e+00 2.000000000000000000e+00
3.133414306640625000e+02 1.421745910644531250e+02 2.256776885986328125e+02 -0.000000000000000000e+00 -9.647060036659240723e-01 -2.633292973041534424e-01 0.000000000000000000e+00 2.000000000000000000e+00
3.133414306640625000e+02 1.430445709228515625e+02 2.259151611328125000e+02 -1.836706511676311493e-02 -9.604314565658569336e-01 -2.779099643230438232e-01 0.000000000000000000e+00 2.000000000000000000e+00
3.133576354980468750e+02 1.438919372558593750e+02 2.261603546142578125e+02 -4.856062680482864380e-02 -9.554329514503479004e-01 -2.911866605281829834e-01 0.000000000000000000e+00 2.000000000000000000e+00
3.133994750976562500e+02 1.447151336669921875e+02 2.264112396240234375e+02 -8.761052787303924561e-02 -9.498025178909301758e-01 -3.003323674201965332e-01 0.000000000000000000e+00 2.000000000000000000e+00
3.134732666015625000e+02 1.455151214599609375e+02 2.266641998291015625e+02 -1.293305903673171997e-01 -9.436028599739074707e-01 -3.047740459442138672e-01 0.000000000000000000e+00 2.000000000000000000e+00
3.135799560546875000e+02 1.462935333251953125e+02 2.269156188964843750e+02 -1.685478389263153076e-01 -9.368988275527954102e-01 -3.062876760959625244e-01 0.000000000000000000e+00 2.000000000000000000e+00
3.137162780761718750e+02 1.470513000488281250e+02 2.271633453369140625e+02 -2.016879320144653320e-01 -9.298794269561767578e-01 -3.076462149620056152e-01 0.000000000000000000e+00 2.000000000000000000e+00
3.138763427734375000e+02 1.477892761230468750e+02 2.274075012207031250e+02 -2.276788651943206787e-01 -9.225081205368041992e-01 -3.116748034954071045e-01 0.000000000000000000e+00 2.000000000000000000e+00
3.140539855957031250e+02 1.485090484619140625e+02 2.276506805419921875e+02 -2.462355196475982666e-01 -9.148779511451721191e-01 -3.199475705623626709e-01 0.000000000000000000e+00 2.000000000000000000e+00
3.142434997558593750e+02 1.492131805419921875e+02 2.278969268798828125e+02 -2.570837438106536865e-01 -9.077594280242919922e-01 -3.314827084541320801e-01 0.000000000000000000e+00 2.000000000000000000e+00
3.144394836425781250e+02 1.499051971435546875e+02 2.281496276855468750e+02 -2.597688436508178711e-01 -9.019751548767089844e-01 -3.449072241783142090e-01 0.000000000000000000e+00 2.000000000000000000e+00
3.146361389160156250e+02 1.505880279541015625e+02 2.284107360839843750e+02 -2.521968483924865723e-01 -8.987584710121154785e-01 -3.586501479148864746e-01 0.000000000000000000e+00 2.000000000000000000e+00
3.148255615234375000e+02 1.512630767822265625e+02 2.286801147460937500e+02 -2.335770726203918457e-01 -8.982723355293273926e-01 -3.722211420536041260e-01 0.000000000000000000e+00 2.000000000000000000e+00
3.149992370605468750e+02 1.519309844970703125e+02 2.289568786621093750e+02 -2.040314078330993652e-01 -8.998005390167236328e-01 -3.856554627418518066e-01 0.000000000000000000e+00 2.000000000000000000e+00
3.151492919921875000e+02 1.525927429199218750e+02 2.292405090332031250e+02 -1.667179465293884277e-01 -9.018893837928771973e-01 -3.984980881214141846e-01 0.000000000000000000e+00 2.000000000000000000e+00
3.152710876464843750e+02 1.532516174316406250e+02 2.295316314697265625e+02 -1.265528202056884766e-01 -9.033598303794860840e-01 -4.097871184349060059e-01 0.000000000000000000e+00 2.000000000000000000e+00
3.153638305664062500e+02 1.539136352539062500e+02 2.298319396972656250e+02 -9.003018587827682495e-02 -9.034953117370605469e-01 -4.190354645252227783e-01 0.000000000000000000e+00 2.000000000000000000e+00
3.154309387207031250e+02 1.545870971679687500e+02 2.301442871093750000e+02 -6.201951205730438232e-02 -9.024018049240112305e-01 -4.264089763164520264e-01 0.000000000000000000e+00 2.000000000000000000e+00
3.154785766601562500e+02 1.552802429199218750e+02 2.304718170166015625e+02 -4.433322325348854065e-02 -9.004803895950317383e-01 -4.326311051845550537e-01 0.000000000000000000e+00 2.000000000000000000e+00
3.155139770507812500e+02 1.559992828369140625e+02 2.308172760009765625e+02 -3.572951629757881165e-02 -8.980018496513366699e-01 -4.385385811328887939e-01 0.000000000000000000e+00 2.000000000000000000e+00
3.155437316894531250e+02 1.567471160888671875e+02 2.311824798583984375e+02 -3.335970267653465271e-02 -8.948819637298583984e-01 -4.450543820858001709e-01 0.000000000000000000e+00 2.000000000000000000e+00
3.155726318359375000e+02 1.575223693847656250e+02 2.315680389404296875e+02 -3.448467701673507690e-02 -8.909109830856323242e-01 -4.528669714927673340e-01 0.000000000000000000e+00 2.000000000000000000e+00
3.156035156250000000e+02 1.583202514648437500e+02 2.319736175537109375e+02 -3.566505759954452515e-02 -8.860756158828735352e-01 -4.621666371822357178e-01 0.000000000000000000e+00 2.000000000000000000e+00
3.156362609863281250e+02 1.591337890625000000e+02 2.323979492187500000e+02 -3.525730967521667480e-02 -8.806478381156921387e-01 -4.724577665328979492e-01 0.000000000000000000e+00 2.000000000000000000e+00
3.156691589355468750e+02 1.599555053710937500e+02 2.328387908935546875e+02 -3.095916286110877991e-02 -8.746612668037414551e-01 -4.837450385093688965e-01 0.000000000000000000e+00 2.000000000000000000e+00
3.156982727050781250e+02 1.607780303955078125e+02 2.332937011718750000e+02 -2.218681760132312775e-02 -8.684971332550048828e-01 -4.951974451541900635e-01 0.000000000000000000e+00 2.000000000000000000e+00
3.157191467285156250e+02 1.615951385498046875e+02 2.337595977783203125e+02 -9.525294415652751923e-03 -8.625773787498474121e-01 -5.058355331420898438e-01 0.000000000000000000e+00 2.000000000000000000e+00
3.157280578613281250e+02 1.624020996093750000e+02 2.342328186035156250e+02 5.209270864725112915e-03 -8.572877645492553711e-01 -5.148111581802368164e-01 0.000000000000000000e+00 2.000000000000000000e+00
3.157232360839843750e+02 1.631956176757812500e+02 2.347093353271484375e+02 1.963978074491024017e-02 -8.527746796607971191e-01 -5.219096541404724121e-01 0.000000000000000000e+00 2.000000000000000000e+00
3.157053222656250000e+02 1.639734497070312500e+02 2.351853790283203125e+02 3.155851364135742188e-02 -8.491861820220947266e-01 -5.271497368812561035e-01 0.000000000000000000e+00 2.000000000000000000e+00
3.156770324707031250e+02 1.647346801757812500e+02 2.356579284667968750e+02 4.007923230528831482e-02 -8.460708260536193848e-01 -5.315616726875305176e-01 0.000000000000000000e+00 2.000000000000000000e+00
3.156417846679687500e+02 1.654787597656250000e+02 2.361254119873046875e+02 4.668133705854415894e-02 -8.433961868286132812e-01 -5.352604389190673828e-01 0.000000000000000000e+00 2.000000000000000000e+00
3.156015319824218750e+02 1.662060089111328125e+02 2.365869598388671875e+02 5.536559969186782837e-02 -8.410951495170593262e-01 -5.380460619926452637e-01 0.000000000000000000e+00 2.000000000000000000e+00
3.155547180175781250e+02 1.669171905517578125e+02 2.370419006347656250e+02 6.889446824789047241e-02 -8.393937349319458008e-01 -5.391396880149841309e-01 0.000000000000000000e+00 2.000000000000000000e+00
3.154975891113281250e+02 1.676132354736328125e+02 2.374889678955078125e+02 8.967471867799758911e-02 -8.385037183761596680e-01 -5.374662876129150391e-01 0.000000000000000000e+00 2.000000000000000000e+00
3.154247131347656250e+02 1.682946624755859375e+02 2.379257507324218750e+02 1.154581084847450256e-01 -8.387127518653869629e-01 -5.321938991546630859e-01 0.000000000000000000e+00 2.000000000000000000e+00
3.153329467773437500e+02 1.689612731933593750e+02 2.383487396240234375e+02 1.427558362483978271e-01 -8.397784233093261719e-01 -5.238252878189086914e-01 0.000000000000000000e+00 2.000000000000000000e+00
3.152223205566406250e+02 1.696120452880859375e+02 2.387546691894531250e+02 1.662078201770782471e-01 -8.418629169464111328e-01 -5.134605765342712402e-01 0.000000000000000000e+00 2.000000000000000000e+00
3.150971984863281250e+02 1.702458038330078125e+02 2.391412048339843750e+02 1.822095066308975220e-01 -8.454763889312744141e-01 -5.019656419754028320e-01 0.000000000000000000e+00 2.000000000000000000e+00
3.149643554687500000e+02 1.708622131347656250e+02 2.395071716308593750e+02 1.898914277553558350e-01 -8.513956069946289062e-01 -4.889444708824157715e-01 0.000000000000000000e+00 2.000000000000000000e+00
3.148304443359375000e+02 1.714626159667968750e+02 2.398519744873046875e+02 1.912548243999481201e-01 -8.599545359611511230e-01 -4.731804132461547852e-01 0.000000000000000000e+00 2.000000000000000000e+00
3.146997375488281250e+02 1.720503234863281250e+02 2.401753540039062500e+02 1.901616007089614868e-01 -8.711878657341003418e-01 -4.526259005069732666e-01 0.000000000000000000e+00 2.000000000000000000e+00
3.145732421875000000e+02 1.726298370361328125e+02 2.404764404296875000e+02 1.904098391532897949e-01 -8.841729164123535156e-01 -4.265939593315124512e-01 0.000000000000000000e+00 2.000000000000000000e+00
3.144492797851562500e+02 1.732054595947265625e+02 2.407541656494140625e+02 1.927896738052368164e-01 -8.977484107017517090e-01 -3.960808813571929932e-01 0.000000000000000000e+00 2.000000000000000000e+00
3.143257446289062500e+02 1.737807159423828125e+02 2.410079650878906250e+02 1.962353587150573730e-01 -9.104424715042114258e-01 -3.641240000724792480e-01 0.000000000000000000e+00 2.000000000000000000e+00
3.142014160156250000e+02 1.743575439453125000e+02 2.412386627197265625e+02 1.984152942895889282e-01 -9.214631319046020508e-01 -3.339716196060180664e-01 0.000000000000000000e+00 2.000000000000000000e+00
3.140764770507812500e+02 1.749377746582031250e+02 2.414489593505859375e+02 1.957425624132156372e-01 -9.308921098709106445e-01 -3.084229826927185059e-01 0.000000000000000000e+00 2.000000000000000000e+00
3.139532470703125000e+02 1.755238189697265625e+02 2.416431274414062500e+02 1.851185858249664307e-01 -9.394095540046691895e-01 -2.885149121284484863e-01 0.000000000000000000e+00 2.000000000000000000e+00
3.138356933593750000e+02 1.761203613281250000e+02 2.418263397216796875e+02 1.643436998128890991e-01 -9.477514028549194336e-01 -2.734201252460479736e-01 0.000000000000000000e+00 2.000000000000000000e+00
3.137290649414062500e+02 1.767352752685546875e+02 2.420037384033203125e+02 1.339775323867797852e-01 -9.560444355010986328e-01 -2.608237862586975098e-01 0.000000000000000000e+00 2.000000000000000000e+00
3.136387634277343750e+02 1.773796539306640625e+02 2.421795349121093750e+02 9.733118861913681030e-02 -9.636772871017456055e-01 -2.487019598484039307e-01 0.000000000000000000e+00 2.000000000000000000e+00
3.135693969726562500e+02 1.780664520263671875e+02 2.423567810058593750e+02 5.975314229726791382e-02 -9.700405597686767578e-01 -2.354800701141357422e-01 0.000000000000000000e+00 2.000000000000000000e+00
3.135237121582031250e+02 1.788081054687500000e+02 2.425368194580078125e+02 2.679649181663990021e-02 -9.748748540878295898e-01 -2.211357355117797852e-01 0.000000000000000000e+00 2.000000000000000000e+00
3.135015869140625000e+02 1.796130371093750000e+02 2.427194061279296875e+02 -3.778107929974794388e-04 -9.784955978393554688e-01 -2.062675058841705322e-01 0.000000000000000000e+00 2.000000000000000000e+00
3.135019226074218750e+02 1.804824523925781250e+02 2.429026794433593750e+02 -2.234948799014091492e-02 -9.811134338378906250e-01 -1.921376734972000122e-01 0.000000000000000000e+00 2.000000000000000000e+00
3.135230102539062500e+02 1.814081726074218750e+02 2.430839691162109375e+02 -4.262920469045639038e-02 -9.828175902366638184e-01 -1.795895099639892578e-01 0.000000000000000000e+00 2.000000000000000000e+00
3.135648803710937500e+02 1.823734893798828125e+02 2.432603607177734375e+02 -6.413493305444717407e-02 -9.834175705909729004e-01 -1.696368902921676636e-01 0.000000000000000000e+00 2.000000000000000000e+00
3.136289672851562500e+02 1.833561706542968750e+02 2.434298706054687500e+02 -8.964230120182037354e-02 -9.826116561889648438e-01 -1.625994741916656494e-01 0.000000000000000000e+00 2.000000000000000000e+00
3.137180786132812500e+02 1.843329620361328125e+02 2.435915069580078125e+02 -1.195914819836616516e-01 -9.800775647163391113e-01 -1.585743427276611328e-01 0.000000000000000000e+00 2.000000000000000000e+00
3.138340759277343750e+02 1.852835845947265625e+02 2.437453155517578125e+02 -1.532752811908721924e-01 -9.756126999855041504e-01 -1.571194380521774292e-01 0.000000000000000000e+00 2.000000000000000000e+00
3.139770507812500000e+02 1.861936340332031250e+02 2.438918762207031250e+02 -1.891988515853881836e-01 -9.692448377609252930e-01 -1.573795080184936523e-01 0.000000000000000000e+00 2.000000000000000000e+00
3.141451721191406250e+02 1.870549011230468750e+02 2.440317230224609375e+02 -2.255438417196273804e-01 -9.612670540809631348e-01 -1.584164053201675415e-01 0.000000000000000000e+00 2.000000000000000000e+00
3.143353271484375000e+02 1.878653411865234375e+02 2.441652832031250000e+02 -2.612832188606262207e-01 -9.519644379615783691e-01 -1.596709489822387695e-01 0.000000000000000000e+00 2.000000000000000000e+00
3.145444946289062500e+02 1.886274261474609375e+02 2.442931060791015625e+02 -2.966305613517761230e-01 -9.413642287254333496e-01 -1.607596427202224731e-01 0.000000000000000000e+00 2.000000000000000000e+00
3.147714538574218750e+02 1.893476867675781250e+02 2.444161071777343750e+02 -3.300269544124603271e-01 -9.299633502960205078e-01 -1.620199829339981079e-01 0.000000000000000000e+00 2.000000000000000000e+00
3.150153808593750000e+02 1.900350341796875000e+02 2.445358581542968750e+02 -3.602163195610046387e-01 -9.184777736663818359e-01 -1.632263213396072388e-01 0.000000000000000000e+00 2.000000000000000000e+00
3.152758483886718750e+02 1.906991729736328125e+02 2.446538848876953125e+02 -3.837976455688476562e-01 -9.087356925010681152e-01 -1.640084236860275269e-01 0.000000000000000000e+00 2.000000000000000000e+00
3.155498657226562500e+02 1.913479766845703125e+02 2.447709808349609375e+02 -3.959926962852478027e-01 -9.036856293678283691e-01 -1.629176735877990723e-01 0.000000000000000000e+00 2.000000000000000000e+00
3.158302917480468750e+02 1.919879302978515625e+02 2.448863525390625000e+02 -3.896575570106506348e-01 -9.073094725608825684e-01 -1.579763293266296387e-01 0.000000000000000000e+00 2.000000000000000000e+00
3.161037597656250000e+02 1.926246948242187500e+02 2.449972229003906250e+02 -3.561691939830780029e-01 -9.227779507637023926e-01 -1.470520347356796265e-01 0.000000000000000000e+00 2.000000000000000000e+00
3.163503417968750000e+02 1.932635498046875000e+02 2.450990295410156250e+02 -2.855990529060363770e-01 -9.497255682945251465e-01 -1.282752603292465210e-01 0.000000000000000000e+00 2.000000000000000000e+00
3.165447692871093750e+02 1.939100952148437500e+02 2.451863555908203125e+02 -1.704859733581542969e-01 -9.801920652389526367e-01 -1.007871627807617188e-01 0.000000000000000000e+00 2.000000000000000000e+00
3.166592407226562500e+02 1.945682373046875000e+02 2.452540283203125000e+02 -1.436245907098054886e-02 -9.976909756660461426e-01 -6.638092547655105591e-02 0.000000000000000000e+00 2.000000000000000000e+00
3.166688842773437500e+02 1.952381286621093750e+02 2.452985992431640625e+02 1.637560129165649414e-01 -9.860504865646362305e-01 -2.980617433786392212e-02 0.000000000000000000e+00 2.000000000000000000e+00
3.165565490722656250e+02 1.959145507812500000e+02 2.453190460205078125e+02 3.344934582710266113e-01 -9.423915147781372070e-01 3.502996638417243958e-03 0.000000000000000000e+00 2.000000000000000000e+00
3.163175964355468750e+02 1.965877685546875000e+02 2.453165435791015625e+02 4.755089282989501953e-01 -8.792034387588500977e-01 2.987693063914775848e-02 0.000000000000000000e+00 2.000000000000000000e+00
3.159608459472656250e+02 1.972473907470703125e+02 2.452941284179687500e+02 5.783633589744567871e-01 -8.142368793487548828e-01 5.014036968350410461e-02 0.000000000000000000e+00 2.000000000000000000e+00
3.155067443847656250e+02 1.978866882324218750e+02 2.452547607421875000e+02 6.460435390472412109e-01 -7.603692412376403809e-01 6.683079898357391357e-02 0.000000000000000000e+00 2.000000000000000000e+00
3.149816284179687500e+02 1.985047302246093750e+02 2.452004394531250000e+02 6.851066350936889648e-01 -7.237523794174194336e-01 8.253122866153717041e-02 0.000000000000000000e+00 2.000000000000000000e+00
3.144130249023437500e+02 1.991054077148437500e+02 2.451319427490234375e+02 7.033883333206176758e-01 -7.039896845817565918e-01 9.820102900266647339e-02 0.000000000000000000e+00 2.000000000000000000e+00
3.138240356445312500e+02 1.996949005126953125e+02 2.450497131347656250e+02 7.076981067657470703e-01 -6.974173188209533691e-01 1.130158752202987671e-01 0.000000000000000000e+00 2.000000000000000000e+00
3.132316284179687500e+02 2.002787017822265625e+02 2.449551086425781250e+02 7.036613225936889648e-01 -6.993994116783142090e-01 1.253047734498977661e-01 0.000000000000000000e+00 2.000000000000000000e+00
3.126471557617187500e+02 2.008596343994140625e+02 2.448510284423828125e+02 6.955907940864562988e-01 -7.058678269386291504e-01 1.338061988353729248e-01 0.000000000000000000e+00 2.000000000000000000e+00
3.120780944824218750e+02 2.014371032714843750e+02 2.447415618896484375e+02 6.856283545494079590e-01 -7.145625352859497070e-01 1.389756202697753906e-01 0.000000000000000000e+00 2.000000000000000000e+00
3.115306701660156250e+02 2.020076293945312500e+02 2.446305999755859375e+02 6.742027997970581055e-01 -7.245999574661254883e-01 1.428479552268981934e-01 0.000000000000000000e+00 2.000000000000000000e+00
3.110103454589843750e+02 2.025668487548828125e+02 2.445203552246093750e+02 6.609563231468200684e-01 -7.356450557708740234e-01 1.481995433568954468e-01 0.000000000000000000e+00 2.000000000000000000e+00
3.105223388671875000e+02 2.031100006103515625e+02 2.444109344482421875e+02 6.466475725173950195e-01 -7.465190291404724121e-01 1.567042768001556396e-01 0.000000000000000000e+00 2.000000000000000000e+00
3.100695495605468750e+02 2.036327209472656250e+02 2.443012084960937500e+02 6.323407888412475586e-01 -7.564386129379272461e-01 1.671700179576873779e-01 0.000000000000000000e+00 2.000000000000000000e+00
3.096510925292968750e+02 2.041333007812500000e+02 2.441905822753906250e+02 6.199044585227966309e-01 -7.647882103919982910e-01 1.755490303039550781e-01 0.000000000000000000e+00 2.000000000000000000e+00
3.092611999511718750e+02 2.046143188476562500e+02 2.440801696777343750e+02 6.112031936645507812e-01 -7.714850306510925293e-01 1.767525523900985718e-01 0.000000000000000000e+00 2.000000000000000000e+00
3.088903198242187500e+02 2.050824584960937500e+02 2.439729156494140625e+02 6.074263453483581543e-01 -7.762238383293151855e-01 1.688484251499176025e-01 0.000000000000000000e+00 2.000000000000000000e+00
3.085264892578125000e+02 2.055473937988281250e+02 2.438717803955078125e+02 6.069529056549072266e-01 -7.792269587516784668e-01 1.562485396862030029e-01 0.000000000000000000e+00 2.000000000000000000e+00
3.081589355468750000e+02 2.060192718505859375e+02 2.437771606445312500e+02 6.077795028686523438e-01 -7.803745865821838379e-01 1.470363140106201172e-01 0.000000000000000000e+00 2.000000000000000000e+00
3.077801208496093750e+02 2.065056610107421875e+02 2.436855163574218750e+02 6.083157658576965332e-01 -7.796406745910644531e-01 1.487020254135131836e-01 0.000000000000000000e+00 2.000000000000000000e+00
3.073870544433593750e+02 2.070094299316406250e+02 2.435894317626953125e+02 6.074166297912597656e-01 -7.772374153137207031e-01 1.641555428504943848e-01 0.000000000000000000e+00 2.000000000000000000e+00
3.069813232421875000e+02 2.075285949707031250e+02 2.434797821044921875e+02 6.046466231346130371e-01 -7.731865048408508301e-01 1.912721395492553711e-01 0.000000000000000000e+00 2.000000000000000000e+00
3.065677490234375000e+02 2.080574493408203125e+02 2.433489532470703125e+02 5.998913645744323730e-01 -7.680090069770812988e-01 2.242596894502639771e-01 0.000000000000000000e+00 2.000000000000000000e+00
3.061523132324218750e+02 2.085893096923828125e+02 2.431936492919921875e+02 5.937874913215637207e-01 -7.625809907913208008e-01 2.566838860511779785e-01 0.000000000000000000e+00 2.000000000000000000e+00
3.057399597167968750e+02 2.091188812255859375e+02 2.430153961181640625e+02 5.871728062629699707e-01 -7.581039071083068848e-01 2.837368547916412354e-01 0.000000000000000000e+00 2.000000000000000000e+00
3.053342590332031250e+02 2.096426849365234375e+02 2.428193511962890625e+02 5.813928246498107910e-01 -7.551329135894775391e-01 3.029137253761291504e-01 0.000000000000000000e+00 2.000000000000000000e+00
3.049363403320312500e+02 2.101595153808593750e+02 2.426120300292968750e+02 5.777912139892578125e-01 -7.529006600379943848e-01 3.151158094406127930e-01 0.000000000000000000e+00 2.000000000000000000e+00
3.045452880859375000e+02 2.106690826416015625e+02 2.423987579345703125e+02 5.769277811050415039e-01 -7.500563263893127441e-01 3.233725428581237793e-01 0.000000000000000000e+00 2.000000000000000000e+00
3.041594543457031250e+02 2.111707000732421875e+02 2.421824951171875000e+02 5.794560313224792480e-01 -7.447444200515747070e-01 3.310385644435882568e-01 0.000000000000000000e+00 2.000000000000000000e+00
3.037765502929687500e+02 2.116628265380859375e+02 2.419637451171875000e+02 5.855705142021179199e-01 -7.354623675346374512e-01 3.408845365047454834e-01 0.000000000000000000e+00 2.000000000000000000e+00
3.033948059082031250e+02 2.121422882080078125e+02 2.417415161132812500e+02 5.950858592987060547e-01 -7.218162417411804199e-01 3.533470928668975830e-01 0.000000000000000000e+00 2.000000000000000000e+00
3.030129089355468750e+02 2.126055145263671875e+02 2.415147552490234375e+02 6.075045466423034668e-01 -7.038830518722534180e-01 3.680854141712188721e-01 0.000000000000000000e+00 2.000000000000000000e+00
3.026304931640625000e+02 2.130485992431640625e+02 2.412830505371093750e+02 6.219448447227478027e-01 -6.829572916030883789e-01 3.830848336219787598e-01 0.000000000000000000e+00 2.000000000000000000e+00
3.022483215332031250e+02 2.134682617187500000e+02 2.410476531982421875e+02 6.374844312667846680e-01 -6.607502698898315430e-01 3.962609767913818359e-01 0.000000000000000000e+00 2.000000000000000000e+00
3.018678588867187500e+02 2.138626098632812500e+02 2.408111572265625000e+02 6.530215740203857422e-01 -6.392011642456054688e-01 4.061830341815948486e-01 0.000000000000000000e+00 2.000000000000000000e+00
3.014907836914062500e+02 2.142317047119140625e+02 2.405766143798828125e+02 6.676320433616638184e-01 -6.202601194381713867e-01 4.117583334445953369e-01 0.000000000000000000e+00 2.000000000000000000e+00
3.011178894042968750e+02 2.145781402587890625e+02 2.403466339111328125e+02 6.795294284820556641e-01 -6.058336496353149414e-01 4.137695431709289551e-01 0.000000000000000000e+00 2.000000000000000000e+00
3.007488403320312500e+02 2.149071655273437500e+02 2.401219177246093750e+02 6.880646347999572754e-01 -5.967435240745544434e-01 4.128730595111846924e-01 0.000000000000000000e+00 2.000000000000000000e+00
3.003812866210937500e+02 2.152259368896484375e+02 2.399013671875000000e+02 6.928115487098693848e-01 -5.934180617332458496e-01 4.097158908843994141e-01 0.000000000000000000e+00 2.000000000000000000e+00
3.000112609863281250e+02 2.155428771972656250e+02 2.396825408935546875e+02 6.947382092475891113e-01 -5.946112275123596191e-01 4.046928882598876953e-01 0.000000000000000000e+00 2.000000000000000000e+00
2.996338195800781250e+02 2.158659210205078125e+02 2.394626770019531250e+02 6.955538988113403320e-01 -5.982210636138916016e-01 3.979148268699645996e-01 0.000000000000000000e+00 2.000000000000000000e+00
2.992443237304687500e+02 2.162009124755859375e+02 2.392398529052734375e+02 6.967178583145141602e-01 -6.016463041305541992e-01 3.906480073928833008e-01 0.000000000000000000e+00 2.000000000000000000e+00
2.988400878906250000e+02 2.165499877929687500e+02 2.390131988525390625e+02 6.991695165634155273e-01 -6.024839878082275391e-01 3.849351704120635986e-01 0.000000000000000000e+00 2.000000000000000000e+00
2.984208984375000000e+02 2.169112091064453125e+02 2.387824096679687500e+02 7.031270265579223633e-01 -5.992124676704406738e-01 3.828274309635162354e-01 0.000000000000000000e+00 2.000000000000000000e+00
2.979895324707031250e+02 2.172788238525390625e+02 2.385475463867187500e+02 7.080793380737304688e-01 -5.915275216102600098e-01 3.856406807899475098e-01 0.000000000000000000e+00 2.000000000000000000e+00
2.975508728027343750e+02 2.176452789306640625e+02 2.383086395263671875e+02 7.137455344200134277e-01 -5.800634026527404785e-01 3.925476968288421631e-01 0.000000000000000000e+00 2.000000000000000000e+00
2.971100463867187500e+02 2.180035400390625000e+02 2.380661926269531250e+02 7.198516130447387695e-01 -5.666161179542541504e-01 4.009487032890319824e-01 0.000000000000000000e+00 2.000000000000000000e+00
2.966709289550781250e+02 2.183491821289062500e+02 2.378216094970703125e+02 7.261534929275512695e-01 -5.540024042129516602e-01 4.071639180183410645e-01 0.000000000000000000e+00 2.000000000000000000e+00
2.962353820800781250e+02 2.186814727783203125e+02 2.375773925781250000e+02 7.325319051742553711e-01 -5.451124310493469238e-01 4.077368676662445068e-01 0.000000000000000000e+00 2.000000000000000000e+00
2.958025207519531250e+02 2.190035858154296875e+02 2.373364562988281250e+02 7.381029725074768066e-01 -5.423445105552673340e-01 4.013307988643646240e-01 0.000000000000000000e+00 2.000000000000000000e+00
2.953698730468750000e+02 2.193214874267578125e+02 2.371012115478515625e+02 7.421267032623291016e-01 -5.458007454872131348e-01 3.890364766120910645e-01 0.000000000000000000e+00 2.000000000000000000e+00
2.949345092773437500e+02 2.196416778564453125e+02 2.368729858398437500e+02 7.436432838439941406e-01 -5.542261600494384766e-01 3.739357292652130127e-01 0.000000000000000000e+00 2.000000000000000000e+00
2.944943847656250000e+02 2.199696960449218750e+02 2.366516723632812500e+02 7.423274517059326172e-01 -5.651377439498901367e-01 3.599572479724884033e-01 0.000000000000000000e+00 2.000000000000000000e+00
2.940496520996093750e+02 2.203082733154296875e+02 2.364360198974609375e+02 7.384853959083557129e-01 -5.765948295593261719e-01 3.495393097400665283e-01 0.000000000000000000e+00 2.000000000000000000e+00
2.936029968261718750e+02 2.206570129394531250e+02 2.362246093750000000e+02 7.327720522880554199e-01 -5.870801210403442383e-01 3.440669476985931396e-01 0.000000000000000000e+00 2.000000000000000000e+00
2.931596374511718750e+02 2.210122222900390625e+02 2.360164337158203125e+02 7.260661125183105469e-01 -5.959376096725463867e-01 3.430545032024383545e-01 0.000000000000000000e+00 2.000000000000000000e+00
2.927254333496093750e+02 2.213686065673828125e+02 2.358112792968750000e+02 7.190560698509216309e-01 -6.028611063957214355e-01 3.457120954990386963e-01 0.000000000000000000e+00 2.000000000000000000e+00
2.923053283691406250e+02 2.217208251953125000e+02 2.356092987060546875e+02 7.122430801391601562e-01 -6.080597639083862305e-01 3.506751060485839844e-01 0.000000000000000000e+00 2.000000000000000000e+00
2.919022521972656250e+02 2.220649414062500000e+02 2.354108428955078125e+02 7.065038084983825684e-01 -6.114479303359985352e-01 3.563479185104370117e-01 0.000000000000000000e+00 2.000000000000000000e+00
2.915157470703125000e+02 2.223994445800781250e+02 2.352158966064453125e+02 7.020859122276306152e-01 -6.135200262069702148e-01 3.614810705184936523e-01 0.000000000000000000e+00 2.000000000000000000e+00
2.911431884765625000e+02 2.227250061035156250e+02 2.350240783691406250e+02 6.990579962730407715e-01 -6.145894527435302734e-01 3.655103147029876709e-01 0.000000000000000000e+00 2.000000000000000000e+00
2.907807617187500000e+02 2.230436401367187500e+02 2.348345794677734375e+02 6.971905231475830078e-01 -6.151909232139587402e-01 3.680563271045684814e-01 0.000000000000000000e+00 2.000000000000000000e+00
2.904248962402343750e+02 2.233576507568359375e+02 2.346467132568359375e+02 6.963346600532531738e-01 -6.153016686439514160e-01 3.694886267185211182e-01 0.000000000000000000e+00 2.000000000000000000e+00
2.900725708007812500e+02 2.236689758300781250e+02 2.344597625732421875e+02 6.956118345260620117e-01 -6.156261563301086426e-01 3.703085184097290039e-01 0.000000000000000000e+00 2.000000000000000000e+00
2.897221069335937500e+02 2.239791412353515625e+02 2.342731933593750000e+02 6.945155262947082520e-01 -6.165720820426940918e-01 3.707924485206604004e-01 0.000000000000000000e+00 2.000000000000000000e+00
2.893726806640625000e+02 2.242893524169921875e+02 2.340866394042968750e+02 6.923304200172424316e-01 -6.186086535453796387e-01 3.714862465858459473e-01 0.000000000000000000e+00 2.000000000000000000e+00
2.890238952636718750e+02 2.246009979248046875e+02 2.338994903564453125e+02 6.880719661712646484e-01 -6.228284239768981934e-01 3.723463714122772217e-01 0.000000000000000000e+00 2.000000000000000000e+00
2.886756591796875000e+02 2.249162139892578125e+02 2.337110443115234375e+02 6.801934242248535156e-01 -6.305237412452697754e-01 3.738673031330108643e-01 0.000000000000000000e+00 2.000000000000000000e+00
2.883283691406250000e+02 2.252381439208984375e+02 2.335201568603515625e+02 6.667450666427612305e-01 -6.433913111686706543e-01 3.761631846427917480e-01 0.000000000000000000e+00 2.000000000000000000e+00
2.879829101562500000e+02 2.255715026855468750e+02 2.333252563476562500e+02 6.472693085670471191e-01 -6.616032123565673828e-01 3.785811662673950195e-01 0.000000000000000000e+00 2.000000000000000000e+00
2.876397705078125000e+02 2.259222412109375000e+02 2.331245574951171875e+02 -6.218014955520629883e-01 6.842941045761108398e-01 -3.809259235858917236e-01 0.000000000000000000e+00 2.000000000000000000e+00
2.872996826171875000e+02 2.262965087890625000e+02 2.329162139892578125e+02 -5.922955870628356934e-01 7.094983458518981934e-01 -3.818352222442626953e-01 0.000000000000000000e+00 2.000000000000000000e+00
2.869630126953125000e+02 2.266997985839843750e+02 2.326991729736328125e+02 -5.622541308403015137e-01 7.341169714927673340e-01 -3.807132840156555176e-01 0.000000000000000000e+00 2.000000000000000000e+00
2.866296997070312500e+02 2.271349945068359375e+02 2.324734802246093750e+02 -5.354968905448913574e-01 7.557471990585327148e-01 -3.769473433494567871e-01 0.000000000000000000e+00 2.000000000000000000e+00
2.862988891601562500e+02 2.276018676757812500e+02 2.322406158447265625e+02 -5.144659876823425293e-01 7.731051445007324219e-01 -3.709894120693206787e-01 0.000000000000000000e+00 2.000000000000000000e+00
2.859695129394531250e+02 2.280968322753906250e+02 2.320030975341796875e+02 -5.002613067626953125e-01 7.860851883888244629e-01 -3.630547523498535156e-01 0.000000000000000000e+00 2.000000000000000000e+00
2.856403808593750000e+02 2.286140136718750000e+02 2.317642364501953125e+02 -4.928054809570312500e-01 7.949291467666625977e-01 -3.538791835308074951e-01 0.000000000000000000e+00 2.000000000000000000e+00
2.853104248046875000e+02 2.291462554931640625e+02 2.315272979736328125e+02 -4.912041127681732178e-01 8.002172112464904785e-01 -3.440507054328918457e-01 0.000000000000000000e+00 2.000000000000000000e+00
2.849786376953125000e+02 2.296867675781250000e+02 2.312949066162109375e+02 -4.940316975116729736e-01 8.027451038360595703e-01 -3.339655995368957520e-01 0.000000000000000000e+00 2.000000000000000000e+00
2.846445922851562500e+02 2.302295532226562500e+02 2.310690917968750000e+02 -5.000973939895629883e-01 8.031241893768310547e-01 -3.238736689090728760e-01 0.000000000000000000e+00 2.000000000000000000e+00
2.843078308105468750e+02 2.307703704833984375e+02 2.308509979248046875e+02 -5.087298750877380371e-01 8.018069267272949219e-01 -3.135275244712829590e-01 0.000000000000000000e+00 2.000000000000000000e+00
2.839673461914062500e+02 2.313070068359375000e+02 2.306411590576171875e+02 -5.188931226730346680e-01 7.996238470077514648e-01 -3.022442460060119629e-01 0.000000000000000000e+00 2.000000000000000000e+00
2.836221313476562500e+02 2.318389892578125000e+02 2.304400787353515625e+02 -5.304706692695617676e-01 7.970419526100158691e-01 -2.886607944965362549e-01 0.000000000000000000e+00 2.000000000000000000e+00
2.832707214355468750e+02 2.323669891357421875e+02 2.302488555908203125e+02 -5.422666072845458984e-01 7.950441837310791016e-01 -2.717566788196563721e-01 0.000000000000000000e+00 2.000000000000000000e+00
2.829123535156250000e+02 2.328924102783203125e+02 2.300692596435546875e+02 -5.544037222862243652e-01 7.935678362846374512e-01 -2.507719695568084717e-01 0.000000000000000000e+00 2.000000000000000000e+00
2.825465087890625000e+02 2.334160766601562500e+02 2.299037780761718750e+02 -5.663768053054809570e-01 7.926633954048156738e-01 -2.256147116422653198e-01 0.000000000000000000e+00 2.000000000000000000e+00
2.821734924316406250e+02 2.339381256103515625e+02 2.297551879882812500e+02 -5.785199999809265137e-01 7.914058566093444824e-01 -1.974623948335647583e-01 0.000000000000000000e+00 2.000000000000000000e+00
2.817934570312500000e+02 2.344580078125000000e+02 2.296254730224609375e+02 -5.908657908439636230e-01 7.890408039093017578e-01 -1.682028472423553467e-01 0.000000000000000000e+00 2.000000000000000000e+00
2.814066162109375000e+02 2.349745941162109375e+02 2.295153503417968750e+02 -6.034892201423645020e-01 7.848537564277648926e-01 -1.407315880060195923e-01 0.000000000000000000e+00 2.000000000000000000e+00
2.810125122070312500e+02 2.354871368408203125e+02 2.294234466552734375e+02 -6.162809133529663086e-01 7.785745859146118164e-01 -1.184039786458015442e-01 0.000000000000000000e+00 2.000000000000000000e+00
2.806105651855468750e+02 2.359949340820312500e+02 2.293462219238281250e+02 -6.286294460296630859e-01 7.707871198654174805e-01 -1.035001501441001892e-01 0.000000000000000000e+00 2.000000000000000000e+00
2.802006530761718750e+02 2.364975433349609375e+02 2.292787322998046875e+02 -6.394504308700561523e-01 7.627154588699340820e-01 -9.678915888071060181e-02 0.000000000000000000e+00 2.000000000000000000e+00
2.797842102050781250e+02 2.369942626953125000e+02 2.292156982421875000e+02 -6.480764746665954590e-01 7.553045153617858887e-01 -9.752926975488662720e-02 0.000000000000000000e+00 2.000000000000000000e+00
2.793641357421875000e+02 2.374838409423828125e+02 2.291524810791015625e+02 -6.536020040512084961e-01 7.497800588607788086e-01 -1.031227037310600281e-01 0.000000000000000000e+00 2.000000000000000000e+00
2.789447937011718750e+02 2.379648895263671875e+02 2.290863189697265625e+02 -6.559589505195617676e-01 7.466421723365783691e-01 -1.106495037674903870e-01 0.000000000000000000e+00 2.000000000000000000e+00
2.785312194824218750e+02 2.384356384277343750e+02 2.290165557861328125e+02 -6.555856466293334961e-01 7.460454702377319336e-01 -1.167199388146400452e-01 0.000000000000000000e+00 2.000000000000000000e+00
2.781278076171875000e+02 2.388947143554687500e+02 2.289447326660156250e+02 -6.530382037162780762e-01 7.478439807891845703e-01 -1.194588318467140198e-01 0.000000000000000000e+00 2.000000000000000000e+00
2.777377624511718750e+02 2.393413848876953125e+02 2.288733825683593750e+02 -6.498045921325683594e-01 7.510136365890502930e-01 -1.171852275729179382e-01 0.000000000000000000e+00 2.000000000000000000e+00
2.773616638183593750e+02 2.397760620117187500e+02 2.288055572509765625e+02 -6.472175717353820801e-01 7.544631958007812500e-01 -1.090633273124694824e-01 0.000000000000000000e+00 2.000000000000000000e+00
2.769976501464843750e+02 2.402003936767578125e+02 2.287442169189453125e+02 -6.468610763549804688e-01 7.566577792167663574e-01 -9.507770836353302002e-02 0.000000000000000000e+00 2.000000000000000000e+00
2.766415710449218750e+02 2.406169128417968750e+02 2.286918792724609375e+02 -6.496892571449279785e-01 7.564114928245544434e-01 -7.579801231622695923e-02 0.000000000000000000e+00 2.000000000000000000e+00
2.762876586914062500e+02 2.410289611816406250e+02 2.286505889892578125e+02 -6.555597186088562012e-01 7.532289028167724609e-01 -5.373623222112655640e-02 0.000000000000000000e+00 2.000000000000000000e+00
2.759295043945312500e+02 2.414404754638671875e+02 2.286212310791015625e+02 -6.637769341468811035e-01 7.471612691879272461e-01 -3.391440585255622864e-02 0.000000000000000000e+00 2.000000000000000000e+00
2.755609741210937500e+02 2.418553009033203125e+02 2.286024017333984375e+02 -6.729400753974914551e-01 7.393412590026855469e-01 -2.293567173182964325e-02 0.000000000000000000e+00 2.000000000000000000e+00
2.751768493652343750e+02 2.422773284912109375e+02 2.285893096923828125e+02 -6.822699308395385742e-01 7.306020855903625488e-01 -2.698868699371814728e-02 0.000000000000000000e+00 2.000000000000000000e+00
2.747729797363281250e+02 2.427098083496093750e+02 2.285733337402343750e+02 -6.901856064796447754e-01 7.220452427864074707e-01 -4.790071770548820496e-02 0.000000000000000000e+00 2.000000000000000000e+00
2.743468933105468750e+02 2.431555633544921875e+02 2.285437622070312500e+02 -6.949517726898193359e-01 7.143490314483642578e-01 -8.214353024959564209e-02 0.000000000000000000e+00 2.000000000000000000e+00
2.738975219726562500e+02 2.436174774169921875e+02 2.284906463623046875e+02 -6.947066783905029297e-01 7.089885473251342773e-01 -1.213172748684883118e-01 0.000000000000000000e+00 2.000000000000000000e+00
2.734262084960937500e+02 2.440984802246093750e+02 2.284083404541015625e+02 -6.891037225723266602e-01 7.075917720794677734e-01 -1.563646197319030762e-01 0.000000000000000000e+00 2.000000000000000000e+00
2.729365234375000000e+02 2.446013031005859375e+02 2.282972259521484375e+02 -6.789392232894897461e-01 7.114070057868957520e-01 -1.814981997013092041e-01 0.000000000000000000e+00 2.000000000000000000e+00
2.724336547851562500e+02 2.451282196044921875e+02 2.281627960205078125e+02 -6.656379103660583496e-01 7.199614644050598145e-01 -1.964219957590103149e-01 0.000000000000000000e+00 2.000000000000000000e+00
2.719241638183593750e+02 2.456792907714843750e+02 2.280124511718750000e+02 -6.508898735046386719e-01 7.309735417366027832e-01 -2.049877792596817017e-01 0.000000000000000000e+00 2.000000000000000000e+00
2.714149475097656250e+02 2.462511596679687500e+02 2.278520812988281250e+02 -6.360802650451660156e-01 7.417196631431579590e-01 -2.127296030521392822e-01 0.000000000000000000e+00 2.000000000000000000e+00
2.709132080078125000e+02 2.468362274169921875e+02 2.276842803955078125e+02 -6.220371127128601074e-01 7.502835392951965332e-01 -2.239294648170471191e-01 0.000000000000000000e+00 2.000000000000000000e+00
2.704261474609375000e+02 2.474237060546875000e+02 2.275089416503906250e+02 -6.089119315147399902e-01 7.559911012649536133e-01 -2.402160614728927612e-01 0.000000000000000000e+00 2.000000000000000000e+00
2.699605712890625000e+02 2.480017395019531250e+02 2.273252716064453125e+02 -5.961640477180480957e-01 7.597603201866149902e-01 -2.595240473747253418e-01 0.000000000000000000e+00 2.000000000000000000e+00
2.695224609375000000e+02 2.485600738525390625e+02 2.271345520019531250e+02 -5.832067728042602539e-01 7.629056572914123535e-01 -2.790067493915557861e-01 0.000000000000000000e+00 2.000000000000000000e+00
2.691155395507812500e+02 2.490923767089843750e+02 2.269398803710937500e+02 -5.696156620979309082e-01 7.670704126358032227e-01 -2.951965332031250000e-01 0.000000000000000000e+00 2.000000000000000000e+00
2.687407226562500000e+02 2.495971221923828125e+02 2.267456359863281250e+02 -5.561422109603881836e-01 7.724170088768005371e-01 -3.067210018634796143e-01 0.000000000000000000e+00 2.000000000000000000e+00
2.683953552246093750e+02 2.500767974853515625e+02 2.265551605224609375e+02 -5.425155162811279297e-01 7.787623405456542969e-01 -3.149698674678802490e-01 0.000000000000000000e+00 2.000000000000000000e+00
2.680747375488281250e+02 2.505370330810546875e+02 2.263690185546875000e+02 -5.287888050079345703e-01 7.845697402954101562e-01 -3.237788081169128418e-01 0.000000000000000000e+00 2.000000000000000000e+00
2.677731018066406250e+02 2.509845733642578125e+02 2.261843261718750000e+02 -5.136501789093017578e-01 7.888530492782592773e-01 -3.374527394771575928e-01 0.000000000000000000e+00 2.000000000000000000e+00
2.674856567382812500e+02 2.514260253906250000e+02 2.259954833984375000e+02 -4.959999024868011475e-01 7.908026576042175293e-01 -3.586296737194061279e-01 0.000000000000000000e+00 2.000000000000000000e+00
2.672091369628906250e+02 2.518668975830078125e+02 2.257955474853515625e+02 -4.746473133563995361e-01 7.903364300727844238e-01 -3.873995542526245117e-01 0.000000000000000000e+00 2.000000000000000000e+00
2.669425048828125000e+02 2.523108673095703125e+02 2.255779266357421875e+02 -4.503970444202423096e-01 7.869769334793090820e-01 -4.216750860214233398e-01 0.000000000000000000e+00 2.000000000000000000e+00
2.666857604980468750e+02 2.527594757080078125e+02 2.253375549316406250e+02 -4.248825907707214355e-01 7.812399864196777344e-01 -4.573169946670532227e-01 0.000000000000000000e+00 2.000000000000000000e+00
2.664393005371093750e+02 2.532126464843750000e+02 2.250722808837890625e+02 -4.009798169136047363e-01 7.735769748687744141e-01 -4.907073974609375000e-01 0.000000000000000000e+00 2.000000000000000000e+00
2.662028198242187500e+02 2.536688690185546875e+02 2.247828826904296875e+02 -3.807197809219360352e-01 7.652931809425354004e-01 -5.190171599388122559e-01 0.000000000000000000e+00 2.000000000000000000e+00
2.659751892089843750e+02 2.541264343261718750e+02 2.244725646972656250e+02 -3.654763102531433105e-01 7.576140165328979492e-01 -5.407846570014953613e-01 0.000000000000000000e+00 2.000000000000000000e+00
2.657545166015625000e+02 2.545838775634765625e+02 2.241460418701171875e+02 -3.545943200588226318e-01 7.519732117652893066e-01 -5.556970238685607910e-01 0.000000000000000000e+00 2.000000000000000000e+00
2.655392761230468750e+02 2.550403289794921875e+02 2.238087310791015625e+02 -3.455124497413635254e-01 7.492635250091552734e-01 -5.650002956390380859e-01 0.000000000000000000e+00 2.000000000000000000e+00
2.653294372558593750e+02 2.554953765869140625e+02 2.234655914306640625e+02 -3.336955904960632324e-01 7.505880594253540039e-01 -5.703197717666625977e-01 0.000000000000000000e+00 2.000000000000000000e+00
2.651275939941406250e+02 2.559493865966796875e+02 2.231206207275390625e+02 -3.138996958732604980e-01 7.566289305686950684e-01 -5.735673904418945312e-01 0.000000000000000000e+00 2.000000000000000000e+00
2.649392089843750000e+02 2.564034729003906250e+02 2.227763977050781250e+02 -2.812053859233856201e-01 7.672501206398010254e-01 -5.764120221138000488e-01 0.000000000000000000e+00 2.000000000000000000e+00
2.647718811035156250e+02 2.568600158691406250e+02 2.224334106445312500e+02 -2.325231581926345825e-01 7.809229493141174316e-01 -5.797346830368041992e-01 0.000000000000000000e+00 2.000000000000000000e+00
2.646343078613281250e+02 2.573220520019531250e+02 2.220904083251953125e+02 -1.688456535339355469e-01 7.948892712593078613e-01 -5.827881693840026855e-01 0.000000000000000000e+00 2.000000000000000000e+00
2.645343627929687500e+02 2.577925720214843750e+02 2.217454376220703125e+02 -9.451936930418014526e-02 8.059207797050476074e-01 -5.844293832778930664e-01 0.000000000000000000e+00 2.000000000000000000e+00
2.644779663085937500e+02 2.582734375000000000e+02 2.213967285156250000e+02 -1.787001639604568481e-02 8.122780919075012207e-01 -5.829966664314270020e-01 0.000000000000000000e+00 2.000000000000000000e+00
2.644671630859375000e+02 2.587644958496093750e+02 2.210442810058593750e+02 5.370839685201644897e-02 8.145939707756042480e-01 -5.775396227836608887e-01 0.000000000000000000e+00 2.000000000000000000e+00
2.645000610351562500e+02 2.592634582519531250e+02 2.206905212402343750e+02 1.143983528017997742e-01 8.149275779724121094e-01 -5.681603550910949707e-01 0.000000000000000000e+00 2.000000000000000000e+00
2.645706787109375000e+02 2.597665100097656250e+02 2.203397979736328125e+02 1.605990976095199585e-01 8.155623674392700195e-01 -5.559370517730712891e-01 0.000000000000000000e+00 2.000000000000000000e+00
2.646697387695312500e+02 2.602695617675781250e+02 2.199968872070312500e+02 1.913064718246459961e-01 8.181638121604919434e-01 -5.422266125679016113e-01 0.000000000000000000e+00 2.000000000000000000e+00
2.647865295410156250e+02 2.607690429687500000e+02 2.196658630371093750e+02 2.069085836410522461e-01 8.230997920036315918e-01 -5.288625955581665039e-01 0.000000000000000000e+00 2.000000000000000000e+00
2.649104614257812500e+02 2.612620544433593750e+02 2.193490905761718750e+02 2.092119753360748291e-01 8.298480510711669922e-01 -5.172837972640991211e-01 0.000000000000000000e+00 2.000000000000000000e+00
2.650326843261718750e+02 2.617468566894531250e+02 2.190468902587890625e+02 2.013498097658157349e-01 8.371235132217407227e-01 -5.086082220077514648e-01 0.000000000000000000e+00 2.000000000000000000e+00
2.651471557617187500e+02 2.622227783203125000e+02 2.187577362060546875e+02 1.861608326435089111e-01 8.438630700111389160e-01 -5.032289028167724609e-01 0.000000000000000000e+00 2.000000000000000000e+00
2.652503356933593750e+02 2.626904907226562500e+02 2.184788208007812500e+02 1.663427650928497314e-01 8.493477106094360352e-01 -5.009377002716064453e-01 0.000000000000000000e+00 2.000000000000000000e+00
2.653407287597656250e+02 2.631520385742187500e+02 2.182066040039062500e+02 1.422859728336334229e-01 8.534320592880249023e-01 -5.014062523841857910e-01 0.000000000000000000e+00 2.000000000000000000e+00
2.654172363281250000e+02 2.636109313964843750e+02 2.179369964599609375e+02 1.140139177441596985e-01 8.561810255050659180e-01 -5.039392113685607910e-01 0.000000000000000000e+00 2.000000000000000000e+00
2.654786376953125000e+02 2.640720214843750000e+02 2.176656036376953125e+02 8.288554102182388306e-02 8.583816289901733398e-01 -5.062716007232666016e-01 0.000000000000000000e+00 2.000000000000000000e+00
2.655239562988281250e+02 2.645413513183593750e+02 2.173887939453125000e+02 5.075498297810554504e-02 8.602861166000366211e-01 -5.072786808013916016e-01 0.000000000000000000e+00 2.000000000000000000e+00
2.655525207519531250e+02 2.650255126953125000e+02 2.171033020019531250e+02 2.285485900938510895e-02 8.623934388160705566e-01 -5.057222843170166016e-01 0.000000000000000000e+00 2.000000000000000000e+00
2.655659179687500000e+02 2.655310363769531250e+02 2.168068542480468750e+02 3.173394594341516495e-03 8.646508455276489258e-01 -5.023632645606994629e-01 0.000000000000000000e+00 2.000000000000000000e+00
2.655678710937500000e+02 2.660632019042968750e+02 2.164976654052734375e+02 -5.367231089621782303e-03 8.666195273399353027e-01 -4.989406466484069824e-01 0.000000000000000000e+00 2.000000000000000000e+00
2.655643920898437500e+02 2.666249389648437500e+02 2.161742553710937500e+02 -2.640651306137442589e-03 8.675658702850341797e-01 -4.973151981830596924e-01 0.000000000000000000e+00 2.000000000000000000e+00
2.655625915527343750e+02 2.672164916992187500e+02 2.158351593017578125e+02 8.805556222796440125e-03 8.668343424797058105e-01 -4.985184371471405029e-01 0.000000000000000000e+00 2.000000000000000000e+00
2.655688781738281250e+02 2.678353576660156250e+02 2.154792480468750000e+02 2.629614062607288361e-02 8.641158342361450195e-01 -5.026055574417114258e-01 0.000000000000000000e+00 2.000000000000000000e+00
2.655884094238281250e+02 2.684771728515625000e+02 2.151059417724609375e+02 4.708030819892883301e-02 8.600613474845886230e-01 -5.080136656761169434e-01 0.000000000000000000e+00 2.000000000000000000e+00
2.656245117187500000e+02 2.691366882324218750e+02 2.147163848876953125e+02 6.921724230051040649e-02 8.555048704147338867e-01 -5.131475329399108887e-01 0.000000000000000000e+00 2.000000000000000000e+00
2.656788940429687500e+02 2.698088378906250000e+02 2.143132171630859375e+02 9.160646051168441772e-02 8.512260317802429199e-01 -5.167421698570251465e-01 0.000000000000000000e+00 2.000000000000000000e+00
2.657521057128906250e+02 2.704891357421875000e+02 2.139002380371093750e+02 1.134925037622451782e-01 8.476022481918334961e-01 -5.183529853820800781e-01 0.000000000000000000e+00 2.000000000000000000e+00
2.658437194824218750e+02 2.711733398437500000e+02 2.134818115234375000e+02 1.343253403902053833e-01 8.445621132850646973e-01 -5.183353424072265625e-01 0.000000000000000000e+00 2.000000000000000000e+00
2.659525451660156250e+02 2.718575744628906250e+02 2.130618743896484375e+02 1.544381976127624512e-01 8.417863249778747559e-01 -5.172472000122070312e-01 0.000000000000000000e+00 2.000000000000000000e+00
2.660774230957031250e+02 2.725382385253906250e+02 2.126436309814453125e+02 1.743111312389373779e-01 8.388057947158813477e-01 -5.157717466354370117e-01 0.000000000000000000e+00 2.000000000000000000e+00
2.662174377441406250e+02 2.732120056152343750e+02 2.122293395996093750e+02 1.956572383642196655e-01 8.351700901985168457e-01 -5.140128135681152344e-01 0.000000000000000000e+00 2.000000000000000000e+00
2.663730163574218750e+02 2.738760986328125000e+02 2.118206176757812500e+02 2.197033017873764038e-01 8.303618431091308594e-01 -5.120837092399597168e-01 0.000000000000000000e+00 2.000000000000000000e+00
2.665454406738281250e+02 2.745277709960937500e+02 2.114187316894531250e+02 2.475468516349792480e-01 8.243010640144348145e-01 -5.091642737388610840e-01 0.000000000000000000e+00 2.000000000000000000e+00
2.667368469238281250e+02 2.751651306152343750e+02 2.110250396728515625e+02 2.790721654891967773e-01 8.166381120681762695e-01 -5.051940679550170898e-01 0.000000000000000000e+00 2.000000000000000000e+00
2.669491577148437500e+02 2.757864074707031250e+02 2.106407012939453125e+02 3.133645355701446533e-01 8.073279857635498047e-01 -5.000241994857788086e-01 0.000000000000000000e+00 2.000000000000000000e+00
2.671834716796875000e+02 2.763900756835937500e+02 2.102668151855468750e+02 3.491829335689544678e-01 7.965592741966247559e-01 -4.935226738452911377e-01 0.000000000000000000e+00 2.000000000000000000e+00
2.674399108886718750e+02 2.769750671386718750e+02 2.099043731689453125e+02 3.856189548969268799e-01 7.844066023826599121e-01 -4.858027994632720947e-01 0.000000000000000000e+00 2.000000000000000000e+00
2.677178344726562500e+02 2.775404052734375000e+02 2.095542449951171875e+02 4.215256869792938232e-01 7.713950276374816895e-01 -4.767239391803741455e-01 0.000000000000000000e+00 2.000000000000000000e+00
2.680160217285156250e+02 2.780860900878906250e+02 2.092170104980468750e+02 4.569380283355712891e-01 7.574892044067382812e-01 -4.662807881832122803e-01 0.000000000000000000e+00 2.000000000000000000e+00
2.683331909179687500e+02 2.786118774414062500e+02 2.088933563232421875e+02 4.913103580474853516e-01 7.431908845901489258e-01 -4.541821777820587158e-01 0.000000000000000000e+00 2.000000000000000000e+00
2.686679687500000000e+02 2.791182861328125000e+02 2.085838775634765625e+02 5.255855321884155273e-01 7.282807230949401855e-01 -4.397351741790771484e-01 0.000000000000000000e+00 2.000000000000000000e+00
2.690198669433593750e+02 2.796058959960937500e+02 2.082894592285156250e+02 5.601357817649841309e-01 7.126010060310363770e-01 -4.224305450916290283e-01 0.000000000000000000e+00 2.000000000000000000e+00
2.693887329101562500e+02 2.800751647949218750e+02 2.080112762451171875e+02 5.958210825920104980e-01 6.956735849380493164e-01 -4.012922346591949463e-01 0.000000000000000000e+00 2.000000000000000000e+00
2.697751464843750000e+02 2.805263366699218750e+02 2.077510223388671875e+02 6.327275037765502930e-01 6.767358779907226562e-01 -3.764098584651947021e-01 0.000000000000000000e+00 2.000000000000000000e+00
2.701796875000000000e+02 2.809590148925781250e+02 2.075103607177734375e+02 6.702666878700256348e-01 6.555547118186950684e-01 -3.478369712829589844e-01 0.000000000000000000e+00 2.000000000000000000e+00
2.706023559570312500e+02 2.813724060058593750e+02 2.072910156250000000e+02 7.071762681007385254e-01 6.319906711578369141e-01 -3.170007467269897461e-01 0.000000000000000000e+00 2.000000000000000000e+00
2.710423889160156250e+02 2.817656555175781250e+02 2.070937652587890625e+02 7.413464188575744629e-01 6.069352030754089355e-01 -2.864180207252502441e-01 0.000000000000000000e+00 2.000000000000000000e+00
2.714981994628906250e+02 2.821388244628906250e+02 2.069176635742187500e+02 7.707246541976928711e-01 5.825069546699523926e-01 -2.582038044929504395e-01 0.000000000000000000e+00 2.000000000000000000e+00
2.719671936035156250e+02 2.824932861328125000e+02 2.067605438232421875e+02 7.940830588340759277e-01 5.606836080551147461e-01 -2.346613407135009766e-01 0.000000000000000000e+00 2.000000000000000000e+00
2.724472961425781250e+02 2.828322753906250000e+02 2.066186676025390625e+02 8.102989792823791504e-01 5.448858141899108887e-01 -2.156734466552734375e-01 0.000000000000000000e+00 2.000000000000000000e+00
2.729362487792968750e+02 2.831610717773437500e+02 2.064885253906250000e+02 8.197344541549682617e-01 5.373719334602355957e-01 -1.981584280729293823e-01 0.000000000000000000e+00 2.000000000000000000e+00
2.734319458007812500e+02 2.834860229492187500e+02 2.063686981201171875e+02 8.210554718971252441e-01 5.427460670471191406e-01 -1.769026517868041992e-01 0.000000000000000000e+00 2.000000000000000000e+00
2.739304504394531250e+02 2.838155517578125000e+02 2.062612915039062500e+02 8.134465813636779785e-01 5.632939934730529785e-01 -1.449292898178100586e-01 0.000000000000000000e+00 2.000000000000000000e+00
2.744262390136718750e+02 2.841588745117187500e+02 2.061729583740234375e+02 7.936150431632995605e-01 6.006357073783874512e-01 -9.701461344957351685e-02 0.000000000000000000e+00 2.000000000000000000e+00
2.749106750488281250e+02 2.845255126953125000e+02 2.061137390136718750e+02 7.566843628883361816e-01 6.530659198760986328e-01 -3.055542521178722382e-02 0.000000000000000000e+00 2.000000000000000000e+00
2.753724365234375000e+02 2.849240417480468750e+02 2.060950927734375000e+02 6.963741183280944824e-01 7.158038616180419922e-01 5.184595659375190735e-02 0.000000000000000000e+00 2.000000000000000000e+00
2.757979125976562500e+02 2.853613891601562500e+02 2.061267700195312500e+02 6.100700497627258301e-01 7.795009016990661621e-01 1.421016752719879150e-01 0.000000000000000000e+00 2.000000000000000000e+00
2.761732788085937500e+02 2.858410034179687500e+02 2.062142028808593750e+02 5.007792115211486816e-01 8.347784876823425293e-01 2.288341820240020752e-01 0.000000000000000000e+00 2.000000000000000000e+00
2.764862976074218750e+02 2.863627929687500000e+02 2.063572387695312500e+02 3.764533698558807373e-01 8.754861950874328613e-01 3.029961287975311279e-01 0.000000000000000000e+00 2.000000000000000000e+00
2.767275390625000000e+02 2.869238281250000000e+02 2.065514068603515625e+02 2.494519054889678955e-01 8.988846540451049805e-01 3.602502346038818359e-01 0.000000000000000000e+00 2.000000000000000000e+00
2.768926086425781250e+02 2.875186462402343750e+02 2.067897949218750000e+02 1.294516324996948242e-01 9.062950015068054199e-01 4.023328423500061035e-01 0.000000000000000000e+00 2.000000000000000000e+00
2.769813537597656250e+02 2.881399536132812500e+02 2.070656127929687500e+02 2.289500832557678223e-02 9.004796147346496582e-01 4.342950582504272461e-01 0.000000000000000000e+00 2.000000000000000000e+00
2.769975891113281250e+02 2.887785034179687500e+02 2.073735809326171875e+02 -6.860107183456420898e-02 8.843545317649841309e-01 4.617476463317871094e-01 0.000000000000000000e+00 2.000000000000000000e+00
2.769476318359375000e+02 2.894225158691406250e+02 2.077098388671875000e+02 -1.475343406200408936e-01 8.601351380348205566e-01 4.882634878158569336e-01 0.000000000000000000e+00 2.000000000000000000e+00
2.768386230468750000e+02 2.900580444335937500e+02 2.080706024169921875e+02 -2.178316116333007812e-01 8.290242552757263184e-01 5.150418281555175781e-01 0.000000000000000000e+00 2.000000000000000000e+00
2.766777038574218750e+02 2.906704711914062500e+02 2.084510803222656250e+02 -2.830423414707183838e-01 7.920573353767395020e-01 5.408625006675720215e-01 0.000000000000000000e+00 2.000000000000000000e+00
2.764717102050781250e+02 2.912469177246093750e+02 2.088447113037109375e+02 -3.436526954174041748e-01 7.519179582595825195e-01 5.626031160354614258e-01 0.000000000000000000e+00 2.000000000000000000e+00
2.762282409667968750e+02 2.917796325683593750e+02 2.092433013916015625e+02 -3.980860710144042969e-01 7.133784294128417969e-01 5.767309665679931641e-01 0.000000000000000000e+00 2.000000000000000000e+00
2.759551696777343750e+02 2.922689819335937500e+02 2.096389160156250000e+02 -4.422289431095123291e-01 6.838662624359130859e-01 5.803107023239135742e-01 0.000000000000000000e+00 2.000000000000000000e+00
2.756612243652343750e+02 2.927235412597656250e+02 2.100246429443359375e+02 -4.711116552352905273e-01 6.713706851005554199e-01 5.721147060394287109e-01 0.000000000000000000e+00 2.000000000000000000e+00
2.753567504882812500e+02 2.931574401855468750e+02 2.103943939208984375e+02 -4.792199432849884033e-01 6.825662851333618164e-01 5.517712235450744629e-01 0.000000000000000000e+00 2.000000000000000000e+00
2.750536804199218750e+02 2.935891113281250000e+02 2.107433471679687500e+02 -4.625962972640991211e-01 7.190393209457397461e-01 5.186396837234497070e-01 0.000000000000000000e+00 2.000000000000000000e+00
2.747653808593750000e+02 2.940372314453125000e+02 2.110665740966796875e+02 -4.178528487682342529e-01 7.768580317497253418e-01 4.710524976253509521e-01 0.000000000000000000e+00 2.000000000000000000e+00
2.745068664550781250e+02 2.945178527832031250e+02 2.113580017089843750e+02 -3.448123931884765625e-01 8.459949493408203125e-01 4.066904187202453613e-01 0.000000000000000000e+00 2.000000000000000000e+00
2.742932739257812500e+02 2.950419006347656250e+02 2.116099243164062500e+02 -2.470695376396179199e-01 9.128877520561218262e-01 3.249501585960388184e-01 0.000000000000000000e+00 2.000000000000000000e+00
2.741388549804687500e+02 2.956124572753906250e+02 2.118130187988281250e+02 -1.340969949960708618e-01 9.642578363418579102e-01 2.285274267196655273e-01 0.000000000000000000e+00 2.000000000000000000e+00
2.740537414550781250e+02 2.962244873046875000e+02 2.119580688476562500e+02 -1.640289463102817535e-02 9.922096729278564453e-01 1.234944164752960205e-01 0.000000000000000000e+00 2.000000000000000000e+00
2.740431518554687500e+02 2.968650512695312500e+02 2.120377960205078125e+02 9.536660462617874146e-02 9.953042864799499512e-01 1.657128892838954926e-02 0.000000000000000000e+00 2.000000000000000000e+00
2.741054992675781250e+02 2.975157470703125000e+02 2.120486297607421875e+02 1.954221576452255249e-01 9.769248962402343750e-01 -8.618558198213577271e-02 0.000000000000000000e+00 2.000000000000000000e+00
2.742338256835937500e+02 2.981572570800781250e+02 2.119920349121093750e+02 2.806491553783416748e-01 9.425593018531799316e-01 -1.811573058366775513e-01 0.000000000000000000e+00 2.000000000000000000e+00
2.744173583984375000e+02 2.987736511230468750e+02 2.118735656738281250e+02 3.501341938972473145e-01 8.984798192977905273e-01 -2.648396492004394531e-01 0.000000000000000000e+00 2.000000000000000000e+00
2.746440429687500000e+02 2.993553466796875000e+02 2.117021026611328125e+02 4.037382900714874268e-01 8.515980839729309082e-01 -3.343293368816375732e-01 0.000000000000000000e+00 2.000000000000000000e+00
2.749017944335937500e+02 2.998990173339843750e+02 2.114886627197265625e+02 4.430366754531860352e-01 8.084993958473205566e-01 -3.873593807220458984e-01 0.000000000000000000e+00 2.000000000000000000e+00
2.751799621582031250e+02 3.004066467285156250e+02 2.112454528808593750e+02 4.708041250705718994e-01 7.744160294532775879e-01 -4.226385056972503662e-01 0.000000000000000000e+00 2.000000000000000000e+00
2.754699096679687500e+02 3.008835754394531250e+02 2.109851684570312500e+02 4.908241331577301025e-01 7.519170045852661133e-01 -4.401279687881469727e-01 0.000000000000000000e+00 2.000000000000000000e+00
2.757650756835937500e+02 3.013357543945312500e+02 2.107204895019531250e+02 5.059580206871032715e-01 7.411223649978637695e-01 -4.412982761859893799e-01 0.000000000000000000e+00 2.000000000000000000e+00
2.760610656738281250e+02 3.017693176269531250e+02 2.104623260498046875e+02 5.194932222366333008e-01 7.382893562316894531e-01 -4.301809668540954590e-01 0.000000000000000000e+00 2.000000000000000000e+00
2.763562622070312500e+02 3.021888427734375000e+02 2.102178802490234375e+02 5.331888794898986816e-01 7.389048933982849121e-01 -4.119820892810821533e-01 0.000000000000000000e+00 2.000000000000000000e+00
2.766520080566406250e+02 3.025986938476562500e+02 2.099893646240234375e+02 5.464618802070617676e-01 7.392094135284423828e-01 -3.936354517936706543e-01 0.000000000000000000e+00 2.000000000000000000e+00
2.769511108398437500e+02 3.030032958984375000e+02 2.097739105224609375e+02 5.589718222618103027e-01 7.359025478363037109e-01 -3.820968270301818848e-01 0.000000000000000000e+00 2.000000000000000000e+00
2.772574157714843750e+02 3.034065551757812500e+02 2.095645294189453125e+02 5.680108666419982910e-01 7.299625873565673828e-01 -3.801556825637817383e-01 0.000000000000000000e+00 2.000000000000000000e+00
2.775732727050781250e+02 3.038124694824218750e+02 2.093531341552734375e+02 5.720366239547729492e-01 7.236156463623046875e-01 -3.862050771713256836e-01 0.000000000000000000e+00 2.000000000000000000e+00
2.778992004394531250e+02 3.042247619628906250e+02 2.091330871582031250e+02 5.709697008132934570e-01 7.188984751701354980e-01 -3.964574933052062988e-01 0.000000000000000000e+00 2.000000000000000000e+00
2.782334899902343750e+02 3.046456604003906250e+02 2.089009704589843750e+02 5.661014914512634277e-01 7.176042199134826660e-01 -4.056764245033264160e-01 0.000000000000000000e+00 2.000000000000000000e+00
2.785733032226562500e+02 3.050764160156250000e+02 2.086574554443359375e+02 5.608294606208801270e-01 7.192781567573547363e-01 -4.100114703178405762e-01 0.000000000000000000e+00 2.000000000000000000e+00
2.789164733886718750e+02 3.055165405273437500e+02 2.084065704345703125e+02 5.576453804969787598e-01 7.232286334037780762e-01 -4.073966741561889648e-01 0.000000000000000000e+00 2.000000000000000000e+00
2.792627258300781250e+02 3.059656066894531250e+02 2.081536102294921875e+02 5.581710934638977051e-01 7.279459238052368164e-01 -3.981704413890838623e-01 0.000000000000000000e+00 2.000000000000000000e+00
2.796138916015625000e+02 3.064235839843750000e+02 2.079031066894531250e+02 5.626848936080932617e-01 7.318772077560424805e-01 -3.843716084957122803e-01 0.000000000000000000e+00 2.000000000000000000e+00
2.799734802246093750e+02 3.068912963867187500e+02 2.076574707031250000e+02 5.703204870223999023e-01 7.336233258247375488e-01 -3.695014119148254395e-01 0.000000000000000000e+00 2.000000000000000000e+00
2.803455505371093750e+02 3.073699035644531250e+02 2.074164123535156250e+02 5.787231922149658203e-01 7.335594296455383301e-01 -3.563282787799835205e-01 0.000000000000000000e+00 2.000000000000000000e+00
2.807333679199218750e+02 3.078614807128906250e+02 2.071776275634765625e+02 5.863302350044250488e-01 7.323274612426757812e-01 -3.462851345539093018e-01 0.000000000000000000e+00 2.000000000000000000e+00
2.811384277343750000e+02 3.083674011230468750e+02 2.069384002685546875e+02 5.921362638473510742e-01 7.310816049575805664e-01 -3.389607071876525879e-01 0.000000000000000000e+00 2.000000000000000000e+00
2.815599365234375000e+02 3.088878173828125000e+02 2.066971130371093750e+02 5.956447124481201172e-01 7.306401729583740234e-01 -3.337249755859375000e-01 0.000000000000000000e+00 2.000000000000000000e+00
2.819945983886718750e+02 3.094209899902343750e+02 2.064535827636718750e+02 5.972239971160888672e-01 7.315212488174438477e-01 -3.289378583431243896e-01 0.000000000000000000e+00 2.000000000000000000e+00
2.824378356933593750e+02 3.099638977050781250e+02 2.062094573974609375e+02 5.975760817527770996e-01 7.330381274223327637e-01 -3.248965442180633545e-01 0.000000000000000000e+00 2.000000000000000000e+00
2.828845214843750000e+02 3.105118408203125000e+02 2.059665985107421875e+02 5.972748398780822754e-01 7.346010208129882812e-01 -3.219068050384521484e-01 0.000000000000000000e+00 2.000000000000000000e+00
2.833302307128906250e+02 3.110600280761718750e+02 2.057263793945312500e+02 5.966833233833312988e-01 7.353662848472595215e-01 -3.212561309337615967e-01 0.000000000000000000e+00 2.000000000000000000e+00
2.837716674804687500e+02 3.116040649414062500e+02 2.054887084960937500e+02 5.962284803390502930e-01 7.344110608100891113e-01 -3.242715597152709961e-01 0.000000000000000000e+00 2.000000000000000000e+00
2.842071228027343750e+02 3.121404418945312500e+02 2.052518768310546875e+02 5.952430367469787598e-01 7.318763732910156250e-01 -3.317268490791320801e-01 0.000000000000000000e+00 2.000000000000000000e+00
2.846356201171875000e+02 3.126672973632812500e+02 2.050130767822265625e+02 5.932196974754333496e-01 7.282105088233947754e-01 -3.432199656963348389e-01 0.000000000000000000e+00 2.000000000000000000e+00
2.850564575195312500e+02 3.131838989257812500e+02 2.047695922851562500e+02 5.932196974754333496e-01 7.282105088233947754e-01 -3.432199656963348389e-01 0.000000000000000000e+00 2.000000000000000000e+00
