4.661541748046875000e+02 1.375540466308593750e+02 8.673878479003906250e+01 4.887922108173370361e-01 -8.688825964927673340e-01 -7.826407253742218018e-02 0.000000000000000000e+00 2.000000000000000000e+00
4.657872314453125000e+02 1.382063293457031250e+02 8.679753875732421875e+01 4.837081730365753174e-01 -8.699039816856384277e-01 -9.640235453844070435e-02 0.000000000000000000e+00 2.000000000000000000e+00
4.654348144531250000e+02 1.388401184082031250e+02 8.686777496337890625e+01 4.765228033065795898e-01 -8.722808957099914551e-01 -1.097818315029144287e-01 0.000000000000000000e+00 2.000000000000000000e+00
4.650976562500000000e+02 1.394572906494140625e+02 8.694544982910156250e+01 4.678442180156707764e-01 -8.758066892623901367e-01 -1.186779737472534180e-01 0.000000000000000000e+00 2.000000000000000000e+00
4.647754211425781250e+02 1.400605163574218750e+02 8.702719116210937500e+01 4.588478803634643555e-01 -8.797907233238220215e-01 -1.242052167654037476e-01 0.000000000000000000e+00 2.000000000000000000e+00
4.644664001464843750e+02 1.406530303955078125e+02 8.711083984375000000e+01 4.500302970409393311e-01 -8.838499188423156738e-01 -1.276014596223831177e-01 0.000000000000000000e+00 2.000000000000000000e+00
4.641681823730468750e+02 1.412387237548828125e+02 8.719539642333984375e+01 4.414916038513183594e-01 -8.878158330917358398e-01 -1.298778057098388672e-01 0.000000000000000000e+00 2.000000000000000000e+00
4.638782348632812500e+02 1.418217926025390625e+02 8.728069305419921875e+01 4.331425130367279053e-01 -8.915889263153076172e-01 -1.321242898702621460e-01 0.000000000000000000e+00 2.000000000000000000e+00
4.635940551757812500e+02 1.424067535400390625e+02 8.736737823486328125e+01 4.238825738430023193e-01 -8.955743908882141113e-01 -1.351668685674667358e-01 0.000000000000000000e+00 2.000000000000000000e+00
4.633141479492187500e+02 1.429981384277343750e+02 8.745663452148437500e+01 4.129560291767120361e-01 -9.000270962715148926e-01 -1.393504291772842407e-01 0.000000000000000000e+00 2.000000000000000000e+00
4.630377502441406250e+02 1.436005401611328125e+02 8.754990386962890625e+01 4.000105857849121094e-01 -9.050446152687072754e-01 -1.445190906524658203e-01 0.000000000000000000e+00 2.000000000000000000e+00
4.627648315429687500e+02 1.442180328369140625e+02 8.764850616455078125e+01 3.857861161231994629e-01 -9.102761745452880859e-01 -1.502207815647125244e-01 0.000000000000000000e+00 2.000000000000000000e+00
4.624952087402343750e+02 1.448542175292968750e+02 8.775349426269531250e+01 3.716953694820404053e-01 -9.150862693786621094e-01 -1.563959419727325439e-01 0.000000000000000000e+00 2.000000000000000000e+00
4.622283020019531250e+02 1.455113220214843750e+02 8.786579895019531250e+01 3.595275282859802246e-01 -9.187190532684326172e-01 -1.633868366479873657e-01 0.000000000000000000e+00 2.000000000000000000e+00
4.619628295898437500e+02 1.461896972656250000e+02 8.798644256591796875e+01 3.501243293285369873e-01 -9.207450151443481445e-01 -1.721672564744949341e-01 0.000000000000000000e+00 2.000000000000000000e+00
4.616970825195312500e+02 1.468885498046875000e+02 8.811711883544921875e+01 3.433479666709899902e-01 -9.210976958274841309e-01 -1.835517138242721558e-01 0.000000000000000000e+00 2.000000000000000000e+00
4.614295654296875000e+02 1.476062164306640625e+02 8.826013183593750000e+01 3.376183211803436279e-01 -9.202662110328674316e-01 -1.977981477975845337e-01 0.000000000000000000e+00 2.000000000000000000e+00
4.611601562500000000e+02 1.483405609130859375e+02 8.841796875000000000e+01 3.313506841659545898e-01 -9.188966751098632812e-01 -2.140925675630569458e-01 0.000000000000000000e+00 2.000000000000000000e+00
4.608903198242187500e+02 1.490888671875000000e+02 8.859231567382812500e+01 3.226845860481262207e-01 -9.177508950233459473e-01 -2.315336763858795166e-01 0.000000000000000000e+00 2.000000000000000000e+00
4.606236877441406250e+02 1.498471984863281250e+02 8.878363037109375000e+01 3.112670481204986572e-01 -9.170284867286682129e-01 -2.493421286344528198e-01 0.000000000000000000e+00 2.000000000000000000e+00
4.603648681640625000e+02 1.506097106933593750e+02 8.899095916748046875e+01 2.967725396156311035e-01 -9.167289733886718750e-01 -2.674583792686462402e-01 0.000000000000000000e+00 2.000000000000000000e+00
4.601191711425781250e+02 1.513686676025390625e+02 8.921238708496093750e+01 2.804304063320159912e-01 -9.163209199905395508e-01 -2.858578562736511230e-01 0.000000000000000000e+00 2.000000000000000000e+00
4.598905334472656250e+02 1.521157531738281250e+02 8.944544982910156250e+01 2.632577121257781982e-01 -9.155930876731872559e-01 -3.039484024047851562e-01 0.000000000000000000e+00 2.000000000000000000e+00
4.596809997558593750e+02 1.528444976806640625e+02 8.968737030029296875e+01 2.466948628425598145e-01 -9.147939085960388184e-01 -3.198338150978088379e-01 0.000000000000000000e+00 2.000000000000000000e+00
4.594900817871093750e+02 1.535524597167968750e+02 8.993489074707031250e+01 2.322243005037307739e-01 -9.147248268127441406e-01 -3.306817412376403809e-01 0.000000000000000000e+00 2.000000000000000000e+00
4.593150634765625000e+02 1.542418518066406250e+02 9.018411254882812500e+01 2.202413678169250488e-01 -9.162330627441406250e-01 -3.346801102161407471e-01 0.000000000000000000e+00 2.000000000000000000e+00
4.591524047851562500e+02 1.549185333251953125e+02 9.043128967285156250e+01 2.094715833663940430e-01 -9.197189807891845703e-01 -3.320220708847045898e-01 0.000000000000000000e+00 2.000000000000000000e+00
4.589994506835937500e+02 1.555901031494140625e+02 9.067372894287109375e+01 1.966015547513961792e-01 -9.248066544532775879e-01 -3.256998658180236816e-01 0.000000000000000000e+00 2.000000000000000000e+00
4.588562622070312500e+02 1.562636566162109375e+02 9.091094207763671875e+01 1.796993017196655273e-01 -9.306422472000122070e-01 -3.187682032585144043e-01 0.000000000000000000e+00 2.000000000000000000e+00
4.587247314453125000e+02 1.569448394775390625e+02 9.114426422119140625e+01 1.594733446836471558e-01 -9.362355470657348633e-01 -3.130994439125061035e-01 0.000000000000000000e+00 2.000000000000000000e+00
4.586067504882812500e+02 1.576374816894531250e+02 9.137590026855468750e+01 1.389119625091552734e-01 -9.409626126289367676e-01 -3.086954951286315918e-01 0.000000000000000000e+00 2.000000000000000000e+00
4.585025939941406250e+02 1.583430175781250000e+02 9.160736083984375000e+01 1.229549050331115723e-01 -9.446285367012023926e-01 -3.042350709438323975e-01 0.000000000000000000e+00 2.000000000000000000e+00
4.584091491699218750e+02 1.590609283447265625e+02 9.183857727050781250e+01 1.145444512367248535e-01 -9.472373127937316895e-01 -2.993676066398620605e-01 0.000000000000000000e+00 2.000000000000000000e+00
4.583211975097656250e+02 1.597882537841796875e+02 9.206844329833984375e+01 1.137513145804405212e-01 -9.486930966377258301e-01 -2.950288653373718262e-01 0.000000000000000000e+00 2.000000000000000000e+00
4.582335205078125000e+02 1.605194854736328125e+02 9.229584503173828125e+01 1.185890212655067444e-01 -9.486327171325683594e-01 -2.933130860328674316e-01 0.000000000000000000e+00 2.000000000000000000e+00
4.581424560546875000e+02 1.612479400634765625e+02 9.252108001708984375e+01 1.267425119876861572e-01 -9.465943574905395508e-01 -2.964718937873840332e-01 0.000000000000000000e+00 2.000000000000000000e+00
4.580461120605468750e+02 1.619674987792968750e+02 9.274644470214843750e+01 1.385499835014343262e-01 -9.422619342803955078e-01 -3.048709928989410400e-01 0.000000000000000000e+00 2.000000000000000000e+00
4.579421997070312500e+02 1.626741943359375000e+02 9.297509765625000000e+01 1.573312133550643921e-01 -9.354800581932067871e-01 -3.164235949516296387e-01 0.000000000000000000e+00 2.000000000000000000e+00
4.578256530761718750e+02 1.633671722412109375e+02 9.320949554443359375e+01 1.883381605148315430e-01 -9.261515140533447266e-01 -3.267598450183868408e-01 0.000000000000000000e+00 2.000000000000000000e+00
4.576871337890625000e+02 1.640483398437500000e+02 9.344982147216796875e+01 2.356706708669662476e-01 -9.137210249900817871e-01 -3.310182690620422363e-01 0.000000000000000000e+00 2.000000000000000000e+00
4.575135498046875000e+02 1.647213439941406250e+02 9.369363403320312500e+01 2.986618578433990479e-01 -8.969688415527343750e-01 -3.259572684764862061e-01 0.000000000000000000e+00 2.000000000000000000e+00
4.572910766601562500e+02 1.653894958496093750e+02 9.393643951416015625e+01 3.718686997890472412e-01 -8.746239542961120605e-01 -3.110411763191223145e-01 0.000000000000000000e+00 2.000000000000000000e+00
4.570083312988281250e+02 1.660545043945312500e+02 9.417293548583984375e+01 4.480759501457214355e-01 -8.460879921913146973e-01 -2.887266576290130615e-01 0.000000000000000000e+00 2.000000000000000000e+00
4.566581726074218750e+02 1.667156982421875000e+02 9.439856719970703125e+01 5.196343660354614258e-01 -8.127366304397583008e-01 -2.635134160518646240e-01 0.000000000000000000e+00 2.000000000000000000e+00
4.562398681640625000e+02 1.673699493408203125e+02 9.461069488525390625e+01 5.824851393699645996e-01 -7.768620252609252930e-01 -2.391579002141952515e-01 0.000000000000000000e+00 2.000000000000000000e+00
4.557579650878906250e+02 1.680126647949218750e+02 9.480855560302734375e+01 6.356113553047180176e-01 -7.406141161918640137e-01 -2.179195135831832886e-01 0.000000000000000000e+00 2.000000000000000000e+00
4.552205810546875000e+02 1.686388244628906250e+02 9.499279785156250000e+01 6.795389652252197266e-01 -7.057503461837768555e-01 -2.003579288721084595e-01 0.000000000000000000e+00 2.000000000000000000e+00
4.546378784179687500e+02 1.692440032958984375e+02 9.516460418701171875e+01 7.152998447418212891e-01 -6.735345125198364258e-01 -1.862723082304000854e-01 0.000000000000000000e+00 2.000000000000000000e+00
4.540208740234375000e+02 1.698249816894531250e+02 9.532527923583984375e+01 7.443919181823730469e-01 -6.444687843322753906e-01 -1.747591793537139893e-01 0.000000000000000000e+00 2.000000000000000000e+00
4.533797607421875000e+02 1.703800354003906250e+02 9.547579193115234375e+01 7.682428359985351562e-01 -6.185399293899536133e-01 -1.649588495492935181e-01 0.000000000000000000e+00 2.000000000000000000e+00
4.527231750488281250e+02 1.709086761474609375e+02 9.561677551269531250e+01 7.878648638725280762e-01 -5.957159399986267090e-01 -1.561775058507919312e-01 0.000000000000000000e+00 2.000000000000000000e+00
4.520581054687500000e+02 1.714115447998046875e+02 9.574861145019531250e+01 8.040564656257629395e-01 -5.758098363876342773e-01 -1.481089144945144653e-01 0.000000000000000000e+00 2.000000000000000000e+00
4.513895263671875000e+02 1.718903350830078125e+02 9.587176513671875000e+01 8.174740672111511230e-01 -5.586091279983520508e-01 -1.403280198574066162e-01 0.000000000000000000e+00 2.000000000000000000e+00
4.507203674316406250e+02 1.723475952148437500e+02 9.598663330078125000e+01 8.285240530967712402e-01 -5.440393090248107910e-01 -1.325483471155166626e-01 0.000000000000000000e+00 2.000000000000000000e+00
4.500520019531250000e+02 1.727864685058593750e+02 9.609355926513671875e+01 8.372272849082946777e-01 -5.325406193733215332e-01 -1.243022680282592773e-01 0.000000000000000000e+00 2.000000000000000000e+00
4.493852539062500000e+02 1.732105712890625000e+02 9.619255065917968750e+01 8.435527086257934570e-01 -5.244403481483459473e-01 -1.156765222549438477e-01 0.000000000000000000e+00 2.000000000000000000e+00
4.487220153808593750e+02 1.736229095458984375e+02 9.628350067138671875e+01 8.472452759742736816e-01 -5.204129219055175781e-01 -1.065166294574737549e-01 0.000000000000000000e+00 2.000000000000000000e+00
4.480660705566406250e+02 1.740258178710937500e+02 9.636596679687500000e+01 8.483016490936279297e-01 -5.206465721130371094e-01 -9.649576991796493530e-02 0.000000000000000000e+00 2.000000000000000000e+00
4.474227294921875000e+02 1.744206695556640625e+02 9.643914794921875000e+01 8.462520241737365723e-01 -5.259221792221069336e-01 -8.522538095712661743e-02 0.000000000000000000e+00 2.000000000000000000e+00
4.467987976074218750e+02 1.748084259033203125e+02 9.650198364257812500e+01 8.409731984138488770e-01 -5.362833142280578613e-01 -7.186385244131088257e-02 0.000000000000000000e+00 2.000000000000000000e+00
4.462001647949218750e+02 1.751901702880859375e+02 9.655313873291015625e+01 8.320317268371582031e-01 -5.519902110099792480e-01 -5.504518747329711914e-02 0.000000000000000000e+00 2.000000000000000000e+00
4.456307067871093750e+02 1.755679626464843750e+02 9.659081268310546875e+01 8.193737864494323730e-01 -5.722573399543762207e-01 -3.388335555791854858e-02 0.000000000000000000e+00 2.000000000000000000e+00
4.450919799804687500e+02 1.759442138671875000e+02 9.661309051513671875e+01 8.032063841819763184e-01 -5.956600308418273926e-01 -6.973615847527980804e-03 0.000000000000000000e+00 2.000000000000000000e+00
4.445831909179687500e+02 1.763215332031250000e+02 9.661750793457031250e+01 7.840110659599304199e-01 -6.201655864715576172e-01 2.685991488397121429e-02 0.000000000000000000e+00 2.000000000000000000e+00
4.441021728515625000e+02 1.767020263671875000e+02 9.660102844238281250e+01 7.620910406112670898e-01 -6.438416838645935059e-01 6.844739615917205811e-02 0.000000000000000000e+00 2.000000000000000000e+00
4.436462707519531250e+02 1.770871887207031250e+02 9.656008148193359375e+01 7.371550202369689941e-01 -6.653926372528076172e-01 1.177079305052757263e-01 0.000000000000000000e+00 2.000000000000000000e+00
4.432131958007812500e+02 1.774781036376953125e+02 9.649092864990234375e+01 7.090833783149719238e-01 -6.836445927619934082e-01 1.727160215377807617e-01 0.000000000000000000e+00 2.000000000000000000e+00
4.428010559082031250e+02 1.778754577636718750e+02 9.639054107666015625e+01 6.774693131446838379e-01 -6.986154913902282715e-01 2.301560491323471069e-01 0.000000000000000000e+00 2.000000000000000000e+00
4.424089965820312500e+02 1.782797546386718750e+02 9.625734710693359375e+01 6.428894400596618652e-01 -7.108133435249328613e-01 2.853725552558898926e-01 0.000000000000000000e+00 2.000000000000000000e+00
4.420371093750000000e+02 1.786909332275390625e+02 9.609226989746093750e+01 6.073674559593200684e-01 -7.205567359924316406e-01 3.345187604427337646e-01 0.000000000000000000e+00 2.000000000000000000e+00
4.416856079101562500e+02 1.791079406738281250e+02 9.589867401123046875e+01 5.731406211853027344e-01 -7.285390496253967285e-01 3.751542866230010986e-01 0.000000000000000000e+00 2.000000000000000000e+00
4.413545837402343750e+02 1.795287170410156250e+02 9.568199920654296875e+01 5.431143641471862793e-01 -7.344580888748168945e-01 4.069373905658721924e-01 0.000000000000000000e+00 2.000000000000000000e+00
4.410425720214843750e+02 1.799506530761718750e+02 9.544821929931640625e+01 5.203447937965393066e-01 -7.374225854873657227e-01 4.306380152702331543e-01 0.000000000000000000e+00 2.000000000000000000e+00
4.407457580566406250e+02 1.803712921142578125e+02 9.520257568359375000e+01 5.074329376220703125e-01 -7.358989119529724121e-01 4.482907652854919434e-01 0.000000000000000000e+00 2.000000000000000000e+00
4.404581298828125000e+02 1.807884216308593750e+02 9.494847106933593750e+01 5.059430599212646484e-01 -7.283583879470825195e-01 4.620775580406188965e-01 0.000000000000000000e+00 2.000000000000000000e+00
4.401718750000000000e+02 1.812005157470703125e+02 9.468703460693359375e+01 5.163052678108215332e-01 -7.137145400047302246e-01 4.733290374279022217e-01 0.000000000000000000e+00 2.000000000000000000e+00
4.398781127929687500e+02 1.816065979003906250e+02 9.441772460937500000e+01 5.373101234436035156e-01 -6.918383240699768066e-01 4.823459684848785400e-01 0.000000000000000000e+00 2.000000000000000000e+00
4.395676269531250000e+02 1.820063781738281250e+02 9.413899993896484375e+01 5.665314197540283203e-01 -6.641258597373962402e-01 4.878307878971099854e-01 0.000000000000000000e+00 2.000000000000000000e+00
4.392315673828125000e+02 1.824003295898437500e+02 9.384962463378906250e+01 6.004980802536010742e-01 -6.335944533348083496e-01 4.878116548061370850e-01 0.000000000000000000e+00 2.000000000000000000e+00
4.388622436523437500e+02 1.827900085449218750e+02 9.354960632324218750e+01 6.365888714790344238e-01 -6.031966805458068848e-01 4.805291295051574707e-01 0.000000000000000000e+00 2.000000000000000000e+00
4.384532470703125000e+02 1.831775512695312500e+02 9.324087524414062500e+01 6.719406247138977051e-01 -5.758132338523864746e-01 4.657626152038574219e-01 0.000000000000000000e+00 2.000000000000000000e+00
4.380003662109375000e+02 1.835656433105468750e+02 9.292695617675781250e+01 7.050136327743530273e-01 -5.527275800704956055e-01 4.443511068820953369e-01 0.000000000000000000e+00 2.000000000000000000e+00
4.375019226074218750e+02 1.839564208984375000e+02 9.261280059814453125e+01 7.344459295272827148e-01 -5.342419743537902832e-01 4.185387790203094482e-01 0.000000000000000000e+00 2.000000000000000000e+00
4.369592285156250000e+02 1.843511810302734375e+02 9.230353546142578125e+01 7.595774531364440918e-01 -5.199180841445922852e-01 3.908034265041351318e-01 0.000000000000000000e+00 2.000000000000000000e+00
4.363762817382812500e+02 1.847501983642578125e+02 9.200360870361328125e+01 7.799852490425109863e-01 -5.092867612838745117e-01 3.636618554592132568e-01 0.000000000000000000e+00 2.000000000000000000e+00
4.357595214843750000e+02 1.851529083251953125e+02 9.171604919433593750e+01 7.956337332725524902e-01 -5.021315813064575195e-01 3.388670384883880615e-01 0.000000000000000000e+00 2.000000000000000000e+00
4.351169738769531250e+02 1.855584259033203125e+02 9.144238281250000000e+01 8.068511486053466797e-01 -4.981493651866912842e-01 3.175506293773651123e-01 0.000000000000000000e+00 2.000000000000000000e+00
4.344574890136718750e+02 1.859655914306640625e+02 9.118283081054687500e+01 8.143503665924072266e-01 -4.969229698181152344e-01 2.998349368572235107e-01 0.000000000000000000e+00 2.000000000000000000e+00
4.337893066406250000e+02 1.863733215332031250e+02 9.093681335449218750e+01 8.188269138336181641e-01 -4.980618655681610107e-01 2.854064702987670898e-01 0.000000000000000000e+00 2.000000000000000000e+00
4.331196899414062500e+02 1.867806243896484375e+02 9.070341491699218750e+01 8.212497234344482422e-01 -5.006214976310729980e-01 2.737279534339904785e-01 0.000000000000000000e+00 2.000000000000000000e+00
4.324542541503906250e+02 1.871862640380859375e+02 9.048162078857421875e+01 8.222348690032958984e-01 -5.041941404342651367e-01 2.640417218208312988e-01 0.000000000000000000e+00 2.000000000000000000e+00
4.317967224121093750e+02 1.875894622802734375e+02 9.027046966552734375e+01 8.223615884780883789e-01 -5.082212686538696289e-01 2.557977735996246338e-01 0.000000000000000000e+00 2.000000000000000000e+00
4.311496582031250000e+02 1.879893493652343750e+02 9.006919860839843750e+01 8.219340443611145020e-01 -5.125643610954284668e-01 2.483994513750076294e-01 0.000000000000000000e+00 2.000000000000000000e+00
4.305140380859375000e+02 1.883857269287109375e+02 8.987710571289062500e+01 8.207966089248657227e-01 -5.177622437477111816e-01 2.412780225276947021e-01 0.000000000000000000e+00 2.000000000000000000e+00
4.298897094726562500e+02 1.887795562744140625e+02 8.969358062744140625e+01 8.186795711517333984e-01 -5.245149135589599609e-01 2.337689250707626343e-01 0.000000000000000000e+00 2.000000000000000000e+00
4.292758178710937500e+02 1.891728668212890625e+02 8.951828765869140625e+01 8.147970438003540039e-01 -5.340752005577087402e-01 2.255425453186035156e-01 0.000000000000000000e+00 2.000000000000000000e+00
4.286716308593750000e+02 1.895688934326171875e+02 8.935104370117187500e+01 8.082538247108459473e-01 -5.476144552230834961e-01 2.164350301027297974e-01 0.000000000000000000e+00 2.000000000000000000e+00
4.280773620605468750e+02 1.899715270996093750e+02 8.919190979003906250e+01 7.977231144905090332e-01 -5.663495063781738281e-01 2.070895135402679443e-01 0.000000000000000000e+00 2.000000000000000000e+00
4.274956665039062500e+02 1.903845062255859375e+02 8.904090118408203125e+01 7.822152376174926758e-01 -5.905604362487792969e-01 1.984384506940841675e-01 0.000000000000000000e+00 2.000000000000000000e+00
4.269308776855468750e+02 1.908109130859375000e+02 8.889762115478515625e+01 7.607929706573486328e-01 -6.199315190315246582e-01 1.920389980077743530e-01 0.000000000000000000e+00 2.000000000000000000e+00
4.263885192871093750e+02 1.912528533935546875e+02 8.876071929931640625e+01 7.332823276519775391e-01 -6.531258225440979004e-01 1.890072226524353027e-01 0.000000000000000000e+00 2.000000000000000000e+00
4.258739929199218750e+02 1.917111358642578125e+02 8.862809753417968750e+01 7.001982331275939941e-01 -6.881906390190124512e-01 1.900424361228942871e-01 0.000000000000000000e+00 2.000000000000000000e+00
4.253908386230468750e+02 1.921860046386718750e+02 8.849696350097656250e+01 6.631086468696594238e-01 -7.227116227149963379e-01 1.948715001344680786e-01 0.000000000000000000e+00 2.000000000000000000e+00
4.249401245117187500e+02 1.926772308349609375e+02 8.836450958251953125e+01 6.244438886642456055e-01 -7.545250058174133301e-01 2.018958032131195068e-01 0.000000000000000000e+00 2.000000000000000000e+00
4.245202636718750000e+02 1.931845550537109375e+02 8.822875976562500000e+01 5.870127677917480469e-01 -7.821361422538757324e-01 2.089955359697341919e-01 0.000000000000000000e+00 2.000000000000000000e+00
4.241276855468750000e+02 1.937076263427734375e+02 8.808898925781250000e+01 5.536256432533264160e-01 -8.048608899116516113e-01 2.137701362371444702e-01 0.000000000000000000e+00 2.000000000000000000e+00
4.237574462890625000e+02 1.942458801269531250e+02 8.794602966308593750e+01 5.255773663520812988e-01 -8.231756687164306641e-01 2.148260027170181274e-01 0.000000000000000000e+00 2.000000000000000000e+00
4.234047241210937500e+02 1.947983245849609375e+02 8.780185699462890625e+01 5.043417811393737793e-01 -8.369628787040710449e-01 2.124437987804412842e-01 0.000000000000000000e+00 2.000000000000000000e+00
4.230647583007812500e+02 1.953625030517578125e+02 8.765865325927734375e+01 4.899614155292510986e-01 -8.464593291282653809e-01 2.084336280822753906e-01 0.000000000000000000e+00 2.000000000000000000e+00
4.227339782714843750e+02 1.959339599609375000e+02 8.751793670654296875e+01 4.823144376277923584e-01 -8.514544367790222168e-01 2.059080302715301514e-01 0.000000000000000000e+00 2.000000000000000000e+00
4.224099426269531250e+02 1.965059967041015625e+02 8.737960052490234375e+01 4.811949133872985840e-01 -8.515341877937316895e-01 2.081850171089172363e-01 0.000000000000000000e+00 2.000000000000000000e+00
4.220907592773437500e+02 1.970708312988281250e+02 8.724150848388671875e+01 4.857196509838104248e-01 -8.465896844863891602e-01 2.176290154457092285e-01 0.000000000000000000e+00 2.000000000000000000e+00
4.217754211425781250e+02 1.976204528808593750e+02 8.710021972656250000e+01 4.946190416812896729e-01 -8.367518782615661621e-01 2.349428385496139526e-01 0.000000000000000000e+00 2.000000000000000000e+00
4.214632568359375000e+02 1.981485443115234375e+02 8.695194244384765625e+01 5.063781738281250000e-01 -8.226961493492126465e-01 2.583646178245544434e-01 0.000000000000000000e+00 2.000000000000000000e+00
4.211534729003906250e+02 1.986518402099609375e+02 8.679388427734375000e+01 5.192250609397888184e-01 -8.059014081954956055e-01 2.844788730144500732e-01 0.000000000000000000e+00 2.000000000000000000e+00
4.208452148437500000e+02 1.991302947998046875e+02 8.662499237060546875e+01 5.311285257339477539e-01 -7.888875007629394531e-01 3.091261982917785645e-01 0.000000000000000000e+00 2.000000000000000000e+00
4.205378723144531250e+02 1.995867919921875000e+02 8.644611358642578125e+01 5.406171083450317383e-01 -7.741045355796813965e-01 3.293864428997039795e-01 0.000000000000000000e+00 2.000000000000000000e+00
4.202311706542968750e+02 2.000259552001953125e+02 8.625924682617187500e+01 5.477318763732910156e-01 -7.627564668655395508e-01 3.437911868095397949e-01 0.000000000000000000e+00 2.000000000000000000e+00
4.199246520996093750e+02 2.004528045654296875e+02 8.606685638427734375e+01 5.522410869598388672e-01 -7.553073167800903320e-01 3.529032170772552490e-01 0.000000000000000000e+00 2.000000000000000000e+00
4.196184082031250000e+02 2.008716583251953125e+02 8.587115478515625000e+01 5.549221038818359375e-01 -7.508924603462219238e-01 3.580807149410247803e-01 0.000000000000000000e+00 2.000000000000000000e+00
4.193121948242187500e+02 2.012860107421875000e+02 8.567356109619140625e+01 5.563108921051025391e-01 -7.486326694488525391e-01 3.606483936309814453e-01 0.000000000000000000e+00 2.000000000000000000e+00
4.190060119628906250e+02 2.016980438232421875e+02 8.547506713867187500e+01 5.566653013229370117e-01 -7.476322054862976074e-01 3.621738255023956299e-01 0.000000000000000000e+00 2.000000000000000000e+00
4.186999511718750000e+02 2.021091003417968750e+02 8.527593994140625000e+01 5.567472577095031738e-01 -7.469928264617919922e-01 3.633651435375213623e-01 0.000000000000000000e+00 2.000000000000000000e+00
4.183938903808593750e+02 2.025197448730468750e+02 8.507618713378906250e+01 5.560120940208435059e-01 -7.467929124832153320e-01 3.648985028266906738e-01 0.000000000000000000e+00 2.000000000000000000e+00
4.180878906250000000e+02 2.029307403564453125e+02 8.487536621093750000e+01 5.543309450149536133e-01 -7.466656565666198730e-01 3.677060008049011230e-01 0.000000000000000000e+00 2.000000000000000000e+00
4.177819824218750000e+02 2.033427886962890625e+02 8.467244720458984375e+01 5.511961579322814941e-01 -7.465742230415344238e-01 3.725718557834625244e-01 0.000000000000000000e+00 2.000000000000000000e+00
4.174762573242187500e+02 2.037568817138671875e+02 8.446579742431640625e+01 5.460612773895263672e-01 -7.467108964920043945e-01 3.797893226146697998e-01 0.000000000000000000e+00 2.000000000000000000e+00
4.171706237792968750e+02 2.041748199462890625e+02 8.425322723388671875e+01 5.388225913047790527e-01 -7.472959160804748535e-01 3.888690173625946045e-01 0.000000000000000000e+00 2.000000000000000000e+00
4.168646240234375000e+02 2.045992126464843750e+02 8.403238677978515625e+01 5.299702286720275879e-01 -7.483388185501098633e-01 3.988990783691406250e-01 0.000000000000000000e+00 2.000000000000000000e+00
4.165574035644531250e+02 2.050330200195312500e+02 8.380114746093750000e+01 5.204768776893615723e-01 -7.497944235801696777e-01 4.085487425327301025e-01 0.000000000000000000e+00 2.000000000000000000e+00
4.162476501464843750e+02 2.054792480468750000e+02 8.355800628662109375e+01 5.127468109130859375e-01 -7.505323290824890137e-01 4.168835878372192383e-01 0.000000000000000000e+00 2.000000000000000000e+00
4.159332275390625000e+02 2.059394836425781250e+02 8.330236816406250000e+01 5.093185305595397949e-01 -7.490205168724060059e-01 4.237485527992248535e-01 0.000000000000000000e+00 2.000000000000000000e+00
4.156110839843750000e+02 2.064132385253906250e+02 8.303434753417968750e+01 5.130895972251892090e-01 -7.430775165557861328e-01 4.296217262744903564e-01 0.000000000000000000e+00 2.000000000000000000e+00
4.152770690917968750e+02 2.068969726562500000e+02 8.275466918945312500e+01 5.265951156616210938e-01 -7.305328249931335449e-01 4.347636103630065918e-01 0.000000000000000000e+00 2.000000000000000000e+00
4.149259338378906250e+02 2.073840942382812500e+02 8.246476745605468750e+01 5.519202947616577148e-01 -7.095187902450561523e-01 4.381403625011444092e-01 0.000000000000000000e+00 2.000000000000000000e+00
4.145509643554687500e+02 2.078661346435546875e+02 8.216709899902343750e+01 5.890412926673889160e-01 -6.793408393859863281e-01 4.376371502876281738e-01 0.000000000000000000e+00 2.000000000000000000e+00
4.141453552246093750e+02 2.083339233398437500e+02 8.186574554443359375e+01 6.361428499221801758e-01 -6.403303146362304688e-01 4.304641485214233398e-01 0.000000000000000000e+00 2.000000000000000000e+00
4.137026062011718750e+02 2.087795867919921875e+02 8.156614685058593750e+01 6.883231401443481445e-01 -5.950018763542175293e-01 4.149506390094757080e-01 0.000000000000000000e+00 2.000000000000000000e+00
4.132189941406250000e+02 2.091976318359375000e+02 8.127460479736328125e+01 7.398494482040405273e-01 -5.469865798950195312e-01 3.916995525360107422e-01 0.000000000000000000e+00 2.000000000000000000e+00
4.126945800781250000e+02 2.095853424072265625e+02 8.099696350097656250e+01 7.859398126602172852e-01 -5.004519224166870117e-01 3.631066679954528809e-01 0.000000000000000000e+00 2.000000000000000000e+00
4.121325683593750000e+02 2.099432067871093750e+02 8.073731231689453125e+01 8.237983584403991699e-01 -4.589594602584838867e-01 3.327350020408630371e-01 0.000000000000000000e+00 2.000000000000000000e+00
4.115387878417968750e+02 2.102740173339843750e+02 8.049748229980468750e+01 8.526402711868286133e-01 -4.250380098819732666e-01 3.038868308067321777e-01 0.000000000000000000e+00 2.000000000000000000e+00
4.109197998046875000e+02 2.105825805664062500e+02 8.027687072753906250e+01 8.732614517211914062e-01 -3.999854028224945068e-01 2.782557010650634766e-01 0.000000000000000000e+00 2.000000000000000000e+00
4.102820129394531250e+02 2.108747100830078125e+02 8.007364654541015625e+01 8.866274356842041016e-01 -3.846964538097381592e-01 2.567106187343597412e-01 0.000000000000000000e+00 2.000000000000000000e+00
4.096320800781250000e+02 2.111567077636718750e+02 7.988546752929687500e+01 8.936859369277954102e-01 -3.794511258602142334e-01 2.394626885652542114e-01 0.000000000000000000e+00 2.000000000000000000e+00
4.089770812988281250e+02 2.114348144531250000e+02 7.970996093750000000e+01 8.950990438461303711e-01 -3.838714659214019775e-01 2.268045544624328613e-01 0.000000000000000000e+00 2.000000000000000000e+00
4.083256835937500000e+02 2.117141723632812500e+02 7.954490661621093750e+01 8.908959627151489258e-01 -3.977023959159851074e-01 2.194018214941024780e-01 0.000000000000000000e+00 2.000000000000000000e+00
4.076873474121093750e+02 2.119991302490234375e+02 7.938770294189453125e+01 8.813506364822387695e-01 -4.191359281539916992e-01 2.180508673191070557e-01 0.000000000000000000e+00 2.000000000000000000e+00
4.070698547363281250e+02 2.122927856445312500e+02 7.923493194580078125e+01 8.670146465301513672e-01 -4.453558027744293213e-01 2.234811931848526001e-01 0.000000000000000000e+00 2.000000000000000000e+00
4.064769592285156250e+02 2.125973358154296875e+02 7.908210754394531250e+01 8.494667410850524902e-01 -4.719966053962707520e-01 2.358506768941879272e-01 0.000000000000000000e+00 2.000000000000000000e+00
4.059062500000000000e+02 2.129144439697265625e+02 7.892365264892578125e+01 8.314149379730224609e-01 -4.942611455917358398e-01 2.538800239562988281e-01 0.000000000000000000e+00 2.000000000000000000e+00
4.053498840332031250e+02 2.132451934814453125e+02 7.875376129150390625e+01 8.161138892173767090e-01 -5.082983970642089844e-01 2.749381363391876221e-01 0.000000000000000000e+00 2.000000000000000000e+00
4.047966918945312500e+02 2.135897369384765625e+02 7.856739807128906250e+01 8.051273226737976074e-01 -5.138615965843200684e-01 2.961691915988922119e-01 0.000000000000000000e+00 2.000000000000000000e+00
4.042367248535156250e+02 2.139471282958984375e+02 7.836141204833984375e+01 7.986226677894592285e-01 -5.127041935920715332e-01 3.151763677597045898e-01 0.000000000000000000e+00 2.000000000000000000e+00
4.036640319824218750e+02 2.143147888183593750e+02 7.813539886474609375e+01 7.949772477149963379e-01 -5.085111260414123535e-01 3.307984769344329834e-01 0.000000000000000000e+00 2.000000000000000000e+00
4.030786132812500000e+02 2.146892547607421875e+02 7.789179992675781250e+01 7.927201986312866211e-01 -5.040003657341003418e-01 3.428968489170074463e-01 0.000000000000000000e+00 2.000000000000000000e+00
4.024855041503906250e+02 2.150663452148437500e+02 7.763524627685546875e+01 7.907317280769348145e-01 -5.009363293647766113e-01 3.518609702587127686e-01 0.000000000000000000e+00 2.000000000000000000e+00
4.018919982910156250e+02 2.154423370361328125e+02 7.737114715576171875e+01 7.884684205055236816e-01 -4.999328851699829102e-01 3.583081066608428955e-01 0.000000000000000000e+00 2.000000000000000000e+00
4.013047790527343750e+02 2.158146667480468750e+02 7.710429382324218750e+01 7.857206463813781738e-01 -5.011036992073059082e-01 3.626818656921386719e-01 0.000000000000000000e+00 2.000000000000000000e+00
4.007279357910156250e+02 2.161825561523437500e+02 7.683802795410156250e+01 7.828564643859863281e-01 -5.034309029579162598e-01 3.656407892704010010e-01 0.000000000000000000e+00 2.000000000000000000e+00
4.001625671386718750e+02 2.165461273193359375e+02 7.657396697998046875e+01 7.798976898193359375e-01 -5.064359903335571289e-01 3.678072690963745117e-01 0.000000000000000000e+00 2.000000000000000000e+00
3.996076354980468750e+02 2.169064788818359375e+02 7.631225585937500000e+01 7.771783471107482910e-01 -5.093196630477905273e-01 3.695772588253021240e-01 0.000000000000000000e+00 2.000000000000000000e+00
3.990609130859375000e+02 2.172647705078125000e+02 7.605226898193359375e+01 7.745589613914489746e-01 -5.120340585708618164e-01 3.713214695453643799e-01 0.000000000000000000e+00 2.000000000000000000e+00
3.985206298828125000e+02 2.176219329833984375e+02 7.579325866699218750e+01 7.720649838447570801e-01 -5.145191550254821777e-01 3.730759322643280029e-01 0.000000000000000000e+00 2.000000000000000000e+00
3.979855346679687500e+02 2.179785308837890625e+02 7.553469085693359375e+01 7.699639201164245605e-01 -5.165832638740539551e-01 3.745627105236053467e-01 0.000000000000000000e+00 2.000000000000000000e+00
3.974544372558593750e+02 2.183348541259765625e+02 7.527632904052734375e+01 7.684962749481201172e-01 -5.182143449783325195e-01 3.753229677677154541e-01 0.000000000000000000e+00 2.000000000000000000e+00
3.969262695312500000e+02 2.186910095214843750e+02 7.501837921142578125e+01 7.679439783096313477e-01 -5.191498994827270508e-01 3.751603960990905762e-01 0.000000000000000000e+00 2.000000000000000000e+00
3.963996582031250000e+02 2.190470123291015625e+02 7.476111602783203125e+01 7.684552073478698730e-01 -5.188697576522827148e-01 3.745006024837493896e-01 0.000000000000000000e+00 2.000000000000000000e+00
3.958728637695312500e+02 2.194027099609375000e+02 7.450438690185546875e+01 7.694838643074035645e-01 -5.177218317985534668e-01 3.739768862724304199e-01 0.000000000000000000e+00 2.000000000000000000e+00
3.953444213867187500e+02 2.197582550048828125e+02 7.424755859375000000e+01 7.703627347946166992e-01 -5.156774520874023438e-01 3.749908506870269775e-01 0.000000000000000000e+00 2.000000000000000000e+00
3.948132324218750000e+02 2.201138305664062500e+02 7.398899078369140625e+01 7.701412439346313477e-01 -5.131343007087707520e-01 3.789137303829193115e-01 0.000000000000000000e+00 2.000000000000000000e+00
3.942788085937500000e+02 2.204699096679687500e+02 7.372605133056640625e+01 7.686120271682739258e-01 -5.099004507064819336e-01 3.863120377063751221e-01 0.000000000000000000e+00 2.000000000000000000e+00
3.937409362792968750e+02 2.208267364501953125e+02 7.345571136474609375e+01 7.661285400390625000e-01 -5.054520964622497559e-01 3.969449698925018311e-01 0.000000000000000000e+00 2.000000000000000000e+00
3.931998291015625000e+02 2.211837310791015625e+02 7.317535400390625000e+01 7.641876339912414551e-01 -4.984390735626220703e-01 4.093602299690246582e-01 0.000000000000000000e+00 2.000000000000000000e+00
3.926552124023437500e+02 2.215389556884765625e+02 7.288361358642578125e+01 7.647836804389953613e-01 -4.873550534248352051e-01 4.214155375957489014e-01 0.000000000000000000e+00 2.000000000000000000e+00
3.921063232421875000e+02 2.218887329101562500e+02 7.258116149902343750e+01 7.695302367210388184e-01 -4.714372754096984863e-01 4.307785928249359131e-01 0.000000000000000000e+00 2.000000000000000000e+00
3.915515441894531250e+02 2.222286071777343750e+02 7.227059936523437500e+01 7.795548439025878906e-01 -4.505957067012786865e-01 4.350375235080718994e-01 0.000000000000000000e+00 2.000000000000000000e+00
3.909880676269531250e+02 2.225543060302734375e+02 7.195614624023437500e+01 7.938235402107238770e-01 -4.264055788516998291e-01 4.336156249046325684e-01 0.000000000000000000e+00 2.000000000000000000e+00
3.904135131835937500e+02 2.228629302978515625e+02 7.164230346679687500e+01 8.104097843170166016e-01 -4.014193117618560791e-01 4.267301559448242188e-01 0.000000000000000000e+00 2.000000000000000000e+00
3.898255310058593750e+02 2.231541748046875000e+02 7.133269500732421875e+01 8.265717029571533203e-01 -3.786045014858245850e-01 4.164586663246154785e-01 0.000000000000000000e+00 2.000000000000000000e+00
3.892232971191406250e+02 2.234300231933593750e+02 7.102926635742187500e+01 8.398586511611938477e-01 -3.608048856258392334e-01 4.055333435535430908e-01 0.000000000000000000e+00 2.000000000000000000e+00
3.886077270507812500e+02 2.236944732666015625e+02 7.073203277587890625e+01 8.488910794258117676e-01 -3.494545817375183105e-01 3.965669572353363037e-01 0.000000000000000000e+00 2.000000000000000000e+00
3.879814147949218750e+02 2.239523010253906250e+02 7.043944549560546875e+01 8.534564971923828125e-01 -3.448209464550018311e-01 3.907819986343383789e-01 0.000000000000000000e+00 2.000000000000000000e+00
3.873481445312500000e+02 2.242081604003906250e+02 7.014948272705078125e+01 8.539584875106811523e-01 -3.463212251663208008e-01 3.883511126041412354e-01 0.000000000000000000e+00 2.000000000000000000e+00
3.867122802734375000e+02 2.244660339355468750e+02 6.986031341552734375e+01 8.514969944953918457e-01 -3.523718118667602539e-01 3.883130848407745361e-01 0.000000000000000000e+00 2.000000000000000000e+00
3.860774841308593750e+02 2.247287292480468750e+02 6.957082366943359375e+01 8.470937013626098633e-01 -3.614353835582733154e-01 3.896110355854034424e-01 0.000000000000000000e+00 2.000000000000000000e+00
3.854469299316406250e+02 2.249977722167968750e+02 6.928080749511718750e+01 8.417676091194152832e-01 -3.719572126865386963e-01 3.912481665611267090e-01 0.000000000000000000e+00 2.000000000000000000e+00
3.848223876953125000e+02 2.252737426757812500e+02 6.899052429199218750e+01 8.363606333732604980e-01 -3.821203112602233887e-01 3.930457234382629395e-01 0.000000000000000000e+00 2.000000000000000000e+00
3.842044677734375000e+02 2.255560607910156250e+02 6.870013427734375000e+01 8.309725522994995117e-01 -3.913646340370178223e-01 3.953710496425628662e-01 0.000000000000000000e+00 2.000000000000000000e+00
3.835936584472656250e+02 2.258437347412109375e+02 6.840951538085937500e+01 8.256695866584777832e-01 -3.995485305786132812e-01 3.982846736907958984e-01 0.000000000000000000e+00 2.000000000000000000e+00
3.829905700683593750e+02 2.261355743408203125e+02 6.811859893798828125e+01 8.199852705001831055e-01 -4.071268737316131592e-01 4.023330807685852051e-01 0.000000000000000000e+00 2.000000000000000000e+00
3.823967895507812500e+02 2.264303894042968750e+02 6.782725524902343750e+01 8.136143088340759277e-01 -4.151597917079925537e-01 4.070308804512023926e-01 0.000000000000000000e+00 2.000000000000000000e+00
3.818141479492187500e+02 2.267276916503906250e+02 6.753577423095703125e+01 8.065164089202880859e-01 -4.240257740020751953e-01 4.119870662689208984e-01 0.000000000000000000e+00 2.000000000000000000e+00
3.812452697753906250e+02 2.270267791748046875e+02 6.724517822265625000e+01 7.989212870597839355e-01 -4.336125850677490234e-01 4.167791306972503662e-01 0.000000000000000000e+00 2.000000000000000000e+00
3.806923522949218750e+02 2.273268737792968750e+02 6.695673370361328125e+01 7.915936708450317383e-01 -4.425443112850189209e-01 4.213477373123168945e-01 0.000000000000000000e+00 2.000000000000000000e+00
3.801569824218750000e+02 2.276261749267578125e+02 6.667176818847656250e+01 7.853538990020751953e-01 -4.490517079830169678e-01 4.261125326156616211e-01 0.000000000000000000e+00 2.000000000000000000e+00
3.796398010253906250e+02 2.279218902587890625e+02 6.639115905761718750e+01 7.813618779182434082e-01 -4.506297111511230469e-01 4.317481219768524170e-01 0.000000000000000000e+00 2.000000000000000000e+00
3.791400146484375000e+02 2.282101287841796875e+02 6.611499786376953125e+01 7.805606126785278320e-01 -4.452905356884002686e-01 4.386814534664154053e-01 0.000000000000000000e+00 2.000000000000000000e+00
3.786552429199218750e+02 2.284866790771484375e+02 6.584255218505859375e+01 7.837286591529846191e-01 -4.318226873874664307e-01 4.464286863803863525e-01 0.000000000000000000e+00 2.000000000000000000e+00
3.781811828613281250e+02 2.287478790283203125e+02 6.557251739501953125e+01 7.910066843032836914e-01 -4.105052053928375244e-01 4.536451697349548340e-01 0.000000000000000000e+00 2.000000000000000000e+00
3.777121276855468750e+02 2.289913024902343750e+02 6.530351257324218750e+01 8.020758032798767090e-01 -3.836636543273925781e-01 4.576862156391143799e-01 0.000000000000000000e+00 2.000000000000000000e+00
3.772415771484375000e+02 2.292163848876953125e+02 6.503500366210937500e+01 8.157649636268615723e-01 -3.552978634834289551e-01 4.563890397548675537e-01 0.000000000000000000e+00 2.000000000000000000e+00
3.767638854980468750e+02 2.294244384765625000e+02 6.476775360107421875e+01 8.312087059020996094e-01 -3.288343846797943115e-01 4.482856392860412598e-01 0.000000000000000000e+00 2.000000000000000000e+00
3.762745056152343750e+02 2.296180419921875000e+02 6.450382232666015625e+01 8.479712009429931641e-01 -3.069728612899780273e-01 4.321022629737854004e-01 0.000000000000000000e+00 2.000000000000000000e+00
3.757691650390625000e+02 2.298009796142578125e+02 6.424631500244140625e+01 8.653062582015991211e-01 -2.903439402580261230e-01 4.085896611213684082e-01 0.000000000000000000e+00 2.000000000000000000e+00
3.752433776855468750e+02 2.299774017333984375e+02 6.399804306030273438e+01 8.823637962341308594e-01 -2.780107259750366211e-01 3.796633481979370117e-01 0.000000000000000000e+00 2.000000000000000000e+00
3.746915283203125000e+02 2.301512756347656250e+02 6.376059341430664062e+01 8.984803557395935059e-01 -2.688506543636322021e-01 3.470624089241027832e-01 0.000000000000000000e+00 2.000000000000000000e+00
3.741063232421875000e+02 2.303263854980468750e+02 6.353454208374023438e+01 9.132605791091918945e-01 -2.612113058567047119e-01 3.126080632209777832e-01 0.000000000000000000e+00 2.000000000000000000e+00
3.734800109863281250e+02 2.305055236816406250e+02 6.332015609741210938e+01 9.260139465332031250e-01 -2.546727359294891357e-01 2.786394357681274414e-01 0.000000000000000000e+00 2.000000000000000000e+00
3.728067321777343750e+02 2.306906890869140625e+02 6.311756515502929688e+01 9.365962147712707520e-01 -2.487277239561080933e-01 2.468238025903701782e-01 0.000000000000000000e+00 2.000000000000000000e+00
3.720842590332031250e+02 2.308825531005859375e+02 6.292716979980468750e+01 9.448553919792175293e-01 -2.433303594589233398e-01 2.191773504018783569e-01 0.000000000000000000e+00 2.000000000000000000e+00
3.713154296875000000e+02 2.310805511474609375e+02 6.274882507324218750e+01 9.509039521217346191e-01 -2.384442389011383057e-01 1.972969472408294678e-01 0.000000000000000000e+00 2.000000000000000000e+00
3.705073852539062500e+02 2.312831726074218750e+02 6.258116912841796875e+01 9.550865888595581055e-01 -2.336288243532180786e-01 1.822832077741622925e-01 0.000000000000000000e+00 2.000000000000000000e+00
3.696700134277343750e+02 2.314880065917968750e+02 6.242135238647460938e+01 9.578928947448730469e-01 -2.287327051162719727e-01 1.735585778951644897e-01 0.000000000000000000e+00 2.000000000000000000e+00
3.688133544921875000e+02 2.316925659179687500e+02 6.226613616943359375e+01 9.601140022277832031e-01 -2.231288999319076538e-01 1.685067713260650635e-01 0.000000000000000000e+00 2.000000000000000000e+00
3.679451599121093750e+02 2.318943328857421875e+02 6.211376190185546875e+01 9.624941349029541016e-01 -2.169593572616577148e-01 1.628913581371307373e-01 0.000000000000000000e+00 2.000000000000000000e+00
3.670691528320312500e+02 2.320917968750000000e+02 6.196550750732421875e+01 9.656436443328857422e-01 -2.101826369762420654e-01 1.528252512216567993e-01 0.000000000000000000e+00 2.000000000000000000e+00
3.661849365234375000e+02 2.322842559814453125e+02 6.182556915283203125e+01 9.696685671806335449e-01 -2.028951197862625122e-01 1.362956464290618896e-01 0.000000000000000000e+00 2.000000000000000000e+00
3.652890625000000000e+02 2.324717102050781250e+02 6.169964599609375000e+01 9.741463661193847656e-01 -1.948488205671310425e-01 1.143364533782005310e-01 0.000000000000000000e+00 2.000000000000000000e+00
3.643765258789062500e+02 2.326542358398437500e+02 6.159254074096679688e+01 9.783902168273925781e-01 -1.858443021774291992e-01 9.063383936882019043e-02 0.000000000000000000e+00 2.000000000000000000e+00
3.634419555664062500e+02 2.328317565917968750e+02 6.150596618652343750e+01 9.819829463958740234e-01 -1.756927371025085449e-01 6.958077847957611084e-02 0.000000000000000000e+00 2.000000000000000000e+00
3.624811401367187500e+02 2.330036621093750000e+02 6.143788528442382812e+01 9.848296046257019043e-01 -1.646956056356430054e-01 5.464519932866096497e-02 0.000000000000000000e+00 2.000000000000000000e+00
3.614925231933593750e+02 2.331689910888671875e+02 6.138302993774414062e+01 -9.869892597198486328e-01 1.536939293146133423e-01 -4.722793400287628174e-02 0.000000000000000000e+00 2.000000000000000000e+00
3.604777526855468750e+02 2.333270111083984375e+02 6.133447265625000000e+01 -9.885461330413818359e-01 1.436789482831954956e-01 -4.618252068758010864e-02 0.000000000000000000e+00 2.000000000000000000e+00
3.594415588378906250e+02 2.334776153564453125e+02 6.128606414794921875e+01 -9.895331263542175293e-01 1.355843693017959595e-01 -4.940695315599441528e-02 0.000000000000000000e+00 2.000000000000000000e+00
3.583909606933593750e+02 2.336215667724609375e+02 6.123360824584960938e+01 -9.900205731391906738e-01 1.298256367444992065e-01 -5.481487140059471130e-02 0.000000000000000000e+00 2.000000000000000000e+00
3.573344116210937500e+02 2.337601165771484375e+02 6.117510986328125000e+01 -9.900902509689331055e-01 1.266454458236694336e-01 -6.068218871951103210e-02 0.000000000000000000e+00 2.000000000000000000e+00
3.562802429199218750e+02 2.338949584960937500e+02 6.111050033569335938e+01 -9.898698925971984863e-01 1.257899999618530273e-01 -6.583665311336517334e-02 0.000000000000000000e+00 2.000000000000000000e+00
3.552353515625000000e+02 2.340277404785156250e+02 6.104100418090820312e+01 -9.894408583641052246e-01 1.269937157630920410e-01 -6.985313445329666138e-02 0.000000000000000000e+00 2.000000000000000000e+00
3.542044982910156250e+02 2.341600494384765625e+02 6.096822738647460938e+01 -9.888208508491516113e-01 1.301048696041107178e-01 -7.284250110387802124e-02 0.000000000000000000e+00 2.000000000000000000e+00
3.531910400390625000e+02 2.342933959960937500e+02 6.089356994628906250e+01 -9.880559444427490234e-01 1.344026625156402588e-01 -7.537498325109481812e-02 0.000000000000000000e+00 2.000000000000000000e+00
3.521968383789062500e+02 2.344286346435546875e+02 6.081772613525390625e+01 -9.871993064880371094e-01 1.391589343547821045e-01 -7.792498171329498291e-02 0.000000000000000000e+00 2.000000000000000000e+00
3.512230529785156250e+02 2.345659027099609375e+02 6.074085998535156250e+01 -9.864690303802490234e-01 1.425327807664871216e-01 -8.101468533277511597e-02 0.000000000000000000e+00 2.000000000000000000e+00
3.502699584960937500e+02 2.347036132812500000e+02 6.066258621215820312e+01 -9.860900044441223145e-01 1.428423970937728882e-01 -8.498606830835342407e-02 0.000000000000000000e+00 2.000000000000000000e+00
3.493370971679687500e+02 2.348387451171875000e+02 6.058218765258789062e+01 -9.862939119338989258e-01 1.386543512344360352e-01 -8.943847566843032837e-02 0.000000000000000000e+00 2.000000000000000000e+00
3.484234008789062500e+02 2.349671936035156250e+02 6.049933242797851562e+01 -9.871350526809692383e-01 1.298119276762008667e-01 -9.334483742713928223e-02 0.000000000000000000e+00 2.000000000000000000e+00
3.475265808105468750e+02 2.350851287841796875e+02 6.041452789306640625e+01 -9.883681535720825195e-01 1.182740181684494019e-01 -9.560098499059677124e-02 0.000000000000000000e+00 2.000000000000000000e+00
3.466440734863281250e+02 2.351907348632812500e+02 6.032916641235351562e+01 -9.896013736724853516e-01 1.075917556881904602e-01 -9.546275436878204346e-02 0.000000000000000000e+00 2.000000000000000000e+00
3.457732238769531250e+02 2.352854156494140625e+02 6.024515914916992188e+01 -9.904032349586486816e-01 1.018194556236267090e-01 -9.345746785402297974e-02 0.000000000000000000e+00 2.000000000000000000e+00
3.449129638671875000e+02 2.353738555908203125e+02 6.016398239135742188e+01 -9.904099106788635254e-01 1.038525402545928955e-01 -9.112027287483215332e-02 0.000000000000000000e+00 2.000000000000000000e+00
3.440643005371093750e+02 2.354628448486328125e+02 6.008590316772460938e+01 -9.892567396163940430e-01 1.147116497159004211e-01 -9.062183648347854614e-02 0.000000000000000000e+00 2.000000000000000000e+00
3.432302856445312500e+02 2.355595550537109375e+02 6.000950241088867188e+01 -9.867174029350280762e-01 1.327399313449859619e-01 -9.364225715398788452e-02 0.000000000000000000e+00 2.000000000000000000e+00
3.424154357910156250e+02 2.356691741943359375e+02 5.993217086791992188e+01 -9.828615188598632812e-01 1.540384590625762939e-01 -1.012688279151916504e-01 0.000000000000000000e+00 2.000000000000000000e+00
3.416235046386718750e+02 2.357932891845703125e+02 5.985057449340820312e+01 -9.781490564346313477e-01 1.738391667604446411e-01 -1.140363961458206177e-01 0.000000000000000000e+00 2.000000000000000000e+00
3.408556823730468750e+02 2.359297485351562500e+02 5.976105880737304688e+01 -9.733690023422241211e-01 1.873240172863006592e-01 -1.321459561586380005e-01 0.000000000000000000e+00 2.000000000000000000e+00
3.401087951660156250e+02 2.360734863281250000e+02 5.965966033935546875e+01 -9.689294099807739258e-01 1.919104307889938354e-01 -1.560333222150802612e-01 0.000000000000000000e+00 2.000000000000000000e+00
3.393772277832031250e+02 2.362183837890625000e+02 5.954185104370117188e+01 -9.643728733062744141e-01 1.881310939788818359e-01 -1.859883815050125122e-01 0.000000000000000000e+00 2.000000000000000000e+00
3.386544189453125000e+02 2.363593902587890625e+02 5.940245056152343750e+01 -9.582810401916503906e-01 1.793642789125442505e-01 -2.225439995527267456e-01 0.000000000000000000e+00 2.000000000000000000e+00
3.379371032714843750e+02 2.364936523437500000e+02 5.923586654663085938e+01 -9.489759206771850586e-01 1.701278984546661377e-01 -2.655205428600311279e-01 0.000000000000000000e+00 2.000000000000000000e+00
3.372263183593750000e+02 2.366210784912109375e+02 5.903699111938476562e+01 -9.350473880767822266e-01 1.641584932804107666e-01 -3.142266869544982910e-01 0.000000000000000000e+00 2.000000000000000000e+00
3.365281372070312500e+02 2.367436523437500000e+02 5.880236434936523438e+01 -9.155597686767578125e-01 1.631020158529281616e-01 -3.676247298717498779e-01 0.000000000000000000e+00 2.000000000000000000e+00
3.358514709472656250e+02 2.368641967773437500e+02 5.853066253662109375e+01 -8.902232050895690918e-01 1.665990948677062988e-01 -4.239663481712341309e-01 0.000000000000000000e+00 2.000000000000000000e+00
3.352048950195312500e+02 2.369851989746093750e+02 5.822273254394531250e+01 -8.597076535224914551e-01 1.727486103773117065e-01 -4.806878268718719482e-01 0.000000000000000000e+00 2.000000000000000000e+00
3.345937500000000000e+02 2.371080017089843750e+02 5.788102340698242188e+01 -8.257412910461425781e-01 1.797461956739425659e-01 -5.346425175666809082e-01 0.000000000000000000e+00 2.000000000000000000e+00
3.340187377929687500e+02 2.372331695556640625e+02 5.750872039794921875e+01 -7.907682657241821289e-01 1.859924048185348511e-01 -5.831743478775024414e-01 0.000000000000000000e+00 2.000000000000000000e+00
3.334767761230468750e+02 2.373606414794921875e+02 5.710903549194335938e+01 -7.573921084403991699e-01 1.916160732507705688e-01 -6.242119073867797852e-01 0.000000000000000000e+00 2.000000000000000000e+00
3.329621276855468750e+02 2.374908447265625000e+02 5.668488311767578125e+01 -7.275987863540649414e-01 1.975578516721725464e-01 -6.569405198097229004e-01 0.000000000000000000e+00 2.000000000000000000e+00
3.324679260253906250e+02 2.376250305175781250e+02 5.623867416381835938e+01 -7.026689052581787109e-01 2.051457911729812622e-01 -6.813014149665832520e-01 0.000000000000000000e+00 2.000000000000000000e+00
3.319870910644531250e+02 2.377654113769531250e+02 5.577246093750000000e+01 -6.829438805580139160e-01 2.154698073863983154e-01 -6.979687213897705078e-01 0.000000000000000000e+00 2.000000000000000000e+00
3.315130310058593750e+02 2.379149780273437500e+02 5.528797149658203125e+01 -6.684111356735229492e-01 2.286726385354995728e-01 -7.077677845954895020e-01 0.000000000000000000e+00 2.000000000000000000e+00
3.310397644042968750e+02 2.380768890380859375e+02 5.478683853149414062e+01 -6.585518717765808105e-01 2.442356199026107788e-01 -7.117994427680969238e-01 0.000000000000000000e+00 2.000000000000000000e+00
3.305625000000000000e+02 2.382538909912109375e+02 5.427098464965820312e+01 -6.522909998893737793e-01 2.616438269615173340e-01 -7.113781571388244629e-01 0.000000000000000000e+00 2.000000000000000000e+00
3.300781250000000000e+02 2.384481811523437500e+02 5.374273300170898438e+01 -6.484882235527038574e-01 2.805425226688385010e-01 -7.076432108879089355e-01 0.000000000000000000e+00 2.000000000000000000e+00
3.295858764648437500e+02 2.386611328125000000e+02 5.320558166503906250e+01 -6.461154818534851074e-01 3.006960153579711914e-01 -7.015102505683898926e-01 0.000000000000000000e+00 2.000000000000000000e+00
3.290876770019531250e+02 2.388929901123046875e+02 5.266466903686523438e+01 -6.443199515342712402e-01 3.222780525684356689e-01 -6.935333609580993652e-01 0.000000000000000000e+00 2.000000000000000000e+00
3.285880432128906250e+02 2.391428985595703125e+02 5.212687301635742188e+01 -6.426618695259094238e-01 3.453404903411865234e-01 -6.839047074317932129e-01 0.000000000000000000e+00 2.000000000000000000e+00
3.280938415527343750e+02 2.394084625244140625e+02 5.160095596313476562e+01 -6.409261822700500488e-01 3.704973161220550537e-01 -6.722687482833862305e-01 0.000000000000000000e+00 2.000000000000000000e+00
3.276130065917968750e+02 2.396864166259765625e+02 5.109660720825195312e+01 -6.393459439277648926e-01 3.983210027217864990e-01 -6.577059626579284668e-01 0.000000000000000000e+00 2.000000000000000000e+00
3.271521911621093750e+02 2.399735107421875000e+02 5.062255859375000000e+01 -6.381895542144775391e-01 4.298374652862548828e-01 -6.387126445770263672e-01 0.000000000000000000e+00 2.000000000000000000e+00
3.267147216796875000e+02 2.402681579589843750e+02 5.018473052978515625e+01 -6.379993557929992676e-01 4.658036828041076660e-01 -6.131751537322998047e-01 0.000000000000000000e+00 2.000000000000000000e+00
3.262987365722656250e+02 2.405718688964843750e+02 4.978493118286132812e+01 -6.399025917053222656e-01 5.049588084220886230e-01 -5.792592167854309082e-01 0.000000000000000000e+00 2.000000000000000000e+00
3.258965759277343750e+02 2.408892211914062500e+02 4.942088317871093750e+01 -6.442856192588806152e-01 5.443051457405090332e-01 -5.372410416603088379e-01 0.000000000000000000e+00 2.000000000000000000e+00
3.254971618652343750e+02 2.412266540527343750e+02 4.908782958984375000e+01 -6.512725949287414551e-01 5.797226428985595703e-01 -4.896587133407592773e-01 0.000000000000000000e+00 2.000000000000000000e+00
3.250886840820312500e+02 2.415902557373046875e+02 4.878071594238281250e+01 -6.602870821952819824e-01 6.080932617187500000e-01 -4.407306611537933350e-01 0.000000000000000000e+00 2.000000000000000000e+00
3.246620788574218750e+02 2.419831390380859375e+02 4.849596405029296875e+01 -6.704704165458679199e-01 6.286228895187377930e-01 -3.940846323966979980e-01 0.000000000000000000e+00 2.000000000000000000e+00
3.242127380371093750e+02 2.424044342041015625e+02 4.823185348510742188e+01 -6.807908415794372559e-01 6.419935226440429688e-01 -3.526585102081298828e-01 0.000000000000000000e+00 2.000000000000000000e+00
3.237406921386718750e+02 2.428495788574218750e+02 4.798732757568359375e+01 -6.905280351638793945e-01 6.495350599288940430e-01 -3.182376325130462646e-01 0.000000000000000000e+00 2.000000000000000000e+00
3.232497558593750000e+02 2.433113708496093750e+02 4.776107406616210938e+01 -6.995449662208557129e-01 6.522532701492309570e-01 -2.918946146965026855e-01 0.000000000000000000e+00 2.000000000000000000e+00
3.227448425292968750e+02 2.437821502685546875e+02 4.755039215087890625e+01 -7.086604833602905273e-01 6.499976515769958496e-01 -2.744147181510925293e-01 0.000000000000000000e+00 2.000000000000000000e+00
3.222301940917968750e+02 2.442541961669921875e+02 4.735110473632812500e+01 -7.198054194450378418e-01 6.413874626159667969e-01 -2.655225992202758789e-01 0.000000000000000000e+00 2.000000000000000000e+00
3.217077636718750000e+02 2.447197113037109375e+02 4.715839004516601562e+01 -7.349570393562316895e-01 6.244490742683410645e-01 -2.643888890743255615e-01 0.000000000000000000e+00 2.000000000000000000e+00
3.211775207519531250e+02 2.451702270507812500e+02 4.696764373779296875e+01 -7.573248147964477539e-01 5.950165390968322754e-01 -2.690989971160888672e-01 0.000000000000000000e+00 2.000000000000000000e+00
3.206357116699218750e+02 2.455959167480468750e+02 4.677512359619140625e+01 -7.890455126762390137e-01 5.487035512924194336e-01 -2.762817144393920898e-01 0.000000000000000000e+00 2.000000000000000000e+00
3.200742492675781250e+02 2.459863586425781250e+02 4.657852935791015625e+01 -8.294620513916015625e-01 4.827351272106170654e-01 -2.809974551200866699e-01 0.000000000000000000e+00 2.000000000000000000e+00
3.194816589355468750e+02 2.463312377929687500e+02 4.637777709960937500e+01 -8.739023804664611816e-01 3.987683355808258057e-01 -2.779900431632995605e-01 0.000000000000000000e+00 2.000000000000000000e+00
3.188432617187500000e+02 2.466225433349609375e+02 4.617470169067382812e+01 -9.148647785186767578e-01 3.053352832794189453e-01 -2.641831636428833008e-01 0.000000000000000000e+00 2.000000000000000000e+00
3.181459045410156250e+02 2.468552856445312500e+02 4.597332763671875000e+01 -9.468325376510620117e-01 2.138070017099380493e-01 -2.404050827026367188e-01 0.000000000000000000e+00 2.000000000000000000e+00
3.173828735351562500e+02 2.470275878906250000e+02 4.577959060668945312e+01 -9.686755537986755371e-01 1.317692846059799194e-01 -2.104865014553070068e-01 0.000000000000000000e+00 2.000000000000000000e+00
3.165587463378906250e+02 2.471396942138671875e+02 4.560051345825195312e+01 -9.822605848312377930e-01 6.019828096032142639e-02 -1.775961369276046753e-01 0.000000000000000000e+00 2.000000000000000000e+00
3.156903076171875000e+02 2.471929168701171875e+02 4.544349670410156250e+01 -9.897073507308959961e-01 -4.686275962740182877e-03 -1.430293917655944824e-01 0.000000000000000000e+00 2.000000000000000000e+00
3.148041076660156250e+02 2.471887207031250000e+02 4.531542587280273438e+01 -9.920402169227600098e-01 -6.745900958776473999e-02 -1.063271015882492065e-01 0.000000000000000000e+00 2.000000000000000000e+00
3.139291992187500000e+02 2.471292266845703125e+02 4.522165298461914062e+01 -9.891251921653747559e-01 -1.310325711965560913e-01 -6.679695844650268555e-02 0.000000000000000000e+00 2.000000000000000000e+00
3.130895080566406250e+02 2.470179901123046875e+02 4.516494750976562500e+01 -9.805096387863159180e-01 -1.948756724596023560e-01 -2.498866990208625793e-02 0.000000000000000000e+00 2.000000000000000000e+00
3.122988891601562500e+02 2.468608551025390625e+02 4.514479827880859375e+01 -9.667904376983642578e-01 -2.550349235534667969e-01 1.653447560966014862e-02 0.000000000000000000e+00 2.000000000000000000e+00
3.115594787597656250e+02 2.466658020019531250e+02 4.515744400024414062e+01 -9.504567980766296387e-01 -3.061391115188598633e-01 5.395057052373886108e-02 0.000000000000000000e+00 2.000000000000000000e+00
3.108646545410156250e+02 2.464420013427734375e+02 4.519688415527343750e+01 -9.351500272750854492e-01 -3.442779481410980225e-01 8.346933126449584961e-02 0.000000000000000000e+00 2.000000000000000000e+00
3.102033691406250000e+02 2.461985473632812500e+02 4.525590896606445312e+01 -9.233055710792541504e-01 -3.697102665901184082e-01 1.040251106023788452e-01 0.000000000000000000e+00 2.000000000000000000e+00
3.095643920898437500e+02 2.459426879882812500e+02 4.532789993286132812e+01 -9.156148433685302734e-01 -3.847333192825317383e-01 1.167465895414352417e-01 0.000000000000000000e+00 2.000000000000000000e+00
3.089388122558593750e+02 2.456798248291015625e+02 4.540766525268554688e+01 -9.113827943801879883e-01 -3.925839066505432129e-01 1.235283613204956055e-01 0.000000000000000000e+00 2.000000000000000000e+00
3.083202514648437500e+02 2.454133758544921875e+02 4.549150466918945312e+01 -9.095690846443176270e-01 -3.954167366027832031e-01 1.277875304222106934e-01 0.000000000000000000e+00 2.000000000000000000e+00
3.077054138183593750e+02 2.451460876464843750e+02 4.557788467407226562e+01 -9.093993902206420898e-01 -3.944445550441741943e-01 1.319326758384704590e-01 0.000000000000000000e+00 2.000000000000000000e+00
3.070928344726562500e+02 2.448803863525390625e+02 4.566675567626953125e+01 -9.104818701744079590e-01 -3.897150456905364990e-01 1.383653581142425537e-01 0.000000000000000000e+00 2.000000000000000000e+00
3.064830627441406250e+02 2.446193847656250000e+02 4.575942230224609375e+01 -9.130536317825317383e-01 -3.789951205253601074e-01 1.506510823965072632e-01 0.000000000000000000e+00 2.000000000000000000e+00
3.058783874511718750e+02 2.443683929443359375e+02 4.585919189453125000e+01 -9.172793626785278320e-01 -3.583026826381683350e-01 1.738324016332626343e-01 0.000000000000000000e+00 2.000000000000000000e+00
3.052830200195312500e+02 2.441358337402343750e+02 4.597201919555664062e+01 -9.224488735198974609e-01 -3.219131529331207275e-01 2.132134735584259033e-01 0.000000000000000000e+00 2.000000000000000000e+00
3.047029724121093750e+02 2.439334106445312500e+02 4.610609054565429688e+01 -9.251468777656555176e-01 -2.628799378871917725e-01 2.738564908504486084e-01 0.000000000000000000e+00 2.000000000000000000e+00
3.041457824707031250e+02 2.437750854492187500e+02 4.627102661132812500e+01 -9.175856709480285645e-01 -1.754184514284133911e-01 3.567421734333038330e-01 0.000000000000000000e+00 2.000000000000000000e+00
3.036188354492187500e+02 2.436743469238281250e+02 4.647589492797851562e+01 -8.889104723930358887e-01 -6.038163602352142334e-02 4.540839791297912598e-01 0.000000000000000000e+00 2.000000000000000000e+00
3.031275634765625000e+02 2.436409759521484375e+02 4.672685241699218750e+01 -8.339060544967651367e-01 6.775171309709548950e-02 5.477320551872253418e-01 0.000000000000000000e+00 2.000000000000000000e+00
3.026730651855468750e+02 2.436779022216796875e+02 4.702537918090820312e+01 -7.625256180763244629e-01 1.859387606382369995e-01 6.196624636650085449e-01 0.000000000000000000e+00 2.000000000000000000e+00
3.022515563964843750e+02 2.437806854248046875e+02 4.736791610717773438e+01 -6.950427889823913574e-01 2.771474421024322510e-01 6.634038686752319336e-01 0.000000000000000000e+00 2.000000000000000000e+00
3.018540039062500000e+02 2.439392089843750000e+02 4.774737167358398438e+01 -6.466024518013000488e-01 3.379432260990142822e-01 6.838857531547546387e-01 0.000000000000000000e+00 2.000000000000000000e+00
3.014685668945312500e+02 2.441406555175781250e+02 4.815503311157226562e+01 -6.217198967933654785e-01 3.737644851207733154e-01 6.883054971694946289e-01 0.000000000000000000e+00 2.000000000000000000e+00
3.010826416015625000e+02 2.443726654052734375e+02 4.858229064941406250e+01 -6.168997883796691895e-01 3.924475014209747314e-01 6.822167634963989258e-01 0.000000000000000000e+00 2.000000000000000000e+00
3.006858215332031250e+02 2.446251068115234375e+02 4.902112579345703125e+01 -6.263896226882934570e-01 4.007943272590637207e-01 6.685805916786193848e-01 0.000000000000000000e+00 2.000000000000000000e+00
3.002714233398437500e+02 2.448902587890625000e+02 4.946343612670898438e+01 -6.450194716453552246e-01 4.035674631595611572e-01 6.489092707633972168e-01 0.000000000000000000e+00 2.000000000000000000e+00
2.998368530273437500e+02 2.451621551513671875e+02 4.990062713623046875e+01 -6.699984669685363770e-01 4.037112891674041748e-01 6.229920983314514160e-01 0.000000000000000000e+00 2.000000000000000000e+00
2.993818664550781250e+02 2.454363098144531250e+02 5.032369232177734375e+01 -6.996073722839355469e-01 4.029085338115692139e-01 5.900968909263610840e-01 0.000000000000000000e+00 2.000000000000000000e+00
2.989072570800781250e+02 2.457096405029296875e+02 5.072401046752929688e+01 -7.343411445617675781e-01 4.004572629928588867e-01 5.480666756629943848e-01 0.000000000000000000e+00 2.000000000000000000e+00
2.984114074707031250e+02 2.459800415039062500e+02 5.109408187866210938e+01 -7.717066407203674316e-01 3.971933126449584961e-01 4.966953396797180176e-01 0.000000000000000000e+00 2.000000000000000000e+00
2.978911743164062500e+02 2.462478027343750000e+02 5.142892074584960938e+01 -8.095912933349609375e-01 3.919795453548431396e-01 4.369369149208068848e-01 0.000000000000000000e+00 2.000000000000000000e+00
2.973407897949218750e+02 2.465142822265625000e+02 5.172596359252929688e+01 -8.446664810180664062e-01 3.846873939037322998e-01 3.722286224365234375e-01 0.000000000000000000e+00 2.000000000000000000e+00
2.967550048828125000e+02 2.467810668945312500e+02 5.198410797119140625e+01 -8.747385740280151367e-01 3.750283420085906982e-01 3.068976998329162598e-01 0.000000000000000000e+00 2.000000000000000000e+00
2.961302490234375000e+02 2.470489196777343750e+02 5.220330047607421875e+01 -8.990918993949890137e-01 3.627682626247406006e-01 2.450162768363952637e-01 0.000000000000000000e+00 2.000000000000000000e+00
2.954660949707031250e+02 2.473168945312500000e+02 5.238429260253906250e+01 -9.182273149490356445e-01 3.481442034244537354e-01 1.888230443000793457e-01 0.000000000000000000e+00 2.000000000000000000e+00
2.947653503417968750e+02 2.475825805664062500e+02 5.252839279174804688e+01 -9.333360791206359863e-01 3.309319615364074707e-01 1.391683220863342285e-01 0.000000000000000000e+00 2.000000000000000000e+00
2.940319519042968750e+02 2.478426208496093750e+02 5.263774871826171875e+01 -9.453396201133728027e-01 3.114317953586578369e-01 9.666053950786590576e-02 0.000000000000000000e+00 2.000000000000000000e+00
2.932691955566406250e+02 2.480939025878906250e+02 5.271574020385742188e+01 -9.549564719200134277e-01 2.902239263057708740e-01 6.187297776341438293e-02 0.000000000000000000e+00 2.000000000000000000e+00
2.924784240722656250e+02 2.483342285156250000e+02 5.276697540283203125e+01 -9.625987410545349121e-01 2.686026394367218018e-01 3.544497862458229065e-02 0.000000000000000000e+00 2.000000000000000000e+00
2.916584472656250000e+02 2.485630340576171875e+02 5.279716873168945312e+01 -9.686731100082397461e-01 2.477415502071380615e-01 1.721898466348648071e-02 0.000000000000000000e+00 2.000000000000000000e+00
2.908071289062500000e+02 2.487807617187500000e+02 5.281230163574218750e+01 -9.733860492706298828e-01 2.290913164615631104e-01 6.056572310626506805e-03 0.000000000000000000e+00 2.000000000000000000e+00
2.899230651855468750e+02 2.489888305664062500e+02 5.281780242919921875e+01 -9.768388271331787109e-01 2.139759212732315063e-01 -3.871945373248308897e-04 0.000000000000000000e+00 2.000000000000000000e+00
2.890087890625000000e+02 2.491891021728515625e+02 5.281744003295898438e+01 -9.790503382682800293e-01 2.035369873046875000e-01 -5.744159687310457230e-03 0.000000000000000000e+00 2.000000000000000000e+00
2.880718688964843750e+02 2.493838806152343750e+02 5.281194305419921875e+01 -9.801272749900817871e-01 1.978751122951507568e-01 -1.399866212159395218e-02 0.000000000000000000e+00 2.000000000000000000e+00
2.871242370605468750e+02 2.495751953125000000e+02 5.279840850830078125e+01 -9.801846742630004883e-01 1.959195733070373535e-01 -2.921426855027675629e-02 0.000000000000000000e+00 2.000000000000000000e+00
2.861812133789062500e+02 2.497636871337890625e+02 5.277030181884765625e+01 -9.792715907096862793e-01 1.949826776981353760e-01 -5.485356226563453674e-02 0.000000000000000000e+00 2.000000000000000000e+00
2.852589111328125000e+02 2.499473266601562500e+02 5.271863937377929688e+01 -9.771511554718017578e-01 1.910618543624877930e-01 -9.311806410551071167e-02 0.000000000000000000e+00 2.000000000000000000e+00
2.843721618652343750e+02 2.501207122802734375e+02 5.263413619995117188e+01 -9.728417992591857910e-01 1.802089810371398926e-01 -1.452706009149551392e-01 0.000000000000000000e+00 2.000000000000000000e+00
2.835333557128906250e+02 2.502760925292968750e+02 5.250888061523437500e+01 -9.644904136657714844e-01 1.593112945556640625e-01 -2.106610387563705444e-01 0.000000000000000000e+00 2.000000000000000000e+00
2.827516479492187500e+02 2.504052124023437500e+02 5.233814239501953125e+01 -9.490368366241455078e-01 1.283538341522216797e-01 -2.878443598747253418e-01 0.000000000000000000e+00 2.000000000000000000e+00
2.820327453613281250e+02 2.505024414062500000e+02 5.212009811401367188e+01 -9.228709340095520020e-01 9.105723351240158081e-02 -3.741893172264099121e-01 0.000000000000000000e+00 2.000000000000000000e+00
2.813778076171875000e+02 2.505670623779296875e+02 5.185454559326171875e+01 -8.833881616592407227e-01 5.509848147630691528e-02 -4.653918445110321045e-01 0.000000000000000000e+00 2.000000000000000000e+00
2.807828369140625000e+02 2.506041717529296875e+02 5.154109954833984375e+01 -8.312343358993530273e-01 2.969860658049583435e-02 -5.551282763481140137e-01 0.000000000000000000e+00 2.000000000000000000e+00
2.802391662597656250e+02 2.506235961914062500e+02 5.117801666259765625e+01 -7.722532153129577637e-01 2.193901129066944122e-02 -6.349359750747680664e-01 0.000000000000000000e+00 2.000000000000000000e+00
2.797342834472656250e+02 2.506379394531250000e+02 5.076290893554687500e+01 -7.145866751670837402e-01 3.281427919864654541e-02 -6.987768411636352539e-01 0.000000000000000000e+00 2.000000000000000000e+00
2.792551269531250000e+02 2.506599426269531250e+02 5.029435348510742188e+01 -6.653089523315429688e-01 5.845464020967483521e-02 -7.442762255668640137e-01 0.000000000000000000e+00 2.000000000000000000e+00
2.787900390625000000e+02 2.507008056640625000e+02 4.977406311035156250e+01 -6.273127198219299316e-01 9.231197834014892578e-02 -7.732769846916198730e-01 0.000000000000000000e+00 2.000000000000000000e+00
2.783309936523437500e+02 2.507683563232421875e+02 4.920820617675781250e+01 -6.001610159873962402e-01 1.293184459209442139e-01 -7.893563508987426758e-01 0.000000000000000000e+00 2.000000000000000000e+00
2.778738098144531250e+02 2.508668670654296875e+02 4.860689926147460938e+01 -5.818512439727783203e-01 1.662015467882156372e-01 -7.961320281028747559e-01 0.000000000000000000e+00 2.000000000000000000e+00
2.774172363281250000e+02 2.509972839355468750e+02 4.798218154907226562e+01 -5.699050426483154297e-01 2.015955597162246704e-01 -7.965974807739257812e-01 0.000000000000000000e+00 2.000000000000000000e+00
2.769617614746093750e+02 2.511584014892578125e+02 4.734553146362304688e+01 -5.626327395439147949e-01 2.348970919847488403e-01 -7.926334142684936523e-01 0.000000000000000000e+00 2.000000000000000000e+00
2.765080871582031250e+02 2.513478088378906250e+02 4.670639801025390625e+01 -5.581468343734741211e-01 2.671336233615875244e-01 -7.855646610260009766e-01 0.000000000000000000e+00 2.000000000000000000e+00
2.760572814941406250e+02 2.515635681152343750e+02 4.607191085815429688e+01 -5.555318593978881836e-01 3.001382648944854736e-01 -7.754362225532531738e-01 0.000000000000000000e+00 2.000000000000000000e+00
2.756105651855468750e+02 2.518049163818359375e+02 4.544836425781250000e+01 -5.540330410003662109e-01 3.362853527069091797e-01 -7.615507245063781738e-01 0.000000000000000000e+00 2.000000000000000000e+00
2.751701049804687500e+02 2.520722656250000000e+02 4.484292602539062500e+01 -5.534998774528503418e-01 3.787135183811187744e-01 -7.417640686035156250e-01 0.000000000000000000e+00 2.000000000000000000e+00
2.747391357421875000e+02 2.523671417236328125e+02 4.426536941528320312e+01 -5.533498525619506836e-01 4.300704002380371094e-01 -7.133325934410095215e-01 0.000000000000000000e+00 2.000000000000000000e+00
2.743222351074218750e+02 2.526911621093750000e+02 4.372793579101562500e+01 -5.525794029235839844e-01 4.928050041198730469e-01 -6.721600890159606934e-01 0.000000000000000000e+00 2.000000000000000000e+00
2.739245910644531250e+02 2.530457916259765625e+02 4.324423980712890625e+01 -5.490745902061462402e-01 5.672964453697204590e-01 -6.137522459030151367e-01 0.000000000000000000e+00 2.000000000000000000e+00
2.735503234863281250e+02 2.534324798583984375e+02 4.282588577270507812e+01 -5.390790700912475586e-01 6.506028771400451660e-01 -5.348922014236450195e-01 0.000000000000000000e+00 2.000000000000000000e+00
2.732015991210937500e+02 2.538533477783203125e+02 4.247986984252929688e+01 -5.193040370941162109e-01 7.338937520980834961e-01 -4.378620684146881104e-01 0.000000000000000000e+00 2.000000000000000000e+00
2.728771667480468750e+02 2.543118438720703125e+02 4.220631790161132812e+01 -4.899410903453826904e-01 8.049872517585754395e-01 -3.345940709114074707e-01 0.000000000000000000e+00 2.000000000000000000e+00
2.725722656250000000e+02 2.548128051757812500e+02 4.199809265136718750e+01 -4.567009806632995605e-01 8.557555079460144043e-01 -2.431188374757766724e-01 0.000000000000000000e+00 2.000000000000000000e+00
2.722792358398437500e+02 2.553618774414062500e+02 4.184210205078125000e+01 -4.266664385795593262e-01 8.868643641471862793e-01 -1.772772967815399170e-01 0.000000000000000000e+00 2.000000000000000000e+00
2.719897460937500000e+02 2.559636077880859375e+02 4.172182083129882812e+01 -4.040094614028930664e-01 9.039422869682312012e-01 -1.402308195829391479e-01 0.000000000000000000e+00 2.000000000000000000e+00
2.716966247558593750e+02 2.566194458007812500e+02 4.162007904052734375e+01 -3.897355794906616211e-01 9.120615720748901367e-01 -1.274745315313339233e-01 0.000000000000000000e+00 2.000000000000000000e+00
2.713946838378906250e+02 2.573260498046875000e+02 4.152132034301757812e+01 -3.825124204158782959e-01 9.145351052284240723e-01 -1.315666437149047852e-01 0.000000000000000000e+00 2.000000000000000000e+00
2.710813598632812500e+02 2.580751647949218750e+02 4.141355133056640625e+01 -3.814440071582794189e-01 9.129427075386047363e-01 -1.450382471084594727e-01 0.000000000000000000e+00 2.000000000000000000e+00
2.707556152343750000e+02 2.588547973632812500e+02 4.128969192504882812e+01 -3.865125775337219238e-01 9.080331325531005859e-01 -1.615050584077835083e-01 0.000000000000000000e+00 2.000000000000000000e+00
2.704166259765625000e+02 2.596511840820312500e+02 4.114804458618164062e+01 -3.981965780258178711e-01 9.002032876014709473e-01 -1.762770712375640869e-01 0.000000000000000000e+00 2.000000000000000000e+00
2.700629882812500000e+02 2.604506530761718750e+02 4.099149322509765625e+01 -4.164617657661437988e-01 8.897590637207031250e-01 -1.867844909429550171e-01 0.000000000000000000e+00 2.000000000000000000e+00
2.696929016113281250e+02 2.612413330078125000e+02 4.082550811767578125e+01 -4.403091967105865479e-01 8.769451379776000977e-01 -1.926006227731704712e-01 0.000000000000000000e+00 2.000000000000000000e+00
2.693051452636718750e+02 2.620136108398437500e+02 4.065589523315429688e+01 -4.675159156322479248e-01 8.620715737342834473e-01 -1.956052482128143311e-01 0.000000000000000000e+00 2.000000000000000000e+00
2.688999633789062500e+02 2.627607421875000000e+02 4.048637008666992188e+01 -4.956084787845611572e-01 8.455681800842285156e-01 -1.984608620405197144e-01 0.000000000000000000e+00 2.000000000000000000e+00
2.684791870117187500e+02 2.634786376953125000e+02 4.031787490844726562e+01 -5.228408575057983398e-01 8.278589844703674316e-01 -2.031920403242111206e-01 0.000000000000000000e+00 2.000000000000000000e+00
2.680456848144531250e+02 2.641650390625000000e+02 4.014940261840820312e+01 -5.485371351242065430e-01 8.093196153640747070e-01 -2.100207656621932983e-01 0.000000000000000000e+00 2.000000000000000000e+00
2.676019287109375000e+02 2.648197631835937500e+02 3.997949981689453125e+01 -5.736945867538452148e-01 7.896268963813781738e-01 -2.176322788000106812e-01 0.000000000000000000e+00 2.000000000000000000e+00
2.671487731933593750e+02 2.654434814453125000e+02 3.980759429931640625e+01 -5.995200872421264648e-01 7.683311700820922852e-01 -2.241491973400115967e-01 0.000000000000000000e+00 2.000000000000000000e+00
2.666851196289062500e+02 2.660376892089843750e+02 3.963424301147460938e+01 -6.270140409469604492e-01 7.448976635932922363e-01 -2.279932498931884766e-01 0.000000000000000000e+00 2.000000000000000000e+00
2.662082214355468750e+02 2.666042480468750000e+02 3.946083450317382812e+01 -6.556117534637451172e-01 7.196391820907592773e-01 -2.286759465932846069e-01 0.000000000000000000e+00 2.000000000000000000e+00
2.657151184082031250e+02 2.671455078125000000e+02 3.928884124755859375e+01 -6.837841868400573730e-01 6.936627030372619629e-01 -2.264313101768493652e-01 0.000000000000000000e+00 2.000000000000000000e+00
2.652039184570312500e+02 2.676640930175781250e+02 3.911956024169921875e+01 -7.103018164634704590e-01 6.679946780204772949e-01 -2.219335138797760010e-01 0.000000000000000000e+00 2.000000000000000000e+00
2.646741333007812500e+02 2.681623229980468750e+02 3.895402908325195312e+01 -7.343901991844177246e-01 6.434208154678344727e-01 -2.160573452711105347e-01 0.000000000000000000e+00 2.000000000000000000e+00
2.641269531250000000e+02 2.686417236328125000e+02 3.879304885864257812e+01 -7.562304139137268066e-01 6.197486519813537598e-01 -2.098263502120971680e-01 0.000000000000000000e+00 2.000000000000000000e+00
2.635645446777343750e+02 2.691026306152343750e+02 3.863700103759765625e+01 -7.764677405357360840e-01 5.961398482322692871e-01 -2.042426317930221558e-01 0.000000000000000000e+00 2.000000000000000000e+00
2.629888610839843750e+02 2.695446166992187500e+02 3.848557281494140625e+01 -7.956159114837646484e-01 5.717340111732482910e-01 -2.002887725830078125e-01 0.000000000000000000e+00 2.000000000000000000e+00
2.624014892578125000e+02 2.699667053222656250e+02 3.833770751953125000e+01 -8.141305446624755859e-01 5.458663105964660645e-01 -1.980440914630889893e-01 0.000000000000000000e+00 2.000000000000000000e+00
2.618028259277343750e+02 2.703681030273437500e+02 3.819207763671875000e+01 -8.316501379013061523e-01 5.193081498146057129e-01 -1.966646015644073486e-01 0.000000000000000000e+00 2.000000000000000000e+00
2.611927490234375000e+02 2.707490539550781250e+02 3.804780960083007812e+01 -8.480794429779052734e-01 4.927286803722381592e-01 -1.948840618133544922e-01 0.000000000000000000e+00 2.000000000000000000e+00
2.605710449218750000e+02 2.711102600097656250e+02 3.790494537353515625e+01 -8.630173206329345703e-01 4.673706293106079102e-01 -1.917440742254257202e-01 0.000000000000000000e+00 2.000000000000000000e+00
2.599379882812500000e+02 2.714530944824218750e+02 3.776429367065429688e+01 -8.763642907142639160e-01 4.437482059001922607e-01 -1.872783154249191284e-01 0.000000000000000000e+00 2.000000000000000000e+00
2.592941284179687500e+02 2.717791137695312500e+02 3.762670135498046875e+01 -8.878832459449768066e-01 4.223319292068481445e-01 -1.824807822704315186e-01 0.000000000000000000e+00 2.000000000000000000e+00
2.586402282714843750e+02 2.720901489257812500e+02 3.749230957031250000e+01 -8.974802494049072266e-01 4.031912386417388916e-01 -1.787902116775512695e-01 0.000000000000000000e+00 2.000000000000000000e+00
2.579766845703125000e+02 2.723882446289062500e+02 3.736012268066406250e+01 -9.051237702369689941e-01 3.866094350814819336e-01 -1.768729984760284424e-01 0.000000000000000000e+00 2.000000000000000000e+00
2.573032226562500000e+02 2.726759033203125000e+02 3.722851943969726562e+01 -9.108596444129943848e-01 3.730307221412658691e-01 -1.765862256288528442e-01 0.000000000000000000e+00 2.000000000000000000e+00
2.566190795898437500e+02 2.729560852050781250e+02 3.709588623046875000e+01 -9.148491621017456055e-01 3.627663254737854004e-01 -1.773461699485778809e-01 0.000000000000000000e+00 2.000000000000000000e+00
2.559240417480468750e+02 2.732316894531250000e+02 3.696115112304687500e+01 -9.174361824989318848e-01 3.555692732334136963e-01 -1.785535216331481934e-01 0.000000000000000000e+00 2.000000000000000000e+00
2.552185211181640625e+02 2.735051269531250000e+02 3.682384109497070312e+01 -9.186756014823913574e-01 3.514656126499176025e-01 -1.802974194288253784e-01 0.000000000000000000e+00 2.000000000000000000e+00
2.545045166015625000e+02 2.737782897949218750e+02 3.668371200561523438e+01 -9.186807870864868164e-01 3.500256240367889404e-01 -1.830508112907409668e-01 0.000000000000000000e+00 2.000000000000000000e+00
2.537855682373046875e+02 2.740522155761718750e+02 3.654045867919921875e+01 -9.173167943954467773e-01 3.514395356178283691e-01 -1.871365904808044434e-01 0.000000000000000000e+00 2.000000000000000000e+00
2.530665130615234375e+02 2.743276977539062500e+02 3.639376831054687500e+01 -9.144970178604125977e-01 3.559907972812652588e-01 -1.922645419836044312e-01 0.000000000000000000e+00 2.000000000000000000e+00
2.523528747558593750e+02 2.746054992675781250e+02 3.624373245239257812e+01 -9.102913141250610352e-01 3.638319373130798340e-01 -1.974741816520690918e-01 0.000000000000000000e+00 2.000000000000000000e+00
2.516500396728515625e+02 2.748864135742187500e+02 3.609126281738281250e+01 -9.050967097282409668e-01 3.744022846221923828e-01 -2.015510201454162598e-01 0.000000000000000000e+00 2.000000000000000000e+00
2.509623870849609375e+02 2.751708679199218750e+02 3.593813323974609375e+01 -8.992879390716552734e-01 3.874460756778717041e-01 -2.028959989547729492e-01 0.000000000000000000e+00 2.000000000000000000e+00
2.502925872802734375e+02 2.754594421386718750e+02 3.578701400756835938e+01 -8.933914899826049805e-01 4.015708267688751221e-01 -2.014762610197067261e-01 0.000000000000000000e+00 2.000000000000000000e+00
2.496414184570312500e+02 2.757521362304687500e+02 3.564016342163085938e+01 -8.879441618919372559e-01 4.156452417373657227e-01 -1.969622373580932617e-01 0.000000000000000000e+00 2.000000000000000000e+00
2.490076599121093750e+02 2.760487976074218750e+02 3.549958419799804688e+01 -8.833712935447692871e-01 4.287000298500061035e-01 -1.893973499536514282e-01 0.000000000000000000e+00 2.000000000000000000e+00
2.483890075683593750e+02 2.763490295410156250e+02 3.536694335937500000e+01 -8.795523643493652344e-01 4.410278499126434326e-01 -1.785555779933929443e-01 0.000000000000000000e+00 2.000000000000000000e+00
2.477831878662109375e+02 2.766528015136718750e+02 3.524395751953125000e+01 -8.756977319717407227e-01 4.539321660995483398e-01 -1.646178960800170898e-01 0.000000000000000000e+00 2.000000000000000000e+00
2.471891632080078125e+02 2.769607238769531250e+02 3.513228988647460938e+01 -8.702388405799865723e-01 4.698275327682495117e-01 -1.481435000896453857e-01 0.000000000000000000e+00 2.000000000000000000e+00
2.466080169677734375e+02 2.772744750976562500e+02 3.503335952758789062e+01 -8.614585995674133301e-01 4.906400740146636963e-01 -1.310009956359863281e-01 0.000000000000000000e+00 2.000000000000000000e+00
2.460430450439453125e+02 2.775962524414062500e+02 3.494744491577148438e+01 -8.473386764526367188e-01 5.179949998855590820e-01 -1.170396357774734497e-01 0.000000000000000000e+00 2.000000000000000000e+00
2.454990081787109375e+02 2.779288330078125000e+02 3.487229919433593750e+01 -8.264325857162475586e-01 5.519768595695495605e-01 -1.110437437891960144e-01 0.000000000000000000e+00 2.000000000000000000e+00
2.449806823730468750e+02 2.782750244140625000e+02 3.480265426635742188e+01 -7.984238266944885254e-01 5.905302762985229492e-01 -1.174460351467132568e-01 0.000000000000000000e+00 2.000000000000000000e+00
2.444915313720703125e+02 2.786368103027343750e+02 3.473070144653320312e+01 -7.642298340797424316e-01 6.300089359283447266e-01 -1.379908770322799683e-01 0.000000000000000000e+00 2.000000000000000000e+00
2.440329742431640625e+02 2.790148315429687500e+02 3.464790344238281250e+01 -7.264618873596191406e-01 6.657704114913940430e-01 -1.703020930290222168e-01 0.000000000000000000e+00 2.000000000000000000e+00
2.436043090820312500e+02 2.794076843261718750e+02 3.454741287231445312e+01 -6.878038048744201660e-01 6.954466104507446289e-01 -2.080385237932205200e-01 0.000000000000000000e+00 2.000000000000000000e+00
2.432033386230468750e+02 2.798131103515625000e+02 3.442613220214843750e+01 -6.512471437454223633e-01 7.189438343048095703e-01 -2.428926825523376465e-01 0.000000000000000000e+00 2.000000000000000000e+00
2.428274078369140625e+02 2.802281188964843750e+02 3.428592300415039062e+01 -6.178316473960876465e-01 7.394028902053833008e-01 -2.675207853317260742e-01 0.000000000000000000e+00 2.000000000000000000e+00
2.424739532470703125e+02 2.806511230468750000e+02 3.413287734985351562e+01 -5.866265892982482910e-01 7.611784934997558594e-01 -2.765439152717590332e-01 0.000000000000000000e+00 2.000000000000000000e+00
2.421404724121093750e+02 2.810838317871093750e+02 3.397566986083984375e+01 -5.546773076057434082e-01 7.879127860069274902e-01 -2.674442231655120850e-01 0.000000000000000000e+00 2.000000000000000000e+00
2.418244018554687500e+02 2.815328063964843750e+02 3.382327270507812500e+01 -5.191159248352050781e-01 8.197757601737976074e-01 -2.418396323919296265e-01 0.000000000000000000e+00 2.000000000000000000e+00
2.415230865478515625e+02 2.820086364746093750e+02 3.368289947509765625e+01 -4.781978428363800049e-01 8.537029027938842773e-01 -2.061996161937713623e-01 0.000000000000000000e+00 2.000000000000000000e+00
2.412340393066406250e+02 2.825246582031250000e+02 3.355826187133789062e+01 -4.337952435016632080e-01 8.850600123405456543e-01 -1.687911152839660645e-01 0.000000000000000000e+00 2.000000000000000000e+00
2.409551696777343750e+02 2.830936279296875000e+02 3.344975280761718750e+01 -3.903172314167022705e-01 9.102694392204284668e-01 -1.380653977394104004e-01 0.000000000000000000e+00 2.000000000000000000e+00
2.406853027343750000e+02 2.837229919433593750e+02 3.335429382324218750e+01 -3.512534797191619873e-01 9.288529753684997559e-01 -1.176993027329444885e-01 0.000000000000000000e+00 2.000000000000000000e+00
2.404244995117187500e+02 2.844126586914062500e+02 3.326690292358398438e+01 -3.188595771789550781e-01 9.416863918304443359e-01 -1.074952855706214905e-01 0.000000000000000000e+00 2.000000000000000000e+00
2.401732635498046875e+02 2.851546325683593750e+02 3.318220520019531250e+01 -2.930200994014739990e-01 9.503625631332397461e-01 -1.046434119343757629e-01 0.000000000000000000e+00 2.000000000000000000e+00
2.399322814941406250e+02 2.859362182617187500e+02 3.309614562988281250e+01 -2.717899382114410400e-01 9.564577937126159668e-01 -1.063894927501678467e-01 0.000000000000000000e+00 2.000000000000000000e+00
2.397026824951171875e+02 2.867442016601562500e+02 3.300627136230468750e+01 -2.525034844875335693e-01 9.612523913383483887e-01 -1.106158643960952759e-01 0.000000000000000000e+00 2.000000000000000000e+00
2.394860229492187500e+02 2.875690002441406250e+02 3.291135787963867188e+01 -2.316505610942840576e-01 9.657683372497558594e-01 -1.167454347014427185e-01 0.000000000000000000e+00 2.000000000000000000e+00
2.392853088378906250e+02 2.884057922363281250e+02 3.281020355224609375e+01 -2.066878527402877808e-01 9.702559709548950195e-01 -1.260299235582351685e-01 0.000000000000000000e+00 2.000000000000000000e+00
2.391049652099609375e+02 2.892523803710937500e+02 3.270023727416992188e+01 -1.775344312191009521e-01 9.740614295005798340e-01 -1.403063833713531494e-01 0.000000000000000000e+00 2.000000000000000000e+00
2.389494628906250000e+02 2.901055603027343750e+02 3.257734298706054688e+01 -1.457688063383102417e-01 9.761372804641723633e-01 -1.609581559896469116e-01 0.000000000000000000e+00 2.000000000000000000e+00
2.388221740722656250e+02 2.909579467773437500e+02 3.243679046630859375e+01 -1.148209720849990845e-01 9.754379391670227051e-01 -1.879814714193344116e-01 0.000000000000000000e+00 2.000000000000000000e+00
2.387232818603515625e+02 2.917980651855468750e+02 3.227488708496093750e+01 -8.844545483589172363e-02 9.714256525039672852e-01 -2.202490270137786865e-01 0.000000000000000000e+00 2.000000000000000000e+00
2.386491394042968750e+02 2.926123962402343750e+02 3.209025573730468750e+01 -6.960943341255187988e-02 9.643582701683044434e-01 -2.552795112133026123e-01 0.000000000000000000e+00 2.000000000000000000e+00
2.385929718017578125e+02 2.933905334472656250e+02 3.188427162170410156e+01 -5.968277901411056519e-02 9.551618695259094238e-01 -2.900064885616302490e-01 0.000000000000000000e+00 2.000000000000000000e+00
2.385469360351562500e+02 2.941272888183593750e+02 3.166057777404785156e+01 -5.790266022086143494e-02 9.451982975006103516e-01 -3.213214576244354248e-01 0.000000000000000000e+00 2.000000000000000000e+00
2.385042572021484375e+02 2.948239746093750000e+02 3.142373847961425781e+01 -6.173241138458251953e-02 9.358763098716735840e-01 -3.468784987926483154e-01 0.000000000000000000e+00 2.000000000000000000e+00
2.384605407714843750e+02 2.954867248535156250e+02 3.117809295654296875e+01 -6.796558946371078491e-02 9.283743500709533691e-01 -3.653788864612579346e-01 0.000000000000000000e+00 2.000000000000000000e+00
2.384138488769531250e+02 2.961245117187500000e+02 3.092708015441894531e+01 -7.412930577993392944e-02 9.231128692626953125e-01 -3.773162662982940674e-01 0.000000000000000000e+00 2.000000000000000000e+00
2.383639678955078125e+02 2.967456665039062500e+02 3.067318725585937500e+01 -7.858142256736755371e-02 9.198690056800842285e-01 -3.842731714248657227e-01 0.000000000000000000e+00 2.000000000000000000e+00
2.383117675781250000e+02 2.973567199707031250e+02 3.041792106628417969e+01 -8.140731602907180786e-02 9.181450605392456055e-01 -3.877919614315032959e-01 0.000000000000000000e+00 2.000000000000000000e+00
2.382580566406250000e+02 2.979624938964843750e+02 3.016206359863281250e+01 -8.361489325761795044e-02 9.171414375305175781e-01 -3.896922767162322998e-01 0.000000000000000000e+00 2.000000000000000000e+00
2.382030792236328125e+02 2.985655212402343750e+02 2.990583801269531250e+01 -8.361489325761795044e-02 9.171414375305175781e-01 -3.896922767162322998e-01 0.000000000000000000e+00 2.000000000000000000e+00
