2.394793548583984375e+02 2.876194458007812500e+02 3.287446212768554688e+01 -2.501874268054962158e-01 9.509441852569580078e-01 -1.819652169942855835e-01 0.000000000000000000e+00 2.000000000000000000e+00
2.396735839843750000e+02 2.868811950683593750e+02 3.301572799682617188e+01 -2.633216679096221924e-01 9.463945031166076660e-01 -1.870804280042648315e-01 0.000000000000000000e+00 2.000000000000000000e+00
2.398843078613281250e+02 2.861238403320312500e+02 3.316543960571289062e+01 -2.864053249359130859e-01 9.402357339859008789e-01 -1.841975450515747070e-01 0.000000000000000000e+00 2.000000000000000000e+00
2.401208343505859375e+02 2.853473510742187500e+02 3.331755828857421875e+01 -3.228207528591156006e-01 9.301957488059997559e-01 -1.747071444988250732e-01 0.000000000000000000e+00 2.000000000000000000e+00
2.403938598632812500e+02 2.845606384277343750e+02 3.346531677246093750e+01 -3.712208569049835205e-01 9.144022464752197266e-01 -1.614424139261245728e-01 0.000000000000000000e+00 2.000000000000000000e+00
2.407117309570312500e+02 2.837776489257812500e+02 3.360355758666992188e+01 -4.272179305553436279e-01 8.920142650604248047e-01 -1.476331055164337158e-01 0.000000000000000000e+00 2.000000000000000000e+00
2.410777587890625000e+02 2.830133972167968750e+02 3.373004531860351562e+01 -4.852759838104248047e-01 8.636797666549682617e-01 -1.362512558698654175e-01 0.000000000000000000e+00 2.000000000000000000e+00
2.414895935058593750e+02 2.822804260253906250e+02 3.384567642211914062e+01 -5.402175188064575195e-01 8.315426111221313477e-01 -1.292361021041870117e-01 0.000000000000000000e+00 2.000000000000000000e+00
2.419404754638671875e+02 2.815863952636718750e+02 3.395354080200195312e+01 -5.896254777908325195e-01 7.975999116897583008e-01 -1.271858662366867065e-01 0.000000000000000000e+00 2.000000000000000000e+00
2.424215698242187500e+02 2.809356079101562500e+02 3.405731582641601562e+01 -6.330569982528686523e-01 7.632392644882202148e-01 -1.292463392019271851e-01 0.000000000000000000e+00 2.000000000000000000e+00
2.429247283935546875e+02 2.803289794921875000e+02 3.416004180908203125e+01 -6.716631054878234863e-01 7.286058068275451660e-01 -1.341726928949356079e-01 0.000000000000000000e+00 2.000000000000000000e+00
2.434438018798828125e+02 2.797658996582031250e+02 3.426373291015625000e+01 -7.069443464279174805e-01 6.931288838386535645e-01 -1.407194286584854126e-01 0.000000000000000000e+00 2.000000000000000000e+00
2.439747467041015625e+02 2.792453308105468750e+02 3.436941909790039062e+01 -7.392744421958923340e-01 6.568962335586547852e-01 -1.481910049915313721e-01 0.000000000000000000e+00 2.000000000000000000e+00
2.445150909423828125e+02 2.787651977539062500e+02 3.447773361206054688e+01 -7.688952088356018066e-01 6.200242638587951660e-01 -1.561089009046554565e-01 0.000000000000000000e+00 2.000000000000000000e+00
2.450629730224609375e+02 2.783233947753906250e+02 3.458897018432617188e+01 -7.949380278587341309e-01 5.840744972229003906e-01 -1.641053110361099243e-01 0.000000000000000000e+00 2.000000000000000000e+00
2.456167602539062500e+02 2.779165039062500000e+02 3.470329284667968750e+01 -8.170461654663085938e-01 5.504005551338195801e-01 -1.717405170202255249e-01 0.000000000000000000e+00 2.000000000000000000e+00
2.461749267578125000e+02 2.775404968261718750e+02 3.482061767578125000e+01 -8.349503874778747559e-01 5.205539464950561523e-01 -1.785534173250198364e-01 0.000000000000000000e+00 2.000000000000000000e+00
2.467366180419921875e+02 2.771903076171875000e+02 3.494073486328125000e+01 -8.489118814468383789e-01 4.953590035438537598e-01 -1.843044459819793701e-01 0.000000000000000000e+00 2.000000000000000000e+00
2.473018646240234375e+02 2.768604736328125000e+02 3.506345367431640625e+01 -8.598071336746215820e-01 4.741588532924652100e-01 -1.894862949848175049e-01 0.000000000000000000e+00 2.000000000000000000e+00
2.478717956542968750e+02 2.765461730957031250e+02 3.518905639648437500e+01 -8.686401247978210449e-01 4.556288421154022217e-01 -1.945933997631072998e-01 0.000000000000000000e+00 2.000000000000000000e+00
2.484487152099609375e+02 2.762435607910156250e+02 3.531829833984375000e+01 -8.764382004737854004e-01 4.380823671817779541e-01 -1.998497396707534790e-01 0.000000000000000000e+00 2.000000000000000000e+00
2.490356292724609375e+02 2.759501953125000000e+02 3.545212936401367188e+01 -8.841500282287597656e-01 4.198229014873504639e-01 -2.050058841705322266e-01 0.000000000000000000e+00 2.000000000000000000e+00
2.496358489990234375e+02 2.756651916503906250e+02 3.559130096435546875e+01 -8.918970227241516113e-01 4.009771645069122314e-01 -2.091339379549026489e-01 0.000000000000000000e+00 2.000000000000000000e+00
2.502521362304687500e+02 2.753881225585937500e+02 3.573580932617187500e+01 -8.996312618255615234e-01 3.821986913681030273e-01 -2.111580669879913330e-01 0.000000000000000000e+00 2.000000000000000000e+00
2.508858489990234375e+02 2.751188964843750000e+02 3.588455200195312500e+01 -9.069779515266418457e-01 3.649252951145172119e-01 -2.102869153022766113e-01 0.000000000000000000e+00 2.000000000000000000e+00
2.515369262695312500e+02 2.748569335937500000e+02 3.603550720214843750e+01 -9.131788611412048340e-01 3.511776030063629150e-01 -2.068296819925308228e-01 0.000000000000000000e+00 2.000000000000000000e+00
2.522032775878906250e+02 2.746006774902343750e+02 3.618643188476562500e+01 -9.179284572601318359e-01 3.416882753372192383e-01 -2.016344964504241943e-01 0.000000000000000000e+00 2.000000000000000000e+00
2.528815307617187500e+02 2.743482055664062500e+02 3.633541870117187500e+01 -9.209007620811462402e-01 3.368914127349853516e-01 -1.960762143135070801e-01 0.000000000000000000e+00 2.000000000000000000e+00
2.535675811767578125e+02 2.740972290039062500e+02 3.648149108886718750e+01 -9.220856428146362305e-01 3.364468812942504883e-01 -1.912107765674591064e-01 0.000000000000000000e+00 2.000000000000000000e+00
2.542569274902343750e+02 2.738457031250000000e+02 3.662443923950195312e+01 -9.216332435607910156e-01 3.398618102073669434e-01 -1.873129904270172119e-01 0.000000000000000000e+00 2.000000000000000000e+00
2.549456329345703125e+02 2.735917358398437500e+02 3.676441192626953125e+01 -9.198798537254333496e-01 3.463535010814666748e-01 -1.840118318796157837e-01 0.000000000000000000e+00 2.000000000000000000e+00
2.556305999755859375e+02 2.733338317871093750e+02 3.690143203735351562e+01 -9.170405268669128418e-01 3.554311990737915039e-01 -1.808460652828216553e-01 0.000000000000000000e+00 2.000000000000000000e+00
2.563100280761718750e+02 2.730704956054687500e+02 3.703541946411132812e+01 -9.130525588989257812e-01 3.669926524162292480e-01 -1.779082417488098145e-01 0.000000000000000000e+00 2.000000000000000000e+00
2.569831848144531250e+02 2.727999267578125000e+02 3.716658401489257812e+01 -9.075506925582885742e-01 3.812850713729858398e-01 -1.759929060935974121e-01 0.000000000000000000e+00 2.000000000000000000e+00
2.576500854492187500e+02 2.725197448730468750e+02 3.729590988159179688e+01 -9.001899957656860352e-01 3.981681764125823975e-01 -1.764089465141296387e-01 0.000000000000000000e+00 2.000000000000000000e+00
2.583111267089843750e+02 2.722273559570312500e+02 3.742545318603515625e+01 -8.906724452972412109e-01 4.175662398338317871e-01 -1.798361539840698242e-01 0.000000000000000000e+00 2.000000000000000000e+00
2.589664306640625000e+02 2.719201354980468750e+02 3.755776596069335938e+01 -8.791547417640686035e-01 4.388336539268493652e-01 -1.857740134000778198e-01 0.000000000000000000e+00 2.000000000000000000e+00
2.596157836914062500e+02 2.715960083007812500e+02 3.769498062133789062e+01 -8.658897280693054199e-01 4.616653323173522949e-01 -1.926141083240509033e-01 0.000000000000000000e+00 2.000000000000000000e+00
2.602584533691406250e+02 2.712533569335937500e+02 3.783794021606445312e+01 -8.514387011528015137e-01 4.854436218738555908e-01 -1.984859704971313477e-01 0.000000000000000000e+00 2.000000000000000000e+00
2.608936462402343750e+02 2.708912048339843750e+02 3.798601531982421875e+01 -8.358224630355834961e-01 5.103439092636108398e-01 -2.023605555295944214e-01 0.000000000000000000e+00 2.000000000000000000e+00
2.615202026367187500e+02 2.705086364746093750e+02 3.813771057128906250e+01 -8.191208243370056152e-01 5.359408855438232422e-01 -2.044709473848342896e-01 0.000000000000000000e+00 2.000000000000000000e+00
2.621365356445312500e+02 2.701053771972656250e+02 3.829156112670898438e+01 -8.007454276084899902e-01 5.625044703483581543e-01 -2.059016376733779907e-01 0.000000000000000000e+00 2.000000000000000000e+00
2.627404785156250000e+02 2.696811218261718750e+02 3.844685745239257812e+01 -7.806864380836486816e-01 5.893361568450927734e-01 -2.078740298748016357e-01 0.000000000000000000e+00 2.000000000000000000e+00
2.633296508789062500e+02 2.692363586425781250e+02 3.860373687744140625e+01 -7.590270042419433594e-01 6.158792972564697266e-01 -2.111175507307052612e-01 0.000000000000000000e+00 2.000000000000000000e+00
2.639016723632812500e+02 2.687722167968750000e+02 3.876284027099609375e+01 -7.367137670516967773e-01 6.410356163978576660e-01 -2.152352780103683472e-01 0.000000000000000000e+00 2.000000000000000000e+00
2.644552917480468750e+02 2.682904968261718750e+02 3.892458343505859375e+01 -7.143502235412597656e-01 6.644341349601745605e-01 -2.196155339479446411e-01 0.000000000000000000e+00 2.000000000000000000e+00
2.649902954101562500e+02 2.677928771972656250e+02 3.908906173706054688e+01 -6.926494240760803223e-01 6.858282685279846191e-01 -2.233302146196365356e-01 0.000000000000000000e+00 2.000000000000000000e+00
2.655078125000000000e+02 2.672804565429687500e+02 3.925592422485351562e+01 -6.712821722030639648e-01 7.059959173202514648e-01 -2.257210314273834229e-01 0.000000000000000000e+00 2.000000000000000000e+00
2.660094299316406250e+02 2.667528991699218750e+02 3.942459487915039062e+01 -6.498627066612243652e-01 7.257091403007507324e-01 -2.258863896131515503e-01 0.000000000000000000e+00 2.000000000000000000e+00
2.664968261718750000e+02 2.662086181640625000e+02 3.959400939941406250e+01 -6.277983188629150391e-01 7.457453608512878418e-01 -2.230094224214553833e-01 0.000000000000000000e+00 2.000000000000000000e+00
2.669709777832031250e+02 2.656453857421875000e+02 3.976243972778320312e+01 -6.049301624298095703e-01 7.663168907165527344e-01 -2.163744717836380005e-01 0.000000000000000000e+00 2.000000000000000000e+00
2.674323120117187500e+02 2.650609741210937500e+02 3.992745208740234375e+01 -5.814988017082214355e-01 7.869408130645751953e-01 -2.063572704792022705e-01 0.000000000000000000e+00 2.000000000000000000e+00
2.678807067871093750e+02 2.644541625976562500e+02 4.008657455444335938e+01 -5.576989054679870605e-01 8.069701194763183594e-01 -1.943479776382446289e-01 0.000000000000000000e+00 2.000000000000000000e+00
2.683154296875000000e+02 2.638251342773437500e+02 4.023806762695312500e+01 -5.339627265930175781e-01 8.256699442863464355e-01 -1.820794641971588135e-01 0.000000000000000000e+00 2.000000000000000000e+00
2.687355651855468750e+02 2.631754760742187500e+02 4.038133239746093750e+01 -5.098873376846313477e-01 8.431107401847839355e-01 -1.708193719387054443e-01 0.000000000000000000e+00 2.000000000000000000e+00
2.691395874023437500e+02 2.625074157714843750e+02 4.051668548583984375e+01 -4.847185015678405762e-01 8.598521351814270020e-01 -1.603191345930099487e-01 0.000000000000000000e+00 2.000000000000000000e+00
2.695255126953125000e+02 2.618228149414062500e+02 4.064432907104492188e+01 -4.580104351043701172e-01 8.764113783836364746e-01 -1.487598121166229248e-01 0.000000000000000000e+00 2.000000000000000000e+00
2.698914489746093750e+02 2.611225891113281250e+02 4.076318359375000000e+01 -4.302265644073486328e-01 8.927134275436401367e-01 -1.340439766645431519e-01 0.000000000000000000e+00 2.000000000000000000e+00
2.702365722656250000e+02 2.604064636230468750e+02 4.087071228027343750e+01 -4.029952585697174072e-01 9.079203605651855469e-01 -1.152191087603569031e-01 0.000000000000000000e+00 2.000000000000000000e+00
2.705619812011718750e+02 2.596733398437500000e+02 4.096374893188476562e+01 -3.786894679069519043e-01 9.207798838615417480e-01 -9.358825534582138062e-02 0.000000000000000000e+00 2.000000000000000000e+00
2.708711242675781250e+02 2.589216613769531250e+02 4.104014968872070312e+01 -3.597756028175354004e-01 9.302358627319335938e-01 -7.226879149675369263e-02 0.000000000000000000e+00 2.000000000000000000e+00
2.711695251464843750e+02 2.581501159667968750e+02 4.110009002685546875e+01 -3.473118245601654053e-01 9.361378550529479980e-01 -5.495799705386161804e-02 0.000000000000000000e+00 2.000000000000000000e+00
2.714635620117187500e+02 2.573575744628906250e+02 4.114661788940429688e+01 -3.402085602283477783e-01 9.393188953399658203e-01 -4.402507841587066650e-02 0.000000000000000000e+00 2.000000000000000000e+00
2.717587890625000000e+02 2.565424499511718750e+02 4.118482208251953125e+01 -3.352166712284088135e-01 9.412747621536254883e-01 -4.039275273680686951e-02 0.000000000000000000e+00 2.000000000000000000e+00
2.720578613281250000e+02 2.557026672363281250e+02 4.122085952758789062e+01 -3.291612863540649414e-01 9.432823061943054199e-01 -4.325889796018600464e-02 0.000000000000000000e+00 2.000000000000000000e+00
2.723602294921875000e+02 2.548361663818359375e+02 4.126059722900390625e+01 -3.194318413734436035e-01 9.462308287620544434e-01 -5.109326541423797607e-02 0.000000000000000000e+00 2.000000000000000000e+00
2.726620178222656250e+02 2.539421997070312500e+02 4.130886840820312500e+01 -3.052625358104705811e-01 9.502456188201904297e-01 -6.203307956457138062e-02 0.000000000000000000e+00 2.000000000000000000e+00
2.729572448730468750e+02 2.530231933593750000e+02 4.136886215209960938e+01 -2.879440486431121826e-01 9.547536373138427734e-01 -7.438891381025314331e-02 0.000000000000000000e+00 2.000000000000000000e+00
2.732397460937500000e+02 2.520864868164062500e+02 4.144184494018554688e+01 -2.702148854732513428e-01 9.589147567749023438e-01 -8.640800416469573975e-02 0.000000000000000000e+00 2.000000000000000000e+00
2.735050659179687500e+02 2.511449432373046875e+02 4.152668762207031250e+01 -2.554163038730621338e-01 9.620048999786376953e-01 -9.648402035236358643e-02 0.000000000000000000e+00 2.000000000000000000e+00
2.737518005371093750e+02 2.502156372070312500e+02 4.161989212036132812e+01 -2.466087490320205688e-01 9.636099338531494141e-01 -1.031504198908805847e-01 0.000000000000000000e+00 2.000000000000000000e+00
2.739817810058593750e+02 2.493170013427734375e+02 4.171608734130859375e+01 -2.461606413125991821e-01 9.634879231452941895e-01 -1.053378134965896606e-01 0.000000000000000000e+00 2.000000000000000000e+00
2.741994628906250000e+02 2.484649810791015625e+02 4.180923843383789062e+01 -2.544209063053131104e-01 9.616231918334960938e-01 -1.027174592018127441e-01 0.000000000000000000e+00 2.000000000000000000e+00
2.744099121093750000e+02 2.476695556640625000e+02 4.189420318603515625e+01 -2.705599367618560791e-01 9.579305052757263184e-01 -9.574147313833236694e-02 0.000000000000000000e+00 2.000000000000000000e+00
2.746180114746093750e+02 2.469327697753906250e+02 4.196784210205078125e+01 -2.919301986694335938e-01 9.525583982467651367e-01 -8.607666939496994019e-02 0.000000000000000000e+00 2.000000000000000000e+00
2.748274841308593750e+02 2.462492675781250000e+02 4.202960586547851562e+01 -3.143837153911590576e-01 9.462134242057800293e-01 -7.643990963697433472e-02 0.000000000000000000e+00 2.000000000000000000e+00
2.750405273437500000e+02 2.456080627441406250e+02 4.208140563964843750e+01 -3.346950113773345947e-01 9.397638440132141113e-01 -6.944909691810607910e-02 0.000000000000000000e+00 2.000000000000000000e+00
2.752586364746093750e+02 2.449956512451171875e+02 4.212666320800781250e+01 -3.514885902404785156e-01 9.338204860687255859e-01 -6.659583002328872681e-02 0.000000000000000000e+00 2.000000000000000000e+00
2.754834899902343750e+02 2.443982696533203125e+02 4.216926574707031250e+01 -3.646037280559539795e-01 9.287148118019104004e-01 -6.747552007436752319e-02 0.000000000000000000e+00 2.000000000000000000e+00
2.757169494628906250e+02 2.438036041259765625e+02 4.221247100830078125e+01 -3.753755390644073486e-01 9.242299795150756836e-01 -6.994400918483734131e-02 0.000000000000000000e+00 2.000000000000000000e+00
2.759616394042968750e+02 2.432011413574218750e+02 4.225806427001953125e+01 -3.849426805973052979e-01 9.201762080192565918e-01 -7.137848436832427979e-02 0.000000000000000000e+00 2.000000000000000000e+00
2.762200927734375000e+02 2.425833282470703125e+02 4.230598831176757812e+01 -3.943682909011840820e-01 9.163172841072082520e-01 -6.954321265220642090e-02 0.000000000000000000e+00 2.000000000000000000e+00
2.764949340820312500e+02 2.419447326660156250e+02 4.235445404052734375e+01 -4.048291444778442383e-01 9.121813178062438965e-01 -6.355059891939163208e-02 0.000000000000000000e+00 2.000000000000000000e+00
2.767883605957031250e+02 2.412835693359375000e+02 4.240051651000976562e+01 -4.174243807792663574e-01 9.071187376976013184e-01 -5.378134176135063171e-02 0.000000000000000000e+00 2.000000000000000000e+00
2.771022033691406250e+02 2.406015472412109375e+02 4.244095230102539062e+01 -4.331613481044769287e-01 9.003483653068542480e-01 -4.176279157400131226e-02 0.000000000000000000e+00 2.000000000000000000e+00
2.774372863769531250e+02 2.399050598144531250e+02 4.247325897216796875e+01 -4.532056450843811035e-01 8.909200429916381836e-01 -2.942944131791591644e-02 0.000000000000000000e+00 2.000000000000000000e+00
2.777935180664062500e+02 2.392047729492187500e+02 4.249639129638671875e+01 -4.776066243648529053e-01 8.783690333366394043e-01 -1.896836049854755402e-02 0.000000000000000000e+00 2.000000000000000000e+00
2.781688842773437500e+02 2.385144348144531250e+02 4.251129913330078125e+01 -5.064646601676940918e-01 8.621684908866882324e-01 -1.260624825954437256e-02 0.000000000000000000e+00 2.000000000000000000e+00
2.785596923828125000e+02 2.378491516113281250e+02 4.252102661132812500e+01 -5.393712520599365234e-01 8.419663310050964355e-01 -1.308596879243850708e-02 0.000000000000000000e+00 2.000000000000000000e+00
2.789615783691406250e+02 2.372218017578125000e+02 4.253077697753906250e+01 -5.749781727790832520e-01 8.178550004959106445e-01 -2.265498042106628418e-02 0.000000000000000000e+00 2.000000000000000000e+00
2.793702392578125000e+02 2.366405181884765625e+02 4.254687881469726562e+01 -6.109747886657714844e-01 7.904511690139770508e-01 -4.355224221944808960e-02 0.000000000000000000e+00 2.000000000000000000e+00
2.797826232910156250e+02 2.361069946289062500e+02 4.257627487182617188e+01 -6.449764966964721680e-01 7.605162262916564941e-01 -7.496821880340576172e-02 0.000000000000000000e+00 2.000000000000000000e+00
2.801982116699218750e+02 2.356169586181640625e+02 4.262458038330078125e+01 -6.757756471633911133e-01 7.283180952072143555e-01 -1.134899258613586426e-01 0.000000000000000000e+00 2.000000000000000000e+00
2.806205444335937500e+02 2.351617889404296875e+02 4.269550704956054688e+01 -7.038248181343078613e-01 6.941493153572082520e-01 -1.509550064802169800e-01 0.000000000000000000e+00 2.000000000000000000e+00
2.810567626953125000e+02 2.347315673828125000e+02 4.278906631469726562e+01 -7.314598560333251953e-01 6.582799553871154785e-01 -1.778594553470611572e-01 0.000000000000000000e+00 2.000000000000000000e+00
2.815172119140625000e+02 2.343171844482421875e+02 4.290102767944335938e+01 -7.609323859214782715e-01 6.212094426155090332e-01 -1.872987747192382812e-01 0.000000000000000000e+00 2.000000000000000000e+00
2.820128173828125000e+02 2.339125823974609375e+02 4.302301788330078125e+01 -7.928559780120849609e-01 5.830653905868530273e-01 -1.772405356168746948e-01 0.000000000000000000e+00 2.000000000000000000e+00
2.825525817871093750e+02 2.335156402587890625e+02 4.314368057250976562e+01 -8.256438374519348145e-01 5.436456203460693359e-01 -1.508692651987075806e-01 0.000000000000000000e+00 2.000000000000000000e+00
2.831406860351562500e+02 2.331284027099609375e+02 4.325114440917968750e+01 -8.574787378311157227e-01 5.016304254531860352e-01 -1.144430562853813171e-01 0.000000000000000000e+00 2.000000000000000000e+00
2.837761230468750000e+02 2.327566680908203125e+02 4.333595275878906250e+01 -8.870506286621093750e-01 4.554418325424194336e-01 -7.559092342853546143e-02 0.000000000000000000e+00 2.000000000000000000e+00
2.844542236328125000e+02 2.324085083007812500e+02 4.339373779296875000e+01 -9.142724275588989258e-01 4.029585421085357666e-01 -4.159861430525779724e-02 0.000000000000000000e+00 2.000000000000000000e+00
2.851695556640625000e+02 2.320932312011718750e+02 4.342628479003906250e+01 -9.393231868743896484e-01 3.425791561603546143e-01 -1.765033602714538574e-02 0.000000000000000000e+00 2.000000000000000000e+00
2.859186706542968750e+02 2.318200225830078125e+02 4.344036102294921875e+01 -9.618124961853027344e-01 2.736485004425048828e-01 -5.763933528214693069e-03 0.000000000000000000e+00 2.000000000000000000e+00
2.867009887695312500e+02 2.315974426269531250e+02 4.344504928588867188e+01 -9.803924560546875000e-01 1.970086097717285156e-01 -4.279810469597578049e-03 0.000000000000000000e+00 2.000000000000000000e+00
2.875180358886718750e+02 2.314332580566406250e+02 4.344861602783203125e+01 -9.932954311370849609e-01 1.152290999889373779e-01 -9.297256357967853546e-03 0.000000000000000000e+00 2.000000000000000000e+00
2.883706359863281250e+02 2.313343505859375000e+02 4.345659637451171875e+01 -9.993737339973449707e-01 3.139069676399230957e-02 -1.633211039006710052e-02 0.000000000000000000e+00 2.000000000000000000e+00
2.892567138671875000e+02 2.313065185546875000e+02 4.347107696533203125e+01 -9.984312653541564941e-01 -5.131671205163002014e-02 -2.239578031003475189e-02 0.000000000000000000e+00 2.000000000000000000e+00
2.901696166992187500e+02 2.313534393310546875e+02 4.349155426025390625e+01 -9.910660982131958008e-01 -1.308005154132843018e-01 -2.605988830327987671e-02 0.000000000000000000e+00 2.000000000000000000e+00
2.910976562500000000e+02 2.314759216308593750e+02 4.351595687866210938e+01 -9.781934022903442383e-01 -2.058660089969635010e-01 -2.751128748059272766e-02 0.000000000000000000e+00 2.000000000000000000e+00
2.920252685546875000e+02 2.316711425781250000e+02 4.354204559326171875e+01 -9.605574011802673340e-01 -2.767710387706756592e-01 -2.696846798062324524e-02 0.000000000000000000e+00 2.000000000000000000e+00
2.929353332519531250e+02 2.319333648681640625e+02 4.356759643554687500e+01 -9.388280510902404785e-01 -3.434478044509887695e-01 -2.540550380945205688e-02 0.000000000000000000e+00 2.000000000000000000e+00
2.938127136230468750e+02 2.322543334960937500e+02 4.359133911132812500e+01 -9.136029481887817383e-01 -4.059361517429351807e-01 -2.335508167743682861e-02 0.000000000000000000e+00 2.000000000000000000e+00
2.946464233398437500e+02 2.326247711181640625e+02 4.361265182495117188e+01 -8.861677050590515137e-01 -4.628418087959289551e-01 -2.200630865991115570e-02 0.000000000000000000e+00 2.000000000000000000e+00
2.954327697753906250e+02 2.330354766845703125e+02 4.363217926025390625e+01 -8.583607673645019531e-01 -5.125570297241210938e-01 -2.240780740976333618e-02 0.000000000000000000e+00 2.000000000000000000e+00
2.961740722656250000e+02 2.334781341552734375e+02 4.365153121948242188e+01 -8.324447870254516602e-01 -5.535174012184143066e-01 -2.557677775621414185e-02 0.000000000000000000e+00 2.000000000000000000e+00
2.968769226074218750e+02 2.339454803466796875e+02 4.367312622070312500e+01 -8.095709681510925293e-01 -5.861433148384094238e-01 -3.210875019431114197e-02 0.000000000000000000e+00 2.000000000000000000e+00
2.975484619140625000e+02 2.344316864013671875e+02 4.369976043701171875e+01 -7.896837592124938965e-01 -6.120665073394775391e-01 -4.212250187993049622e-02 0.000000000000000000e+00 2.000000000000000000e+00
2.981940307617187500e+02 2.349320526123046875e+02 4.373419570922851562e+01 -7.715750336647033691e-01 -6.337600350379943848e-01 -5.495575815439224243e-02 0.000000000000000000e+00 2.000000000000000000e+00
2.988163757324218750e+02 2.354432373046875000e+02 4.377852249145507812e+01 -7.537422180175781250e-01 -6.535127758979797363e-01 -6.923706084489822388e-02 0.000000000000000000e+00 2.000000000000000000e+00
2.994166259765625000e+02 2.359636688232421875e+02 4.383366012573242188e+01 -7.353104948997497559e-01 -6.726661920547485352e-01 -8.269628882408142090e-02 0.000000000000000000e+00 2.000000000000000000e+00
2.999960327148437500e+02 2.364937133789062500e+02 4.389882278442382812e+01 -7.163547277450561523e-01 -6.915345788002014160e-01 -9.282219409942626953e-02 0.000000000000000000e+00 2.000000000000000000e+00
3.005570983886718750e+02 2.370353393554687500e+02 4.397152328491210938e+01 -6.980459094047546387e-01 -7.093889713287353516e-01 -9.746351093053817749e-02 0.000000000000000000e+00 2.000000000000000000e+00
3.011036071777343750e+02 2.375907287597656250e+02 4.404782867431640625e+01 -6.818692088127136230e-01 -7.251695394515991211e-01 -9.583089500665664673e-02 0.000000000000000000e+00 2.000000000000000000e+00
3.016401672363281250e+02 2.381613616943359375e+02 4.412323760986328125e+01 -6.689290404319763184e-01 -7.380044460296630859e-01 -8.878860622644424438e-02 0.000000000000000000e+00 2.000000000000000000e+00
3.021705017089843750e+02 2.387464599609375000e+02 4.419363021850585938e+01 -6.602708101272583008e-01 -7.469411492347717285e-01 -7.823954522609710693e-02 0.000000000000000000e+00 2.000000000000000000e+00
3.026972045898437500e+02 2.393423004150390625e+02 4.425604248046875000e+01 -6.559150815010070801e-01 -7.519296407699584961e-01 -6.616034358739852905e-02 0.000000000000000000e+00 2.000000000000000000e+00
3.032215270996093750e+02 2.399433746337890625e+02 4.430892944335937500e+01 -6.558925509452819824e-01 -7.529063820838928223e-01 -5.419304966926574707e-02 0.000000000000000000e+00 2.000000000000000000e+00
3.037438354492187500e+02 2.405429382324218750e+02 4.435208511352539062e+01 -6.602754592895507812e-01 -7.497771978378295898e-01 -4.324819892644882202e-02 0.000000000000000000e+00 2.000000000000000000e+00
3.042651367187500000e+02 2.411349029541015625e+02 4.438623046875000000e+01 -6.693599820137023926e-01 -7.421692013740539551e-01 -3.379450738430023193e-02 0.000000000000000000e+00 2.000000000000000000e+00
3.047875366210937500e+02 2.417141265869140625e+02 4.441260528564453125e+01 -6.835676431655883789e-01 -7.294301986694335938e-01 -2.582364529371261597e-02 0.000000000000000000e+00 2.000000000000000000e+00
3.053149414062500000e+02 2.422769165039062500e+02 4.443252944946289062e+01 -7.030481100082397461e-01 -7.108778953552246094e-01 -1.939020492136478424e-02 0.000000000000000000e+00 2.000000000000000000e+00
3.058533935546875000e+02 2.428213653564453125e+02 4.444738006591796875e+01 -7.272050976753234863e-01 -6.862646937370300293e-01 -1.461303327232599258e-02 0.000000000000000000e+00 2.000000000000000000e+00
3.064103698730468750e+02 2.433469848632812500e+02 4.445857238769531250e+01 -7.549146413803100586e-01 -6.557188630104064941e-01 -1.169128715991973877e-02 0.000000000000000000e+00 2.000000000000000000e+00
3.069938964843750000e+02 2.438538360595703125e+02 4.446760940551757812e+01 -7.839114665985107422e-01 -6.207694411277770996e-01 -1.131853368133306503e-02 0.000000000000000000e+00 2.000000000000000000e+00
3.076108093261718750e+02 2.443423614501953125e+02 4.447651672363281250e+01 -8.124383687973022461e-01 -5.828700065612792969e-01 -1.437051501125097275e-02 0.000000000000000000e+00 2.000000000000000000e+00
3.082653503417968750e+02 2.448119506835937500e+02 4.448809432983398438e+01 -8.391758799552917480e-01 -5.434238314628601074e-01 -2.177857793867588043e-02 0.000000000000000000e+00 2.000000000000000000e+00
3.089575195312500000e+02 2.452601776123046875e+02 4.450605773925781250e+01 -8.635640144348144531e-01 -5.030847787857055664e-01 -3.410073742270469666e-02 0.000000000000000000e+00 2.000000000000000000e+00
3.096819458007812500e+02 2.456822052001953125e+02 4.453466415405273438e+01 -8.857873678207397461e-01 -4.612171947956085205e-01 -5.156993493437767029e-02 0.000000000000000000e+00 2.000000000000000000e+00
3.104291687011718750e+02 2.460712738037109375e+02 4.457816696166992188e+01 -9.060176014900207520e-01 -4.167520403861999512e-01 -7.382342219352722168e-02 0.000000000000000000e+00 2.000000000000000000e+00
3.111864318847656250e+02 2.464196014404296875e+02 4.463986968994140625e+01 -9.245499372482299805e-01 -3.678103983402252197e-01 -9.961453825235366821e-02 0.000000000000000000e+00 2.000000000000000000e+00
3.119418029785156250e+02 2.467201080322265625e+02 4.472125625610351562e+01 -9.412341117858886719e-01 -3.129080235958099365e-01 -1.271490454673767090e-01 0.000000000000000000e+00 2.000000000000000000e+00
3.126856384277343750e+02 2.469673919677734375e+02 4.482173919677734375e+01 -9.555768966674804688e-01 -2.512491047382354736e-01 -1.540999114513397217e-01 0.000000000000000000e+00 2.000000000000000000e+00
3.134126281738281250e+02 2.471585388183593750e+02 4.493897628784179688e+01 -9.669288396835327148e-01 -1.824766844511032104e-01 -1.781876981258392334e-01 0.000000000000000000e+00 2.000000000000000000e+00
3.141221313476562500e+02 2.472924346923828125e+02 4.506972503662109375e+01 -9.742222428321838379e-01 -1.084707230329513550e-01 -1.978005021810531616e-01 0.000000000000000000e+00 2.000000000000000000e+00
3.148158569335937500e+02 2.473696746826171875e+02 4.521057510375976562e+01 -9.765671491622924805e-01 -3.167173638939857483e-02 -2.128697782754898071e-01 0.000000000000000000e+00 2.000000000000000000e+00
3.154961853027343750e+02 2.473917388916015625e+02 4.535887145996093750e+01 -9.735324978828430176e-01 4.535806924104690552e-02 -2.240026593208312988e-01 0.000000000000000000e+00 2.000000000000000000e+00
3.161649475097656250e+02 2.473605804443359375e+02 4.551274871826171875e+01 -9.652513861656188965e-01 1.212944611907005310e-01 -2.314680218696594238e-01 0.000000000000000000e+00 2.000000000000000000e+00
3.168228454589843750e+02 2.472779083251953125e+02 4.567051315307617188e+01 -9.520841240882873535e-01 1.951750069856643677e-01 -2.354623824357986450e-01 0.000000000000000000e+00 2.000000000000000000e+00
3.174701232910156250e+02 2.471452178955078125e+02 4.583059310913085938e+01 -9.345466494560241699e-01 2.663064002990722656e-01 -2.360157966613769531e-01 0.000000000000000000e+00 2.000000000000000000e+00
3.181069641113281250e+02 2.469637451171875000e+02 4.599142456054687500e+01 -9.127910733222961426e-01 3.347390294075012207e-01 -2.340134531259536743e-01 0.000000000000000000e+00 2.000000000000000000e+00
3.187326354980468750e+02 2.467342987060546875e+02 4.615182876586914062e+01 -8.869606256484985352e-01 3.998498916625976562e-01 -2.311297506093978882e-01 0.000000000000000000e+00 2.000000000000000000e+00
3.193455810546875000e+02 2.464579772949218750e+02 4.631155395507812500e+01 -8.575546145439147949e-01 4.602313637733459473e-01 -2.297545075416564941e-01 0.000000000000000000e+00 2.000000000000000000e+00
3.199433898925781250e+02 2.461371459960937500e+02 4.647171783447265625e+01 -8.250112533569335938e-01 5.153929591178894043e-01 -2.317899167537689209e-01 0.000000000000000000e+00 2.000000000000000000e+00
3.205226135253906250e+02 2.457752990722656250e+02 4.663445281982421875e+01 -7.911612987518310547e-01 5.632867813110351562e-01 -2.382683157920837402e-01 0.000000000000000000e+00 2.000000000000000000e+00
3.210809936523437500e+02 2.453777465820312500e+02 4.680261611938476562e+01 -7.583944201469421387e-01 6.020528674125671387e-01 -2.497403323650360107e-01 0.000000000000000000e+00 2.000000000000000000e+00
3.216180725097656250e+02 2.449513854980468750e+02 4.697947692871093750e+01 -7.298406362533569336e-01 6.295025944709777832e-01 -2.665692567825317383e-01 0.000000000000000000e+00 2.000000000000000000e+00
3.221365051269531250e+02 2.445042266845703125e+02 4.716883087158203125e+01 -7.072901129722595215e-01 6.447876691818237305e-01 -2.898097038269042969e-01 0.000000000000000000e+00 2.000000000000000000e+00
3.226405334472656250e+02 2.440447387695312500e+02 4.737535476684570312e+01 -6.918612122535705566e-01 6.470290422439575195e-01 -3.204393684864044189e-01 0.000000000000000000e+00 2.000000000000000000e+00
3.231357421875000000e+02 2.435816192626953125e+02 4.760471343994140625e+01 -6.820985674858093262e-01 6.371383070945739746e-01 -3.588818311691284180e-01 0.000000000000000000e+00 2.000000000000000000e+00
3.236267395019531250e+02 2.431229858398437500e+02 4.786304855346679688e+01 -6.764550209045410156e-01 6.162901520729064941e-01 -4.032308161258697510e-01 0.000000000000000000e+00 2.000000000000000000e+00
3.241174011230468750e+02 2.426759643554687500e+02 4.815552902221679688e+01 -6.726915240287780762e-01 5.871403217315673828e-01 -4.502802789211273193e-01 0.000000000000000000e+00 2.000000000000000000e+00
3.246096801757812500e+02 2.422462921142578125e+02 4.848504638671875000e+01 -6.696746945381164551e-01 5.526469945907592773e-01 -4.961018264293670654e-01 0.000000000000000000e+00 2.000000000000000000e+00
3.251040649414062500e+02 2.418383026123046875e+02 4.885129165649414062e+01 6.666311025619506836e-01 -5.162769556045532227e-01 5.376439690589904785e-01 0.000000000000000000e+00 2.000000000000000000e+00
3.255997619628906250e+02 2.414544067382812500e+02 4.925107574462890625e+01 6.635364294052124023e-01 -4.808175861835479736e-01 5.731787085533142090e-01 0.000000000000000000e+00 2.000000000000000000e+00
3.260950317382812500e+02 2.410955200195312500e+02 4.967890167236328125e+01 6.601445674896240234e-01 -4.481437802314758301e-01 6.028069853782653809e-01 0.000000000000000000e+00 2.000000000000000000e+00
3.265873718261718750e+02 2.407612915039062500e+02 5.012847900390625000e+01 6.564018726348876953e-01 -4.191291034221649170e-01 6.272696852684020996e-01 0.000000000000000000e+00 2.000000000000000000e+00
3.270744628906250000e+02 2.404502716064453125e+02 5.059395217895507812e+01 6.527492403984069824e-01 -3.940755724906921387e-01 6.470107436180114746e-01 0.000000000000000000e+00 2.000000000000000000e+00
3.275548095703125000e+02 2.401602783203125000e+02 5.107007598876953125e+01 6.487902998924255371e-01 -3.732148706912994385e-01 6.631604433059692383e-01 0.000000000000000000e+00 2.000000000000000000e+00
3.280268859863281250e+02 2.398887176513671875e+02 5.155260848999023438e+01 6.450406312942504883e-01 -3.560236692428588867e-01 6.761433482170104980e-01 0.000000000000000000e+00 2.000000000000000000e+00
3.284901733398437500e+02 2.396330108642578125e+02 5.203823471069335938e+01 6.415844559669494629e-01 -3.422774970531463623e-01 6.864514350891113281e-01 0.000000000000000000e+00 2.000000000000000000e+00
3.289444580078125000e+02 2.393906555175781250e+02 5.252428817749023438e+01 6.385416388511657715e-01 -3.312196731567382812e-01 6.946640610694885254e-01 0.000000000000000000e+00 2.000000000000000000e+00
3.293896789550781250e+02 2.391597137451171875e+02 5.300864028930664062e+01 6.365448236465454102e-01 -3.222521841526031494e-01 7.006884217262268066e-01 0.000000000000000000e+00 2.000000000000000000e+00
3.298265380859375000e+02 2.389385528564453125e+02 5.348952102661132812e+01 6.365313529968261719e-01 -3.144493699073791504e-01 7.042367458343505859e-01 0.000000000000000000e+00 2.000000000000000000e+00
3.302566528320312500e+02 2.387260742187500000e+02 5.396538543701171875e+01 6.397197246551513672e-01 -3.068300485610961914e-01 7.047083973884582520e-01 0.000000000000000000e+00 2.000000000000000000e+00
3.306829223632812500e+02 2.385216217041015625e+02 5.443495941162109375e+01 6.477684378623962402e-01 -2.984130382537841797e-01 7.009606361389160156e-01 0.000000000000000000e+00 2.000000000000000000e+00
3.311101684570312500e+02 2.383247985839843750e+02 5.489728927612304688e+01 6.617455482482910156e-01 -2.883781492710113525e-01 6.920482516288757324e-01 0.000000000000000000e+00 2.000000000000000000e+00
3.315447692871093750e+02 2.381354064941406250e+02 5.535179138183593750e+01 6.821020841598510742e-01 -2.768986523151397705e-01 6.768042445182800293e-01 0.000000000000000000e+00 2.000000000000000000e+00
3.319946594238281250e+02 2.379527740478515625e+02 5.579818725585937500e+01 7.081590294837951660e-01 -2.642428874969482422e-01 6.547415852546691895e-01 0.000000000000000000e+00 2.000000000000000000e+00
3.324685668945312500e+02 2.377759399414062500e+02 5.623634719848632812e+01 7.382854223251342773e-01 -2.516286075115203857e-01 6.257936954498291016e-01 0.000000000000000000e+00 2.000000000000000000e+00
3.329754943847656250e+02 2.376031646728515625e+02 5.666603469848632812e+01 7.704092860221862793e-01 -2.400588095188140869e-01 5.906278491020202637e-01 0.000000000000000000e+00 2.000000000000000000e+00
3.335238037109375000e+02 2.374323120117187500e+02 5.708639144897460938e+01 8.031374812126159668e-01 -2.295440733432769775e-01 5.497996807098388672e-01 0.000000000000000000e+00 2.000000000000000000e+00
3.341210021972656250e+02 2.372616271972656250e+02 5.749521255493164062e+01 8.355262279510498047e-01 -2.193886786699295044e-01 5.037504434585571289e-01 0.000000000000000000e+00 2.000000000000000000e+00
3.347731933593750000e+02 2.370903778076171875e+02 5.788842773437500000e+01 8.668367862701416016e-01 -2.086712121963500977e-01 4.528248906135559082e-01 0.000000000000000000e+00 2.000000000000000000e+00
3.354840698242187500e+02 2.369192504882812500e+02 5.825978088378906250e+01 8.961614370346069336e-01 -1.968863755464553833e-01 3.976563215255737305e-01 0.000000000000000000e+00 2.000000000000000000e+00
3.362543029785156250e+02 2.367500305175781250e+02 5.860155868530273438e+01 9.223372936248779297e-01 -1.841814815998077393e-01 3.396633267402648926e-01 0.000000000000000000e+00 2.000000000000000000e+00
3.370810852050781250e+02 2.365849304199218750e+02 5.890603256225585938e+01 9.439185857772827148e-01 -1.721624881029129028e-01 2.817406058311462402e-01 0.000000000000000000e+00 2.000000000000000000e+00
3.379573364257812500e+02 2.364251098632812500e+02 5.916757583618164062e+01 9.601460099220275879e-01 -1.621801257133483887e-01 2.276340723037719727e-01 0.000000000000000000e+00 2.000000000000000000e+00
3.388725280761718750e+02 2.362705230712890625e+02 5.938455200195312500e+01 9.711216688156127930e-01 -1.555261611938476562e-01 1.809264570474624634e-01 0.000000000000000000e+00 2.000000000000000000e+00
3.398139648437500000e+02 2.361197509765625000e+02 5.955994796752929688e+01 9.777381420135498047e-01 -1.523741632699966431e-01 1.442578583955764771e-01 0.000000000000000000e+00 2.000000000000000000e+00
3.407688903808593750e+02 2.359709320068359375e+02 5.970083999633789062e+01 9.812901616096496582e-01 -1.517512202262878418e-01 1.184955090284347534e-01 0.000000000000000000e+00 2.000000000000000000e+00
3.417258911132812500e+02 2.358229370117187500e+02 5.981640243530273438e+01 9.830111265182495117e-01 -1.521510779857635498e-01 1.026605665683746338e-01 0.000000000000000000e+00 2.000000000000000000e+00
3.426767272949218750e+02 2.356757659912109375e+02 5.991570281982421875e+01 9.838457107543945312e-01 -1.520366817712783813e-01 9.451176971197128296e-02 0.000000000000000000e+00 2.000000000000000000e+00
3.436165466308593750e+02 2.355305328369140625e+02 6.000598526000976562e+01 9.844148755073547363e-01 -1.503733247518539429e-01 9.118761122226715088e-02 0.000000000000000000e+00 2.000000000000000000e+00
3.445440368652343750e+02 2.353888549804687500e+02 6.009189987182617188e+01 9.850505590438842773e-01 -1.468489021062850952e-01 9.006038308143615723e-02 0.000000000000000000e+00 2.000000000000000000e+00
3.454604187011718750e+02 2.352522430419921875e+02 6.017568206787109375e+01 9.858613014221191406e-01 -1.417366117238998413e-01 8.937639743089675903e-02 0.000000000000000000e+00 2.000000000000000000e+00
3.463684997558593750e+02 2.351216888427734375e+02 6.025800704956054688e+01 9.867871999740600586e-01 -1.358791589736938477e-01 8.824892342090606689e-02 0.000000000000000000e+00 2.000000000000000000e+00
3.472715148925781250e+02 2.349973449707031250e+02 6.033876419067382812e+01 9.877721071243286133e-01 -1.296337991952896118e-01 8.661065995693206787e-02 0.000000000000000000e+00 2.000000000000000000e+00
3.481728210449218750e+02 2.348790588378906250e+02 6.041779327392578125e+01 9.886868596076965332e-01 -1.238324865698814392e-01 8.463948220014572144e-02 0.000000000000000000e+00 2.000000000000000000e+00
3.490750732421875000e+02 2.347660522460937500e+02 6.049503326416015625e+01 9.894477725028991699e-01 -1.189856976270675659e-01 8.267756551504135132e-02 0.000000000000000000e+00 2.000000000000000000e+00
3.499810485839843750e+02 2.346571044921875000e+02 6.057073593139648438e+01 9.899685978889465332e-01 -1.158385798335075378e-01 8.089242130517959595e-02 0.000000000000000000e+00 2.000000000000000000e+00
3.508932189941406250e+02 2.345503692626953125e+02 6.064527130126953125e+01 9.902462363243103027e-01 -1.144937425851821899e-01 7.939478754997253418e-02 0.000000000000000000e+00 2.000000000000000000e+00
3.518149108886718750e+02 2.344438018798828125e+02 6.071916961669921875e+01 9.902775883674621582e-01 -1.150722503662109375e-01 7.815747708082199097e-02 0.000000000000000000e+00 2.000000000000000000e+00
3.527497253417968750e+02 2.343351745605468750e+02 6.079294967651367188e+01 9.901118278503417969e-01 -1.171803176403045654e-01 7.711884379386901855e-02 0.000000000000000000e+00 2.000000000000000000e+00
3.537014770507812500e+02 2.342225341796875000e+02 6.086708068847656250e+01 9.898369312286376953e-01 -1.200174540281295776e-01 7.628004252910614014e-02 0.000000000000000000e+00 2.000000000000000000e+00
3.546728820800781250e+02 2.341047515869140625e+02 6.094194030761718750e+01 9.895000457763671875e-01 -1.232424601912498474e-01 7.550502568483352661e-02 0.000000000000000000e+00 2.000000000000000000e+00
3.556652221679687500e+02 2.339811553955078125e+02 6.101766204833984375e+01 9.891513586044311523e-01 -1.265426129102706909e-01 7.460866123437881470e-02 0.000000000000000000e+00 2.000000000000000000e+00
3.566766662597656250e+02 2.338517608642578125e+02 6.109395217895507812e+01 9.888031482696533203e-01 -1.300274878740310669e-01 7.322043925523757935e-02 0.000000000000000000e+00 2.000000000000000000e+00
3.577025451660156250e+02 2.337168579101562500e+02 6.116991806030273438e+01 9.883967041969299316e-01 -1.341478973627090454e-01 7.124826312065124512e-02 0.000000000000000000e+00 2.000000000000000000e+00
3.587349548339843750e+02 2.335767364501953125e+02 6.124433898925781250e+01 9.879128336906433105e-01 -1.391220241785049438e-01 6.836017221212387085e-02 0.000000000000000000e+00 2.000000000000000000e+00
3.597643127441406250e+02 2.334317779541015625e+02 6.131556701660156250e+01 9.873163104057312012e-01 -1.449808776378631592e-01 6.470640003681182861e-02 0.000000000000000000e+00 2.000000000000000000e+00
3.607808837890625000e+02 2.332825012207031250e+02 6.138219070434570312e+01 9.864704012870788574e-01 -1.520706415176391602e-01 6.124416366219520569e-02 0.000000000000000000e+00 2.000000000000000000e+00
3.617761535644531250e+02 2.331290740966796875e+02 6.144398117065429688e+01 9.851850867271423340e-01 -1.608322858810424805e-01 5.952580645680427551e-02 0.000000000000000000e+00 2.000000000000000000e+00
3.627440185546875000e+02 2.329710693359375000e+02 6.150246047973632812e+01 9.832056760787963867e-01 -1.718537360429763794e-01 6.142434477806091309e-02 0.000000000000000000e+00 2.000000000000000000e+00
3.636814270019531250e+02 2.328072204589843750e+02 6.156102371215820312e+01 9.802336692810058594e-01 -1.855543553829193115e-01 6.864076107740402222e-02 0.000000000000000000e+00 2.000000000000000000e+00
3.645883483886718750e+02 2.326355438232421875e+02 6.162453079223632812e+01 9.761376380920410156e-01 -2.013660669326782227e-01 8.128410577774047852e-02 0.000000000000000000e+00 2.000000000000000000e+00
3.654676818847656250e+02 2.324541473388671875e+02 6.169775390625000000e+01 9.712000489234924316e-01 -2.172480374574661255e-01 9.784548729658126831e-02 0.000000000000000000e+00 2.000000000000000000e+00
3.663245849609375000e+02 2.322624664306640625e+02 6.178408432006835938e+01 9.660571813583374023e-01 -2.308237850666046143e-01 1.159907057881355286e-01 0.000000000000000000e+00 2.000000000000000000e+00
3.671650085449218750e+02 2.320616607666015625e+02 6.188499069213867188e+01 9.615984559059143066e-01 -2.395142912864685059e-01 1.340196430683135986e-01 0.000000000000000000e+00 2.000000000000000000e+00
3.679936828613281250e+02 2.318552551269531250e+02 6.200048446655273438e+01 9.580599069595336914e-01 -2.427803575992584229e-01 1.522462666034698486e-01 0.000000000000000000e+00 2.000000000000000000e+00
3.688129577636718750e+02 2.316476440429687500e+02 6.213067626953125000e+01 9.548054337501525879e-01 -2.418621778488159180e-01 1.727696359157562256e-01 0.000000000000000000e+00 2.000000000000000000e+00
3.696218872070312500e+02 2.314427337646484375e+02 6.227705001831054688e+01 9.504850506782531738e-01 -2.395016402006149292e-01 1.980329304933547974e-01 0.000000000000000000e+00 2.000000000000000000e+00
3.704163208007812500e+02 2.312425537109375000e+02 6.244256973266601562e+01 9.437676072120666504e-01 -2.385262995958328247e-01 2.289277911186218262e-01 0.000000000000000000e+00 2.000000000000000000e+00
3.711908569335937500e+02 2.310467987060546875e+02 6.263044738769531250e+01 9.337214827537536621e-01 -2.416758090257644653e-01 2.641153633594512939e-01 0.000000000000000000e+00 2.000000000000000000e+00
3.719399108886718750e+02 2.308529205322265625e+02 6.284232711791992188e+01 9.205313324928283691e-01 -2.502925097942352295e-01 2.999595403671264648e-01 0.000000000000000000e+00 2.000000000000000000e+00
3.726593017578125000e+02 2.306573181152343750e+02 6.307674407958984375e+01 9.052159786224365234e-01 -2.643011808395385742e-01 3.327594697475433350e-01 0.000000000000000000e+00 2.000000000000000000e+00
3.733461608886718750e+02 2.304567718505859375e+02 6.332923507690429688e+01 8.890637755393981934e-01 -2.827725410461425781e-01 3.600074648857116699e-01 0.000000000000000000e+00 2.000000000000000000e+00
3.739993896484375000e+02 2.302490081787109375e+02 6.359374618530273438e+01 8.737709522247314453e-01 -3.027583062648773193e-01 3.806070685386657715e-01 0.000000000000000000e+00 2.000000000000000000e+00
3.746199645996093750e+02 2.300339813232421875e+02 6.386406326293945312e+01 8.599487543106079102e-01 -3.221417963504791260e-01 3.958696126937866211e-01 0.000000000000000000e+00 2.000000000000000000e+00
3.752102661132812500e+02 2.298128509521484375e+02 6.413580322265625000e+01 8.483048677444458008e-01 -3.386478126049041748e-01 4.070583879947662354e-01 0.000000000000000000e+00 2.000000000000000000e+00
3.757747802734375000e+02 2.295874938964843750e+02 6.440668487548828125e+01 8.391221761703491211e-01 -3.513030707836151123e-01 4.152832031250000000e-01 0.000000000000000000e+00 2.000000000000000000e+00
3.763195190429687500e+02 2.293594360351562500e+02 6.467627716064453125e+01 8.319677710533142090e-01 -3.610097169876098633e-01 4.213093519210815430e-01 0.000000000000000000e+00 2.000000000000000000e+00
3.768511047363281250e+02 2.291287689208984375e+02 6.494547271728515625e+01 8.260294795036315918e-01 -3.694927394390106201e-01 4.256176352500915527e-01 0.000000000000000000e+00 2.000000000000000000e+00
3.773761596679687500e+02 2.288939056396484375e+02 6.521601104736328125e+01 8.209510445594787598e-01 -3.777510821819305420e-01 4.281863272190093994e-01 0.000000000000000000e+00 2.000000000000000000e+00
3.779009704589843750e+02 2.286524200439453125e+02 6.548973846435546875e+01 8.161197304725646973e-01 -3.865780830383300781e-01 4.295416474342346191e-01 0.000000000000000000e+00 2.000000000000000000e+00
3.784302368164062500e+02 2.284017181396484375e+02 6.576830291748046875e+01 8.120433092117309570e-01 -3.948342502117156982e-01 4.297573864459991455e-01 0.000000000000000000e+00 2.000000000000000000e+00
3.789674072265625000e+02 2.281405334472656250e+02 6.605258941650390625e+01 8.090227246284484863e-01 -4.016424715518951416e-01 4.291452765464782715e-01 0.000000000000000000e+00 2.000000000000000000e+00
3.795138854980468750e+02 2.278692321777343750e+02 6.634246826171875000e+01 8.077104091644287109e-01 -4.061371088027954102e-01 4.273833334445953369e-01 0.000000000000000000e+00 2.000000000000000000e+00
3.800701904296875000e+02 2.275895080566406250e+02 6.663682556152343750e+01 8.081802725791931152e-01 -4.083007574081420898e-01 4.244233667850494385e-01 0.000000000000000000e+00 2.000000000000000000e+00
3.806354370117187500e+02 2.273039398193359375e+02 6.693367004394531250e+01 8.104461431503295898e-01 -4.084376096725463867e-01 4.199472963809967041e-01 0.000000000000000000e+00 2.000000000000000000e+00
3.812086486816406250e+02 2.270150604248046875e+02 6.723069000244140625e+01 8.141073584556579590e-01 -4.072249531745910645e-01 4.140013456344604492e-01 0.000000000000000000e+00 2.000000000000000000e+00
3.817888488769531250e+02 2.267248382568359375e+02 6.752574157714843750e+01 8.185048699378967285e-01 -4.055447578430175781e-01 4.069191515445709229e-01 0.000000000000000000e+00 2.000000000000000000e+00
3.823749694824218750e+02 2.264344329833984375e+02 6.781713104248046875e+01 8.233015537261962891e-01 -4.031955301761627197e-01 3.995096683502197266e-01 0.000000000000000000e+00 2.000000000000000000e+00
3.829663085937500000e+02 2.261448364257812500e+02 6.810408020019531250e+01 8.279509544372558594e-01 -3.999352157115936279e-01 3.931271731853485107e-01 0.000000000000000000e+00 2.000000000000000000e+00
3.835619812011718750e+02 2.258571014404296875e+02 6.838691711425781250e+01 8.327029347419738770e-01 -3.943412303924560547e-01 3.887168765068054199e-01 0.000000000000000000e+00 2.000000000000000000e+00
3.841617736816406250e+02 2.255730590820312500e+02 6.866690826416015625e+01 8.376774191856384277e-01 -3.855669796466827393e-01 3.868263065814971924e-01 0.000000000000000000e+00 2.000000000000000000e+00
3.847656860351562500e+02 2.252950897216796875e+02 6.894578552246093750e+01 8.427042365074157715e-01 -3.734279274940490723e-01 3.878157734870910645e-01 0.000000000000000000e+00 2.000000000000000000e+00
3.853734130859375000e+02 2.250257873535156250e+02 6.922546386718750000e+01 8.476737141609191895e-01 -3.585497736930847168e-01 3.910133540630340576e-01 0.000000000000000000e+00 2.000000000000000000e+00
3.859844055175781250e+02 2.247673492431640625e+02 6.950730133056640625e+01 8.516505360603332520e-01 -3.432924449443817139e-01 3.960323631763458252e-01 0.000000000000000000e+00 2.000000000000000000e+00
3.865965881347656250e+02 2.245205841064453125e+02 6.979197692871093750e+01 8.539759516716003418e-01 -3.306505084037780762e-01 4.017404615879058838e-01 0.000000000000000000e+00 2.000000000000000000e+00
3.872071533203125000e+02 2.242841796875000000e+02 7.007920837402343750e+01 8.536506891250610352e-01 -3.240635097026824951e-01 4.077539145946502686e-01 0.000000000000000000e+00 2.000000000000000000e+00
3.878122863769531250e+02 2.240544586181640625e+02 7.036825561523437500e+01 8.502331972122192383e-01 -3.262092769145965576e-01 4.131476283073425293e-01 0.000000000000000000e+00 2.000000000000000000e+00
3.884084472656250000e+02 2.238257293701171875e+02 7.065794372558593750e+01 8.431956171989440918e-01 -3.391543626785278320e-01 4.171277284622192383e-01 0.000000000000000000e+00 2.000000000000000000e+00
3.889927368164062500e+02 2.235907135009765625e+02 7.094699096679687500e+01 8.323681354522705078e-01 -3.625389039516448975e-01 4.192002415657043457e-01 0.000000000000000000e+00 2.000000000000000000e+00
3.895633239746093750e+02 2.233421936035156250e+02 7.123435211181640625e+01 8.182426691055297852e-01 -3.939213752746582031e-01 4.186941981315612793e-01 0.000000000000000000e+00 2.000000000000000000e+00
3.901202392578125000e+02 2.230740814208984375e+02 7.151932525634765625e+01 8.020002245903015137e-01 -4.286088049411773682e-01 4.160410165786743164e-01 0.000000000000000000e+00 2.000000000000000000e+00
3.906645507812500000e+02 2.227831878662109375e+02 7.180168914794921875e+01 7.859333157539367676e-01 -4.611973762512207031e-01 4.118323028087615967e-01 0.000000000000000000e+00 2.000000000000000000e+00
3.911985168457031250e+02 2.224698486328125000e+02 7.208148956298828125e+01 7.723547220230102539e-01 -4.877381324768066406e-01 4.069150090217590332e-01 0.000000000000000000e+00 2.000000000000000000e+00
3.917247619628906250e+02 2.221375274658203125e+02 7.235874176025390625e+01 7.632725834846496582e-01 -5.057808756828308105e-01 4.019957482814788818e-01 0.000000000000000000e+00 2.000000000000000000e+00
3.922461853027343750e+02 2.217920074462890625e+02 7.263336181640625000e+01 7.592066526412963867e-01 -5.155536532402038574e-01 3.972525596618652344e-01 0.000000000000000000e+00 2.000000000000000000e+00
3.927653808593750000e+02 2.214394378662109375e+02 7.290502929687500000e+01 7.593792080879211426e-01 -5.188503265380859375e-01 3.926033973693847656e-01 0.000000000000000000e+00 2.000000000000000000e+00
3.932844543457031250e+02 2.210847778320312500e+02 7.317339324951171875e+01 7.617529034614562988e-01 -5.186317563056945801e-01 3.882701694965362549e-01 0.000000000000000000e+00 2.000000000000000000e+00
3.938048095703125000e+02 2.207304992675781250e+02 7.343862152099609375e+01 7.642918229103088379e-01 -5.175939798355102539e-01 3.846484124660491943e-01 0.000000000000000000e+00 2.000000000000000000e+00
3.943267517089843750e+02 2.203770294189453125e+02 7.370130157470703125e+01 7.655564546585083008e-01 -5.174503326416015625e-01 3.823199272155761719e-01 0.000000000000000000e+00 2.000000000000000000e+00
3.948492736816406250e+02 2.200238494873046875e+02 7.396224975585937500e+01 7.650309801101684570e-01 -5.187852382659912109e-01 3.815619945526123047e-01 0.000000000000000000e+00 2.000000000000000000e+00
3.953695983886718750e+02 2.196710052490234375e+02 7.422176361083984375e+01 7.634431123733520508e-01 -5.211431384086608887e-01 3.815289735794067383e-01 0.000000000000000000e+00 2.000000000000000000e+00
3.958837890625000000e+02 2.193200073242187500e+02 7.447872924804687500e+01 7.620205283164978027e-01 -5.239179730415344238e-01 3.805714547634124756e-01 0.000000000000000000e+00 2.000000000000000000e+00
3.963872680664062500e+02 2.189738464355468750e+02 7.473017883300781250e+01 7.622031569480895996e-01 -5.263171195983886719e-01 3.768774271011352539e-01 0.000000000000000000e+00 2.000000000000000000e+00
3.968759765625000000e+02 2.186363830566406250e+02 7.497182464599609375e+01 7.647216916084289551e-01 -5.280539393424987793e-01 3.692690134048461914e-01 0.000000000000000000e+00 2.000000000000000000e+00
3.973474731445312500e+02 2.183108062744140625e+02 7.519950103759765625e+01 7.694408297538757324e-01 -5.293494462966918945e-01 3.574214279651641846e-01 0.000000000000000000e+00 2.000000000000000000e+00
3.978014221191406250e+02 2.179985046386718750e+02 7.541036987304687500e+01 7.755065560340881348e-01 -5.298511981964111328e-01 3.432886302471160889e-01 0.000000000000000000e+00 2.000000000000000000e+00
3.982398681640625000e+02 2.176989440917968750e+02 7.560445404052734375e+01 7.813984751701354980e-01 -5.290747880935668945e-01 3.309023082256317139e-01 0.000000000000000000e+00 2.000000000000000000e+00
3.986664733886718750e+02 2.174100952148437500e+02 7.578511047363281250e+01 7.855819463729858398e-01 -5.264760255813598633e-01 3.250905871391296387e-01 0.000000000000000000e+00 2.000000000000000000e+00
3.990856628417968750e+02 2.171291656494140625e+02 7.595858001708984375e+01 7.868453264236450195e-01 -5.218595266342163086e-01 3.294496238231658936e-01 0.000000000000000000e+00 2.000000000000000000e+00
3.995015563964843750e+02 2.168533325195312500e+02 7.613271331787109375e+01 7.846959233283996582e-01 -5.153110623359680176e-01 3.445385396480560303e-01 0.000000000000000000e+00 2.000000000000000000e+00
3.999175415039062500e+02 2.165801544189453125e+02 7.631536102294921875e+01 7.795141339302062988e-01 -5.073885321617126465e-01 3.673071563243865967e-01 0.000000000000000000e+00 2.000000000000000000e+00
4.003363647460937500e+02 2.163075408935546875e+02 7.651271057128906250e+01 7.717734575271606445e-01 -4.997955858707427979e-01 3.931539654731750488e-01 0.000000000000000000e+00 2.000000000000000000e+00
4.007593078613281250e+02 2.160336456298828125e+02 7.672816467285156250e+01 7.641535997390747070e-01 -4.935373961925506592e-01 4.153192043304443359e-01 0.000000000000000000e+00 2.000000000000000000e+00
4.011881103515625000e+02 2.157566986083984375e+02 7.696121978759765625e+01 7.596985697746276855e-01 -4.894904792308807373e-01 4.280855953693389893e-01 0.000000000000000000e+00 2.000000000000000000e+00
4.016256103515625000e+02 2.154748077392578125e+02 7.720774841308593750e+01 7.612424492835998535e-01 -4.873034656047821045e-01 4.278378486633300781e-01 0.000000000000000000e+00 2.000000000000000000e+00
4.020760498046875000e+02 2.151864624023437500e+02 7.746090698242187500e+01 7.699101567268371582e-01 -4.862036108970642090e-01 4.133332669734954834e-01 0.000000000000000000e+00 2.000000000000000000e+00
4.025444641113281250e+02 2.148906555175781250e+02 7.771237945556640625e+01 7.845335602760314941e-01 -4.843251407146453857e-01 3.872161209583282471e-01 0.000000000000000000e+00 2.000000000000000000e+00
4.030350952148437500e+02 2.145877685546875000e+02 7.795453643798828125e+01 8.021889328956604004e-01 -4.804524779319763184e-01 3.544832170009613037e-01 0.000000000000000000e+00 2.000000000000000000e+00
4.035498046875000000e+02 2.142794952392578125e+02 7.818198394775390625e+01 8.197626471519470215e-01 -4.740563035011291504e-01 3.213407993316650391e-01 0.000000000000000000e+00 2.000000000000000000e+00
4.040867919921875000e+02 2.139689636230468750e+02 7.839247894287109375e+01 8.354039192199707031e-01 -4.652798175811767578e-01 2.926004230976104736e-01 0.000000000000000000e+00 2.000000000000000000e+00
4.046416625976562500e+02 2.136599273681640625e+02 7.858682250976562500e+01 8.484160900115966797e-01 -4.548651874065399170e-01 2.707172632217407227e-01 0.000000000000000000e+00 2.000000000000000000e+00
4.052096252441406250e+02 2.133554229736328125e+02 7.876805114746093750e+01 8.588722944259643555e-01 -4.440090656280517578e-01 2.553318440914154053e-01 0.000000000000000000e+00 2.000000000000000000e+00
4.057878723144531250e+02 2.130564880371093750e+02 7.893995666503906250e+01 8.673626780509948730e-01 -4.336139559745788574e-01 2.442560046911239624e-01 0.000000000000000000e+00 2.000000000000000000e+00
4.063770751953125000e+02 2.127619323730468750e+02 7.910588073730468750e+01 8.741166591644287109e-01 -4.247194230556488037e-01 2.356554865837097168e-01 0.000000000000000000e+00 2.000000000000000000e+00
4.069802551269531250e+02 2.124688568115234375e+02 7.926849365234375000e+01 8.793107867240905762e-01 -4.178099632263183594e-01 2.285766750574111938e-01 0.000000000000000000e+00 2.000000000000000000e+00
4.076005859375000000e+02 2.121741027832031250e+02 7.942974853515625000e+01 8.827817440032958984e-01 -4.131658375263214111e-01 2.235854417085647583e-01 0.000000000000000000e+00 2.000000000000000000e+00
4.082391357421875000e+02 2.118752441406250000e+02 7.959147644042968750e+01 8.841269016265869141e-01 -4.107645452022552490e-01 2.226926088333129883e-01 0.000000000000000000e+00 2.000000000000000000e+00
4.088930053710937500e+02 2.115714569091796875e+02 7.975617218017578125e+01 8.826322555541992188e-01 -4.112000763416290283e-01 2.277603447437286377e-01 0.000000000000000000e+00 2.000000000000000000e+00
4.095557556152343750e+02 2.112626953125000000e+02 7.992719268798828125e+01 8.773705959320068359e-01 -4.153574109077453613e-01 2.402064651250839233e-01 0.000000000000000000e+00 2.000000000000000000e+00
4.102185974121093750e+02 2.109488983154296875e+02 8.010866546630859375e+01 8.667885661125183105e-01 -4.252308011054992676e-01 2.604923546314239502e-01 0.000000000000000000e+00 2.000000000000000000e+00
4.108715209960937500e+02 2.106285858154296875e+02 8.030488586425781250e+01 8.491127490997314453e-01 -4.428668022155761719e-01 2.878828346729278564e-01 0.000000000000000000e+00 2.000000000000000000e+00
4.115048217773437500e+02 2.102982788085937500e+02 8.051959991455078125e+01 8.225302100181579590e-01 -4.697028994560241699e-01 3.206605613231658936e-01 0.000000000000000000e+00 2.000000000000000000e+00
4.121094055175781250e+02 2.099530334472656250e+02 8.075529479980468750e+01 7.860319614410400391e-01 -5.056590437889099121e-01 3.556160330772399902e-01 0.000000000000000000e+00 2.000000000000000000e+00
4.126776733398437500e+02 2.095874633789062500e+02 8.101239013671875000e+01 7.406631112098693848e-01 -5.481455922126770020e-01 3.885287940502166748e-01 0.000000000000000000e+00 2.000000000000000000e+00
4.132049560546875000e+02 2.091972351074218750e+02 8.128898620605468750e+01 6.899657249450683594e-01 -5.928803682327270508e-01 4.152591824531555176e-01 0.000000000000000000e+00 2.000000000000000000e+00
4.136903381347656250e+02 2.087801513671875000e+02 8.158111572265625000e+01 6.401574015617370605e-01 -6.346297860145568848e-01 4.329474270343780518e-01 0.000000000000000000e+00 2.000000000000000000e+00
4.141374206542968750e+02 2.083369293212890625e+02 8.188348388671875000e+01 5.980750322341918945e-01 -6.691607832908630371e-01 4.410556852817535400e-01 0.000000000000000000e+00 2.000000000000000000e+00
4.145541381835937500e+02 2.078706817626953125e+02 8.219079589843750000e+01 5.683942437171936035e-01 -6.945608258247375488e-01 4.410366117954254150e-01 0.000000000000000000e+00 2.000000000000000000e+00
4.149509887695312500e+02 2.073857421875000000e+02 8.249872589111328125e+01 5.524036288261413574e-01 -7.107796669006347656e-01 4.354796707630157471e-01 0.000000000000000000e+00 2.000000000000000000e+00
4.153388671875000000e+02 2.068866577148437500e+02 8.280450439453125000e+01 5.473311543464660645e-01 -7.195361256599426270e-01 4.274300038814544678e-01 0.000000000000000000e+00 2.000000000000000000e+00
4.157263183593750000e+02 2.063773040771484375e+02 8.310707855224609375e+01 5.496769547462463379e-01 -7.227345108985900879e-01 4.189392328262329102e-01 0.000000000000000000e+00 2.000000000000000000e+00
4.161192321777343750e+02 2.058606872558593750e+02 8.340653991699218750e+01 5.549970865249633789e-01 -7.230145931243896484e-01 4.113732874393463135e-01 0.000000000000000000e+00 2.000000000000000000e+00
4.165196838378906250e+02 2.053390045166015625e+02 8.370336151123046875e+01 5.605521202087402344e-01 -7.219606637954711914e-01 4.056527614593505859e-01 0.000000000000000000e+00 2.000000000000000000e+00
4.169270324707031250e+02 2.048143615722656250e+02 8.399814605712890625e+01 5.648874640464782715e-01 -7.206982970237731934e-01 4.018658995628356934e-01 0.000000000000000000e+00 2.000000000000000000e+00
4.173388366699218750e+02 2.042889709472656250e+02 8.429110717773437500e+01 5.669706463813781738e-01 -7.203652858734130859e-01 3.995223641395568848e-01 0.000000000000000000e+00 2.000000000000000000e+00
4.177512817382812500e+02 2.037649383544921875e+02 8.458174133300781250e+01 5.668792128562927246e-01 -7.217515707015991211e-01 3.971429467201232910e-01 0.000000000000000000e+00 2.000000000000000000e+00
4.181606750488281250e+02 2.032436981201171875e+02 8.486855316162109375e+01 5.639504194259643555e-01 -7.263923883438110352e-01 3.928282856941223145e-01 0.000000000000000000e+00 2.000000000000000000e+00
4.185631713867187500e+02 2.027252655029296875e+02 8.514891815185546875e+01 5.575602054595947266e-01 -7.355492711067199707e-01 3.848297297954559326e-01 0.000000000000000000e+00 2.000000000000000000e+00
4.189555053710937500e+02 2.022076873779296875e+02 8.541970825195312500e+01 5.475843548774719238e-01 -7.494822144508361816e-01 3.720588088035583496e-01 0.000000000000000000e+00 2.000000000000000000e+00
4.193355407714843750e+02 2.016875305175781250e+02 8.567792510986328125e+01 5.344215035438537598e-01 -7.669062018394470215e-01 3.553145527839660645e-01 0.000000000000000000e+00 2.000000000000000000e+00
4.197025756835937500e+02 2.011608276367187500e+02 8.592195129394531250e+01 5.192406177520751953e-01 -7.853820919990539551e-01 3.369927406311035156e-01 0.000000000000000000e+00 2.000000000000000000e+00
4.200573425292968750e+02 2.006242218017578125e+02 8.615219879150390625e+01 5.045061111450195312e-01 -8.020404577255249023e-01 3.196947574615478516e-01 0.000000000000000000e+00 2.000000000000000000e+00
4.204019470214843750e+02 2.000763854980468750e+02 8.637056732177734375e+01 4.923740923404693604e-01 -8.153401613235473633e-01 3.046116530895233154e-01 0.000000000000000000e+00 2.000000000000000000e+00
4.207394409179687500e+02 1.995175170898437500e+02 8.657936096191406250e+01 4.842931628227233887e-01 -8.251937627792358398e-01 2.907153964042663574e-01 0.000000000000000000e+00 2.000000000000000000e+00
4.210731811523437500e+02 1.989488525390625000e+02 8.677970123291015625e+01 4.801197052001953125e-01 -8.325789570808410645e-01 2.762196958065032959e-01 0.000000000000000000e+00 2.000000000000000000e+00
4.214058532714843750e+02 1.983719635009765625e+02 8.697109222412109375e+01 4.787360131740570068e-01 -8.386433720588684082e-01 2.597868740558624268e-01 0.000000000000000000e+00 2.000000000000000000e+00
4.217389221191406250e+02 1.977884979248046875e+02 8.715183258056640625e+01 4.793276786804199219e-01 -8.436412215232849121e-01 2.418975383043289185e-01 0.000000000000000000e+00 2.000000000000000000e+00
4.220729064941406250e+02 1.972006683349609375e+02 8.732038116455078125e+01 4.814114570617675781e-01 -8.471391201019287109e-01 2.249406576156616211e-01 0.000000000000000000e+00 2.000000000000000000e+00
4.224072265625000000e+02 1.966123657226562500e+02 8.747659301757812500e+01 4.860387146472930908e-01 -8.479843735694885254e-01 2.113973498344421387e-01 0.000000000000000000e+00 2.000000000000000000e+00
4.227416687011718750e+02 1.960288696289062500e+02 8.762205505371093750e+01 4.950588941574096680e-01 -8.448512554168701172e-01 2.028372585773468018e-01 0.000000000000000000e+00 2.000000000000000000e+00
4.230771789550781250e+02 1.954562988281250000e+02 8.775952148437500000e+01 4.950588941574096680e-01 -8.448512554168701172e-01 2.028372585773468018e-01 0.000000000000000000e+00 2.000000000000000000e+00
