1.416219635009765625e+02 2.578536071777343750e+02 2.717950439453125000e+02 4.741421341896057129e-01 7.338746637105941772e-02 8.773844838142395020e-01 0.000000000000000000e+00 2.000000000000000000e+00
1.414358367919921875e+02 2.578247985839843750e+02 2.714506225585937500e+02 4.716991484165191650e-01 7.581038773059844971e-02 8.784946203231811523e-01 0.000000000000000000e+00 2.000000000000000000e+00
1.411943054199218750e+02 2.577859802246093750e+02 2.710007934570312500e+02 4.674340784549713135e-01 7.981537282466888428e-02 8.804174065589904785e-01 0.000000000000000000e+00 2.000000000000000000e+00
1.409029846191406250e+02 2.577362365722656250e+02 2.704520874023437500e+02 4.594262838363647461e-01 8.701676875352859497e-02 8.839432001113891602e-01 0.000000000000000000e+00 2.000000000000000000e+00
1.405752563476562500e+02 2.576741638183593750e+02 2.698215332031250000e+02 4.449943006038665771e-01 9.950084984302520752e-02 8.899886012077331543e-01 0.000000000000000000e+00 2.000000000000000000e+00
1.402307739257812500e+02 2.575971374511718750e+02 2.691325683593750000e+02 4.201485514640808105e-01 1.194994598627090454e-01 8.995527029037475586e-01 0.000000000000000000e+00 2.000000000000000000e+00
1.398934326171875000e+02 2.575011901855468750e+02 2.684103088378906250e+02 3.800229430198669434e-01 1.491696685552597046e-01 9.128696322441101074e-01 0.000000000000000000e+00 2.000000000000000000e+00
1.395887451171875000e+02 2.573815917968750000e+02 2.676784057617187500e+02 3.193804025650024414e-01 1.895897686481475830e-01 9.284675121307373047e-01 0.000000000000000000e+00 2.000000000000000000e+00
1.393405914306640625e+02 2.572342834472656250e+02 2.669570007324218750e+02 2.339089512825012207e-01 2.396614849567413330e-01 9.422574043273925781e-01 0.000000000000000000e+00 2.000000000000000000e+00
1.391681060791015625e+02 2.570575561523437500e+02 2.662621765136718750e+02 1.239187642931938171e-01 2.947090268135070801e-01 9.475182294845581055e-01 0.000000000000000000e+00 2.000000000000000000e+00
1.390822601318359375e+02 2.568533935546875000e+02 2.656057739257812500e+02 -3.230912843719124794e-03 3.473933637142181396e-01 9.377139210700988770e-01 0.000000000000000000e+00 2.000000000000000000e+00
1.390843658447265625e+02 2.566269836425781250e+02 2.649946289062500000e+02 -1.335324198007583618e-01 3.909217417240142822e-01 9.106861948966979980e-01 0.000000000000000000e+00 2.000000000000000000e+00
1.391669158935546875e+02 2.563853149414062500e+02 2.644316406250000000e+02 -2.515008151531219482e-01 4.215755164623260498e-01 8.712183833122253418e-01 0.000000000000000000e+00 2.000000000000000000e+00
1.393162231445312500e+02 2.561350402832031250e+02 2.639144287109375000e+02 -3.472887575626373291e-01 4.424233138561248779e-01 8.268325924873352051e-01 0.000000000000000000e+00 2.000000000000000000e+00
1.395160827636718750e+02 2.558804321289062500e+02 2.634385986328125000e+02 -4.190298914909362793e-01 4.581730365753173828e-01 7.838950753211975098e-01 0.000000000000000000e+00 2.000000000000000000e+00
1.397514648437500000e+02 2.556230621337890625e+02 2.629982604980468750e+02 -4.697867929935455322e-01 4.744926691055297852e-01 7.444173097610473633e-01 0.000000000000000000e+00 2.000000000000000000e+00
1.400104217529296875e+02 2.553615112304687500e+02 2.625879211425781250e+02 -5.042988061904907227e-01 4.945770502090454102e-01 7.078673839569091797e-01 0.000000000000000000e+00 2.000000000000000000e+00
1.402850799560546875e+02 2.550921478271484375e+02 2.622023925781250000e+02 -5.271057486534118652e-01 5.195552110671997070e-01 6.724745035171508789e-01 0.000000000000000000e+00 2.000000000000000000e+00
1.405716247558593750e+02 2.548097076416015625e+02 2.618368225097656250e+02 -5.418013334274291992e-01 5.480203032493591309e-01 6.372793912887573242e-01 0.000000000000000000e+00 2.000000000000000000e+00
1.408694000244140625e+02 2.545085144042968750e+02 2.614865722656250000e+02 -5.506483316421508789e-01 5.778947472572326660e-01 6.023487448692321777e-01 0.000000000000000000e+00 2.000000000000000000e+00
1.411793212890625000e+02 2.541832580566406250e+02 2.611475524902343750e+02 -5.547538995742797852e-01 6.074714064598083496e-01 5.685302615165710449e-01 0.000000000000000000e+00 2.000000000000000000e+00
1.415019073486328125e+02 2.538300170898437500e+02 2.608169555664062500e+02 -5.542187094688415527e-01 6.360746622085571289e-01 5.368899106979370117e-01 0.000000000000000000e+00 2.000000000000000000e+00
1.418357086181640625e+02 2.534469146728515625e+02 2.604935913085937500e+02 -5.481806397438049316e-01 6.638355851173400879e-01 5.087438821792602539e-01 0.000000000000000000e+00 2.000000000000000000e+00
1.421759185791015625e+02 2.530349273681640625e+02 2.601778564453125000e+02 -5.345792174339294434e-01 6.909873485565185547e-01 4.865815937519073486e-01 0.000000000000000000e+00 2.000000000000000000e+00
1.425142822265625000e+02 2.525975646972656250e+02 2.598698730468750000e+02 -5.115152001380920410e-01 7.168819904327392578e-01 4.737430214881896973e-01 0.000000000000000000e+00 2.000000000000000000e+00
1.428405609130859375e+02 2.521402893066406250e+02 2.595676879882812500e+02 -4.773624837398529053e-01 7.394810318946838379e-01 4.746503233909606934e-01 0.000000000000000000e+00 2.000000000000000000e+00
1.431440429687500000e+02 2.516701660156250000e+02 2.592659301757812500e+02 -4.313687682151794434e-01 7.559450864791870117e-01 4.924103915691375732e-01 0.000000000000000000e+00 2.000000000000000000e+00
1.434152374267578125e+02 2.511949157714843750e+02 2.589563598632812500e+02 -3.744031488895416260e-01 7.625600695610046387e-01 5.275647044181823730e-01 0.000000000000000000e+00 2.000000000000000000e+00
1.436474304199218750e+02 2.507220001220703125e+02 2.586291809082031250e+02 -3.096697628498077393e-01 7.569566965103149414e-01 5.754312872886657715e-01 0.000000000000000000e+00 2.000000000000000000e+00
1.438374786376953125e+02 2.502574462890625000e+02 2.582760314941406250e+02 -2.434133887290954590e-01 7.394189834594726562e-01 6.277017593383789062e-01 0.000000000000000000e+00 2.000000000000000000e+00
1.439863891601562500e+02 2.498050994873046875e+02 2.578920288085937500e+02 -1.827007234096527100e-01 7.142907977104187012e-01 6.755805015563964844e-01 0.000000000000000000e+00 2.000000000000000000e+00
1.440986633300781250e+02 2.493661499023437500e+02 2.574768676757812500e+02 -1.332230418920516968e-01 6.879663467407226562e-01 7.134100794792175293e-01 0.000000000000000000e+00 2.000000000000000000e+00
1.441812744140625000e+02 2.489395446777343750e+02 2.570344848632812500e+02 -9.739688038825988770e-02 6.654072999954223633e-01 7.400993704795837402e-01 0.000000000000000000e+00 2.000000000000000000e+00
1.442422790527343750e+02 2.485227661132812500e+02 2.565709228515625000e+02 -7.405232638120651245e-02 6.491477489471435547e-01 7.570491433143615723e-01 0.000000000000000000e+00 2.000000000000000000e+00
1.442890472412109375e+02 2.481127929687500000e+02 2.560928039550781250e+02 -6.040346994996070862e-02 6.388736367225646973e-01 7.669366598129272461e-01 0.000000000000000000e+00 2.000000000000000000e+00
1.443274078369140625e+02 2.477070617675781250e+02 2.556057434082031250e+02 -5.319808796048164368e-02 6.331794261932373047e-01 7.721746563911437988e-01 0.000000000000000000e+00 2.000000000000000000e+00
1.443612976074218750e+02 2.473036956787109375e+02 2.551138305664062500e+02 -4.916643351316452026e-02 6.297894716262817383e-01 7.752082943916320801e-01 0.000000000000000000e+00 2.000000000000000000e+00
1.443926696777343750e+02 2.469018402099609375e+02 2.546191864013671875e+02 -4.633278772234916687e-02 6.272011399269104004e-01 7.774780392646789551e-01 0.000000000000000000e+00 2.000000000000000000e+00
1.444222564697265625e+02 2.465013275146484375e+02 2.541227111816406250e+02 -4.252992570400238037e-02 6.233344674110412598e-01 7.807978987693786621e-01 0.000000000000000000e+00 2.000000000000000000e+00
1.444494323730468750e+02 2.461030273437500000e+02 2.536237945556640625e+02 -3.590338304638862610e-02 6.164408326148986816e-01 7.865822911262512207e-01 0.000000000000000000e+00 2.000000000000000000e+00
1.444723968505859375e+02 2.457087402343750000e+02 2.531206817626953125e+02 -2.360839396715164185e-02 6.034895777702331543e-01 7.970212697982788086e-01 0.000000000000000000e+00 2.000000000000000000e+00
1.444875335693359375e+02 2.453218078613281250e+02 2.526096649169921875e+02 -3.811422502622008324e-03 5.814668536186218262e-01 8.135612010955810547e-01 0.000000000000000000e+00 2.000000000000000000e+00
1.444899902343750000e+02 2.449470214843750000e+02 2.520852813720703125e+02 2.451757527887821198e-02 5.482382774353027344e-01 8.359627127647399902e-01 0.000000000000000000e+00 2.000000000000000000e+00
1.444740142822265625e+02 2.445897827148437500e+02 2.515405578613281250e+02 5.968937650322914124e-02 5.034539699554443359e-01 8.619577884674072266e-01 0.000000000000000000e+00 2.000000000000000000e+00
1.444343719482421875e+02 2.442554168701171875e+02 2.509680938720703125e+02 9.696684032678604126e-02 4.508087933063507080e-01 8.873380422592163086e-01 0.000000000000000000e+00 2.000000000000000000e+00
1.443680572509765625e+02 2.439471130371093750e+02 2.503612518310546875e+02 1.296070367097854614e-01 3.970920741558074951e-01 9.085811972618103027e-01 0.000000000000000000e+00 2.000000000000000000e+00
1.442760009765625000e+02 2.436650695800781250e+02 2.497159118652343750e+02 1.516494899988174438e-01 3.497781753540039062e-01 9.244769811630249023e-01 0.000000000000000000e+00 2.000000000000000000e+00
1.441636352539062500e+02 2.434058990478515625e+02 2.490309143066406250e+02 1.602463424205780029e-01 3.139540255069732666e-01 9.358172416687011719e-01 0.000000000000000000e+00 2.000000000000000000e+00
1.440398559570312500e+02 2.431633911132812500e+02 2.483080596923828125e+02 1.551434248685836792e-01 2.908606231212615967e-01 9.441030621528625488e-01 0.000000000000000000e+00 2.000000000000000000e+00
1.439154357910156250e+02 2.429301300048828125e+02 2.475509185791015625e+02 1.390344053506851196e-01 2.785292565822601318e-01 9.503109455108642578e-01 0.000000000000000000e+00 2.000000000000000000e+00
1.438002471923828125e+02 2.426993713378906250e+02 2.467635955810546875e+02 1.159332171082496643e-01 2.735027670860290527e-01 9.548590183258056641e-01 0.000000000000000000e+00 2.000000000000000000e+00
1.437015075683593750e+02 2.424664306640625000e+02 2.459503479003906250e+02 8.993274718523025513e-02 2.722832560539245605e-01 9.580051302909851074e-01 0.000000000000000000e+00 2.000000000000000000e+00
1.436230926513671875e+02 2.422290191650390625e+02 2.451150360107421875e+02 6.442335993051528931e-02 2.721337676048278809e-01 9.601004123687744141e-01 0.000000000000000000e+00 2.000000000000000000e+00
1.435658416748046875e+02 2.419871826171875000e+02 2.442618255615234375e+02 4.140350222587585449e-02 2.714079022407531738e-01 9.615734815597534180e-01 0.000000000000000000e+00 2.000000000000000000e+00
1.435285186767578125e+02 2.417425231933593750e+02 2.433950195312500000e+02 2.096466906368732452e-02 2.692869603633880615e-01 9.628317356109619141e-01 0.000000000000000000e+00 2.000000000000000000e+00
1.435094451904296875e+02 2.414975280761718750e+02 2.425190429687500000e+02 2.136781578883528709e-03 2.658123075962066650e-01 9.640223979949951172e-01 0.000000000000000000e+00 2.000000000000000000e+00
1.435074920654296875e+02 2.412545623779296875e+02 2.416378784179687500e+02 -1.608793437480926514e-02 2.606745362281799316e-01 9.652926921844482422e-01 0.000000000000000000e+00 2.000000000000000000e+00
1.435222167968750000e+02 2.410159759521484375e+02 2.407543792724609375e+02 -3.494561463594436646e-02 2.542105913162231445e-01 9.665173292160034180e-01 0.000000000000000000e+00 2.000000000000000000e+00
1.435541839599609375e+02 2.407834320068359375e+02 2.398702392578125000e+02 -5.476897582411766052e-02 2.467525154352188110e-01 9.675296545028686523e-01 0.000000000000000000e+00 2.000000000000000000e+00
1.436042480468750000e+02 2.405578765869140625e+02 2.389858245849609375e+02 -7.527013123035430908e-02 2.385278791189193726e-01 9.682142734527587891e-01 0.000000000000000000e+00 2.000000000000000000e+00
1.436730651855468750e+02 2.403397979736328125e+02 2.381006164550781250e+02 -9.547440707683563232e-02 2.299944162368774414e-01 9.684974551200866699e-01 0.000000000000000000e+00 2.000000000000000000e+00
1.437605590820312500e+02 2.401290283203125000e+02 2.372130737304687500e+02 -1.137965694069862366e-01 2.210384458303451538e-01 9.686032533645629883e-01 0.000000000000000000e+00 2.000000000000000000e+00
1.438654632568359375e+02 2.399252624511718750e+02 2.363201599121093750e+02 -1.284930855035781860e-01 2.112360894680023193e-01 9.689524769783020020e-01 0.000000000000000000e+00 2.000000000000000000e+00
1.439852447509765625e+02 2.397283477783203125e+02 2.354169006347656250e+02 -1.377222836017608643e-01 2.001420259475708008e-01 9.700390696525573730e-01 0.000000000000000000e+00 2.000000000000000000e+00
1.441159057617187500e+02 2.395384674072265625e+02 2.344965972900390625e+02 -1.400490850210189819e-01 1.865176260471343994e-01 9.724183082580566406e-01 0.000000000000000000e+00 2.000000000000000000e+00
1.442520751953125000e+02 2.393571166992187500e+02 2.335511169433593750e+02 -1.347531229257583618e-01 1.695836484432220459e-01 9.762596487998962402e-01 0.000000000000000000e+00 2.000000000000000000e+00
1.443870849609375000e+02 2.391872100830078125e+02 2.325729980468750000e+02 -1.222850456833839417e-01 1.489372849464416504e-01 9.812564849853515625e-01 0.000000000000000000e+00 2.000000000000000000e+00
1.445137329101562500e+02 2.390329589843750000e+02 2.315567321777343750e+02 -1.039865016937255859e-01 1.249748691916465759e-01 9.866954684257507324e-01 0.000000000000000000e+00 2.000000000000000000e+00
1.446250152587890625e+02 2.388992156982421875e+02 2.305008087158203125e+02 -8.187443017959594727e-02 9.867593646049499512e-02 9.917457699775695801e-01 0.000000000000000000e+00 2.000000000000000000e+00
1.447152099609375000e+02 2.387905120849609375e+02 2.294082794189453125e+02 -5.810782685875892639e-02 7.152045518159866333e-02 9.957451820373535156e-01 0.000000000000000000e+00 2.000000000000000000e+00
1.447806549072265625e+02 2.387099609375000000e+02 2.282868041992187500e+02 -3.431622684001922607e-02 4.451618343591690063e-02 9.984191060066223145e-01 0.000000000000000000e+00 2.000000000000000000e+00
1.448198242187500000e+02 2.386591491699218750e+02 2.271471862792968750e+02 -1.196881569921970367e-02 1.822615042328834534e-02 9.997622370719909668e-01 0.000000000000000000e+00 2.000000000000000000e+00
1.448335418701171875e+02 2.386382598876953125e+02 2.260013427734375000e+02 7.781223393976688385e-03 -7.620785851031541824e-03 9.999406933784484863e-01 0.000000000000000000e+00 2.000000000000000000e+00
1.448246612548828125e+02 2.386469573974609375e+02 2.248601226806640625e+02 2.351083606481552124e-02 -3.386856615543365479e-02 9.991497397422790527e-01 0.000000000000000000e+00 2.000000000000000000e+00
1.447980957031250000e+02 2.386852264404296875e+02 2.237311553955078125e+02 3.356080502271652222e-02 -6.135035678744316101e-02 9.975519180297851562e-01 0.000000000000000000e+00 2.000000000000000000e+00
1.447606506347656250e+02 2.387536773681640625e+02 2.226181488037109375e+02 3.624470159411430359e-02 -9.022410959005355835e-02 9.952617287635803223e-01 0.000000000000000000e+00 2.000000000000000000e+00
1.447207031250000000e+02 2.388531188964843750e+02 2.215212097167968750e+02 3.072783723473548889e-02 -1.200022026896476746e-01 9.922979474067687988e-01 0.000000000000000000e+00 2.000000000000000000e+00
1.446871795654296875e+02 2.389840393066406250e+02 2.204386291503906250e+02 1.776527240872383118e-02 -1.499191522598266602e-01 9.885386824607849121e-01 0.000000000000000000e+00 2.000000000000000000e+00
1.446679534912109375e+02 2.391462860107421875e+02 2.193688049316406250e+02 -8.234374690800905228e-04 -1.789840608835220337e-01 9.838515520095825195e-01 0.000000000000000000e+00 2.000000000000000000e+00
1.446688385009765625e+02 2.393386535644531250e+02 2.183113861083984375e+02 -2.210457064211368561e-02 -2.071338295936584473e-01 9.780628681182861328e-01 0.000000000000000000e+00 2.000000000000000000e+00
1.446924285888671875e+02 2.395597076416015625e+02 2.172675933837890625e+02 -4.353391379117965698e-02 -2.343335449695587158e-01 9.711810946464538574e-01 0.000000000000000000e+00 2.000000000000000000e+00
1.447385101318359375e+02 2.398077545166015625e+02 2.162395782470703125e+02 -6.296838074922561646e-02 -2.611579596996307373e-01 9.632400870323181152e-01 0.000000000000000000e+00 2.000000000000000000e+00
1.448045349121093750e+02 2.400815887451171875e+02 2.152295837402343750e+02 -7.938624918460845947e-02 -2.875876426696777344e-01 9.544585943222045898e-01 0.000000000000000000e+00 2.000000000000000000e+00
1.448869018554687500e+02 2.403799743652343750e+02 2.142392883300781250e+02 -9.248737245798110962e-02 -3.135467767715454102e-01 9.450579881668090820e-01 0.000000000000000000e+00 2.000000000000000000e+00
1.449817810058593750e+02 2.407016296386718750e+02 2.132697906494140625e+02 -1.026359423995018005e-01 -3.384366929531097412e-01 9.353750348091125488e-01 0.000000000000000000e+00 2.000000000000000000e+00
1.450858154296875000e+02 2.410446777343750000e+02 2.123216705322265625e+02 -1.105384379625320435e-01 -3.618924915790557861e-01 9.256430864334106445e-01 0.000000000000000000e+00 2.000000000000000000e+00
1.451963958740234375e+02 2.414067077636718750e+02 2.113956756591796875e+02 -1.167256087064743042e-01 -3.834363520145416260e-01 9.161613583564758301e-01 0.000000000000000000e+00 2.000000000000000000e+00
1.453114776611328125e+02 2.417847442626953125e+02 2.104924163818359375e+02 -1.217936426401138306e-01 -4.027748107910156250e-01 9.071597456932067871e-01 0.000000000000000000e+00 2.000000000000000000e+00
1.454296112060546875e+02 2.421754150390625000e+02 2.096125183105468750e+02 -1.260812282562255859e-01 -4.198968112468719482e-01 8.987715244293212891e-01 0.000000000000000000e+00 2.000000000000000000e+00
1.455496520996093750e+02 2.425751953125000000e+02 2.087568054199218750e+02 -1.297056674957275391e-01 -4.348838925361633301e-01 8.910962343215942383e-01 0.000000000000000000e+00 2.000000000000000000e+00
1.456705627441406250e+02 2.429805908203125000e+02 2.079261322021484375e+02 -1.323899030685424805e-01 -4.480373263359069824e-01 8.841580748558044434e-01 0.000000000000000000e+00 2.000000000000000000e+00
1.457910919189453125e+02 2.433884887695312500e+02 2.071211853027343750e+02 -1.338089853525161743e-01 -4.597147107124328613e-01 8.779279589653015137e-01 0.000000000000000000e+00 2.000000000000000000e+00
1.459098052978515625e+02 2.437963409423828125e+02 2.063423004150390625e+02 -1.336344629526138306e-01 -4.703544080257415771e-01 8.723006844520568848e-01 0.000000000000000000e+00 2.000000000000000000e+00
1.460251617431640625e+02 2.442023620605468750e+02 2.055893096923828125e+02 -1.311796456575393677e-01 -4.807861745357513428e-01 8.669697642326354980e-01 0.000000000000000000e+00 2.000000000000000000e+00
1.461353759765625000e+02 2.446063079833984375e+02 2.048609008789062500e+02 -1.255605220794677734e-01 -4.916670024394989014e-01 8.616833090782165527e-01 0.000000000000000000e+00 2.000000000000000000e+00
1.462382812500000000e+02 2.450092620849609375e+02 2.041546936035156250e+02 -1.157428175210952759e-01 -5.037646293640136719e-01 8.560518026351928711e-01 0.000000000000000000e+00 2.000000000000000000e+00
1.463311462402343750e+02 2.454134521484375000e+02 2.034678497314453125e+02 -1.007172465324401855e-01 -5.172772407531738281e-01 8.498707413673400879e-01 0.000000000000000000e+00 2.000000000000000000e+00
1.464105072021484375e+02 2.458210449218750000e+02 2.027981872558593750e+02 -8.002632856369018555e-02 -5.315120220184326172e-01 8.432619571685791016e-01 0.000000000000000000e+00 2.000000000000000000e+00
1.464724731445312500e+02 2.462326049804687500e+02 2.021452331542968750e+02 -5.381670221686363220e-02 -5.447609424591064453e-01 8.368628025054931641e-01 0.000000000000000000e+00 2.000000000000000000e+00
1.465133209228515625e+02 2.466460876464843750e+02 2.015100402832031250e+02 -2.347976714372634888e-02 -5.548900365829467773e-01 8.315922617912292480e-01 0.000000000000000000e+00 2.000000000000000000e+00
1.465306854248046875e+02 2.470564575195312500e+02 2.008950347900390625e+02 8.484903723001480103e-03 -5.595559477806091309e-01 8.287491202354431152e-01 0.000000000000000000e+00 2.000000000000000000e+00
1.465246124267578125e+02 2.474569549560546875e+02 2.003018646240234375e+02 3.816147893667221069e-02 -5.565123558044433594e-01 8.299624919891357422e-01 0.000000000000000000e+00 2.000000000000000000e+00
1.464982604980468750e+02 2.478412475585937500e+02 1.997287445068359375e+02 5.992367863655090332e-02 -5.447648763656616211e-01 8.364451527595520020e-01 0.000000000000000000e+00 2.000000000000000000e+00
1.464581756591796875e+02 2.482056579589843750e+02 1.991692199707031250e+02 6.711389869451522827e-02 -5.248502492904663086e-01 8.485446572303771973e-01 0.000000000000000000e+00 2.000000000000000000e+00
1.464141082763671875e+02 2.485502777099609375e+02 1.986120605468750000e+02 5.458611249923706055e-02 -4.991227984428405762e-01 8.648102879524230957e-01 0.000000000000000000e+00 2.000000000000000000e+00
1.463782348632812500e+02 2.488782958984375000e+02 1.980437164306640625e+02 2.094740606844425201e-02 -4.706563353538513184e-01 8.820679187774658203e-01 0.000000000000000000e+00 2.000000000000000000e+00
1.463641967773437500e+02 2.491937103271484375e+02 1.974525909423828125e+02 -3.097890876233577728e-02 -4.395077526569366455e-01 8.977043628692626953e-01 0.000000000000000000e+00 2.000000000000000000e+00
1.463856201171875000e+02 2.494976501464843750e+02 1.968317871093750000e+02 -9.646749496459960938e-02 -4.036852717399597168e-01 9.097978472709655762e-01 0.000000000000000000e+00 2.000000000000000000e+00
1.464545288085937500e+02 2.497860107421875000e+02 1.961819000244140625e+02 -1.701936721801757812e-01 -3.597778081893920898e-01 9.173843860626220703e-01 0.000000000000000000e+00 2.000000000000000000e+00
1.465789489746093750e+02 2.500490264892578125e+02 1.955112457275390625e+02 -2.480056136846542358e-01 -3.042395710945129395e-01 9.197453856468200684e-01 0.000000000000000000e+00 2.000000000000000000e+00
1.467615203857421875e+02 2.502729949951171875e+02 1.948341674804687500e+02 -3.261923491954803467e-01 -2.359225004911422729e-01 9.153902530670166016e-01 0.000000000000000000e+00 2.000000000000000000e+00
1.469987792968750000e+02 2.504445953369140625e+02 1.941683502197265625e+02 -4.013519287109375000e-01 -1.566051095724105835e-01 9.024363756179809570e-01 0.000000000000000000e+00 2.000000000000000000e+00
1.472819824218750000e+02 2.505550994873046875e+02 1.935315704345703125e+02 -4.709154665470123291e-01 -7.063845545053482056e-02 8.793456554412841797e-01 0.000000000000000000e+00 2.000000000000000000e+00
1.475992584228515625e+02 2.506026916503906250e+02 1.929391174316406250e+02 -5.331823229789733887e-01 1.500062830746173859e-02 8.458673954010009766e-01 0.000000000000000000e+00 2.000000000000000000e+00
1.479382324218750000e+02 2.505931549072265625e+02 1.924013519287109375e+02 -5.874215960502624512e-01 9.359241276979446411e-02 8.038508892059326172e-01 0.000000000000000000e+00 2.000000000000000000e+00
1.482885589599609375e+02 2.505373382568359375e+02 1.919219512939453125e+02 -6.329154372215270996e-01 1.590400189161300659e-01 7.577099204063415527e-01 0.000000000000000000e+00 2.000000000000000000e+00
1.486427612304687500e+02 2.504483337402343750e+02 1.914979095458984375e+02 -6.692969202995300293e-01 2.084827721118927002e-01 7.131454944610595703e-01 0.000000000000000000e+00 2.000000000000000000e+00
1.489967803955078125e+02 2.503380584716796875e+02 1.911206970214843750e+02 -6.966160535812377930e-01 2.423366606235504150e-01 6.752768754959106445e-01 0.000000000000000000e+00 2.000000000000000000e+00
1.493489532470703125e+02 2.502155456542968750e+02 1.907793121337890625e+02 -7.152549624443054199e-01 2.625094652175903320e-01 6.476874947547912598e-01 0.000000000000000000e+00 2.000000000000000000e+00
1.496991424560546875e+02 2.500870208740234375e+02 1.904622039794921875e+02 -7.265598773956298828e-01 2.734775245189666748e-01 6.303339004516601562e-01 0.000000000000000000e+00 2.000000000000000000e+00
1.500477752685546875e+02 2.499557952880859375e+02 1.901597442626953125e+02 -7.329059243202209473e-01 2.786309719085693359e-01 6.206558942794799805e-01 0.000000000000000000e+00 2.000000000000000000e+00
1.503954772949218750e+02 2.498236083984375000e+02 1.898652954101562500e+02 -7.359226346015930176e-01 2.819177210330963135e-01 6.155812740325927734e-01 0.000000000000000000e+00 2.000000000000000000e+00
1.507426910400390625e+02 2.496905975341796875e+02 1.895748596191406250e+02 -7.369157075881958008e-01 2.863677442073822021e-01 6.123305559158325195e-01 0.000000000000000000e+00 2.000000000000000000e+00
1.510897216796875000e+02 2.495557403564453125e+02 1.892864990234375000e+02 -7.365161776542663574e-01 2.962579429149627686e-01 6.080913543701171875e-01 0.000000000000000000e+00 2.000000000000000000e+00
1.514367828369140625e+02 2.494161376953125000e+02 1.889999542236328125e+02 -7.342837452888488770e-01 3.160261511802673340e-01 6.007952094078063965e-01 0.000000000000000000e+00 2.000000000000000000e+00
1.517837677001953125e+02 2.492667999267578125e+02 1.887160491943359375e+02 -7.292976975440979004e-01 3.527855277061462402e-01 5.862314105033874512e-01 0.000000000000000000e+00 2.000000000000000000e+00
1.521303710937500000e+02 2.490991363525390625e+02 1.884374389648437500e+02 -7.182413339614868164e-01 4.137532413005828857e-01 5.594083666801452637e-01 0.000000000000000000e+00 2.000000000000000000e+00
1.524755096435546875e+02 2.489003143310546875e+02 1.881686248779296875e+02 -6.962216496467590332e-01 5.009301304817199707e-01 5.141443610191345215e-01 0.000000000000000000e+00 2.000000000000000000e+00
1.528171844482421875e+02 2.486544799804687500e+02 1.879163055419921875e+02 -6.569174528121948242e-01 6.072658300399780273e-01 4.468644559383392334e-01 0.000000000000000000e+00 2.000000000000000000e+00
1.531517028808593750e+02 2.483452453613281250e+02 1.876887512207031250e+02 -5.980452299118041992e-01 7.163386940956115723e-01 3.594452738761901855e-01 0.000000000000000000e+00 2.000000000000000000e+00
1.534735412597656250e+02 2.479597473144531250e+02 1.874953155517578125e+02 -5.239354372024536133e-01 8.104717731475830078e-01 2.619677186012268066e-01 0.000000000000000000e+00 2.000000000000000000e+00
1.537755126953125000e+02 2.474926300048828125e+02 1.873443298339843750e+02 -4.431760907173156738e-01 8.808248043060302734e-01 1.665611714124679565e-01 0.000000000000000000e+00 2.000000000000000000e+00
1.540495605468750000e+02 2.469479522705078125e+02 1.872413330078125000e+02 3.623461723327636719e-01 -9.284598231315612793e-01 -8.165547251701354980e-02 0.000000000000000000e+00 2.000000000000000000e+00
1.542879028320312500e+02 2.463372344970703125e+02 1.871876220703125000e+02 2.849428355693817139e-01 -9.584763050079345703e-01 -1.144019979983568192e-02 0.000000000000000000e+00 2.000000000000000000e+00
1.544843902587890625e+02 2.456763000488281250e+02 1.871797332763671875e+02 2.118160724639892578e-01 -9.763614535331726074e-01 4.303951933979988098e-02 0.000000000000000000e+00 2.000000000000000000e+00
1.546354064941406250e+02 2.449801940917968750e+02 1.872104187011718750e+02 1.429513096809387207e-01 -9.863473773002624512e-01 8.175511658191680908e-02 0.000000000000000000e+00 2.000000000000000000e+00
1.547398071289062500e+02 2.442598419189453125e+02 1.872701263427734375e+02 7.901225239038467407e-02 -9.912427663803100586e-01 1.058064624667167664e-01 0.000000000000000000e+00 2.000000000000000000e+00
1.547987518310546875e+02 2.435203552246093750e+02 1.873490600585937500e+02 2.142221853137016296e-02 -9.929357767105102539e-01 1.167031303048133850e-01 0.000000000000000000e+00 2.000000000000000000e+00
1.548151092529296875e+02 2.427621765136718750e+02 1.874381713867187500e+02 -2.828835137188434601e-02 -9.927151799201965332e-01 1.171168833971023560e-01 0.000000000000000000e+00 2.000000000000000000e+00
1.547928924560546875e+02 2.419825286865234375e+02 1.875301513671875000e+02 -6.870245188474655151e-02 -9.916060566902160645e-01 1.095327436923980713e-01 0.000000000000000000e+00 2.000000000000000000e+00
1.547371520996093750e+02 2.411780090332031250e+02 1.876190185546875000e+02 -9.963087737560272217e-02 -9.903443455696105957e-01 9.639409929513931274e-02 0.000000000000000000e+00 2.000000000000000000e+00
1.546535491943359375e+02 2.403469848632812500e+02 1.876999053955078125e+02 -1.215589717030525208e-01 -9.894142150878906250e-01 7.926455885171890259e-02 0.000000000000000000e+00 2.000000000000000000e+00
1.545483398437500000e+02 2.394906463623046875e+02 1.877685089111328125e+02 -1.359252333641052246e-01 -9.889495372772216797e-01 5.918852612376213074e-02 0.000000000000000000e+00 2.000000000000000000e+00
1.544279022216796875e+02 2.386143798828125000e+02 1.878209533691406250e+02 -1.446683257818222046e-01 -9.887875914573669434e-01 3.701607137918472290e-02 0.000000000000000000e+00 2.000000000000000000e+00
1.542978973388671875e+02 2.377258148193359375e+02 1.878542175292968750e+02 -1.497295796871185303e-01 -9.886350035667419434e-01 1.348869409412145615e-02 0.000000000000000000e+00 2.000000000000000000e+00
1.541629028320312500e+02 2.368344726562500000e+02 1.878663787841796875e+02 -1.530751734972000122e-01 -9.881578087806701660e-01 -1.059160754084587097e-02 0.000000000000000000e+00 2.000000000000000000e+00
1.540259552001953125e+02 2.359504241943359375e+02 1.878569030761718750e+02 -1.567315906286239624e-01 -9.870234131813049316e-01 -3.492766246199607849e-02 0.000000000000000000e+00 2.000000000000000000e+00
1.538882598876953125e+02 2.350832824707031250e+02 1.878262176513671875e+02 -1.621533632278442383e-01 -9.849560260772705078e-01 -5.973223969340324402e-02 0.000000000000000000e+00 2.000000000000000000e+00
1.537499084472656250e+02 2.342429046630859375e+02 1.877752532958984375e+02 -1.706495434045791626e-01 -9.816119074821472168e-01 -8.553889393806457520e-02 0.000000000000000000e+00 2.000000000000000000e+00
1.536100616455078125e+02 2.334384765625000000e+02 1.877051544189453125e+02 -1.830405443906784058e-01 -9.765493273735046387e-01 -1.133472025394439697e-01 0.000000000000000000e+00 2.000000000000000000e+00
1.534675140380859375e+02 2.326779632568359375e+02 1.876168823242187500e+02 -1.989779323339462280e-01 -9.693471789360046387e-01 -1.441311836242675781e-01 0.000000000000000000e+00 2.000000000000000000e+00
1.533214263916015625e+02 2.319662780761718750e+02 1.875110626220703125e+02 -2.171882092952728271e-01 -9.598653316497802734e-01 -1.774481534957885742e-01 0.000000000000000000e+00 2.000000000000000000e+00
1.531715698242187500e+02 2.313039855957031250e+02 1.873886260986328125e+02 -2.359433621168136597e-01 -9.484112858772277832e-01 -2.117704749107360840e-01 0.000000000000000000e+00 2.000000000000000000e+00
1.530178680419921875e+02 2.306861572265625000e+02 1.872506713867187500e+02 -2.532067894935607910e-01 -9.357684254646301270e-01 -2.454052269458770752e-01 0.000000000000000000e+00 2.000000000000000000e+00
1.528603820800781250e+02 2.301041412353515625e+02 1.870980377197265625e+02 -2.673106789588928223e-01 -9.230784773826599121e-01 -2.765343785285949707e-01 0.000000000000000000e+00 2.000000000000000000e+00
1.526989746093750000e+02 2.295467681884765625e+02 1.869310607910156250e+02 -2.778975069522857666e-01 -9.109827876091003418e-01 -3.047677576541900635e-01 0.000000000000000000e+00 2.000000000000000000e+00
1.525329589843750000e+02 2.290025482177734375e+02 1.867489929199218750e+02 -2.852399945259094238e-01 -8.998796343803405762e-01 -3.299314081668853760e-01 0.000000000000000000e+00 2.000000000000000000e+00
1.523610687255859375e+02 2.284602661132812500e+02 1.865501708984375000e+02 -2.904680073261260986e-01 -8.901876807212829590e-01 -3.509903848171234131e-01 0.000000000000000000e+00 2.000000000000000000e+00
1.521815032958984375e+02 2.279099578857421875e+02 1.863331909179687500e+02 -2.941280007362365723e-01 -8.827406167984008789e-01 -3.664121031761169434e-01 0.000000000000000000e+00 2.000000000000000000e+00
1.519926910400390625e+02 2.273432922363281250e+02 1.860979766845703125e+02 -2.959331274032592773e-01 -8.786104917526245117e-01 -3.747895061969757080e-01 0.000000000000000000e+00 2.000000000000000000e+00
1.517941589355468750e+02 2.267538604736328125e+02 1.858465423583984375e+02 -2.951340675354003906e-01 -8.783285617828369141e-01 -3.760782778263092041e-01 0.000000000000000000e+00 2.000000000000000000e+00
1.515872497558593750e+02 2.261380920410156250e+02 1.855828857421875000e+02 -2.908246815204620361e-01 -8.817906379699707031e-01 -3.713034093379974365e-01 0.000000000000000000e+00 2.000000000000000000e+00
1.513752899169921875e+02 2.254954223632812500e+02 1.853122711181640625e+02 -2.828741967678070068e-01 -8.880229592323303223e-01 -3.624877929687500000e-01 0.000000000000000000e+00 2.000000000000000000e+00
1.511628723144531250e+02 2.248285827636718750e+02 1.850400695800781250e+02 -2.718813419342041016e-01 -8.956993222236633301e-01 -3.518569767475128174e-01 0.000000000000000000e+00 2.000000000000000000e+00
1.509544982910156250e+02 2.241421051025390625e+02 1.847704010009765625e+02 -2.588471174240112305e-01 -9.037716388702392578e-01 -3.408740758895874023e-01 0.000000000000000000e+00 2.000000000000000000e+00
1.507537078857421875e+02 2.234410400390625000e+02 1.845059814453125000e+02 -2.453390657901763916e-01 -9.114296436309814453e-01 -3.303099870681762695e-01 0.000000000000000000e+00 2.000000000000000000e+00
1.505621032714843750e+02 2.227292327880859375e+02 1.842480163574218750e+02 -2.325863689184188843e-01 -9.183302521705627441e-01 -3.202704489231109619e-01 0.000000000000000000e+00 2.000000000000000000e+00
1.503795623779296875e+02 2.220084991455078125e+02 1.839966583251953125e+02 -2.207250446081161499e-01 -9.247388243675231934e-01 -3.100619912147521973e-01 0.000000000000000000e+00 2.000000000000000000e+00
1.502052001953125000e+02 2.212779998779296875e+02 1.837517242431640625e+02 -2.101230472326278687e-01 -9.309079647064208984e-01 -2.987618446350097656e-01 0.000000000000000000e+00 2.000000000000000000e+00
1.500373992919921875e+02 2.205345916748046875e+02 1.835131378173828125e+02 -2.012414336204528809e-01 -9.370151162147521973e-01 -2.854898869991302490e-01 0.000000000000000000e+00 2.000000000000000000e+00
1.498740386962890625e+02 2.197739562988281250e+02 1.832813873291015625e+02 -1.950530707836151123e-01 -9.426491856575012207e-01 -2.708630859851837158e-01 0.000000000000000000e+00 2.000000000000000000e+00
1.497122497558593750e+02 2.189920654296875000e+02 1.830567169189453125e+02 -1.927208751440048218e-01 -9.472376704216003418e-01 -2.561236917972564697e-01 0.000000000000000000e+00 2.000000000000000000e+00
1.495483856201171875e+02 2.181866607666015625e+02 1.828389434814453125e+02 -1.950312405824661255e-01 -9.502913355827331543e-01 -2.427121549844741821e-01 0.000000000000000000e+00 2.000000000000000000e+00
1.493784332275390625e+02 2.173585662841796875e+02 1.826274414062500000e+02 -2.017229795455932617e-01 -9.516680836677551270e-01 -2.315938919782638550e-01 0.000000000000000000e+00 2.000000000000000000e+00
1.491989288330078125e+02 2.165117187500000000e+02 1.824213562011718750e+02 -2.114823609590530396e-01 -9.520255327224731445e-01 -2.211843132972717285e-01 0.000000000000000000e+00 2.000000000000000000e+00
1.490080108642578125e+02 2.156522674560546875e+02 1.822216796875000000e+02 -2.214262187480926514e-01 -9.524934887886047363e-01 -2.091089040040969849e-01 0.000000000000000000e+00 2.000000000000000000e+00
1.488066711425781250e+02 2.147861785888671875e+02 1.820315399169921875e+02 -2.276924103498458862e-01 -9.543949365615844727e-01 -1.930970996618270874e-01 0.000000000000000000e+00 2.000000000000000000e+00
1.485992889404296875e+02 2.139169158935546875e+02 1.818556671142578125e+02 -2.257184833288192749e-01 -9.587382078170776367e-01 -1.728358715772628784e-01 0.000000000000000000e+00 2.000000000000000000e+00
1.483936767578125000e+02 2.130435791015625000e+02 1.816982269287109375e+02 -2.122279703617095947e-01 -9.655630588531494141e-01 -1.504901349544525146e-01 0.000000000000000000e+00 2.000000000000000000e+00
1.481996002197265625e+02 2.121605987548828125e+02 1.815606079101562500e+02 -1.863904446363449097e-01 -9.738504886627197266e-01 -1.298995018005371094e-01 0.000000000000000000e+00 2.000000000000000000e+00
1.480271148681640625e+02 2.112593994140625000e+02 1.814403991699218750e+02 -1.511568874120712280e-01 -9.818742275238037109e-01 -1.143440753221511841e-01 0.000000000000000000e+00 2.000000000000000000e+00
1.478842010498046875e+02 2.103310699462890625e+02 1.813322906494140625e+02 -1.124779656529426575e-01 -9.881398677825927734e-01 -1.045390814542770386e-01 0.000000000000000000e+00 2.000000000000000000e+00
1.477748107910156250e+02 2.093700561523437500e+02 1.812306213378906250e+02 -7.698278874158859253e-02 -9.921481013298034668e-01 -9.856846183538436890e-02 0.000000000000000000e+00 2.000000000000000000e+00
1.476977539062500000e+02 2.083769531250000000e+02 1.811319580078125000e+02 -4.985396936535835266e-02 -9.943337440490722656e-01 -9.388840943574905396e-02 0.000000000000000000e+00 2.000000000000000000e+00
1.476467742919921875e+02 2.073601684570312500e+02 1.810359497070312500e+02 -3.353418409824371338e-02 -9.954943060874938965e-01 -8.869377523660659790e-02 0.000000000000000000e+00 2.000000000000000000e+00
1.476122283935546875e+02 2.063346405029296875e+02 1.809445800781250000e+02 -2.879301086068153381e-02 -9.961723089218139648e-01 -8.253297954797744751e-02 0.000000000000000000e+00 2.000000000000000000e+00
1.475828704833984375e+02 2.053189239501953125e+02 1.808604278564453125e+02 -3.609898313879966736e-02 -9.965381026268005371e-01 -7.489077001810073853e-02 0.000000000000000000e+00 2.000000000000000000e+00
1.475470733642578125e+02 2.043307189941406250e+02 1.807861633300781250e+02 -5.504224076867103577e-02 -9.963880181312561035e-01 -6.466220319271087646e-02 0.000000000000000000e+00 2.000000000000000000e+00
1.474946899414062500e+02 2.033824615478515625e+02 1.807246246337890625e+02 -8.449987322092056274e-02 -9.952169656753540039e-01 -4.902000352740287781e-02 0.000000000000000000e+00 2.000000000000000000e+00
1.474179382324218750e+02 2.024785003662109375e+02 1.806800994873046875e+02 -1.220331937074661255e-01 -9.921966195106506348e-01 -2.557036094367504120e-02 0.000000000000000000e+00 2.000000000000000000e+00
1.473116912841796875e+02 2.016146545410156250e+02 1.806578369140625000e+02 -1.629127562046051025e-01 -9.866234660148620605e-01 5.791250616312026978e-03 0.000000000000000000e+00 2.000000000000000000e+00
1.471739044189453125e+02 2.007801971435546875e+02 1.806627349853515625e+02 -2.007318288087844849e-01 -9.788004159927368164e-01 4.070121794939041138e-02 0.000000000000000000e+00 2.000000000000000000e+00
1.470060882568359375e+02 1.999618988037109375e+02 1.806967620849609375e+02 -2.291383296251296997e-01 -9.707080125808715820e-01 7.226082682609558105e-02 0.000000000000000000e+00 2.000000000000000000e+00
1.468139495849609375e+02 1.991479339599609375e+02 1.807573547363281250e+02 -2.444361597299575806e-01 -9.650920629501342773e-01 9.406520426273345947e-02 0.000000000000000000e+00 2.000000000000000000e+00
1.466070098876953125e+02 1.983308868408203125e+02 1.808369903564453125e+02 -2.446690946817398071e-01 -9.640663266181945801e-01 1.035042181611061096e-01 0.000000000000000000e+00 2.000000000000000000e+00
1.463982391357421875e+02 1.975082702636718750e+02 1.809253082275390625e+02 -2.297345399856567383e-01 -9.678962230682373047e-01 1.019750982522964478e-01 0.000000000000000000e+00 2.000000000000000000e+00
1.462021942138671875e+02 1.966823120117187500e+02 1.810123291015625000e+02 -1.997319012880325317e-01 -9.753598570823669434e-01 9.370316565036773682e-02 0.000000000000000000e+00 2.000000000000000000e+00
1.460330657958984375e+02 1.958563995361328125e+02 1.810916748046875000e+02 -1.557560116052627563e-01 -9.842853546142578125e-01 8.320112526416778564e-02 0.000000000000000000e+00 2.000000000000000000e+00
1.459026947021484375e+02 1.950325317382812500e+02 1.811613159179687500e+02 -1.013145148754119873e-01 -9.920617341995239258e-01 7.449109852313995361e-02 0.000000000000000000e+00 2.000000000000000000e+00
1.458186645507812500e+02 1.942097167968750000e+02 1.812230987548828125e+02 -4.232592880725860596e-02 -9.967055320739746094e-01 6.918518990278244019e-02 0.000000000000000000e+00 2.000000000000000000e+00
1.457836303710937500e+02 1.933847198486328125e+02 1.812803649902343750e+02 1.385224889963865280e-02 -9.976550936698913574e-01 6.702582538127899170e-02 0.000000000000000000e+00 2.000000000000000000e+00
1.457951660156250000e+02 1.925539093017578125e+02 1.813361816406250000e+02 6.117938458919525146e-02 -9.959590435028076172e-01 6.574609130620956421e-02 0.000000000000000000e+00 2.000000000000000000e+00
1.458466796875000000e+02 1.917153015136718750e+02 1.813915405273437500e+02 9.646668285131454468e-02 -9.933645725250244141e-01 6.261809170246124268e-02 0.000000000000000000e+00 2.000000000000000000e+00
1.459286956787109375e+02 1.908707427978515625e+02 1.814447784423828125e+02 1.191627308726310730e-01 -9.912944436073303223e-01 5.599664896726608276e-02 0.000000000000000000e+00 2.000000000000000000e+00
1.460303955078125000e+02 1.900247192382812500e+02 1.814925689697265625e+02 1.311103403568267822e-01 -9.903663992881774902e-01 4.454631358385086060e-02 0.000000000000000000e+00 2.000000000000000000e+00
1.461419525146484375e+02 1.891820526123046875e+02 1.815304718017578125e+02 1.351667791604995728e-01 -9.904344081878662109e-01 2.774133905768394470e-02 0.000000000000000000e+00 2.000000000000000000e+00
1.462561492919921875e+02 1.883452758789062500e+02 1.815539093017578125e+02 1.344208717346191406e-01 -9.909086227416992188e-01 5.579665768891572952e-03 0.000000000000000000e+00 2.000000000000000000e+00
1.463690032958984375e+02 1.875133514404296875e+02 1.815585937500000000e+02 1.321050375699996948e-01 -9.909972548484802246e-01 -2.174133993685245514e-02 0.000000000000000000e+00 2.000000000000000000e+00
1.464797058105468750e+02 1.866829071044921875e+02 1.815403747558593750e+02 1.312310248613357544e-01 -9.899320602416992188e-01 -5.303693562746047974e-02 0.000000000000000000e+00 2.000000000000000000e+00
1.465900268554687500e+02 1.858507080078125000e+02 1.814957885742187500e+02 1.335593163967132568e-01 -9.871658086776733398e-01 -8.755354583263397217e-02 0.000000000000000000e+00 2.000000000000000000e+00
1.467029418945312500e+02 1.850161285400390625e+02 1.814217681884765625e+02 1.399502456188201904e-01 -9.822953343391418457e-01 -1.245380938053131104e-01 0.000000000000000000e+00 2.000000000000000000e+00
1.468216857910156250e+02 1.841826782226562500e+02 1.813161010742187500e+02 1.505228579044342041e-01 -9.749014377593994141e-01 -1.640428751707077026e-01 0.000000000000000000e+00 2.000000000000000000e+00
1.469490966796875000e+02 1.833574676513671875e+02 1.811772460937500000e+02 1.660101562738418579e-01 -9.643515348434448242e-01 -2.060746699571609497e-01 0.000000000000000000e+00 2.000000000000000000e+00
1.470882568359375000e+02 1.825490875244140625e+02 1.810045013427734375e+02 1.866171360015869141e-01 -9.501417279243469238e-01 -2.498094588518142700e-01 0.000000000000000000e+00 2.000000000000000000e+00
1.472421875000000000e+02 1.817653656005859375e+02 1.807984466552734375e+02 2.122811526060104370e-01 -9.317989945411682129e-01 -2.944271266460418701e-01 0.000000000000000000e+00 2.000000000000000000e+00
1.474138336181640625e+02 1.810119323730468750e+02 1.805603790283203125e+02 2.432527542114257812e-01 -9.089503884315490723e-01 -3.385812640190124512e-01 0.000000000000000000e+00 2.000000000000000000e+00
1.476061401367187500e+02 1.802933502197265625e+02 1.802927093505859375e+02 2.786841094493865967e-01 -8.817610144615173340e-01 -3.805688619613647461e-01 0.000000000000000000e+00 2.000000000000000000e+00
1.478210449218750000e+02 1.796133880615234375e+02 1.799992370605468750e+02 3.176569342613220215e-01 -8.507045507431030273e-01 -4.188027679920196533e-01 0.000000000000000000e+00 2.000000000000000000e+00
1.480589752197265625e+02 1.789761962890625000e+02 1.796855468750000000e+02 3.596063852310180664e-01 -8.164464831352233887e-01 -4.517725408077239990e-01 0.000000000000000000e+00 2.000000000000000000e+00
1.483188476562500000e+02 1.783861846923828125e+02 1.793590698242187500e+02 4.041003286838531494e-01 -7.799131870269775391e-01 -4.779522120952606201e-01 0.000000000000000000e+00 2.000000000000000000e+00
1.485982971191406250e+02 1.778468475341796875e+02 1.790285491943359375e+02 4.506307840347290039e-01 -7.422537207603454590e-01 -4.959752261638641357e-01 0.000000000000000000e+00 2.000000000000000000e+00
1.488939971923828125e+02 1.773597869873046875e+02 1.787030944824218750e+02 4.983679950237274170e-01 -7.057648897171020508e-01 -5.035129189491271973e-01 0.000000000000000000e+00 2.000000000000000000e+00
1.492029113769531250e+02 1.769223175048828125e+02 1.783909912109375000e+02 5.456229448318481445e-01 -6.725724935531616211e-01 -4.999419152736663818e-01 0.000000000000000000e+00 2.000000000000000000e+00
1.495229492187500000e+02 1.765278167724609375e+02 1.780977478027343750e+02 5.901793241500854492e-01 -6.448562741279602051e-01 -4.856425821781158447e-01 0.000000000000000000e+00 2.000000000000000000e+00
1.498538360595703125e+02 1.761662750244140625e+02 1.778254699707031250e+02 6.296083331108093262e-01 -6.236538887023925781e-01 -4.633024930953979492e-01 0.000000000000000000e+00 2.000000000000000000e+00
1.501974945068359375e+02 1.758258666992187500e+02 1.775725860595703125e+02 6.623874902725219727e-01 -6.081804037094116211e-01 -4.374463856220245361e-01 0.000000000000000000e+00 2.000000000000000000e+00
1.505575408935546875e+02 1.754952850341796875e+02 1.773348083496093750e+02 6.888269186019897461e-01 -5.959339737892150879e-01 -4.127714931964874268e-01 0.000000000000000000e+00 2.000000000000000000e+00
1.509381713867187500e+02 1.751659851074218750e+02 1.771067199707031250e+02 7.107014656066894531e-01 -5.834020376205444336e-01 -3.931226432323455811e-01 0.000000000000000000e+00 2.000000000000000000e+00
1.513429870605468750e+02 1.748336791992187500e+02 1.768827972412109375e+02 7.298436760902404785e-01 -5.680240988731384277e-01 -3.803640305995941162e-01 0.000000000000000000e+00 2.000000000000000000e+00
1.517735290527343750e+02 1.744985961914062500e+02 1.766584167480468750e+02 7.480261325836181641e-01 -5.476874709129333496e-01 -3.748271465301513672e-01 0.000000000000000000e+00 2.000000000000000000e+00
1.522292022705078125e+02 1.741649627685546875e+02 1.764300842285156250e+02 7.655845880508422852e-01 -5.217342376708984375e-01 -3.763957321643829346e-01 0.000000000000000000e+00 2.000000000000000000e+00
1.527076873779296875e+02 1.738388824462890625e+02 1.761948394775390625e+02 7.828614711761474609e-01 -4.896089732646942139e-01 -3.839412629604339600e-01 0.000000000000000000e+00 2.000000000000000000e+00
1.532061157226562500e+02 1.735271606445312500e+02 1.759503936767578125e+02 7.992299199104309082e-01 -4.514088034629821777e-01 -3.968143165111541748e-01 0.000000000000000000e+00 2.000000000000000000e+00
1.537221221923828125e+02 1.732357177734375000e+02 1.756941986083984375e+02 8.142503499984741211e-01 -4.079194366931915283e-01 -4.130353629589080811e-01 0.000000000000000000e+00 2.000000000000000000e+00
1.542539825439453125e+02 1.729692687988281250e+02 1.754244079589843750e+02 8.274348974227905273e-01 -3.594870865345001221e-01 -4.314168393611907959e-01 0.000000000000000000e+00 2.000000000000000000e+00
1.548003997802734375e+02 1.727318725585937500e+02 1.751395111083984375e+02 8.382609486579895020e-01 -3.067772686481475830e-01 -4.507840871810913086e-01 0.000000000000000000e+00 2.000000000000000000e+00
1.553600616455078125e+02 1.725270538330078125e+02 1.748385467529296875e+02 8.464500308036804199e-01 -2.497743666172027588e-01 -4.702500402927398682e-01 0.000000000000000000e+00 2.000000000000000000e+00
1.559309387207031250e+02 1.723585968017578125e+02 1.745213928222656250e+02 8.512982130050659180e-01 -1.887436956167221069e-01 -4.895581603050231934e-01 0.000000000000000000e+00 2.000000000000000000e+00
1.565100097656250000e+02 1.722302093505859375e+02 1.741883850097656250e+02 8.519132733345031738e-01 -1.235264241695404053e-01 -5.089057087898254395e-01 0.000000000000000000e+00 2.000000000000000000e+00
1.570932159423828125e+02 1.721456451416015625e+02 1.738399963378906250e+02 8.473687767982482910e-01 -5.485714599490165710e-02 -5.281636118888854980e-01 0.000000000000000000e+00 2.000000000000000000e+00
1.576761016845703125e+02 1.721079101562500000e+02 1.734766845703125000e+02 8.365942239761352539e-01 1.661917567253112793e-02 -5.475708842277526855e-01 0.000000000000000000e+00 2.000000000000000000e+00
1.582537231445312500e+02 1.721193847656250000e+02 1.730986175537109375e+02 8.191484808921813965e-01 8.917909115552902222e-02 -5.666064620018005371e-01 0.000000000000000000e+00 2.000000000000000000e+00
1.588213653564453125e+02 1.721811828613281250e+02 1.727059783935546875e+02 7.953952550888061523e-01 1.603854596614837646e-01 -5.844851732254028320e-01 0.000000000000000000e+00 2.000000000000000000e+00
1.593750610351562500e+02 1.722928314208984375e+02 1.722991027832031250e+02 7.669705748558044434e-01 2.271697968244552612e-01 -6.001250743865966797e-01 0.000000000000000000e+00 2.000000000000000000e+00
1.599118652343750000e+02 1.724518280029296875e+02 1.718790740966796875e+02 7.364106178283691406e-01 2.862819135189056396e-01 -6.129781007766723633e-01 0.000000000000000000e+00 2.000000000000000000e+00
1.604301300048828125e+02 1.726533050537109375e+02 1.714476776123046875e+02 7.066370844841003418e-01 3.353008925914764404e-01 -6.230869889259338379e-01 0.000000000000000000e+00 2.000000000000000000e+00
1.609298248291015625e+02 1.728904113769531250e+02 1.710070648193359375e+02 6.801672577857971191e-01 3.729130625724792480e-01 -6.311167478561401367e-01 0.000000000000000000e+00 2.000000000000000000e+00
1.614122467041015625e+02 1.731549072265625000e+02 1.705594329833984375e+02 6.588349938392639160e-01 3.990550935268402100e-01 -6.377236247062683105e-01 0.000000000000000000e+00 2.000000000000000000e+00
1.618803405761718750e+02 1.734384307861328125e+02 1.701063385009765625e+02 6.432704329490661621e-01 4.148527085781097412e-01 -6.435062885284423828e-01 0.000000000000000000e+00 2.000000000000000000e+00
1.623381195068359375e+02 1.737336578369140625e+02 1.696483917236328125e+02 6.334903240203857422e-01 4.221629500389099121e-01 -6.484354734420776367e-01 0.000000000000000000e+00 2.000000000000000000e+00
1.627902221679687500e+02 1.740349426269531250e+02 1.691856231689453125e+02 6.288807988166809082e-01 4.236253798007965088e-01 -6.519590020179748535e-01 0.000000000000000000e+00 2.000000000000000000e+00
1.632409515380859375e+02 1.743385620117187500e+02 1.687183532714843750e+02 6.281922459602355957e-01 4.208459556102752686e-01 -6.544182300567626953e-01 0.000000000000000000e+00 2.000000000000000000e+00
1.636927032470703125e+02 1.746412048339843750e+02 1.682477416992187500e+02 6.301934123039245605e-01 4.159667193889617920e-01 -6.556126475334167480e-01 0.000000000000000000e+00 2.000000000000000000e+00
1.641455230712890625e+02 1.749400939941406250e+02 1.677766571044921875e+02 6.332827806472778320e-01 4.090295433998107910e-01 -6.569989919662475586e-01 0.000000000000000000e+00 2.000000000000000000e+00
1.645961608886718750e+02 1.752311553955078125e+02 1.673091430664062500e+02 6.350742578506469727e-01 3.986195325851440430e-01 -6.616518497467041016e-01 0.000000000000000000e+00 2.000000000000000000e+00
1.650377044677734375e+02 1.755083007812500000e+02 1.668491210937500000e+02 6.324945688247680664e-01 3.811844885349273682e-01 -6.742766499519348145e-01 0.000000000000000000e+00 2.000000000000000000e+00
1.654597167968750000e+02 1.757626342773437500e+02 1.663992309570312500e+02 6.206243038177490234e-01 3.501381576061248779e-01 -7.015900611877441406e-01 0.000000000000000000e+00 2.000000000000000000e+00
1.658489685058593750e+02 1.759822387695312500e+02 1.659591979980468750e+02 5.920081734657287598e-01 2.969550192356109619e-01 -7.492289543151855469e-01 0.000000000000000000e+00 2.000000000000000000e+00
1.661909484863281250e+02 1.761537780761718750e+02 1.655263977050781250e+02 5.372068881988525391e-01 2.130273133516311646e-01 -8.161054849624633789e-01 0.000000000000000000e+00 2.000000000000000000e+00
1.664728088378906250e+02 1.762655487060546875e+02 1.650982055664062500e+02 4.486795365810394287e-01 9.636995196342468262e-02 -8.884816169738769531e-01 0.000000000000000000e+00 2.000000000000000000e+00
1.666864318847656250e+02 1.763114318847656250e+02 1.646751861572265625e+02 3.317098021507263184e-01 -3.880668804049491882e-02 -9.425830245018005371e-01 0.000000000000000000e+00 2.000000000000000000e+00
1.668312072753906250e+02 1.762944946289062500e+02 1.642637939453125000e+02 2.080101817846298218e-01 -1.667196303606033325e-01 -9.638134241104125977e-01 0.000000000000000000e+00 2.000000000000000000e+00
1.669147644042968750e+02 1.762275238037109375e+02 1.638766326904296875e+02 1.000346988439559937e-01 -2.684587538242340088e-01 -9.580829739570617676e-01 0.000000000000000000e+00 2.000000000000000000e+00
1.669509887695312500e+02 1.761303100585937500e+02 1.635296936035156250e+02 1.718994602560997009e-02 -3.407538533210754395e-01 -9.399954080581665039e-01 0.000000000000000000e+00 2.000000000000000000e+00
1.669563293457031250e+02 1.760244445800781250e+02 1.632376556396484375e+02 1.718994602560997009e-02 -3.407538533210754395e-01 -9.399954080581665039e-01 0.000000000000000000e+00 2.000000000000000000e+00
