1.502379760742187500e+02 2.424644165039062500e+02 2.735975952148437500e+02 2.431690841913223267e-01 9.199083596467971802e-02 9.656119346618652344e-01 0.000000000000000000e+00 2.000000000000000000e+00
1.501171722412109375e+02 2.424187164306640625e+02 2.731178894042968750e+02 2.493156641721725464e-01 5.901120975613594055e-02 9.666226506233215332e-01 0.000000000000000000e+00 2.000000000000000000e+00
1.499612274169921875e+02 2.423818054199218750e+02 2.725132751464843750e+02 2.572669386863708496e-01 2.937356568872928619e-02 9.658938646316528320e-01 0.000000000000000000e+00 2.000000000000000000e+00
1.497714538574218750e+02 2.423601379394531250e+02 2.718007812500000000e+02 2.667831182479858398e-01 3.154122503474354744e-03 9.637514352798461914e-01 0.000000000000000000e+00 2.000000000000000000e+00
1.495520477294921875e+02 2.423575439453125000e+02 2.710081787109375000e+02 2.770272791385650635e-01 -1.931857317686080933e-02 9.606678485870361328e-01 0.000000000000000000e+00 2.000000000000000000e+00
1.493093872070312500e+02 2.423744659423828125e+02 2.701666870117187500e+02 2.867488563060760498e-01 -3.855945169925689697e-02 9.572294354438781738e-01 0.000000000000000000e+00 2.000000000000000000e+00
1.490510101318359375e+02 2.424092102050781250e+02 2.693041687011718750e+02 2.937600314617156982e-01 -5.428265780210494995e-02 9.543366432189941406e-01 0.000000000000000000e+00 2.000000000000000000e+00
1.487850341796875000e+02 2.424583587646484375e+02 2.684400939941406250e+02 2.969395518302917480e-01 -6.741201877593994141e-02 9.525138139724731445e-01 0.000000000000000000e+00 2.000000000000000000e+00
1.485187377929687500e+02 2.425188140869140625e+02 2.675858764648437500e+02 2.966920733451843262e-01 -7.973339408636093140e-02 9.516388177871704102e-01 0.000000000000000000e+00 2.000000000000000000e+00
1.482573852539062500e+02 2.425890502929687500e+02 2.667475891113281250e+02 2.967833280563354492e-01 -9.511193633079528809e-02 9.501964449882507324e-01 0.000000000000000000e+00 2.000000000000000000e+00
1.480022277832031250e+02 2.426708221435546875e+02 2.659306640625000000e+02 3.025155961513519287e-01 -1.190390437841415405e-01 9.456818103790283203e-01 0.000000000000000000e+00 2.000000000000000000e+00
1.477502136230468750e+02 2.427699890136718750e+02 2.651428527832031250e+02 3.201871216297149658e-01 -1.565545797348022461e-01 9.343290328979492188e-01 0.000000000000000000e+00 2.000000000000000000e+00
1.474941253662109375e+02 2.428952026367187500e+02 2.643955688476562500e+02 3.540437519550323486e-01 -2.118737548589706421e-01 9.109129905700683594e-01 0.000000000000000000e+00 2.000000000000000000e+00
1.472242584228515625e+02 2.430567016601562500e+02 2.637012329101562500e+02 4.043928682804107666e-01 -2.843522131443023682e-01 8.692584633827209473e-01 0.000000000000000000e+00 2.000000000000000000e+00
1.469309997558593750e+02 2.432629089355468750e+02 2.630708618164062500e+02 4.662067294120788574e-01 -3.661062419414520264e-01 8.053678870201110840e-01 0.000000000000000000e+00 2.000000000000000000e+00
1.466067962646484375e+02 2.435175018310546875e+02 2.625108032226562500e+02 5.298023223876953125e-01 -4.432713687419891357e-01 7.230629324913024902e-01 0.000000000000000000e+00 2.000000000000000000e+00
1.462473907470703125e+02 2.438182067871093750e+02 2.620202941894531250e+02 5.864476561546325684e-01 -5.034486651420593262e-01 6.345223188400268555e-01 0.000000000000000000e+00 2.000000000000000000e+00
1.458520355224609375e+02 2.441576080322265625e+02 2.615925292968750000e+02 6.327706575393676758e-01 -5.409980416297912598e-01 5.540057420730590820e-01 0.000000000000000000e+00 2.000000000000000000e+00
1.454222564697265625e+02 2.445250549316406250e+02 2.612162475585937500e+02 6.694465279579162598e-01 -5.585702061653137207e-01 4.897351562976837158e-01 0.000000000000000000e+00 2.000000000000000000e+00
1.449613342285156250e+02 2.449096374511718750e+02 2.608790588378906250e+02 6.987617015838623047e-01 -5.615662336349487305e-01 4.431427717208862305e-01 0.000000000000000000e+00 2.000000000000000000e+00
1.444734344482421875e+02 2.453017425537109375e+02 2.605696411132812500e+02 7.229734659194946289e-01 -5.552278757095336914e-01 4.111343324184417725e-01 0.000000000000000000e+00 2.000000000000000000e+00
1.439627075195312500e+02 2.456939697265625000e+02 2.602792053222656250e+02 7.436498403549194336e-01 -5.433359742164611816e-01 3.895778059959411621e-01 0.000000000000000000e+00 2.000000000000000000e+00
1.434328308105468750e+02 2.460811157226562500e+02 2.600016174316406250e+02 7.621720433235168457e-01 -5.279670357704162598e-01 3.746258616447448730e-01 0.000000000000000000e+00 2.000000000000000000e+00
1.428864593505859375e+02 2.464595947265625000e+02 2.597330627441406250e+02 7.798122167587280273e-01 -5.094869136810302734e-01 3.637527525424957275e-01 0.000000000000000000e+00 2.000000000000000000e+00
1.423247985839843750e+02 2.468265533447265625e+02 2.594710693359375000e+02 7.972766757011413574e-01 -4.876862168312072754e-01 3.556853532791137695e-01 0.000000000000000000e+00 2.000000000000000000e+00
1.417478637695312500e+02 2.471794586181640625e+02 2.592136840820312500e+02 8.151193261146545410e-01 -4.621538221836090088e-01 3.492769598960876465e-01 0.000000000000000000e+00 2.000000000000000000e+00
1.411543884277343750e+02 2.475159454345703125e+02 2.589593811035156250e+02 8.332638740539550781e-01 -4.323876202106475830e-01 3.445465564727783203e-01 0.000000000000000000e+00 2.000000000000000000e+00
1.405426940917968750e+02 2.478333587646484375e+02 2.587064514160156250e+02 8.511540889739990234e-01 -3.983105719089508057e-01 3.418851196765899658e-01 0.000000000000000000e+00 2.000000000000000000e+00
1.399113311767578125e+02 2.481288146972656250e+02 2.584528503417968750e+02 8.679752349853515625e-01 -3.602187633514404297e-01 3.418501913547515869e-01 0.000000000000000000e+00 2.000000000000000000e+00
1.392595214843750000e+02 2.483993225097656250e+02 2.581961364746093750e+02 8.829699754714965820e-01 -3.190991580486297607e-01 3.442959487438201904e-01 0.000000000000000000e+00 2.000000000000000000e+00
1.385873870849609375e+02 2.486422271728515625e+02 2.579340515136718750e+02 8.953406810760498047e-01 -2.760597467422485352e-01 3.495082855224609375e-01 0.000000000000000000e+00 2.000000000000000000e+00
1.378963775634765625e+02 2.488552856445312500e+02 2.576643066406250000e+02 9.045435786247253418e-01 -2.327034324407577515e-01 3.572816252708435059e-01 0.000000000000000000e+00 2.000000000000000000e+00
1.371891937255859375e+02 2.490372161865234375e+02 2.573849792480468750e+02 9.103612899780273438e-01 -1.902192682027816772e-01 3.675037026405334473e-01 0.000000000000000000e+00 2.000000000000000000e+00
1.364696655273437500e+02 2.491875610351562500e+02 2.570945129394531250e+02 9.128766655921936035e-01 -1.502427756786346436e-01 3.795828819274902344e-01 0.000000000000000000e+00 2.000000000000000000e+00
1.357427062988281250e+02 2.493072052001953125e+02 2.567922363281250000e+02 9.123168587684631348e-01 -1.136362180113792419e-01 3.934016823768615723e-01 0.000000000000000000e+00 2.000000000000000000e+00
1.350136871337890625e+02 2.493980102539062500e+02 2.564778747558593750e+02 9.090889692306518555e-01 -8.110688626766204834e-02 4.086304306983947754e-01 0.000000000000000000e+00 2.000000000000000000e+00
1.342878417968750000e+02 2.494627685546875000e+02 2.561516113281250000e+02 9.036534428596496582e-01 -5.304875597357749939e-02 4.249662458896636963e-01 0.000000000000000000e+00 2.000000000000000000e+00
1.335699310302734375e+02 2.495049133300781250e+02 2.558139953613281250e+02 8.965430259704589844e-01 -2.964354306459426880e-02 4.419635534286499023e-01 0.000000000000000000e+00 2.000000000000000000e+00
1.328629302978515625e+02 2.495282897949218750e+02 2.554654693603515625e+02 8.882626891136169434e-01 -1.133022923022508621e-02 4.591960608959197998e-01 0.000000000000000000e+00 2.000000000000000000e+00
1.321679077148437500e+02 2.495371551513671875e+02 2.551061706542968750e+02 8.796110153198242188e-01 6.875030230730772018e-04 4.756931662559509277e-01 0.000000000000000000e+00 2.000000000000000000e+00
1.314846191406250000e+02 2.495366210937500000e+02 2.547366485595703125e+02 8.711783885955810547e-01 4.355001263320446014e-03 4.909472167491912842e-01 0.000000000000000000e+00 2.000000000000000000e+00
1.308130950927734375e+02 2.495332641601562500e+02 2.543582153320312500e+02 8.631788492202758789e-01 -3.063331823796033859e-03 5.048891305923461914e-01 0.000000000000000000e+00 2.000000000000000000e+00
1.301552581787109375e+02 2.495355987548828125e+02 2.539734344482421875e+02 8.553404211997985840e-01 -2.428192272782325745e-02 5.174970030784606934e-01 0.000000000000000000e+00 2.000000000000000000e+00
1.295161743164062500e+02 2.495537414550781250e+02 2.535867767333984375e+02 8.461799621582031250e-01 -6.183744594454765320e-02 5.292973518371582031e-01 0.000000000000000000e+00 2.000000000000000000e+00
1.289037628173828125e+02 2.495984954833984375e+02 2.532037048339843750e+02 8.334519267082214355e-01 -1.167665645480155945e-01 5.401142239570617676e-01 0.000000000000000000e+00 2.000000000000000000e+00
1.283266296386718750e+02 2.496793518066406250e+02 2.528296966552734375e+02 8.146553039550781250e-01 -1.879563033580780029e-01 5.486430525779724121e-01 0.000000000000000000e+00 2.000000000000000000e+00
1.277910614013671875e+02 2.498029174804687500e+02 2.524690093994140625e+02 7.879248261451721191e-01 -2.694606184959411621e-01 5.536835193634033203e-01 0.000000000000000000e+00 2.000000000000000000e+00
1.272991485595703125e+02 2.499711456298828125e+02 2.521233367919921875e+02 7.548533082008361816e-01 -3.509627282619476318e-01 5.540952682495117188e-01 0.000000000000000000e+00 2.000000000000000000e+00
1.268480224609375000e+02 2.501808929443359375e+02 2.517921905517578125e+02 7.199218869209289551e-01 -4.210462868213653564e-01 5.517540574073791504e-01 0.000000000000000000e+00 2.000000000000000000e+00
1.264317550659179688e+02 2.504243469238281250e+02 2.514731597900390625e+02 6.877587437629699707e-01 -4.712230563163757324e-01 5.522106885910034180e-01 0.000000000000000000e+00 2.000000000000000000e+00
1.260441818237304688e+02 2.506898956298828125e+02 2.511619720458984375e+02 6.589139103889465332e-01 -4.974903166294097900e-01 5.642126202583312988e-01 0.000000000000000000e+00 2.000000000000000000e+00
1.256817779541015625e+02 2.509635162353515625e+02 2.508516540527343750e+02 6.289668679237365723e-01 -4.983894526958465576e-01 5.966646075248718262e-01 0.000000000000000000e+00 2.000000000000000000e+00
1.253451538085937500e+02 2.512302551269531250e+02 2.505323181152343750e+02 5.890064239501953125e-01 -4.725727140903472900e-01 6.555504798889160156e-01 0.000000000000000000e+00 2.000000000000000000e+00
1.250389022827148438e+02 2.514759674072265625e+02 2.501914672851562500e+02 5.279054045677185059e-01 -4.179719686508178711e-01 7.393343448638916016e-01 0.000000000000000000e+00 2.000000000000000000e+00
1.247701721191406250e+02 2.516887359619140625e+02 2.498151092529296875e+02 4.383405745029449463e-01 -3.359726965427398682e-01 8.336545825004577637e-01 0.000000000000000000e+00 2.000000000000000000e+00
1.245469436645507812e+02 2.518598327636718750e+02 2.493905639648437500e+02 3.259035944938659668e-01 -2.376543879508972168e-01 9.150449037551879883e-01 0.000000000000000000e+00 2.000000000000000000e+00
1.243756942749023438e+02 2.519847106933593750e+02 2.489097442626953125e+02 2.067024707794189453e-01 -1.400618851184844971e-01 9.683267474174499512e-01 0.000000000000000000e+00 2.000000000000000000e+00
1.242608032226562500e+02 2.520625610351562500e+02 2.483715209960937500e+02 9.622658789157867432e-02 -5.552325397729873657e-02 9.938096404075622559e-01 0.000000000000000000e+00 2.000000000000000000e+00
1.242037353515625000e+02 2.520954895019531250e+02 2.477821350097656250e+02 1.456402125768363476e-03 1.279206480830907822e-02 9.999171495437622070e-01 0.000000000000000000e+00 2.000000000000000000e+00
1.242028198242187500e+02 2.520874481201171875e+02 2.471535644531250000e+02 -7.734718173742294312e-02 6.789532303810119629e-02 9.946897029876708984e-01 0.000000000000000000e+00 2.000000000000000000e+00
1.242535781860351562e+02 2.520428924560546875e+02 2.465008087158203125e+02 -1.417223215103149414e-01 1.146693304181098938e-01 9.832425117492675781e-01 0.000000000000000000e+00 2.000000000000000000e+00
1.243490219116210938e+02 2.519656677246093750e+02 2.458386383056640625e+02 -1.928130239248275757e-01 1.575707644224166870e-01 9.685012102127075195e-01 0.000000000000000000e+00 2.000000000000000000e+00
1.244803390502929688e+02 2.518583526611328125e+02 2.451790313720703125e+02 -2.308785021305084229e-01 2.008281499147415161e-01 9.520310759544372559e-01 0.000000000000000000e+00 2.000000000000000000e+00
1.246377258300781250e+02 2.517214508056640625e+02 2.445300445556640625e+02 -2.555677294731140137e-01 2.467503845691680908e-01 9.347723722457885742e-01 0.000000000000000000e+00 2.000000000000000000e+00
1.248110961914062500e+02 2.515540618896484375e+02 2.438959197998046875e+02 -2.673245370388031006e-01 2.968233525753021240e-01 9.167516231536865234e-01 0.000000000000000000e+00 2.000000000000000000e+00
1.249911346435546875e+02 2.513541564941406250e+02 2.432785034179687500e+02 -2.666601538658142090e-01 3.508818447589874268e-01 8.976492881774902344e-01 0.000000000000000000e+00 2.000000000000000000e+00
1.251693572998046875e+02 2.511196441650390625e+02 2.426785583496093750e+02 -2.544669508934020996e-01 4.087563753128051758e-01 8.764501214027404785e-01 0.000000000000000000e+00 2.000000000000000000e+00
1.253387374877929688e+02 2.508475646972656250e+02 2.420951690673828125e+02 -2.317630350589752197e-01 4.685989320278167725e-01 8.524675369262695312e-01 0.000000000000000000e+00 2.000000000000000000e+00
1.254934997558593750e+02 2.505346527099609375e+02 2.415259246826171875e+02 -1.998307108879089355e-01 5.279227495193481445e-01 8.254484534263610840e-01 0.000000000000000000e+00 2.000000000000000000e+00
1.256287689208984375e+02 2.501772918701171875e+02 2.409671630859375000e+02 -1.605650633573532104e-01 5.832111835479736328e-01 7.962936162948608398e-01 0.000000000000000000e+00 2.000000000000000000e+00
1.257401733398437500e+02 2.497726440429687500e+02 2.404146728515625000e+02 -1.173566132783889771e-01 6.312777996063232422e-01 7.666262388229370117e-01 0.000000000000000000e+00 2.000000000000000000e+00
1.258242263793945312e+02 2.493205108642578125e+02 2.398656005859375000e+02 -7.342177629470825195e-02 6.699336767196655273e-01 7.387814521789550781e-01 0.000000000000000000e+00 2.000000000000000000e+00
1.258784790039062500e+02 2.488254852294921875e+02 2.393197021484375000e+02 -3.106316551566123962e-02 6.989111304283142090e-01 7.145336866378784180e-01 0.000000000000000000e+00 2.000000000000000000e+00
1.259019317626953125e+02 2.482978057861328125e+02 2.387802276611328125e+02 8.256752975285053253e-03 7.186187505722045898e-01 6.953551769256591797e-01 0.000000000000000000e+00 2.000000000000000000e+00
1.258956604003906250e+02 2.477519836425781250e+02 2.382520751953125000e+02 4.410996660590171814e-02 7.293484210968017578e-01 6.827190518379211426e-01 0.000000000000000000e+00 2.000000000000000000e+00
1.258625335693359375e+02 2.472042388916015625e+02 2.377393493652343750e+02 7.757715135812759399e-02 7.305746674537658691e-01 6.784116625785827637e-01 0.000000000000000000e+00 2.000000000000000000e+00
1.258057785034179688e+02 2.466697540283203125e+02 2.372430267333984375e+02 1.109316200017929077e-01 7.202011942863464355e-01 6.848388910293579102e-01 0.000000000000000000e+00 2.000000000000000000e+00
1.257275161743164062e+02 2.461616516113281250e+02 2.367598724365234375e+02 1.480267494916915894e-01 6.952378749847412109e-01 7.033721208572387695e-01 0.000000000000000000e+00 2.000000000000000000e+00
1.256272735595703125e+02 2.456908416748046875e+02 2.362835540771484375e+02 1.924935430288314819e-01 6.515346169471740723e-01 7.337908148765563965e-01 0.000000000000000000e+00 2.000000000000000000e+00
1.255019378662109375e+02 2.452666168212890625e+02 2.358057708740234375e+02 2.446567118167877197e-01 5.855714082717895508e-01 7.728189229965209961e-01 0.000000000000000000e+00 2.000000000000000000e+00
1.253474655151367188e+02 2.448968963623046875e+02 2.353178253173828125e+02 3.001869916915893555e-01 4.973076879978179932e-01 8.139857649803161621e-01 0.000000000000000000e+00 2.000000000000000000e+00
1.251606750488281250e+02 2.445874481201171875e+02 2.348113250732421875e+02 3.505087196826934814e-01 3.948320746421813965e-01 8.492651581764221191e-01 0.000000000000000000e+00 2.000000000000000000e+00
1.249410018920898438e+02 2.443399963378906250e+02 2.342790679931640625e+02 3.874540328979492188e-01 2.932844758033752441e-01 8.739929199218750000e-01 0.000000000000000000e+00 2.000000000000000000e+00
1.246908187866210938e+02 2.441506195068359375e+02 2.337147216796875000e+02 4.090874791145324707e-01 2.079083919525146484e-01 8.884939551353454590e-01 0.000000000000000000e+00 2.000000000000000000e+00
1.244143905639648438e+02 2.440101318359375000e+02 2.331143493652343750e+02 4.186318516731262207e-01 1.468480676412582397e-01 8.962047696113586426e-01 0.000000000000000000e+00 2.000000000000000000e+00
1.241168975830078125e+02 2.439057769775390625e+02 2.324774780273437500e+02 4.220821261405944824e-01 1.098617836833000183e-01 8.998760581016540527e-01 0.000000000000000000e+00 2.000000000000000000e+00
1.238034973144531250e+02 2.438242034912109375e+02 2.318093109130859375e+02 4.238380193710327148e-01 9.212914854288101196e-02 9.010402560234069824e-01 0.000000000000000000e+00 2.000000000000000000e+00
1.234796752929687500e+02 2.437538146972656250e+02 2.311208953857421875e+02 4.259831607341766357e-01 8.666349202394485474e-02 9.005708098411560059e-01 0.000000000000000000e+00 2.000000000000000000e+00
1.231517639160156250e+02 2.436871032714843750e+02 2.304276580810546875e+02 4.291030466556549072e-01 8.755519241094589233e-02 8.990020751953125000e-01 0.000000000000000000e+00 2.000000000000000000e+00
1.228267593383789062e+02 2.436207885742187500e+02 2.297467498779296875e+02 4.326675832271575928e-01 9.068804234266281128e-02 8.969807028770446777e-01 0.000000000000000000e+00 2.000000000000000000e+00
1.225113220214843750e+02 2.435546722412109375e+02 2.290928039550781250e+02 4.358177483081817627e-01 9.367126226425170898e-02 8.951472640037536621e-01 0.000000000000000000e+00 2.000000000000000000e+00
1.222103805541992188e+02 2.434899902343750000e+02 2.284746856689453125e+02 4.379558861255645752e-01 9.620913118124008179e-02 8.938335776329040527e-01 0.000000000000000000e+00 2.000000000000000000e+00
1.219258728027343750e+02 2.434274902343750000e+02 2.278940277099609375e+02 4.391234219074249268e-01 9.918736666440963745e-02 8.929347991943359375e-01 0.000000000000000000e+00 2.000000000000000000e+00
1.216562652587890625e+02 2.433665924072265625e+02 2.273457946777343750e+02 4.392929077148437500e-01 1.049169898033142090e-01 8.921962380409240723e-01 0.000000000000000000e+00 2.000000000000000000e+00
1.213977050781250000e+02 2.433048400878906250e+02 2.268206634521484375e+02 4.385211467742919922e-01 1.158397793769836426e-01 8.912240862846374512e-01 0.000000000000000000e+00 2.000000000000000000e+00
1.211452789306640625e+02 2.432381591796875000e+02 2.263076477050781250e+02 4.368960559368133545e-01 1.339106261730194092e-01 8.894885182380676270e-01 0.000000000000000000e+00 2.000000000000000000e+00
1.208942718505859375e+02 2.431612243652343750e+02 2.257966156005859375e+02 4.335798025131225586e-01 1.590568870306015015e-01 8.869664669036865234e-01 0.000000000000000000e+00 2.000000000000000000e+00
1.206414184570312500e+02 2.430684661865234375e+02 2.252793579101562500e+02 4.279181659221649170e-01 1.909167468547821045e-01 8.834233880043029785e-01 0.000000000000000000e+00 2.000000000000000000e+00
1.203853225708007812e+02 2.429542083740234375e+02 2.247506561279296875e+02 4.191344678401947021e-01 2.287267446517944336e-01 8.786411881446838379e-01 0.000000000000000000e+00 2.000000000000000000e+00
1.201267929077148438e+02 2.428131256103515625e+02 2.242086944580078125e+02 4.060812890529632568e-01 2.714416980743408203e-01 8.725923895835876465e-01 0.000000000000000000e+00 2.000000000000000000e+00
1.198689117431640625e+02 2.426407470703125000e+02 2.236545562744140625e+02 3.884350061416625977e-01 3.179903924465179443e-01 8.648701906204223633e-01 0.000000000000000000e+00 2.000000000000000000e+00
1.196158676147460938e+02 2.424335937500000000e+02 2.230911407470703125e+02 3.661540746688842773e-01 3.667955100536346436e-01 8.552147746086120605e-01 0.000000000000000000e+00 2.000000000000000000e+00
1.193719863891601562e+02 2.421892852783203125e+02 2.225215148925781250e+02 3.406687378883361816e-01 4.146051108837127686e-01 8.438290357589721680e-01 0.000000000000000000e+00 2.000000000000000000e+00
1.191405029296875000e+02 2.419075622558593750e+02 2.219481353759765625e+02 3.148324787616729736e-01 4.576817154884338379e-01 8.315094709396362305e-01 0.000000000000000000e+00 2.000000000000000000e+00
1.189225158691406250e+02 2.415906677246093750e+02 2.213724060058593750e+02 2.917901873588562012e-01 4.931603968143463135e-01 8.195433020591735840e-01 0.000000000000000000e+00 2.000000000000000000e+00
1.187170333862304688e+02 2.412433776855468750e+02 2.207952728271484375e+02 2.735069096088409424e-01 5.203729867935180664e-01 8.089535832405090332e-01 0.000000000000000000e+00 2.000000000000000000e+00
1.185218429565429688e+02 2.408720092773437500e+02 2.202179565429687500e+02 2.601428925991058350e-01 5.405902266502380371e-01 8.000549077987670898e-01 0.000000000000000000e+00 2.000000000000000000e+00
1.183345565795898438e+02 2.404828186035156250e+02 2.196419677734375000e+02 2.500182390213012695e-01 5.570219159126281738e-01 7.919706702232360840e-01 0.000000000000000000e+00 2.000000000000000000e+00
1.181538009643554688e+02 2.400801086425781250e+02 2.190693969726562500e+02 2.412753999233245850e-01 5.725665092468261719e-01 7.835519909858703613e-01 0.000000000000000000e+00 2.000000000000000000e+00
1.179792022705078125e+02 2.396657714843750000e+02 2.185023803710937500e+02 2.332433313131332397e-01 5.897219181060791016e-01 7.731918692588806152e-01 0.000000000000000000e+00 2.000000000000000000e+00
1.178106307983398438e+02 2.392395629882812500e+02 2.179435729980468750e+02 2.268579155206680298e-01 6.098602414131164551e-01 7.593457698822021484e-01 0.000000000000000000e+00 2.000000000000000000e+00
1.176473999023437500e+02 2.388007507324218750e+02 2.173972015380859375e+02 2.248902469873428345e-01 6.334728598594665527e-01 7.403624057769775391e-01 0.000000000000000000e+00 2.000000000000000000e+00
1.174872665405273438e+02 2.383496856689453125e+02 2.168700256347656250e+02 2.304314970970153809e-01 6.605572104454040527e-01 7.145386338233947754e-01 0.000000000000000000e+00 2.000000000000000000e+00
1.173263168334960938e+02 2.378883056640625000e+02 2.163709411621093750e+02 2.452007383108139038e-01 6.909732222557067871e-01 6.800239682197570801e-01 0.000000000000000000e+00 2.000000000000000000e+00
1.171599044799804688e+02 2.374193572998046875e+02 2.159094238281250000e+02 2.685216069221496582e-01 7.235735058784484863e-01 6.358754038810729980e-01 0.000000000000000000e+00 2.000000000000000000e+00
1.169840011596679688e+02 2.369453582763671875e+02 2.154928741455078125e+02 2.972531914710998535e-01 7.559348940849304199e-01 5.832692384719848633e-01 0.000000000000000000e+00 2.000000000000000000e+00
1.167963104248046875e+02 2.364680480957031250e+02 2.151245880126953125e+02 3.264070153236389160e-01 7.851240038871765137e-01 5.263445973396301270e-01 0.000000000000000000e+00 2.000000000000000000e+00
1.165967636108398438e+02 2.359880676269531250e+02 2.148028106689453125e+02 3.514440357685089111e-01 8.088313937187194824e-01 4.714645743370056152e-01 0.000000000000000000e+00 2.000000000000000000e+00
1.163870544433593750e+02 2.355054321289062500e+02 2.145214843750000000e+02 3.697805404663085938e-01 8.261250853538513184e-01 4.251820147037506104e-01 0.000000000000000000e+00 2.000000000000000000e+00
1.161698684692382812e+02 2.350202178955078125e+02 2.142717590332031250e+02 3.815674781799316406e-01 8.377937078475952148e-01 3.905228376388549805e-01 0.000000000000000000e+00 2.000000000000000000e+00
1.159478454589843750e+02 2.345327301025390625e+02 2.140445251464843750e+02 3.883424997329711914e-01 8.451399803161621094e-01 3.673260509967803955e-01 0.000000000000000000e+00 2.000000000000000000e+00
1.157231292724609375e+02 2.340436859130859375e+02 2.138319702148437500e+02 -3.918084502220153809e-01 -8.493435382843017578e-01 -3.536970615386962891e-01 0.000000000000000000e+00 2.000000000000000000e+00
1.154970016479492188e+02 2.335534973144531250e+02 2.136278381347656250e+02 -3.934970498085021973e-01 -8.515070080757141113e-01 -3.465484678745269775e-01 0.000000000000000000e+00 2.000000000000000000e+00
1.152701873779296875e+02 2.330626831054687500e+02 2.134280853271484375e+02 -3.943760097026824951e-01 -8.527600169181823730e-01 -3.424440026283264160e-01 0.000000000000000000e+00 2.000000000000000000e+00
1.150429534912109375e+02 2.325713348388671875e+02 2.132307739257812500e+02 -3.954682946205139160e-01 -8.536841273307800293e-01 -3.388631343841552734e-01 0.000000000000000000e+00 2.000000000000000000e+00
1.148150329589843750e+02 2.320793304443359375e+02 2.130354766845703125e+02 -3.976233303546905518e-01 -8.547114729881286621e-01 -3.337124884128570557e-01 0.000000000000000000e+00 2.000000000000000000e+00
1.145857696533203125e+02 2.315865173339843750e+02 2.128430633544921875e+02 -4.019807875156402588e-01 -8.563639521598815918e-01 -3.241175115108489990e-01 0.000000000000000000e+00 2.000000000000000000e+00
1.143537750244140625e+02 2.310922851562500000e+02 2.126560058593750000e+02 -4.099148511886596680e-01 -8.590514659881591797e-01 -3.065948188304901123e-01 0.000000000000000000e+00 2.000000000000000000e+00
1.141167984008789062e+02 2.305956573486328125e+02 2.124787597656250000e+02 -4.226012229919433594e-01 -8.626528978347778320e-01 -2.779176831245422363e-01 0.000000000000000000e+00 2.000000000000000000e+00
1.138718032836914062e+02 2.300955505371093750e+02 2.123176422119140625e+02 -4.404316842555999756e-01 -8.661901950836181641e-01 -2.360812425613403320e-01 0.000000000000000000e+00 2.000000000000000000e+00
1.136153182983398438e+02 2.295911254882812500e+02 2.121801605224609375e+02 -4.623503684997558594e-01 -8.678489327430725098e-01 -1.818528622388839722e-01 0.000000000000000000e+00 2.000000000000000000e+00
1.133442993164062500e+02 2.290824127197265625e+02 2.120735626220703125e+02 -4.858274757862091064e-01 -8.659000992774963379e-01 -1.191160753369331360e-01 0.000000000000000000e+00 2.000000000000000000e+00
1.130569000244140625e+02 2.285701751708984375e+02 2.120030975341796875e+02 -5.076106786727905273e-01 -8.598495721817016602e-01 -5.468106642365455627e-02 0.000000000000000000e+00 2.000000000000000000e+00
1.127532043457031250e+02 2.280557403564453125e+02 2.119703826904296875e+02 -5.248252749443054199e-01 -8.511999845504760742e-01 4.128616768866777420e-03 0.000000000000000000e+00 2.000000000000000000e+00
1.124350967407226562e+02 2.275398101806640625e+02 2.119728851318359375e+02 -5.354552865028381348e-01 -8.429638147354125977e-01 5.195825919508934021e-02 0.000000000000000000e+00 2.000000000000000000e+00
1.121056594848632812e+02 2.270211791992187500e+02 2.120048522949218750e+02 -5.379343628883361816e-01 -8.385583758354187012e-01 8.629247546195983887e-02 0.000000000000000000e+00 2.000000000000000000e+00
1.117684555053710938e+02 2.264955291748046875e+02 2.120589447021484375e+02 -5.313685536384582520e-01 -8.402356505393981934e-01 1.079422309994697571e-01 0.000000000000000000e+00 2.000000000000000000e+00
1.114278106689453125e+02 2.259568786621093750e+02 2.121281433105468750e+02 -5.151760578155517578e-01 -8.487366437911987305e-01 1.193307712674140930e-01 0.000000000000000000e+00 2.000000000000000000e+00
1.110886840820312500e+02 2.253981781005859375e+02 2.122066955566406250e+02 -4.887099266052246094e-01 -8.636254668235778809e-01 1.237482652068138123e-01 0.000000000000000000e+00 2.000000000000000000e+00
1.107575531005859375e+02 2.248130187988281250e+02 2.122905426025390625e+02 -4.515382349491119385e-01 -8.836042284965515137e-01 1.239225044846534729e-01 0.000000000000000000e+00 2.000000000000000000e+00
1.104426422119140625e+02 2.241967773437500000e+02 2.123769683837890625e+02 -4.037067890167236328e-01 -9.067665934562683105e-01 1.216350048780441284e-01 0.000000000000000000e+00 2.000000000000000000e+00
1.101534652709960938e+02 2.235472564697265625e+02 2.124640960693359375e+02 -3.457994759082794189e-01 -9.309521913528442383e-01 1.172635331749916077e-01 0.000000000000000000e+00 2.000000000000000000e+00
1.098998184204101562e+02 2.228643951416015625e+02 2.125501098632812500e+02 -2.798422276973724365e-01 -9.535795450210571289e-01 1.112397387623786926e-01 0.000000000000000000e+00 2.000000000000000000e+00
1.096903457641601562e+02 2.221506042480468750e+02 2.126333770751953125e+02 -2.096530795097351074e-01 -9.722730517387390137e-01 1.035885736346244812e-01 0.000000000000000000e+00 2.000000000000000000e+00
1.095307769775390625e+02 2.214105987548828125e+02 2.127122192382812500e+02 -1.400181055068969727e-01 -9.855897426605224609e-01 9.490907937288284302e-02 0.000000000000000000e+00 2.000000000000000000e+00
1.094228363037109375e+02 2.206508026123046875e+02 2.127853851318359375e+02 -7.559701055288314819e-02 -9.934429526329040527e-01 8.576824516057968140e-02 0.000000000000000000e+00 2.000000000000000000e+00
1.093640899658203125e+02 2.198787994384765625e+02 2.128520355224609375e+02 -2.034810371696949005e-02 -9.968319535255432129e-01 7.689018547534942627e-02 0.000000000000000000e+00 2.000000000000000000e+00
1.093482284545898438e+02 2.191017608642578125e+02 2.129119720458984375e+02 2.346726320683956146e-02 -9.973194599151611328e-01 6.930482387542724609e-02 0.000000000000000000e+00 2.000000000000000000e+00
1.093665084838867188e+02 2.183248901367187500e+02 2.129659576416015625e+02 5.532997474074363708e-02 -9.964503645896911621e-01 6.344477832317352295e-02 0.000000000000000000e+00 2.000000000000000000e+00
1.094094772338867188e+02 2.175510559082031250e+02 2.130152282714843750e+02 7.640491425991058350e-02 -9.953150749206542969e-01 5.924635380506515503e-02 0.000000000000000000e+00 2.000000000000000000e+00
1.094685897827148438e+02 2.167810058593750000e+02 2.130610656738281250e+02 8.904422074556350708e-02 -9.944145083427429199e-01 5.666540190577507019e-02 0.000000000000000000e+00 2.000000000000000000e+00
1.095372619628906250e+02 2.160140991210937500e+02 2.131047668457031250e+02 9.585582464933395386e-02 -9.938583970069885254e-01 5.529037863016128540e-02 0.000000000000000000e+00 2.000000000000000000e+00
1.096110153198242188e+02 2.152494049072265625e+02 2.131473083496093750e+02 1.005386114120483398e-01 -9.934446811676025391e-01 5.440212041139602661e-02 0.000000000000000000e+00 2.000000000000000000e+00
1.096882247924804688e+02 2.144864807128906250e+02 2.131890869140625000e+02 1.062002480030059814e-01 -9.928881525993347168e-01 5.380201712250709534e-02 0.000000000000000000e+00 2.000000000000000000e+00
1.097696075439453125e+02 2.137256164550781250e+02 2.132303161621093750e+02 1.160140410065650940e-01 -9.918345808982849121e-01 5.296184495091438293e-02 0.000000000000000000e+00 2.000000000000000000e+00
1.098581161499023438e+02 2.129689331054687500e+02 2.132707214355468750e+02 1.351144462823867798e-01 -9.894950389862060547e-01 5.141648277640342712e-02 0.000000000000000000e+00 2.000000000000000000e+00
1.099603652954101562e+02 2.122201232910156250e+02 2.133096313476562500e+02 1.720041632652282715e-01 -9.838978052139282227e-01 4.857719317078590393e-02 0.000000000000000000e+00 2.000000000000000000e+00
1.100886840820312500e+02 2.114861145019531250e+02 2.133458709716796875e+02 2.349318861961364746e-01 -9.710280895233154297e-01 4.372041299939155579e-02 0.000000000000000000e+00 2.000000000000000000e+00
1.102601318359375000e+02 2.107774810791015625e+02 2.133777770996093750e+02 3.314741551876068115e-01 -9.427719712257385254e-01 3.613816201686859131e-02 0.000000000000000000e+00 2.000000000000000000e+00
1.104955444335937500e+02 2.101079254150390625e+02 2.134034423828125000e+02 4.621612429618835449e-01 -8.864299654960632324e-01 2.547414600849151611e-02 0.000000000000000000e+00 2.000000000000000000e+00
1.108163909912109375e+02 2.094925384521484375e+02 2.134211273193359375e+02 6.119995117187500000e-01 -7.907577753067016602e-01 1.260241959244012833e-02 0.000000000000000000e+00 2.000000000000000000e+00
1.112402420043945312e+02 2.089448852539062500e+02 2.134298553466796875e+02 7.512757778167724609e-01 -6.599882841110229492e-01 3.633119922596961260e-04 0.000000000000000000e+00 2.000000000000000000e+00
1.117766418457031250e+02 2.084736633300781250e+02 2.134301147460937500e+02 8.545849323272705078e-01 -5.192503929138183594e-01 -7.968345656991004944e-03 0.000000000000000000e+00 2.000000000000000000e+00
1.124246826171875000e+02 2.080799102783203125e+02 2.134240722656250000e+02 9.177962541580200195e-01 -3.968954682350158691e-01 -1.113455649465322495e-02 0.000000000000000000e+00 2.000000000000000000e+00
1.131730422973632812e+02 2.077562866210937500e+02 2.134149932861328125e+02 9.513972401618957520e-01 -3.078312575817108154e-01 -9.125986136496067047e-03 0.000000000000000000e+00 2.000000000000000000e+00
1.140018234252929688e+02 2.074881286621093750e+02 2.134070434570312500e+02 9.673606753349304199e-01 -2.533850073814392090e-01 -3.057461231946945190e-03 0.000000000000000000e+00 2.000000000000000000e+00
1.148853073120117188e+02 2.072567138671875000e+02 2.134042510986328125e+02 9.733921289443969727e-01 -2.290631979703903198e-01 6.152085494250059128e-03 0.000000000000000000e+00 2.000000000000000000e+00
1.157954864501953125e+02 2.070425262451171875e+02 2.134100036621093750e+02 9.733507037162780762e-01 -2.286081612110137939e-01 1.807591877877712250e-02 0.000000000000000000e+00 2.000000000000000000e+00
1.167058792114257812e+02 2.068287048339843750e+02 2.134269104003906250e+02 9.688050150871276855e-01 -2.456228435039520264e-01 3.295690566301345825e-02 0.000000000000000000e+00 2.000000000000000000e+00
1.175953521728515625e+02 2.066031951904296875e+02 2.134571685791015625e+02 9.605413079261779785e-01 -2.733584046363830566e-01 5.133716389536857605e-02 0.000000000000000000e+00 2.000000000000000000e+00
1.184507064819335938e+02 2.063597717285156250e+02 2.135028839111328125e+02 9.494183659553527832e-01 -3.051267862319946289e-01 7.417926937341690063e-02 0.000000000000000000e+00 2.000000000000000000e+00
1.192672424316406250e+02 2.060973510742187500e+02 2.135666809082031250e+02 9.367918372154235840e-01 -3.346261680126190186e-01 1.022071465849876404e-01 0.000000000000000000e+00 2.000000000000000000e+00
1.200466613769531250e+02 2.058189392089843750e+02 2.136517181396484375e+02 9.242051243782043457e-01 -3.569117784500122070e-01 1.358631849288940430e-01 0.000000000000000000e+00 2.000000000000000000e+00
1.207949371337890625e+02 2.055299682617187500e+02 2.137617187500000000e+02 9.124926924705505371e-01 -3.697288036346435547e-01 1.750931888818740845e-01 0.000000000000000000e+00 2.000000000000000000e+00
1.215188140869140625e+02 2.052366638183593750e+02 2.139006195068359375e+02 9.012333154678344727e-01 -3.734838962554931641e-01 2.197458297014236450e-01 0.000000000000000000e+00 2.000000000000000000e+00
1.222227783203125000e+02 2.049449310302734375e+02 2.140722656250000000e+02 8.890951275825500488e-01 -3.698203265666961670e-01 2.697089016437530518e-01 0.000000000000000000e+00 2.000000000000000000e+00
1.229080734252929688e+02 2.046598815917968750e+02 2.142801513671875000e+02 8.748815655708312988e-01 -3.598633110523223877e-01 3.241616189479827881e-01 0.000000000000000000e+00 2.000000000000000000e+00
1.235740280151367188e+02 2.043859558105468750e+02 2.145269012451171875e+02 8.571130633354187012e-01 -3.447813391685485840e-01 3.827310800552368164e-01 0.000000000000000000e+00 2.000000000000000000e+00
1.242171020507812500e+02 2.041272735595703125e+02 2.148140563964843750e+02 8.350123167037963867e-01 -3.246419727802276611e-01 4.442545175552368164e-01 0.000000000000000000e+00 2.000000000000000000e+00
1.248330078125000000e+02 2.038878173828125000e+02 2.151417388916015625e+02 8.079701066017150879e-01 -3.003683984279632568e-01 5.069152712821960449e-01 0.000000000000000000e+00 2.000000000000000000e+00
1.254167098999023438e+02 2.036708221435546875e+02 2.155079498291015625e+02 7.750754356384277344e-01 -2.752762436866760254e-01 5.687538385391235352e-01 0.000000000000000000e+00 2.000000000000000000e+00
1.259618682861328125e+02 2.034772033691406250e+02 2.159079895019531250e+02 7.345682382583618164e-01 -2.562180161476135254e-01 6.283007264137268066e-01 0.000000000000000000e+00 2.000000000000000000e+00
1.264593963623046875e+02 2.033036651611328125e+02 2.163335418701171875e+02 6.821810007095336914e-01 -2.526481449604034424e-01 6.861472129821777344e-01 0.000000000000000000e+00 2.000000000000000000e+00
1.268963699340820312e+02 2.031418304443359375e+02 2.167730560302734375e+02 6.089118123054504395e-01 -2.769176661968231201e-01 7.433324456214904785e-01 0.000000000000000000e+00 2.000000000000000000e+00
1.272564544677734375e+02 2.029780731201171875e+02 2.172126312255859375e+02 4.980269968509674072e-01 -3.410532772541046143e-01 7.972778081893920898e-01 0.000000000000000000e+00 2.000000000000000000e+00
1.275222320556640625e+02 2.027960662841796875e+02 2.176381072998046875e+02 3.275194168090820312e-01 -4.492066502571105957e-01 8.312306404113769531e-01 0.000000000000000000e+00 2.000000000000000000e+00
1.276797103881835938e+02 2.025800781250000000e+02 2.180377807617187500e+02 9.485927224159240723e-02 -5.779216885566711426e-01 8.105604052543640137e-01 0.000000000000000000e+00 2.000000000000000000e+00
1.277226409912109375e+02 2.023185272216796875e+02 2.184046173095703125e+02 -1.473733037710189819e-01 -6.774511337280273438e-01 7.206532955169677734e-01 0.000000000000000000e+00 2.000000000000000000e+00
1.276546096801757812e+02 2.020057983398437500e+02 2.187372894287109375e+02 -3.321056365966796875e-01 -7.254471182823181152e-01 6.028535366058349609e-01 0.000000000000000000e+00 2.000000000000000000e+00
1.274882736206054688e+02 2.016424560546875000e+02 2.190392303466796875e+02 -4.458343684673309326e-01 -7.402606010437011719e-01 5.032354593276977539e-01 0.000000000000000000e+00 2.000000000000000000e+00
1.272425918579101562e+02 2.012345275878906250e+02 2.193165435791015625e+02 -5.095411539077758789e-01 -7.427677512168884277e-01 4.343545436859130859e-01 0.000000000000000000e+00 2.000000000000000000e+00
1.269383621215820312e+02 2.007910461425781250e+02 2.195758819580078125e+02 -5.439090728759765625e-01 -7.423722147941589355e-01 3.912115991115570068e-01 0.000000000000000000e+00 2.000000000000000000e+00
1.265956192016601562e+02 2.003232421875000000e+02 2.198224029541015625e+02 -5.620878934860229492e-01 -7.419683337211608887e-01 3.654315471649169922e-01 0.000000000000000000e+00 2.000000000000000000e+00
1.262326278686523438e+02 1.998440856933593750e+02 2.200583953857421875e+02 -5.714427828788757324e-01 -7.418998479843139648e-01 3.507673442363739014e-01 0.000000000000000000e+00 2.000000000000000000e+00
1.258662643432617188e+02 1.993684387207031250e+02 2.202832794189453125e+02 -5.762281417846679688e-01 -7.419763803482055664e-01 3.426839411258697510e-01 0.000000000000000000e+00 2.000000000000000000e+00
1.255125961303710938e+02 1.989130401611328125e+02 2.204936065673828125e+02 -5.786200165748596191e-01 -7.421159744262695312e-01 3.383235633373260498e-01 0.000000000000000000e+00 2.000000000000000000e+00
1.251869125366210938e+02 1.984953308105468750e+02 2.206840362548828125e+02 -5.793995857238769531e-01 -7.423313856124877930e-01 3.365119397640228271e-01 0.000000000000000000e+00 2.000000000000000000e+00
1.249029617309570312e+02 1.981315307617187500e+02 2.208489532470703125e+02 -5.798366665840148926e-01 -7.424187064170837402e-01 3.355650603771209717e-01 0.000000000000000000e+00 2.000000000000000000e+00
1.246698837280273438e+02 1.978330993652343750e+02 2.209838409423828125e+02 -6.405378580093383789e-01 -7.648185491561889648e-01 -6.902173161506652832e-02 0.000000000000000000e+00 2.000000000000000000e+00
1.141470642089843750e+02 1.852685852050781250e+02 2.198499450683593750e+02 -7.498595714569091797e-01 -3.944830298423767090e-01 5.311250686645507812e-01 0.000000000000000000e+00 2.000000000000000000e+00
1.136884384155273438e+02 1.850273132324218750e+02 2.201747894287109375e+02 -7.520714402198791504e-01 -3.365392088890075684e-01 5.666831731796264648e-01 0.000000000000000000e+00 2.000000000000000000e+00
1.132242126464843750e+02 1.848195800781250000e+02 2.205245819091796875e+02 -7.544279694557189941e-01 -2.754140794277191162e-01 5.958066582679748535e-01 0.000000000000000000e+00 2.000000000000000000e+00
1.127527770996093750e+02 1.846474761962890625e+02 2.208968963623046875e+02 -7.566163539886474609e-01 -2.126101106405258179e-01 6.183272004127502441e-01 0.000000000000000000e+00 2.000000000000000000e+00
1.122726974487304688e+02 1.845125732421875000e+02 2.212892303466796875e+02 -7.579346299171447754e-01 -1.505620777606964111e-01 6.347174048423767090e-01 0.000000000000000000e+00 2.000000000000000000e+00
1.117829360961914062e+02 1.844152832031250000e+02 2.216993713378906250e+02 -7.579551935195922852e-01 -9.211397916078567505e-02 6.457701325416564941e-01 0.000000000000000000e+00 2.000000000000000000e+00
1.112833480834960938e+02 1.843545684814453125e+02 2.221250152587890625e+02 -7.564198374748229980e-01 -3.916295990347862244e-02 6.529128551483154297e-01 0.000000000000000000e+00 2.000000000000000000e+00
1.107752532958984375e+02 1.843282623291015625e+02 2.225635833740234375e+02 -7.531903982162475586e-01 7.969794794917106628e-03 6.577543616294860840e-01 0.000000000000000000e+00 2.000000000000000000e+00
1.102618865966796875e+02 1.843336944580078125e+02 2.230119018554687500e+02 -7.482410073280334473e-01 5.008624866604804993e-02 6.615336537361145020e-01 0.000000000000000000e+00 2.000000000000000000e+00
1.097476272583007812e+02 1.843681182861328125e+02 2.234665679931640625e+02 -7.415973544120788574e-01 8.874704688787460327e-02 6.649491786956787109e-01 0.000000000000000000e+00 2.000000000000000000e+00
1.092369613647460938e+02 1.844292297363281250e+02 2.239244537353515625e+02 -7.330793142318725586e-01 1.257786899805068970e-01 6.684118509292602539e-01 0.000000000000000000e+00 2.000000000000000000e+00
1.087336883544921875e+02 1.845155792236328125e+02 2.243833312988281250e+02 -7.226806282997131348e-01 1.625623553991317749e-01 6.717932820320129395e-01 0.000000000000000000e+00 2.000000000000000000e+00
1.082402648925781250e+02 1.846265716552734375e+02 2.248420104980468750e+02 -7.104674577713012695e-01 1.996269524097442627e-01 6.748222112655639648e-01 0.000000000000000000e+00 2.000000000000000000e+00
1.077577590942382812e+02 1.847621459960937500e+02 2.253003082275390625e+02 -6.966434717178344727e-01 2.364603281021118164e-01 6.773288846015930176e-01 0.000000000000000000e+00 2.000000000000000000e+00
1.072858276367187500e+02 1.849223327636718750e+02 2.257591552734375000e+02 -6.816269159317016602e-01 2.717697620391845703e-01 6.793569326400756836e-01 0.000000000000000000e+00 2.000000000000000000e+00
1.068230590820312500e+02 1.851068420410156250e+02 2.262203826904296875e+02 -6.660373806953430176e-01 3.041104674339294434e-01 6.811102032661437988e-01 0.000000000000000000e+00 2.000000000000000000e+00
1.063672637939453125e+02 1.853149566650390625e+02 2.266864929199218750e+02 -6.500982046127319336e-01 3.325209021568298340e-01 6.832293272018432617e-01 0.000000000000000000e+00 2.000000000000000000e+00
1.059162063598632812e+02 1.855456695556640625e+02 2.271605377197265625e+02 -6.341715455055236816e-01 3.564936220645904541e-01 6.861040592193603516e-01 0.000000000000000000e+00 2.000000000000000000e+00
1.054677047729492188e+02 1.857977905273437500e+02 2.276457672119140625e+02 -6.181023716926574707e-01 3.763535916805267334e-01 6.901503205299377441e-01 0.000000000000000000e+00 2.000000000000000000e+00
1.050205307006835938e+02 1.860700683593750000e+02 2.281450653076171875e+02 -6.018120646476745605e-01 3.927868902683258057e-01 6.953709721565246582e-01 0.000000000000000000e+00 2.000000000000000000e+00
1.045745315551757812e+02 1.863611602783203125e+02 2.286604003906250000e+02 -5.856250524520874023e-01 4.062579870223999023e-01 7.014255523681640625e-01 0.000000000000000000e+00 2.000000000000000000e+00
1.041305923461914062e+02 1.866691284179687500e+02 2.291921234130859375e+02 -5.703098177909851074e-01 4.170230627059936523e-01 7.076994776725769043e-01 0.000000000000000000e+00 2.000000000000000000e+00
1.036904754638671875e+02 1.869909515380859375e+02 2.297382659912109375e+02 -5.564838051795959473e-01 4.250905513763427734e-01 7.138793468475341797e-01 0.000000000000000000e+00 2.000000000000000000e+00
1.032571334838867188e+02 1.873219757080078125e+02 2.302941741943359375e+02 -5.452683568000793457e-01 4.304542839527130127e-01 7.192993760108947754e-01 0.000000000000000000e+00 2.000000000000000000e+00
1.028342208862304688e+02 1.876558380126953125e+02 2.308520660400390625e+02 -5.366356372833251953e-01 4.332145154476165771e-01 7.241184115409851074e-01 0.000000000000000000e+00 2.000000000000000000e+00
1.024262695312500000e+02 1.879851684570312500e+02 2.314025421142578125e+02 -5.287183523178100586e-01 4.338580965995788574e-01 7.295368909835815430e-01 0.000000000000000000e+00 2.000000000000000000e+00
1.020391769409179688e+02 1.883028106689453125e+02 2.319366607666015625e+02 -5.167713761329650879e-01 4.334693551063537598e-01 7.382761836051940918e-01 0.000000000000000000e+00 2.000000000000000000e+00
1.016804656982421875e+02 1.886036987304687500e+02 2.324491271972656250e+02 -4.933619201183319092e-01 4.335632920265197754e-01 7.540669441223144531e-01 0.000000000000000000e+00 2.000000000000000000e+00
1.013591918945312500e+02 1.888860321044921875e+02 2.329401702880859375e+02 -4.485196471214294434e-01 4.354168772697448730e-01 7.805397510528564453e-01 0.000000000000000000e+00 2.000000000000000000e+00
1.010854949951171875e+02 1.891517333984375000e+02 2.334164733886718750e+02 -3.738529384136199951e-01 4.385866522789001465e-01 8.172366619110107422e-01 0.000000000000000000e+00 2.000000000000000000e+00
1.008690643310546875e+02 1.894056396484375000e+02 2.338895874023437500e+02 -2.695015072822570801e-01 4.403405189514160156e-01 8.564282059669494629e-01 0.000000000000000000e+00 2.000000000000000000e+00
1.007171401977539062e+02 1.896538696289062500e+02 2.343723754882812500e+02 -1.485794335603713989e-01 4.370109736919403076e-01 8.870995044708251953e-01 0.000000000000000000e+00 2.000000000000000000e+00
1.006327133178710938e+02 1.899021911621093750e+02 2.348764495849609375e+02 -3.250088542699813843e-02 4.280447065830230713e-01 9.031730294227600098e-01 0.000000000000000000e+00 2.000000000000000000e+00
1.006135330200195312e+02 1.901548004150390625e+02 2.354094543457031250e+02 6.297548115253448486e-02 4.159812629222869873e-01 9.071900248527526855e-01 0.000000000000000000e+00 2.000000000000000000e+00
1.006527481079101562e+02 1.904138336181640625e+02 2.359743652343750000e+02 1.331071257591247559e-01 4.040441513061523438e-01 9.050031900405883789e-01 0.000000000000000000e+00 2.000000000000000000e+00
1.007402648925781250e+02 1.906794891357421875e+02 2.365693969726562500e+02 1.809885948896408081e-01 3.938922286033630371e-01 9.011614918708801270e-01 0.000000000000000000e+00 2.000000000000000000e+00
1.008647842407226562e+02 1.909504852294921875e+02 2.371893920898437500e+02 2.121002078056335449e-01 3.861670196056365967e-01 8.977129459381103516e-01 0.000000000000000000e+00 2.000000000000000000e+00
1.010151443481445312e+02 1.912242431640625000e+02 2.378257904052734375e+02 2.314245700836181641e-01 3.806571960449218750e-01 8.952891826629638672e-01 0.000000000000000000e+00 2.000000000000000000e+00
1.011808547973632812e+02 1.914968109130859375e+02 2.384668579101562500e+02 2.430361211299896240e-01 3.770074248313903809e-01 8.937554955482482910e-01 0.000000000000000000e+00 2.000000000000000000e+00
1.013521575927734375e+02 1.917625427246093750e+02 2.390968170166015625e+02 2.498051673173904419e-01 3.747077584266662598e-01 8.928558230400085449e-01 0.000000000000000000e+00 2.000000000000000000e+00
1.015199432373046875e+02 1.920142211914062500e+02 2.396965179443359375e+02 2.535931766033172607e-01 3.733489811420440674e-01 8.923569321632385254e-01 0.000000000000000000e+00 2.000000000000000000e+00
1.016757507324218750e+02 1.922436065673828125e+02 2.402447814941406250e+02 2.553562819957733154e-01 3.726628720760345459e-01 8.921409845352172852e-01 0.000000000000000000e+00 2.000000000000000000e+00
1.018122177124023438e+02 1.924427642822265625e+02 2.407215576171875000e+02 2.562905848026275635e-01 3.722290694713592529e-01 8.920542001724243164e-01 0.000000000000000000e+00 2.000000000000000000e+00
1.019245071411132812e+02 1.926058502197265625e+02 2.411123962402343750e+02 2.562905848026275635e-01 3.722290694713592529e-01 8.920542001724243164e-01 0.000000000000000000e+00 2.000000000000000000e+00
