3.667055664062500000e+02 9.143222045898437500e+01 7.615888977050781250e+01 -2.550831735134124756e-01 1.755535602569580078e-01 9.508488178253173828e-01 0.000000000000000000e+00 1.000000000000000000e+00
3.668987121582031250e+02 9.129929351806640625e+01 7.543891906738281250e+01 -3.042459487915039062e-01 1.758928000926971436e-01 9.362137317657470703e-01 0.000000000000000000e+00 1.000000000000000000e+00
3.671356201171875000e+02 9.116233062744140625e+01 7.470991516113281250e+01 -3.501882553100585938e-01 1.798844039440155029e-01 9.192441701889038086e-01 0.000000000000000000e+00 1.000000000000000000e+00
3.674144897460937500e+02 9.101908111572265625e+01 7.397788238525390625e+01 -3.922542929649353027e-01 1.881258189678192139e-01 9.004139900207519531e-01 0.000000000000000000e+00 1.000000000000000000e+00
3.677301635742187500e+02 9.086768341064453125e+01 7.325325775146484375e+01 -4.304797053337097168e-01 2.016237229108810425e-01 8.797926306724548340e-01 0.000000000000000000e+00 1.000000000000000000e+00
3.680738830566406250e+02 9.070669555664062500e+01 7.255078125000000000e+01 -4.651280939579010010e-01 2.224542796611785889e-01 8.568372130393981934e-01 0.000000000000000000e+00 1.000000000000000000e+00
3.684340209960937500e+02 9.053445434570312500e+01 7.188735198974609375e+01 -4.966531991958618164e-01 2.530432343482971191e-01 8.302437663078308105e-01 0.000000000000000000e+00 1.000000000000000000e+00
3.687979431152343750e+02 9.034903717041015625e+01 7.127899169921875000e+01 -5.251300334930419922e-01 2.948256134986877441e-01 7.983209490776062012e-01 0.000000000000000000e+00 1.000000000000000000e+00
3.691538696289062500e+02 9.014920806884765625e+01 7.073789978027343750e+01 -5.500556230545043945e-01 3.473286628723144531e-01 7.594745755195617676e-01 0.000000000000000000e+00 1.000000000000000000e+00
3.694931335449218750e+02 8.993498229980468750e+01 7.026947021484375000e+01 5.699368715286254883e-01 -4.063605964183807373e-01 -7.141730189323425293e-01 0.000000000000000000e+00 1.000000000000000000e+00
3.698108215332031250e+02 8.970847320556640625e+01 6.987138366699218750e+01 5.840736627578735352e-01 -4.643509387969970703e-01 -6.657598018646240234e-01 0.000000000000000000e+00 1.000000000000000000e+00
3.701053466796875000e+02 8.947431945800781250e+01 6.953566741943359375e+01 5.921988487243652344e-01 -5.137154459953308105e-01 -6.208035349845886230e-01 0.000000000000000000e+00 1.000000000000000000e+00
3.703759155273437500e+02 8.923960876464843750e+01 6.925202941894531250e+01 5.960087180137634277e-01 -5.501576662063598633e-01 -5.848933458328247070e-01 0.000000000000000000e+00 1.000000000000000000e+00
3.706213684082031250e+02 8.901303863525390625e+01 6.901115417480468750e+01 5.974083542823791504e-01 -5.740216374397277832e-01 -5.600022077560424805e-01 0.000000000000000000e+00 1.000000000000000000e+00
3.708388671875000000e+02 8.880405426025390625e+01 6.880727386474609375e+01 5.976769328117370605e-01 -5.884395837783813477e-01 -5.445375442504882812e-01 0.000000000000000000e+00 1.000000000000000000e+00
3.710244750976562500e+02 8.862131500244140625e+01 6.863816833496093750e+01 5.976281762123107910e-01 -5.965375900268554688e-01 -5.357084870338439941e-01 0.000000000000000000e+00 1.000000000000000000e+00
3.711749877929687500e+02 8.847107696533203125e+01 6.850325012207031250e+01 5.976760387420654297e-01 -6.008585691452026367e-01 -5.308035016059875488e-01 0.000000000000000000e+00 1.000000000000000000e+00
3.712896118164062500e+02 8.835584259033203125e+01 6.840145111083984375e+01 5.976760387420654297e-01 -6.008585691452026367e-01 -5.308035016059875488e-01 0.000000000000000000e+00 1.000000000000000000e+00
