1.525108032226562500e+02 1.041781234741210938e+02 2.337304840087890625e+02 3.766240924596786499e-02 1.364175677299499512e-01 9.899352192878723145e-01 0.000000000000000000e+00 2.000000000000000000e+00
1.524903106689453125e+02 1.041038970947265625e+02 2.331918487548828125e+02 3.295793756842613220e-02 1.349244415760040283e-01 9.903075695037841797e-01 0.000000000000000000e+00 2.000000000000000000e+00
1.524685211181640625e+02 1.040146942138671875e+02 2.325371246337890625e+02 2.710384130477905273e-02 1.331383287906646729e-01 9.907267689704895020e-01 0.000000000000000000e+00 2.000000000000000000e+00
1.524479370117187500e+02 1.039135818481445312e+02 2.317847137451171875e+02 2.078040875494480133e-02 1.313010603189468384e-01 9.911247491836547852e-01 0.000000000000000000e+00 2.000000000000000000e+00
1.524306182861328125e+02 1.038041534423828125e+02 2.309586944580078125e+02 1.536028739064931870e-02 1.313062459230422974e-01 9.912228584289550781e-01 0.000000000000000000e+00 2.000000000000000000e+00
1.524170684814453125e+02 1.036883239746093750e+02 2.300843048095703125e+02 1.328874099999666214e-02 1.352844387292861938e-01 9.907177090644836426e-01 0.000000000000000000e+00 2.000000000000000000e+00
1.524050140380859375e+02 1.035656051635742188e+02 2.291856079101562500e+02 1.714369282126426697e-02 1.447242796421051025e-01 9.893234968185424805e-01 0.000000000000000000e+00 2.000000000000000000e+00
1.523894042968750000e+02 1.034338302612304688e+02 2.282848052978515625e+02 2.930788137018680573e-02 1.591230481863021851e-01 9.868236184120178223e-01 0.000000000000000000e+00 2.000000000000000000e+00
1.523631591796875000e+02 1.032913360595703125e+02 2.274011077880859375e+02 5.147370323538780212e-02 1.751794815063476562e-01 9.831900000572204590e-01 0.000000000000000000e+00 2.000000000000000000e+00
1.523185119628906250e+02 1.031393890380859375e+02 2.265483093261718750e+02 8.318521082401275635e-02 1.864530891180038452e-01 9.789358377456665039e-01 0.000000000000000000e+00 2.000000000000000000e+00
1.522491455078125000e+02 1.029839096069335938e+02 2.257319946289062500e+02 1.218879818916320801e-01 1.856453567743301392e-01 9.750277996063232422e-01 0.000000000000000000e+00 2.000000000000000000e+00
1.521513061523437500e+02 1.028348922729492188e+02 2.249493408203125000e+02 1.624211817979812622e-01 1.683126688003540039e-01 9.722604155540466309e-01 0.000000000000000000e+00 2.000000000000000000e+00
1.520244750976562500e+02 1.027034606933593750e+02 2.241901245117187500e+02 1.993395388126373291e-01 1.358458399772644043e-01 9.704688191413879395e-01 0.000000000000000000e+00 2.000000000000000000e+00
1.518708190917968750e+02 1.025987472534179688e+02 2.234420623779296875e+02 2.288437783718109131e-01 9.559421986341476440e-02 9.687581062316894531e-01 0.000000000000000000e+00 2.000000000000000000e+00
1.516945343017578125e+02 1.025251083374023438e+02 2.226958007812500000e+02 2.505295276641845703e-01 5.589507520198822021e-02 9.664940237998962402e-01 0.000000000000000000e+00 2.000000000000000000e+00
1.515001983642578125e+02 1.024817504882812500e+02 2.219460906982421875e+02 2.665406465530395508e-01 2.216132357716560364e-02 9.635688662528991699e-01 0.000000000000000000e+00 2.000000000000000000e+00
1.512917175292968750e+02 1.024644165039062500e+02 2.211924133300781250e+02 2.801241576671600342e-01 -4.239601548761129379e-03 9.599544405937194824e-01 0.000000000000000000e+00 2.000000000000000000e+00
1.510714263916015625e+02 1.024677505493164062e+02 2.204375000000000000e+02 2.940967381000518799e-01 -2.565079182386398315e-02 9.554313421249389648e-01 0.000000000000000000e+00 2.000000000000000000e+00
1.508400573730468750e+02 1.024879302978515625e+02 2.196858520507812500e+02 3.103331029415130615e-01 -4.594311118125915527e-02 9.495170116424560547e-01 0.000000000000000000e+00 2.000000000000000000e+00
1.505973815917968750e+02 1.025238571166992188e+02 2.189433441162109375e+02 3.308424651622772217e-01 -6.793486326932907104e-02 9.412375688552856445e-01 0.000000000000000000e+00 2.000000000000000000e+00
1.503421630859375000e+02 1.025762634277343750e+02 2.182172546386718750e+02 3.562672436237335205e-01 -9.412322938442230225e-02 9.296314120292663574e-01 0.000000000000000000e+00 2.000000000000000000e+00
1.500736541748046875e+02 1.026472015380859375e+02 2.175166168212890625e+02 3.868977129459381104e-01 -1.249505430459976196e-01 9.136177897453308105e-01 0.000000000000000000e+00 2.000000000000000000e+00
1.497916107177734375e+02 1.027382888793945312e+02 2.168506011962890625e+02 4.223127365112304688e-01 -1.578873693943023682e-01 8.925937414169311523e-01 0.000000000000000000e+00 2.000000000000000000e+00
1.494962005615234375e+02 1.028487319946289062e+02 2.162262268066406250e+02 4.621756672859191895e-01 -1.895862519741058350e-01 8.662856221199035645e-01 0.000000000000000000e+00 2.000000000000000000e+00
1.491871032714843750e+02 1.029755249023437500e+02 2.156468658447265625e+02 5.056587457656860352e-01 -2.146318703889846802e-01 8.356089591979980469e-01 0.000000000000000000e+00 2.000000000000000000e+00
1.488628997802734375e+02 1.031131362915039062e+02 2.151111145019531250e+02 5.508954524993896484e-01 -2.279660701751708984e-01 8.028360009193420410e-01 0.000000000000000000e+00 2.000000000000000000e+00
1.485210418701171875e+02 1.032546005249023438e+02 2.146129150390625000e+02 5.955356955528259277e-01 -2.271025925874710083e-01 7.705592513084411621e-01 0.000000000000000000e+00 2.000000000000000000e+00
1.481580200195312500e+02 1.033930358886718750e+02 2.141432037353515625e+02 6.361359357833862305e-01 -2.139121592044830322e-01 7.413316369056701660e-01 0.000000000000000000e+00 2.000000000000000000e+00
1.477706604003906250e+02 1.035232925415039062e+02 2.136917877197265625e+02 6.696476936340332031e-01 -1.934254765510559082e-01 7.170485258102416992e-01 0.000000000000000000e+00 2.000000000000000000e+00
1.473576354980468750e+02 1.036425933837890625e+02 2.132495269775390625e+02 6.945372223854064941e-01 -1.722411513328552246e-01 6.985349059104919434e-01 0.000000000000000000e+00 2.000000000000000000e+00
1.469202270507812500e+02 1.037510681152343750e+02 2.128096008300781250e+02 7.110037803649902344e-01 -1.555535495281219482e-01 6.857673525810241699e-01 0.000000000000000000e+00 2.000000000000000000e+00
1.464623870849609375e+02 1.038512344360351562e+02 2.123680114746093750e+02 7.201528549194335938e-01 -1.464605331420898438e-01 6.781807541847229004e-01 0.000000000000000000e+00 2.000000000000000000e+00
1.459898223876953125e+02 1.039473419189453125e+02 2.119229888916015625e+02 7.230253219604492188e-01 -1.465043127536773682e-01 6.751080751419067383e-01 0.000000000000000000e+00 2.000000000000000000e+00
1.455088500976562500e+02 1.040447998046875000e+02 2.114738922119140625e+02 7.207468152046203613e-01 -1.559619754552841187e-01 6.754257082939147949e-01 0.000000000000000000e+00 2.000000000000000000e+00
1.450254669189453125e+02 1.041493988037109375e+02 2.110209045410156250e+02 7.138198614120483398e-01 -1.744344234466552734e-01 6.782579421997070312e-01 0.000000000000000000e+00 2.000000000000000000e+00
1.445446014404296875e+02 1.042669067382812500e+02 2.105639953613281250e+02 7.024999856948852539e-01 -2.004384398460388184e-01 6.828750371932983398e-01 0.000000000000000000e+00 2.000000000000000000e+00
1.440699462890625000e+02 1.044023361206054688e+02 2.101026000976562500e+02 6.874685883522033691e-01 -2.312445342540740967e-01 6.884133815765380859e-01 0.000000000000000000e+00 2.000000000000000000e+00
1.436036376953125000e+02 1.045591888427734375e+02 2.096356506347656250e+02 6.698707342147827148e-01 -2.634853124618530273e-01 6.941532492637634277e-01 0.000000000000000000e+00 2.000000000000000000e+00
1.431464996337890625e+02 1.047389984130859375e+02 2.091619415283203125e+02 6.515336036682128906e-01 -2.934404909610748291e-01 6.995688676834106445e-01 0.000000000000000000e+00 2.000000000000000000e+00
1.426977996826171875e+02 1.049410858154296875e+02 2.086801605224609375e+02 6.353943943977355957e-01 -3.173361718654632568e-01 7.039685845375061035e-01 0.000000000000000000e+00 2.000000000000000000e+00
1.422546997070312500e+02 1.051623840332031250e+02 2.081892395019531250e+02 6.247487664222717285e-01 -3.330284059047698975e-01 7.062442898750305176e-01 0.000000000000000000e+00 2.000000000000000000e+00
1.418123016357421875e+02 1.053982086181640625e+02 2.076891326904296875e+02 6.224501132965087891e-01 -3.399417996406555176e-01 7.049790024757385254e-01 0.000000000000000000e+00 2.000000000000000000e+00
1.413638153076171875e+02 1.056431427001953125e+02 2.071811828613281250e+02 6.307545304298400879e-01 -3.391316831111907959e-01 6.979529857635498047e-01 0.000000000000000000e+00 2.000000000000000000e+00
1.409009094238281250e+02 1.058920288085937500e+02 2.066689605712890625e+02 6.501982808113098145e-01 -3.323033750057220459e-01 6.832398772239685059e-01 0.000000000000000000e+00 2.000000000000000000e+00
1.404147796630859375e+02 1.061404800415039062e+02 2.061581268310546875e+02 6.796647906303405762e-01 -3.208965957164764404e-01 6.596068739891052246e-01 0.000000000000000000e+00 2.000000000000000000e+00
1.398972167968750000e+02 1.063848419189453125e+02 2.056558380126953125e+02 7.165292501449584961e-01 -3.055557608604431152e-01 6.270737648010253906e-01 0.000000000000000000e+00 2.000000000000000000e+00
1.393417205810546875e+02 1.066217269897460938e+02 2.051696929931640625e+02 7.573629617691040039e-01 -2.853940725326538086e-01 5.873257517814636230e-01 0.000000000000000000e+00 2.000000000000000000e+00
1.387442474365234375e+02 1.068468704223632812e+02 2.047063598632812500e+02 7.992358207702636719e-01 -2.589623034000396729e-01 5.423657298088073730e-01 0.000000000000000000e+00 2.000000000000000000e+00
1.381030731201171875e+02 1.070546188354492188e+02 2.042712554931640625e+02 8.400697708129882812e-01 -2.253507822751998901e-01 4.934569597244262695e-01 0.000000000000000000e+00 2.000000000000000000e+00
1.374186096191406250e+02 1.072382278442382812e+02 2.038692016601562500e+02 8.782971501350402832e-01 -1.852567195892333984e-01 4.407653808593750000e-01 0.000000000000000000e+00 2.000000000000000000e+00
1.366933135986328125e+02 1.073912124633789062e+02 2.035052185058593750e+02 9.133381247520446777e-01 -1.409972310066223145e-01 3.820121884346008301e-01 0.000000000000000000e+00 2.000000000000000000e+00
1.359308471679687500e+02 1.075089187622070312e+02 2.031863098144531250e+02 9.444454312324523926e-01 -9.571652859449386597e-02 3.144219815731048584e-01 0.000000000000000000e+00 2.000000000000000000e+00
1.351366424560546875e+02 1.075894088745117188e+02 2.029219055175781250e+02 9.702552556991577148e-01 -5.222013965249061584e-02 2.363848537206649780e-01 0.000000000000000000e+00 2.000000000000000000e+00
1.343190002441406250e+02 1.076334152221679688e+02 2.027227020263671875e+02 9.889758825302124023e-01 -1.142730005085468292e-02 1.476352512836456299e-01 0.000000000000000000e+00 2.000000000000000000e+00
1.334903411865234375e+02 1.076429901123046875e+02 2.025989990234375000e+02 9.983859658241271973e-01 2.716973796486854553e-02 4.987296462059020996e-02 0.000000000000000000e+00 2.000000000000000000e+00
1.326683502197265625e+02 1.076206207275390625e+02 2.025579376220703125e+02 9.962850213050842285e-01 6.564163416624069214e-02 -5.574413016438484192e-02 0.000000000000000000e+00 2.000000000000000000e+00
1.318750305175781250e+02 1.075683517456054688e+02 2.026023254394531250e+02 9.795549511909484863e-01 1.067957878112792969e-01 -1.704898625612258911e-01 0.000000000000000000e+00 2.000000000000000000e+00
1.311343078613281250e+02 1.074875946044921875e+02 2.027312469482421875e+02 9.423750638961791992e-01 1.514292359352111816e-01 -2.983259558677673340e-01 0.000000000000000000e+00 2.000000000000000000e+00
1.304680786132812500e+02 1.073805389404296875e+02 2.029421539306640625e+02 8.747771978378295898e-01 1.958856284618377686e-01 -4.431632459163665771e-01 0.000000000000000000e+00 2.000000000000000000e+00
1.298925170898437500e+02 1.072516555786132812e+02 2.032337341308593750e+02 7.665966153144836426e-01 2.292358279228210449e-01 -5.998172163963317871e-01 0.000000000000000000e+00 2.000000000000000000e+00
1.294155883789062500e+02 1.071090393066406250e+02 2.036069030761718750e+02 6.196445822715759277e-01 2.362547814846038818e-01 -7.484812736511230469e-01 0.000000000000000000e+00 2.000000000000000000e+00
1.290368347167968750e+02 1.069646301269531250e+02 2.040644073486328125e+02 4.575759768486022949e-01 2.082284986972808838e-01 -8.644450306892395020e-01 0.000000000000000000e+00 2.000000000000000000e+00
1.287491912841796875e+02 1.068337326049804688e+02 2.046078186035156250e+02 3.121578097343444824e-01 1.505340635776519775e-01 -9.380282759666442871e-01 0.000000000000000000e+00 2.000000000000000000e+00
1.285408782958984375e+02 1.067332763671875000e+02 2.052337951660156250e+02 2.012406438589096069e-01 7.565470039844512939e-02 -9.766159057617187500e-01 0.000000000000000000e+00 2.000000000000000000e+00
1.283970336914062500e+02 1.066791992187500000e+02 2.059318695068359375e+02 1.263530105352401733e-01 -6.249220576137304306e-03 -9.919656515121459961e-01 0.000000000000000000e+00 2.000000000000000000e+00
1.283012390136718750e+02 1.066839370727539062e+02 2.066839294433593750e+02 8.192987740039825439e-02 -9.010932594537734985e-02 -9.925561547279357910e-01 0.000000000000000000e+00 2.000000000000000000e+00
1.282365875244140625e+02 1.067550430297851562e+02 2.074671630859375000e+02 6.121044233441352844e-02 -1.741128563880920410e-01 -9.828214049339294434e-01 0.000000000000000000e+00 2.000000000000000000e+00
1.281873779296875000e+02 1.068950195312500000e+02 2.082572937011718750e+02 5.817303061485290527e-02 -2.576125860214233398e-01 -9.644955992698669434e-01 0.000000000000000000e+00 2.000000000000000000e+00
1.281406097412109375e+02 1.071021270751953125e+02 2.090326995849609375e+02 6.753858178853988647e-02 -3.396159708499908447e-01 -9.381362199783325195e-01 0.000000000000000000e+00 2.000000000000000000e+00
1.280870208740234375e+02 1.073715972900390625e+02 2.097770690917968750e+02 8.352877944707870483e-02 -4.188023805618286133e-01 -9.042274951934814453e-01 0.000000000000000000e+00 2.000000000000000000e+00
1.280221099853515625e+02 1.076970520019531250e+02 2.104797515869140625e+02 1.016574874520301819e-01 -4.931433200836181641e-01 -8.639881610870361328e-01 0.000000000000000000e+00 2.000000000000000000e+00
1.279449310302734375e+02 1.080714492797851562e+02 2.111356964111328125e+02 1.184367388486862183e-01 -5.612049102783203125e-01 -8.191592097282409668e-01 0.000000000000000000e+00 2.000000000000000000e+00
1.278570175170898438e+02 1.084880218505859375e+02 2.117437438964843750e+02 1.320415735244750977e-01 -6.221610903739929199e-01 -7.716739177703857422e-01 0.000000000000000000e+00 2.000000000000000000e+00
1.277609558105468750e+02 1.089406509399414062e+02 2.123051452636718750e+02 1.420523226261138916e-01 -6.758069396018981934e-01 -7.232607603073120117e-01 0.000000000000000000e+00 2.000000000000000000e+00
1.276593246459960938e+02 1.094241561889648438e+02 2.128226013183593750e+02 1.480648815631866455e-01 -7.228529453277587891e-01 -6.749521493911743164e-01 0.000000000000000000e+00 2.000000000000000000e+00
1.275547103881835938e+02 1.099348831176757812e+02 2.132994842529296875e+02 1.506824344396591187e-01 -7.638471722602844238e-01 -6.275605559349060059e-01 0.000000000000000000e+00 2.000000000000000000e+00
1.274490585327148438e+02 1.104704589843750000e+02 2.137395019531250000e+02 1.496475934982299805e-01 -7.997386455535888672e-01 -5.813980698585510254e-01 0.000000000000000000e+00 2.000000000000000000e+00
1.273443984985351562e+02 1.110297775268554688e+02 2.141461181640625000e+02 1.440902948379516602e-01 -8.319568634033203125e-01 -5.358038544654846191e-01 0.000000000000000000e+00 2.000000000000000000e+00
1.272431869506835938e+02 1.116141586303710938e+02 2.145224761962890625e+02 1.323199719190597534e-01 -8.619388341903686523e-01 -4.894413650035858154e-01 0.000000000000000000e+00 2.000000000000000000e+00
1.271489715576171875e+02 1.122278823852539062e+02 2.148709716796875000e+02 1.128365397453308105e-01 -8.909929394721984863e-01 -4.397721290588378906e-01 0.000000000000000000e+00 2.000000000000000000e+00
1.270665588378906250e+02 1.128786392211914062e+02 2.151921691894531250e+02 8.524606376886367798e-02 -9.187419414520263672e-01 -3.855469822883605957e-01 0.000000000000000000e+00 2.000000000000000000e+00
1.270018463134765625e+02 1.135760803222656250e+02 2.154848480224609375e+02 5.170937255024909973e-02 -9.436960816383361816e-01 -3.267474472522735596e-01 0.000000000000000000e+00 2.000000000000000000e+00
1.269605560302734375e+02 1.143296279907226562e+02 2.157457580566406250e+02 1.569115184247493744e-02 -9.638425111770629883e-01 -2.660101056098937988e-01 0.000000000000000000e+00 2.000000000000000000e+00
1.269472808837890625e+02 1.151450653076171875e+02 2.159708099365234375e+02 -1.837265491485595703e-02 -9.780461788177490234e-01 -2.075769752264022827e-01 0.000000000000000000e+00 2.000000000000000000e+00
1.269637603759765625e+02 1.160223312377929688e+02 2.161569976806640625e+02 -4.768278077244758606e-02 -9.865940809249877930e-01 -1.560718417167663574e-01 0.000000000000000000e+00 2.000000000000000000e+00
1.270087890625000000e+02 1.169540100097656250e+02 2.163043823242187500e+02 -7.175109535455703735e-02 -9.908013939857482910e-01 -1.147364079952239990e-01 0.000000000000000000e+00 2.000000000000000000e+00
1.270791625976562500e+02 1.179257888793945312e+02 2.164169158935546875e+02 -9.234850108623504639e-02 -9.920998811721801758e-01 -8.491027355194091797e-02 0.000000000000000000e+00 2.000000000000000000e+00
1.271715164184570312e+02 1.189179458618164062e+02 2.165018310546875000e+02 -1.127626672387123108e-01 -9.914433956146240234e-01 -6.576102972030639648e-02 0.000000000000000000e+00 2.000000000000000000e+00
1.272841033935546875e+02 1.199078445434570312e+02 2.165674896240234375e+02 -1.369606107473373413e-01 -9.891104102134704590e-01 -5.387383326888084412e-02 0.000000000000000000e+00 2.000000000000000000e+00
1.274177017211914062e+02 1.208726730346679688e+02 2.166200408935546875e+02 -1.686219274997711182e-01 -9.846723079681396484e-01 -4.457586258649826050e-02 0.000000000000000000e+00 2.000000000000000000e+00
1.275751647949218750e+02 1.217921829223632812e+02 2.166616668701171875e+02 -2.102140486240386963e-01 -9.771026968955993652e-01 -3.287062421441078186e-02 0.000000000000000000e+00 2.000000000000000000e+00
1.277599868774414062e+02 1.226512603759765625e+02 2.166905670166015625e+02 -2.621646225452423096e-01 -9.649152159690856934e-01 -1.443689130246639252e-02 0.000000000000000000e+00 2.000000000000000000e+00
1.279747314453125000e+02 1.234416427612304688e+02 2.167023925781250000e+02 -3.223379552364349365e-01 -9.465343952178955078e-01 1.307154726237058640e-02 0.000000000000000000e+00 2.000000000000000000e+00
1.282200622558593750e+02 1.241620483398437500e+02 2.166924438476562500e+02 -3.866326808929443359e-01 -9.209275245666503906e-01 4.906691238284111023e-02 0.000000000000000000e+00 2.000000000000000000e+00
1.284949188232421875e+02 1.248167343139648438e+02 2.166575622558593750e+02 -4.493805468082427979e-01 -8.887299299240112305e-01 9.064318984746932983e-02 0.000000000000000000e+00 2.000000000000000000e+00
1.287970581054687500e+02 1.254142684936523438e+02 2.165966186523437500e+02 -5.052697062492370605e-01 -8.526633381843566895e-01 1.329197138547897339e-01 0.000000000000000000e+00 2.000000000000000000e+00
1.291234436035156250e+02 1.259650573730468750e+02 2.165107574462890625e+02 -5.510404109954833984e-01 -8.166673779487609863e-01 1.714902222156524658e-01 0.000000000000000000e+00 2.000000000000000000e+00
1.294706268310546875e+02 1.264795989990234375e+02 2.164027099609375000e+02 -5.850898623466491699e-01 -7.850576043128967285e-01 2.033578604459762573e-01 0.000000000000000000e+00 2.000000000000000000e+00
1.298340454101562500e+02 1.269672241210937500e+02 2.162763977050781250e+02 -6.067869663238525391e-01 -7.617384791374206543e-01 2.270770519971847534e-01 0.000000000000000000e+00 2.000000000000000000e+00
1.302074127197265625e+02 1.274359359741210938e+02 2.161366729736328125e+02 -6.170917749404907227e-01 -7.483551502227783203e-01 2.432332634925842285e-01 0.000000000000000000e+00 2.000000000000000000e+00
1.305836944580078125e+02 1.278922576904296875e+02 2.159883575439453125e+02 -6.161211133003234863e-01 -7.460905313491821289e-01 2.524750530719757080e-01 0.000000000000000000e+00 2.000000000000000000e+00
1.309552764892578125e+02 1.283422241210937500e+02 2.158360900878906250e+02 -6.024290919303894043e-01 -7.561389803886413574e-01 2.556031346321105957e-01 0.000000000000000000e+00 2.000000000000000000e+00
1.313145141601562500e+02 1.287931213378906250e+02 2.156836700439453125e+02 -5.739353299140930176e-01 -7.788717150688171387e-01 2.528975009918212891e-01 0.000000000000000000e+00 2.000000000000000000e+00
1.316543273925781250e+02 1.292542724609375000e+02 2.155339355468750000e+02 -5.276822447776794434e-01 -8.137167692184448242e-01 2.437552064657211304e-01 0.000000000000000000e+00 2.000000000000000000e+00
1.319676055908203125e+02 1.297373657226562500e+02 2.153892211914062500e+02 -4.629654884338378906e-01 -8.567098379135131836e-01 2.274012416601181030e-01 0.000000000000000000e+00 2.000000000000000000e+00
1.322471313476562500e+02 1.302546234130859375e+02 2.152519226074218750e+02 -3.829570114612579346e-01 -9.008623957633972168e-01 2.044279724359512329e-01 0.000000000000000000e+00 2.000000000000000000e+00
1.324860687255859375e+02 1.308166961669921875e+02 2.151243743896484375e+02 -2.954151332378387451e-01 -9.387984275817871094e-01 1.771648824214935303e-01 0.000000000000000000e+00 2.000000000000000000e+00
1.326788024902343750e+02 1.314291839599609375e+02 2.150087890625000000e+02 -2.104293107986450195e-01 -9.662125706672668457e-01 1.488380730152130127e-01 0.000000000000000000e+00 2.000000000000000000e+00
1.328231048583984375e+02 1.320917663574218750e+02 2.149067230224609375e+02 -1.355432569980621338e-01 -9.831506013870239258e-01 1.226495429873466492e-01 0.000000000000000000e+00 2.000000000000000000e+00
1.329204711914062500e+02 1.327980041503906250e+02 2.148186187744140625e+02 -7.361077517271041870e-02 -9.922387599945068359e-01 1.002180650830268860e-01 0.000000000000000000e+00 2.000000000000000000e+00
1.329752655029296875e+02 1.335366058349609375e+02 2.147440185546875000e+02 -2.281948179006576538e-02 -9.964239597320556641e-01 8.135467022657394409e-02 0.000000000000000000e+00 2.000000000000000000e+00
1.329925994873046875e+02 1.342935028076171875e+02 2.146822204589843750e+02 2.150759845972061157e-02 -9.976401925086975098e-01 6.520366668701171875e-02 0.000000000000000000e+00 2.000000000000000000e+00
1.329762115478515625e+02 1.350536651611328125e+02 2.146325378417968750e+02 6.507131457328796387e-02 -9.965896606445312500e-01 5.074182152748107910e-02 0.000000000000000000e+00 2.000000000000000000e+00
1.329272918701171875e+02 1.358028869628906250e+02 2.145943908691406250e+02 1.123596951365470886e-01 -9.929660558700561523e-01 3.733503818511962891e-02 0.000000000000000000e+00 2.000000000000000000e+00
1.328450927734375000e+02 1.365293121337890625e+02 2.145670776367187500e+02 1.651572138071060181e-01 -9.859457612037658691e-01 2.518247254192829132e-02 0.000000000000000000e+00 2.000000000000000000e+00
1.327286071777343750e+02 1.372247009277343750e+02 2.145493164062500000e+02 2.217334806919097900e-01 -9.749830961227416992e-01 1.556459162384271622e-02 0.000000000000000000e+00 2.000000000000000000e+00
1.325783996582031250e+02 1.378851776123046875e+02 2.145387725830078125e+02 2.768583297729492188e-01 -9.608626365661621094e-01 9.615411050617694855e-03 0.000000000000000000e+00 2.000000000000000000e+00
1.323978271484375000e+02 1.385118713378906250e+02 2.145325012207031250e+02 3.248491585254669189e-01 -9.457315802574157715e-01 8.043332025408744812e-03 0.000000000000000000e+00 2.000000000000000000e+00
1.321926116943359375e+02 1.391093139648437500e+02 2.145274200439453125e+02 3.619936108589172363e-01 -9.321304559707641602e-01 9.671301580965518951e-03 0.000000000000000000e+00 2.000000000000000000e+00
1.319692993164062500e+02 1.396843414306640625e+02 2.145214538574218750e+02 3.873137533664703369e-01 -9.218525290489196777e-01 1.326985098421573639e-02 0.000000000000000000e+00 2.000000000000000000e+00
1.317341461181640625e+02 1.402440338134765625e+02 2.145133972167968750e+02 4.025801718235015869e-01 -9.152271747589111328e-01 1.697826012969017029e-02 0.000000000000000000e+00 2.000000000000000000e+00
1.314920959472656250e+02 1.407943115234375000e+02 2.145031890869140625e+02 4.107724726200103760e-01 -9.115178585052490234e-01 2.003083564341068268e-02 0.000000000000000000e+00 2.000000000000000000e+00
1.312464599609375000e+02 1.413393859863281250e+02 2.144912109375000000e+02 4.146982431411743164e-01 -9.096903800964355469e-01 2.210768684744834900e-02 0.000000000000000000e+00 2.000000000000000000e+00
1.309991607666015625e+02 1.418818664550781250e+02 2.144780273437500000e+02 4.160484969615936279e-01 -9.090529084205627441e-01 2.294592186808586121e-02 0.000000000000000000e+00 2.000000000000000000e+00
1.307512664794921875e+02 1.424235076904296875e+02 2.144643554687500000e+02 4.158218204975128174e-01 -9.091576337814331055e-01 2.290359698235988617e-02 0.000000000000000000e+00 2.000000000000000000e+00
1.305033264160156250e+02 1.429656066894531250e+02 2.144506988525390625e+02 4.135289192199707031e-01 -9.102178215980529785e-01 2.230188064277172089e-02 0.000000000000000000e+00 2.000000000000000000e+00
1.302560424804687500e+02 1.435099029541015625e+02 2.144373626708984375e+02 4.088508784770965576e-01 -9.123699665069580078e-01 2.054144814610481262e-02 0.000000000000000000e+00 2.000000000000000000e+00
1.300100402832031250e+02 1.440588684082031250e+02 2.144250030517578125e+02 3.999324440956115723e-01 -9.163646101951599121e-01 1.816394180059432983e-02 0.000000000000000000e+00 2.000000000000000000e+00
1.297664642333984375e+02 1.446169738769531250e+02 2.144139404296875000e+02 3.848435878753662109e-01 -9.228489995002746582e-01 1.565981283783912659e-02 0.000000000000000000e+00 2.000000000000000000e+00
1.295272216796875000e+02 1.451906738281250000e+02 2.144042053222656250e+02 3.622730672359466553e-01 -9.319601655006408691e-01 1.443480048328638077e-02 0.000000000000000000e+00 2.000000000000000000e+00
1.292947692871093750e+02 1.457886657714843750e+02 2.143949432373046875e+02 3.323322832584381104e-01 -9.430121779441833496e-01 1.682608574628829956e-02 0.000000000000000000e+00 2.000000000000000000e+00
1.290720520019531250e+02 1.464206390380859375e+02 2.143836669921875000e+02 2.975839078426361084e-01 -9.543707370758056641e-01 2.490657381713390350e-02 0.000000000000000000e+00 2.000000000000000000e+00
1.288616638183593750e+02 1.470953674316406250e+02 2.143660583496093750e+02 2.614987492561340332e-01 -9.644037485122680664e-01 3.928992152214050293e-02 0.000000000000000000e+00 2.000000000000000000e+00
1.286655578613281250e+02 1.478186035156250000e+02 2.143365936279296875e+02 2.275137454271316528e-01 -9.719663262367248535e-01 5.932053923606872559e-02 0.000000000000000000e+00 2.000000000000000000e+00
1.284846649169921875e+02 1.485914001464843750e+02 2.142894287109375000e+02 1.975570917129516602e-01 -9.768434166908264160e-01 8.214704692363739014e-02 0.000000000000000000e+00 2.000000000000000000e+00
1.283190917968750000e+02 1.494100952148437500e+02 2.142205810546875000e+02 1.717899590730667114e-01 -9.795742034912109375e-01 1.045109331607818604e-01 0.000000000000000000e+00 2.000000000000000000e+00
1.281687774658203125e+02 1.502672119140625000e+02 2.141291351318359375e+02 1.489374488592147827e-01 -9.810859560966491699e-01 1.236445903778076172e-01 0.000000000000000000e+00 2.000000000000000000e+00
1.280341796875000000e+02 1.511538391113281250e+02 2.140173950195312500e+02 1.273824423551559448e-01 -9.822540879249572754e-01 1.376612037420272827e-01 0.000000000000000000e+00 2.000000000000000000e+00
1.279164657592773438e+02 1.520615386962890625e+02 2.138901824951171875e+02 1.054353788495063782e-01 -9.836404323577880859e-01 1.460650712251663208e-01 0.000000000000000000e+00 2.000000000000000000e+00
1.278176116943359375e+02 1.529837799072265625e+02 2.137532348632812500e+02 8.249077945947647095e-02 -9.852608442306518555e-01 1.498542129993438721e-01 0.000000000000000000e+00 2.000000000000000000e+00
1.277395629882812500e+02 1.539159851074218750e+02 2.136114501953125000e+02 5.864131823182106018e-02 -9.868803024291992188e-01 1.504277288913726807e-01 0.000000000000000000e+00 2.000000000000000000e+00
1.276837615966796875e+02 1.548550720214843750e+02 2.134683074951171875e+02 3.463573008775711060e-02 -9.881129860877990723e-01 1.497765630483627319e-01 0.000000000000000000e+00 2.000000000000000000e+00
1.276506881713867188e+02 1.557986145019531250e+02 2.133252868652343750e+02 1.149638742208480835e-02 -9.887850284576416016e-01 1.489025503396987915e-01 0.000000000000000000e+00 2.000000000000000000e+00
1.276396942138671875e+02 1.567441864013671875e+02 2.131828918457031250e+02 -9.890054352581501007e-03 -9.888457655906677246e-01 1.486142277717590332e-01 0.000000000000000000e+00 2.000000000000000000e+00
1.276491470336914062e+02 1.576893157958984375e+02 2.130408477783203125e+02 -2.928873337805271149e-02 -9.884087443351745605e-01 1.489637345075607300e-01 0.000000000000000000e+00 2.000000000000000000e+00
1.276770782470703125e+02 1.586319122314453125e+02 2.128987884521484375e+02 -4.653692990541458130e-02 -9.875724315643310547e-01 1.501165330410003662e-01 0.000000000000000000e+00 2.000000000000000000e+00
1.277212829589843750e+02 1.595699920654296875e+02 2.127561950683593750e+02 -6.179983541369438171e-02 -9.864735603332519531e-01 1.518247425556182861e-01 0.000000000000000000e+00 2.000000000000000000e+00
1.277797164916992188e+02 1.605027313232421875e+02 2.126126403808593750e+02 -7.565284520387649536e-02 -9.851404428482055664e-01 1.541911065578460693e-01 0.000000000000000000e+00 2.000000000000000000e+00
1.278509292602539062e+02 1.614300537109375000e+02 2.124674987792968750e+02 -8.845316618680953979e-02 -9.836597442626953125e-01 1.568103730678558350e-01 0.000000000000000000e+00 2.000000000000000000e+00
1.279338073730468750e+02 1.623517150878906250e+02 2.123205718994140625e+02 -1.007559970021247864e-01 -9.819900989532470703e-01 1.598238050937652588e-01 0.000000000000000000e+00 2.000000000000000000e+00
1.280276641845703125e+02 1.632664642333984375e+02 2.121716918945312500e+02 -1.129613444209098816e-01 -9.801184535026550293e-01 1.631185561418533325e-01 0.000000000000000000e+00 2.000000000000000000e+00
1.281317901611328125e+02 1.641699218750000000e+02 2.120213317871093750e+02 -1.257470995187759399e-01 -9.778755903244018555e-01 1.671736538410186768e-01 0.000000000000000000e+00 2.000000000000000000e+00
1.282455444335937500e+02 1.650545349121093750e+02 2.118701019287109375e+02 -1.400993168354034424e-01 -9.748736023902893066e-01 1.731865257024765015e-01 0.000000000000000000e+00 2.000000000000000000e+00
1.283685607910156250e+02 1.659105377197265625e+02 2.117180328369140625e+02 -1.569209098815917969e-01 -9.705734848976135254e-01 1.826548576354980469e-01 0.000000000000000000e+00 2.000000000000000000e+00
1.285007781982421875e+02 1.667283172607421875e+02 2.115641326904296875e+02 -1.772819310426712036e-01 -9.641238451004028320e-01 1.975758671760559082e-01 0.000000000000000000e+00 2.000000000000000000e+00
1.286430053710937500e+02 1.675018005371093750e+02 2.114056243896484375e+02 -2.011815458536148071e-01 -9.548374414443969727e-01 2.186581939458847046e-01 0.000000000000000000e+00 2.000000000000000000e+00
1.287965240478515625e+02 1.682304229736328125e+02 2.112387695312500000e+02 -2.274752706289291382e-01 -9.423736929893493652e-01 2.453299760818481445e-01 0.000000000000000000e+00 2.000000000000000000e+00
1.289627380371093750e+02 1.689190063476562500e+02 2.110595092773437500e+02 -2.537682056427001953e-01 -9.273599982261657715e-01 2.749640047550201416e-01 0.000000000000000000e+00 2.000000000000000000e+00
1.291425018310546875e+02 1.695759277343750000e+02 2.108647308349609375e+02 -2.776915431022644043e-01 -9.110842943191528320e-01 3.046518862247467041e-01 0.000000000000000000e+00 2.000000000000000000e+00
1.293358154296875000e+02 1.702101745605468750e+02 2.106526489257812500e+02 -2.979316115379333496e-01 -8.949187397956848145e-01 3.322006762027740479e-01 0.000000000000000000e+00 2.000000000000000000e+00
1.295420989990234375e+02 1.708298034667968750e+02 2.104226379394531250e+02 -3.147220909595489502e-01 -8.795752525329589844e-01 3.567875027656555176e-01 0.000000000000000000e+00 2.000000000000000000e+00
1.297608337402343750e+02 1.714411163330078125e+02 2.101746673583984375e+02 -3.286525011062622070e-01 -8.653025031089782715e-01 3.784694075584411621e-01 0.000000000000000000e+00 2.000000000000000000e+00
1.299917602539062500e+02 1.720491180419921875e+02 2.099087371826171875e+02 -3.408388197422027588e-01 -8.520970344543457031e-01 3.971895575523376465e-01 0.000000000000000000e+00 2.000000000000000000e+00
1.302352294921875000e+02 1.726577911376953125e+02 2.096250152587890625e+02 -3.515430986881256104e-01 -8.401838541030883789e-01 4.129269719123840332e-01 0.000000000000000000e+00 2.000000000000000000e+00
1.304912719726562500e+02 1.732697296142578125e+02 2.093242645263671875e+02 -3.610826730728149414e-01 -8.297686576843261719e-01 4.255624413490295410e-01 0.000000000000000000e+00 2.000000000000000000e+00
1.307593231201171875e+02 1.738857116699218750e+02 2.090083465576171875e+02 -3.698520064353942871e-01 -8.203480839729309082e-01 4.361634254455566406e-01 0.000000000000000000e+00 2.000000000000000000e+00
1.310377044677734375e+02 1.745031738281250000e+02 2.086800537109375000e+02 -3.783372938632965088e-01 -8.112354874610900879e-01 4.458226263523101807e-01 0.000000000000000000e+00 2.000000000000000000e+00
1.313240203857421875e+02 1.751170959472656250e+02 2.083426666259765625e+02 -3.873651325702667236e-01 -8.011902570724487305e-01 4.561166465282440186e-01 0.000000000000000000e+00 2.000000000000000000e+00
1.316159820556640625e+02 1.757209625244140625e+02 2.079988861083984375e+02 -3.976380825042724609e-01 -7.892920374870300293e-01 4.678697884082794189e-01 0.000000000000000000e+00 2.000000000000000000e+00
1.319120483398437500e+02 1.763086395263671875e+02 2.076505279541015625e+02 -4.093750715255737305e-01 -7.754123806953430176e-01 4.807781875133514404e-01 0.000000000000000000e+00 2.000000000000000000e+00
1.322118530273437500e+02 1.768765106201171875e+02 2.072984313964843750e+02 -4.216563999652862549e-01 -7.606986761093139648e-01 4.935012161731719971e-01 0.000000000000000000e+00 2.000000000000000000e+00
1.325153503417968750e+02 1.774240417480468750e+02 2.069432220458984375e+02 -4.326677918434143066e-01 -7.474154829978942871e-01 5.041514635086059570e-01 0.000000000000000000e+00 2.000000000000000000e+00
1.328221588134765625e+02 1.779540405273437500e+02 2.065857238769531250e+02 -4.403031766414642334e-01 -7.382116317749023438e-01 5.110545158386230469e-01 0.000000000000000000e+00 2.000000000000000000e+00
1.331309661865234375e+02 1.784717864990234375e+02 2.062272949218750000e+02 -4.426288008689880371e-01 -7.351233363151550293e-01 5.134914517402648926e-01 0.000000000000000000e+00 2.000000000000000000e+00
1.334393920898437500e+02 1.789840240478515625e+02 2.058694915771484375e+02 -4.392105937004089355e-01 -7.381293773651123047e-01 5.121122598648071289e-01 0.000000000000000000e+00 2.000000000000000000e+00
1.337445983886718750e+02 1.794969482421875000e+02 2.055136260986328125e+02 -4.303734600543975830e-01 -7.459558248519897461e-01 5.082603693008422852e-01 0.000000000000000000e+00 2.000000000000000000e+00
1.340440826416015625e+02 1.800160369873046875e+02 2.051599426269531250e+02 -4.182326495647430420e-01 -7.561634182929992676e-01 5.032876729965209961e-01 0.000000000000000000e+00 2.000000000000000000e+00
1.343367767333984375e+02 1.805452270507812500e+02 2.048077239990234375e+02 -4.053476452827453613e-01 -7.663171887397766113e-01 4.984487891197204590e-01 0.000000000000000000e+00 2.000000000000000000e+00
1.346229095458984375e+02 1.810861663818359375e+02 2.044558715820312500e+02 -3.941596746444702148e-01 -7.748650312423706055e-01 4.941885471343994141e-01 0.000000000000000000e+00 2.000000000000000000e+00
1.349036407470703125e+02 1.816380462646484375e+02 2.041038970947265625e+02 -3.854441642761230469e-01 -7.816761136054992676e-01 4.903215765953063965e-01 0.000000000000000000e+00 2.000000000000000000e+00
1.351800537109375000e+02 1.821986083984375000e+02 2.037522735595703125e+02 -3.793194591999053955e-01 -7.875840663909912109e-01 4.856213629245758057e-01 0.000000000000000000e+00 2.000000000000000000e+00
1.354530029296875000e+02 1.827653350830078125e+02 2.034028320312500000e+02 -3.746773302555084229e-01 -7.937996387481689453e-01 4.790605306625366211e-01 0.000000000000000000e+00 2.000000000000000000e+00
1.357227478027343750e+02 1.833368225097656250e+02 2.030579376220703125e+02 -3.704859614372253418e-01 -8.008062839508056641e-01 4.705840945243835449e-01 0.000000000000000000e+00 2.000000000000000000e+00
1.359896545410156250e+02 1.839137420654296875e+02 2.027189178466796875e+02 -3.649537265300750732e-01 -8.085952997207641602e-01 4.615002274513244629e-01 0.000000000000000000e+00 2.000000000000000000e+00
1.362537689208984375e+02 1.844989166259765625e+02 2.023849334716796875e+02 -3.562887907028198242e-01 -8.164204359054565430e-01 4.544402062892913818e-01 0.000000000000000000e+00 2.000000000000000000e+00
1.365145416259765625e+02 1.850964660644531250e+02 2.020523223876953125e+02 -3.432303667068481445e-01 -8.230850696563720703e-01 4.524642527103424072e-01 0.000000000000000000e+00 2.000000000000000000e+00
1.367701873779296875e+02 1.857095184326171875e+02 2.017153167724609375e+02 -3.248565196990966797e-01 -8.278129100799560547e-01 4.573772847652435303e-01 0.000000000000000000e+00 2.000000000000000000e+00
1.370170593261718750e+02 1.863386077880859375e+02 2.013677368164062500e+02 -3.012928664684295654e-01 -8.302699327468872070e-01 4.689077138900756836e-01 0.000000000000000000e+00 2.000000000000000000e+00
1.372503356933593750e+02 1.869814453125000000e+02 2.010046844482421875e+02 -2.730831205844879150e-01 -8.306586146354675293e-01 4.852133393287658691e-01 0.000000000000000000e+00 2.000000000000000000e+00
1.374647216796875000e+02 1.876335601806640625e+02 2.006237640380859375e+02 -2.423410415649414062e-01 -8.295713067054748535e-01 5.030727982521057129e-01 0.000000000000000000e+00 2.000000000000000000e+00
1.376563415527343750e+02 1.882895050048828125e+02 2.002259826660156250e+02 -2.105649411678314209e-01 -8.279508352279663086e-01 5.197689533233642578e-01 0.000000000000000000e+00 2.000000000000000000e+00
1.378229522705078125e+02 1.889446258544921875e+02 1.998147125244140625e+02 -1.782256066799163818e-01 -8.267871141433715820e-01 5.335341095924377441e-01 0.000000000000000000e+00 2.000000000000000000e+00
1.379633636474609375e+02 1.895959930419921875e+02 1.993943786621093750e+02 -1.447127461433410645e-01 -8.268072009086608887e-01 5.435513854026794434e-01 0.000000000000000000e+00 2.000000000000000000e+00
1.380764617919921875e+02 1.902421722412109375e+02 1.989695739746093750e+02 -1.084660217165946960e-01 -8.281388878822326660e-01 5.499282479286193848e-01 0.000000000000000000e+00 2.000000000000000000e+00
1.381603240966796875e+02 1.908824615478515625e+02 1.985443878173828125e+02 -6.773921847343444824e-02 -8.304564356803894043e-01 5.529499650001525879e-01 0.000000000000000000e+00 2.000000000000000000e+00
1.382119293212890625e+02 1.915151214599609375e+02 1.981231384277343750e+02 -2.152987569570541382e-02 -8.327748179435729980e-01 5.531930923461914062e-01 0.000000000000000000e+00 2.000000000000000000e+00
1.382279968261718750e+02 1.921366119384765625e+02 1.977102966308593750e+02 2.973881363868713379e-02 -8.341779112815856934e-01 5.506930947303771973e-01 0.000000000000000000e+00 2.000000000000000000e+00
1.382063903808593750e+02 1.927426757812500000e+02 1.973101959228515625e+02 8.396235108375549316e-02 -8.336138129234313965e-01 5.459288358688354492e-01 0.000000000000000000e+00 2.000000000000000000e+00
1.381473388671875000e+02 1.933289642333984375e+02 1.969262390136718750e+02 1.377263069152832031e-01 -8.304945826530456543e-01 5.397315621376037598e-01 0.000000000000000000e+00 2.000000000000000000e+00
1.380538635253906250e+02 1.938926239013671875e+02 1.965599212646484375e+02 1.871377080678939819e-01 -8.243369460105895996e-01 5.342735052108764648e-01 0.000000000000000000e+00 2.000000000000000000e+00
1.379311828613281250e+02 1.944330291748046875e+02 1.962096710205078125e+02 2.288743853569030762e-01 -8.146514892578125000e-01 5.328785777091979980e-01 0.000000000000000000e+00 2.000000000000000000e+00
1.377858734130859375e+02 1.949502410888671875e+02 1.958713531494140625e+02 2.611380219459533691e-01 -8.009535670280456543e-01 5.387765169143676758e-01 0.000000000000000000e+00 2.000000000000000000e+00
1.376248016357421875e+02 1.954442749023437500e+02 1.955390319824218750e+02 2.845717668533325195e-01 -7.810190916061401367e-01 5.559028983116149902e-01 0.000000000000000000e+00 2.000000000000000000e+00
1.374542694091796875e+02 1.959123077392578125e+02 1.952059020996093750e+02 3.008679747581481934e-01 -7.512753009796142578e-01 5.874214768409729004e-01 0.000000000000000000e+00 2.000000000000000000e+00
1.372798004150390625e+02 1.963479614257812500e+02 1.948652648925781250e+02 3.108037114143371582e-01 -7.063770294189453125e-01 6.359500885009765625e-01 0.000000000000000000e+00 2.000000000000000000e+00
1.371065368652343750e+02 1.967417449951171875e+02 1.945107421875000000e+02 3.140019476413726807e-01 -6.388117671012878418e-01 7.023690342903137207e-01 0.000000000000000000e+00 2.000000000000000000e+00
1.369394073486328125e+02 1.970817565917968750e+02 1.941369018554687500e+02 3.065989017486572266e-01 -5.409259200096130371e-01 7.831962108612060547e-01 0.000000000000000000e+00 2.000000000000000000e+00
1.367839202880859375e+02 1.973560791015625000e+02 1.937397155761718750e+02 -2.828272879123687744e-01 4.087340831756591797e-01 -8.677241206169128418e-01 0.000000000000000000e+00 2.000000000000000000e+00
1.366464385986328125e+02 1.975547637939453125e+02 1.933179168701171875e+02 -2.368996441364288330e-01 2.493409067392349243e-01 -9.389928579330444336e-01 0.000000000000000000e+00 2.000000000000000000e+00
1.365342864990234375e+02 1.976728057861328125e+02 1.928733825683593750e+02 -1.672383397817611694e-01 8.209350705146789551e-02 -9.824927449226379395e-01 0.000000000000000000e+00 2.000000000000000000e+00
1.364556732177734375e+02 1.977113952636718750e+02 1.924115447998046875e+02 -7.581170648336410522e-02 -6.901635229587554932e-02 -9.947307705879211426e-01 0.000000000000000000e+00 2.000000000000000000e+00
1.364197540283203125e+02 1.976786956787109375e+02 1.919402465820312500e+02 3.292917832732200623e-02 -1.869261711835861206e-01 -9.818219542503356934e-01 0.000000000000000000e+00 2.000000000000000000e+00
1.364356079101562500e+02 1.975886993408203125e+02 1.914675445556640625e+02 1.549789905548095703e-01 -2.646664679050445557e-01 -9.518051743507385254e-01 0.000000000000000000e+00 2.000000000000000000e+00
1.365117340087890625e+02 1.974586944580078125e+02 1.910000152587890625e+02 2.835349440574645996e-01 -3.014602661132812500e-01 -9.103458523750305176e-01 0.000000000000000000e+00 2.000000000000000000e+00
1.366546173095703125e+02 1.973067779541015625e+02 1.905412597656250000e+02 4.089604616165161133e-01 -3.008552491664886475e-01 -8.615320920944213867e-01 0.000000000000000000e+00 2.000000000000000000e+00
1.368676757812500000e+02 1.971500396728515625e+02 1.900924224853515625e+02 5.210704207420349121e-01 -2.703179419040679932e-01 -8.095763921737670898e-01 0.000000000000000000e+00 2.000000000000000000e+00
1.371505126953125000e+02 1.970033111572265625e+02 1.896529846191406250e+02 6.134764552116394043e-01 -2.188009619712829590e-01 -7.587968707084655762e-01 0.000000000000000000e+00 2.000000000000000000e+00
1.374985504150390625e+02 1.968791809082031250e+02 1.892225036621093750e+02 6.852560639381408691e-01 -1.550743430852890015e-01 -7.116011381149291992e-01 0.000000000000000000e+00 2.000000000000000000e+00
1.379033813476562500e+02 1.967875671386718750e+02 1.888021087646484375e+02 7.387089729309082031e-01 -8.475798368453979492e-02 -6.686741113662719727e-01 0.000000000000000000e+00 2.000000000000000000e+00
1.383535461425781250e+02 1.967359161376953125e+02 1.883946228027343750e+02 7.770539522171020508e-01 -9.826797060668468475e-03 -6.293572187423706055e-01 0.000000000000000000e+00 2.000000000000000000e+00
1.388361816406250000e+02 1.967298126220703125e+02 1.880037231445312500e+02 8.025965690612792969e-01 6.805672496557235718e-02 -5.926271080970764160e-01 0.000000000000000000e+00 2.000000000000000000e+00
1.393387756347656250e+02 1.967724304199218750e+02 1.876326141357421875e+02 8.165500760078430176e-01 1.491736769676208496e-01 -5.576676726341247559e-01 0.000000000000000000e+00 2.000000000000000000e+00
1.398508605957031250e+02 1.968659820556640625e+02 1.872828826904296875e+02 8.188418149948120117e-01 2.329958677291870117e-01 -5.246055126190185547e-01 0.000000000000000000e+00 2.000000000000000000e+00
1.403645935058593750e+02 1.970121612548828125e+02 1.869537506103515625e+02 8.090425729751586914e-01 3.179160058498382568e-01 -4.943476319313049316e-01 0.000000000000000000e+00 2.000000000000000000e+00
1.408743286132812500e+02 1.972124633789062500e+02 1.866422882080078125e+02 7.879123687744140625e-01 4.011198878288269043e-01 -4.672224819660186768e-01 0.000000000000000000e+00 2.000000000000000000e+00
1.413761291503906250e+02 1.974679260253906250e+02 1.863447265625000000e+02 7.566553354263305664e-01 4.801959991455078125e-01 -4.437167644500732422e-01 0.000000000000000000e+00 2.000000000000000000e+00
1.418657531738281250e+02 1.977786560058593750e+02 1.860576019287109375e+02 7.171766161918640137e-01 5.539494752883911133e-01 -4.228446781635284424e-01 0.000000000000000000e+00 2.000000000000000000e+00
1.423386077880859375e+02 1.981438903808593750e+02 1.857788085937500000e+02 6.713066101074218750e-01 6.219217777252197266e-01 -4.031883180141448975e-01 0.000000000000000000e+00 2.000000000000000000e+00
1.427895355224609375e+02 1.985616455078125000e+02 1.855079803466796875e+02 6.209760308265686035e-01 6.841359734535217285e-01 -3.825528323650360107e-01 0.000000000000000000e+00 2.000000000000000000e+00
1.432140960693359375e+02 1.990293884277343750e+02 1.852464294433593750e+02 5.680247545242309570e-01 7.404142022132873535e-01 -3.593532145023345947e-01 0.000000000000000000e+00 2.000000000000000000e+00
1.436089782714843750e+02 1.995441131591796875e+02 1.849966125488281250e+02 5.146393179893493652e-01 7.901245355606079102e-01 -3.329409360885620117e-01 0.000000000000000000e+00 2.000000000000000000e+00
1.439725341796875000e+02 2.001022796630859375e+02 1.847614135742187500e+02 4.629337787628173828e-01 8.326087594032287598e-01 -3.040641546249389648e-01 0.000000000000000000e+00 2.000000000000000000e+00
1.443046722412109375e+02 2.006996459960937500e+02 1.845432586669921875e+02 4.148080646991729736e-01 8.675566911697387695e-01 -2.743714749813079834e-01 0.000000000000000000e+00 2.000000000000000000e+00
1.446064605712890625e+02 2.013308258056640625e+02 1.843436431884765625e+02 3.719912171363830566e-01 8.949684500694274902e-01 -2.462801188230514526e-01 0.000000000000000000e+00 2.000000000000000000e+00
1.448802185058593750e+02 2.019894561767578125e+02 1.841623992919921875e+02 3.355170786380767822e-01 9.155607223510742188e-01 -2.217584252357482910e-01 0.000000000000000000e+00 2.000000000000000000e+00
1.451291351318359375e+02 2.026687011718750000e+02 1.839978790283203125e+02 3.058822154998779297e-01 9.302799105644226074e-01 -2.025223076343536377e-01 0.000000000000000000e+00 2.000000000000000000e+00
1.453570861816406250e+02 2.033619689941406250e+02 1.838469543457031250e+02 2.838685810565948486e-01 9.399531483650207520e-01 -1.894910186529159546e-01 0.000000000000000000e+00 2.000000000000000000e+00
1.455689849853515625e+02 2.040636138916015625e+02 1.837055053710937500e+02 2.688232958316802979e-01 9.457658529281616211e-01 -1.823763847351074219e-01 0.000000000000000000e+00 2.000000000000000000e+00
1.457696990966796875e+02 2.047697601318359375e+02 1.835693359375000000e+02 2.602545320987701416e-01 9.485926628112792969e-01 -1.801102012395858765e-01 0.000000000000000000e+00 2.000000000000000000e+00
1.459640350341796875e+02 2.054780883789062500e+02 1.834348449707031250e+02 2.568061351776123047e-01 9.493846893310546875e-01 -1.808847486972808838e-01 0.000000000000000000e+00 2.000000000000000000e+00
1.461560363769531250e+02 2.061878967285156250e+02 1.832996063232421875e+02 2.573324143886566162e-01 9.490327835083007812e-01 -1.819803714752197266e-01 0.000000000000000000e+00 2.000000000000000000e+00
1.463489990234375000e+02 2.068995361328125000e+02 1.831631469726562500e+02 2.600872814655303955e-01 9.486168026924133301e-01 -1.802240163087844849e-01 0.000000000000000000e+00 2.000000000000000000e+00
1.465449371337890625e+02 2.076141815185546875e+02 1.830273742675781250e+02 2.639278769493103027e-01 9.488596320152282715e-01 -1.732265949249267578e-01 0.000000000000000000e+00 2.000000000000000000e+00
1.467449188232421875e+02 2.083331451416015625e+02 1.828961181640625000e+02 2.675824463367462158e-01 9.502900242805480957e-01 -1.592123508453369141e-01 0.000000000000000000e+00 2.000000000000000000e+00
1.469488983154296875e+02 2.090575561523437500e+02 1.827747497558593750e+02 2.702789902687072754e-01 9.528701901435852051e-01 -1.377955228090286255e-01 0.000000000000000000e+00 2.000000000000000000e+00
1.471561889648437500e+02 2.097883605957031250e+02 1.826690673828125000e+02 2.714861929416656494e-01 9.561061263084411621e-01 -1.102560311555862427e-01 0.000000000000000000e+00 2.000000000000000000e+00
1.473656158447265625e+02 2.105259094238281250e+02 1.825840148925781250e+02 2.709725499153137207e-01 9.593812823295593262e-01 -7.849429547786712646e-02 0.000000000000000000e+00 2.000000000000000000e+00
1.475757904052734375e+02 2.112700347900390625e+02 1.825231323242187500e+02 2.688304185867309570e-01 9.621556401252746582e-01 -4.457342624664306641e-02 0.000000000000000000e+00 2.000000000000000000e+00
1.477853393554687500e+02 2.120200195312500000e+02 1.824883880615234375e+02 2.655353248119354248e-01 9.640518426895141602e-01 -9.746560826897621155e-03 0.000000000000000000e+00 2.000000000000000000e+00
1.479931945800781250e+02 2.127746582031250000e+02 1.824807586669921875e+02 2.612766921520233154e-01 9.649336934089660645e-01 2.524722367525100708e-02 0.000000000000000000e+00 2.000000000000000000e+00
1.481983184814453125e+02 2.135322113037109375e+02 1.825005798339843750e+02 2.568539381027221680e-01 9.645602703094482422e-01 6.041111424565315247e-02 0.000000000000000000e+00 2.000000000000000000e+00
1.484003448486328125e+02 2.142908782958984375e+02 1.825480957031250000e+02 2.525684535503387451e-01 9.629002213478088379e-01 9.503784030675888062e-02 0.000000000000000000e+00 2.000000000000000000e+00
1.485991668701171875e+02 2.150488739013671875e+02 1.826229095458984375e+02 2.489973753690719604e-01 9.599313139915466309e-01 1.285772770643234253e-01 0.000000000000000000e+00 2.000000000000000000e+00
1.487952575683593750e+02 2.158048400878906250e+02 1.827241668701171875e+02 2.461207062005996704e-01 9.560112953186035156e-01 1.595836132764816284e-01 0.000000000000000000e+00 2.000000000000000000e+00
1.489892883300781250e+02 2.165585174560546875e+02 1.828499755859375000e+02 2.444440573453903198e-01 9.514850974082946777e-01 1.868778169155120850e-01 0.000000000000000000e+00 2.000000000000000000e+00
1.491823730468750000e+02 2.173100891113281250e+02 1.829975891113281250e+02 2.437316030263900757e-01 9.469013214111328125e-01 2.096970081329345703e-01 0.000000000000000000e+00 2.000000000000000000e+00
1.493754577636718750e+02 2.180602264404296875e+02 1.831637115478515625e+02 2.440601885318756104e-01 9.425402283668518066e-01 2.281503081321716309e-01 0.000000000000000000e+00 2.000000000000000000e+00
1.495695037841796875e+02 2.188096160888671875e+02 1.833451080322265625e+02 2.454426735639572144e-01 9.384179115295410156e-01 2.431659847497940063e-01 0.000000000000000000e+00 2.000000000000000000e+00
1.497652587890625000e+02 2.195580596923828125e+02 1.835390472412109375e+02 2.480950504541397095e-01 9.344015717506408691e-01 2.556217610836029053e-01 0.000000000000000000e+00 2.000000000000000000e+00
1.499634246826171875e+02 2.203044128417968750e+02 1.837432250976562500e+02 2.521286010742187500e-01 9.301772713661193848e-01 2.668359577655792236e-01 0.000000000000000000e+00 2.000000000000000000e+00
1.501645812988281250e+02 2.210465393066406250e+02 1.839561157226562500e+02 2.575873136520385742e-01 9.255123734474182129e-01 2.776248753070831299e-01 0.000000000000000000e+00 2.000000000000000000e+00
1.503691711425781250e+02 2.217816314697265625e+02 1.841766204833984375e+02 2.645502090454101562e-01 9.201468825340270996e-01 2.886917591094970703e-01 0.000000000000000000e+00 2.000000000000000000e+00
1.505776824951171875e+02 2.225068664550781250e+02 1.844041595458984375e+02 2.728678882122039795e-01 9.139558076858520508e-01 3.003796935081481934e-01 0.000000000000000000e+00 2.000000000000000000e+00
1.507904663085937500e+02 2.232195739746093750e+02 1.846383972167968750e+02 2.821554541587829590e-01 9.069890975952148438e-01 3.126646280288696289e-01 0.000000000000000000e+00 2.000000000000000000e+00
1.510076446533203125e+02 2.239176940917968750e+02 1.848790588378906250e+02 2.923297882080078125e-01 8.992270827293395996e-01 3.254750072956085205e-01 0.000000000000000000e+00 2.000000000000000000e+00
1.512292938232421875e+02 2.245995025634765625e+02 1.851258392333984375e+02 3.028394281864166260e-01 8.909305930137634277e-01 3.384242355823516846e-01 0.000000000000000000e+00 2.000000000000000000e+00
1.514549865722656250e+02 2.252634735107421875e+02 1.853780517578125000e+02 3.137162923812866211e-01 8.821691274642944336e-01 3.512260913848876953e-01 0.000000000000000000e+00 2.000000000000000000e+00
1.516841888427734375e+02 2.259079895019531250e+02 1.856346588134765625e+02 3.245701193809509277e-01 8.732212185859680176e-01 3.635091483592987061e-01 0.000000000000000000e+00 2.000000000000000000e+00
1.519159240722656250e+02 2.265314483642578125e+02 1.858941955566406250e+02 3.353060483932495117e-01 8.641962409019470215e-01 3.751461207866668701e-01 0.000000000000000000e+00 2.000000000000000000e+00
1.521491394042968750e+02 2.271325225830078125e+02 1.861551208496093750e+02 3.452854752540588379e-01 8.555083274841308594e-01 3.858542144298553467e-01 0.000000000000000000e+00 2.000000000000000000e+00
1.523826446533203125e+02 2.277110748291015625e+02 1.864160614013671875e+02 3.537964224815368652e-01 8.474874496459960938e-01 3.957184255123138428e-01 0.000000000000000000e+00 2.000000000000000000e+00
1.526153411865234375e+02 2.282684783935546875e+02 1.866763305664062500e+02 3.598917424678802490e-01 8.406749963760375977e-01 4.046522676944732666e-01 0.000000000000000000e+00 2.000000000000000000e+00
1.528462371826171875e+02 2.288078308105468750e+02 1.869359436035156250e+02 3.623102605342864990e-01 8.356456160545349121e-01 4.128291010856628418e-01 0.000000000000000000e+00 2.000000000000000000e+00
1.530742950439453125e+02 2.293338317871093750e+02 1.871958007812500000e+02 3.597141802310943604e-01 8.329771161079406738e-01 4.204222261905670166e-01 0.000000000000000000e+00 2.000000000000000000e+00
1.532982482910156250e+02 2.298524322509765625e+02 1.874575500488281250e+02 3.506173193454742432e-01 8.332011103630065918e-01 4.276018738746643066e-01 0.000000000000000000e+00 2.000000000000000000e+00
1.535161132812500000e+02 2.303701629638671875e+02 1.877232513427734375e+02 3.347069025039672852e-01 8.366209864616394043e-01 4.336319267749786377e-01 0.000000000000000000e+00 2.000000000000000000e+00
1.537256164550781250e+02 2.308938293457031250e+02 1.879946746826171875e+02 3.128010630607604980e-01 8.433510661125183105e-01 4.369376301765441895e-01 0.000000000000000000e+00 2.000000000000000000e+00
1.539245147705078125e+02 2.314300842285156250e+02 1.882725067138671875e+02 2.878377735614776611e-01 8.537246584892272949e-01 4.339397251605987549e-01 0.000000000000000000e+00 2.000000000000000000e+00
1.541116180419921875e+02 2.319850311279296875e+02 1.885545806884765625e+02 2.635973393917083740e-01 8.682802915573120117e-01 4.202449023723602295e-01 0.000000000000000000e+00 2.000000000000000000e+00
1.542873229980468750e+02 2.325637969970703125e+02 1.888347015380859375e+02 2.435577511787414551e-01 8.871455192565917969e-01 3.919851779937744141e-01 0.000000000000000000e+00 2.000000000000000000e+00
1.544536285400390625e+02 2.331695556640625000e+02 1.891023559570312500e+02 2.290626615285873413e-01 9.101207256317138672e-01 3.452687859535217285e-01 0.000000000000000000e+00 2.000000000000000000e+00
1.546132812500000000e+02 2.338038940429687500e+02 1.893430023193359375e+02 2.187213897705078125e-01 9.351905584335327148e-01 2.785312235355377197e-01 0.000000000000000000e+00 2.000000000000000000e+00
1.547682952880859375e+02 2.344666900634765625e+02 1.895404052734375000e+02 2.088947892189025879e-01 9.585956931114196777e-01 1.935389339923858643e-01 0.000000000000000000e+00 2.000000000000000000e+00
1.549185791015625000e+02 2.351563262939453125e+02 1.896796417236328125e+02 1.953893601894378662e-01 9.759444594383239746e-01 9.672368317842483521e-02 0.000000000000000000e+00 2.000000000000000000e+00
1.550613555908203125e+02 2.358694763183593750e+02 1.897503204345703125e+02 1.758464872837066650e-01 9.844158887863159180e-01 -1.807134249247610569e-03 0.000000000000000000e+00 2.000000000000000000e+00
1.551920166015625000e+02 2.366009368896484375e+02 1.897489776611328125e+02 1.501195281744003296e-01 9.843956232070922852e-01 -9.181164205074310303e-02 0.000000000000000000e+00 2.000000000000000000e+00
1.553052368164062500e+02 2.373433685302734375e+02 1.896797332763671875e+02 1.198027953505516052e-01 9.787737727165222168e-01 -1.662802547216415405e-01 0.000000000000000000e+00 2.000000000000000000e+00
1.553964080810546875e+02 2.380882263183593750e+02 1.895531921386718750e+02 8.617314696311950684e-02 9.711768031120300293e-01 -2.222381234169006348e-01 0.000000000000000000e+00 2.000000000000000000e+00
1.554620056152343750e+02 2.388275146484375000e+02 1.893840179443359375e+02 4.985080659389495850e-02 9.644634127616882324e-01 -2.594710290431976318e-01 0.000000000000000000e+00 2.000000000000000000e+00
1.554996032714843750e+02 2.395549163818359375e+02 1.891883239746093750e+02 1.023920997977256775e-02 9.601623415946960449e-01 -2.792549133300781250e-01 0.000000000000000000e+00 2.000000000000000000e+00
1.555072021484375000e+02 2.402674865722656250e+02 1.889810791015625000e+02 -3.428893536329269409e-02 9.585611224174499512e-01 -2.828156352043151855e-01 0.000000000000000000e+00 2.000000000000000000e+00
1.554822235107421875e+02 2.409657745361328125e+02 1.887750549316406250e+02 -8.546531945466995239e-02 9.585831165313720703e-01 -2.716872692108154297e-01 0.000000000000000000e+00 2.000000000000000000e+00
1.554209899902343750e+02 2.416525726318359375e+02 1.885803985595703125e+02 -1.435118466615676880e-01 9.582957625389099121e-01 -2.471306025981903076e-01 0.000000000000000000e+00 2.000000000000000000e+00
1.553192749023437500e+02 2.423317718505859375e+02 1.884052429199218750e+02 -2.067807614803314209e-01 9.553326964378356934e-01 -2.111422270536422729e-01 0.000000000000000000e+00 2.000000000000000000e+00
1.551731414794921875e+02 2.430069122314453125e+02 1.882560272216796875e+02 -2.714829146862030029e-01 9.479342699050903320e-01 -1.664863079786300659e-01 0.000000000000000000e+00 2.000000000000000000e+00
1.549803314208984375e+02 2.436801452636718750e+02 1.881377868652343750e+02 -3.336260616779327393e-01 9.355096817016601562e-01 -1.162555739283561707e-01 0.000000000000000000e+00 2.000000000000000000e+00
1.547409362792968750e+02 2.443514251708984375e+02 1.880543670654296875e+02 -3.894560337066650391e-01 9.188261628150939941e-01 -6.389348953962326050e-02 0.000000000000000000e+00 2.000000000000000000e+00
1.544581909179687500e+02 2.450184936523437500e+02 1.880079803466796875e+02 -4.378862082958221436e-01 8.989549875259399414e-01 -1.164336130023002625e-02 0.000000000000000000e+00 2.000000000000000000e+00
1.541374053955078125e+02 2.456770477294921875e+02 1.879994506835937500e+02 -4.802589714527130127e-01 8.762153983116149902e-01 3.997318074107170105e-02 0.000000000000000000e+00 2.000000000000000000e+00
1.537841339111328125e+02 2.463215789794921875e+02 1.880288543701171875e+02 -5.198658704757690430e-01 8.491855859756469727e-01 9.286213666200637817e-02 0.000000000000000000e+00 2.000000000000000000e+00
1.534024658203125000e+02 2.469450225830078125e+02 1.880970306396484375e+02 -5.603856444358825684e-01 8.145135045051574707e-01 1.501189768314361572e-01 0.000000000000000000e+00 2.000000000000000000e+00
1.529933776855468750e+02 2.475396270751953125e+02 1.882066192626953125e+02 -6.033164262771606445e-01 7.680386900901794434e-01 2.147692888975143433e-01 0.000000000000000000e+00 2.000000000000000000e+00
1.525552215576171875e+02 2.480974121093750000e+02 1.883625946044921875e+02 -6.468517780303955078e-01 7.061821222305297852e-01 2.879054844379425049e-01 0.000000000000000000e+00 2.000000000000000000e+00
1.520857543945312500e+02 2.486099395751953125e+02 1.885715484619140625e+02 -6.856850981712341309e-01 6.285568475723266602e-01 3.670860528945922852e-01 0.000000000000000000e+00 2.000000000000000000e+00
1.515844879150390625e+02 2.490694427490234375e+02 1.888399047851562500e+02 -7.132477164268493652e-01 5.393981933593750000e-01 4.475792050361633301e-01 0.000000000000000000e+00 2.000000000000000000e+00
1.510552520751953125e+02 2.494696807861328125e+02 1.891720123291015625e+02 -7.251518964767456055e-01 4.462054073810577393e-01 5.244573354721069336e-01 0.000000000000000000e+00 2.000000000000000000e+00
1.505068969726562500e+02 2.498070983886718750e+02 1.895686035156250000e+02 -7.202211022377014160e-01 3.553243875503540039e-01 5.958406925201416016e-01 0.000000000000000000e+00 2.000000000000000000e+00
1.499523773193359375e+02 2.500806732177734375e+02 1.900273590087890625e+02 -6.999558210372924805e-01 2.707828283309936523e-01 6.608618497848510742e-01 0.000000000000000000e+00 2.000000000000000000e+00
1.494062500000000000e+02 2.502919464111328125e+02 1.905429840087890625e+02 -6.667727231979370117e-01 1.928602755069732666e-01 7.198743820190429688e-01 0.000000000000000000e+00 2.000000000000000000e+00
1.488826141357421875e+02 2.504434051513671875e+02 1.911083221435546875e+02 -6.237699985504150391e-01 1.201542466878890991e-01 7.723172307014465332e-01 0.000000000000000000e+00 2.000000000000000000e+00
1.483938598632812500e+02 2.505375518798828125e+02 1.917134704589843750e+02 -5.738176703453063965e-01 5.020855367183685303e-02 8.174425959587097168e-01 0.000000000000000000e+00 2.000000000000000000e+00
1.479500427246093750e+02 2.505763854980468750e+02 1.923457183837890625e+02 -5.188845992088317871e-01 -1.956450194120407104e-02 8.546203374862670898e-01 0.000000000000000000e+00 2.000000000000000000e+00
1.475591125488281250e+02 2.505616455078125000e+02 1.929895935058593750e+02 -4.593875110149383545e-01 -9.124907106161117554e-02 8.835365176200866699e-01 0.000000000000000000e+00 2.000000000000000000e+00
1.472267150878906250e+02 2.504956207275390625e+02 1.936288909912109375e+02 -3.945219814777374268e-01 -1.653099507093429565e-01 9.038944244384765625e-01 0.000000000000000000e+00 2.000000000000000000e+00
1.469557800292968750e+02 2.503820953369140625e+02 1.942496337890625000e+02 -3.233292698860168457e-01 -2.400596141815185547e-01 9.153302907943725586e-01 0.000000000000000000e+00 2.000000000000000000e+00
1.467462768554687500e+02 2.502265472412109375e+02 1.948427276611328125e+02 -2.470169961452484131e-01 -3.115988969802856445e-01 9.175450205802917480e-01 0.000000000000000000e+00 2.000000000000000000e+00
1.465946502685546875e+02 2.500352783203125000e+02 1.954059448242187500e+02 -1.695206910371780396e-01 -3.743916451930999756e-01 9.116434454917907715e-01 0.000000000000000000e+00 2.000000000000000000e+00
1.464948425292968750e+02 2.498148498535156250e+02 1.959426879882812500e+02 -9.711859375238418579e-02 -4.245818853378295898e-01 9.001656770706176758e-01 0.000000000000000000e+00 2.000000000000000000e+00
1.464390258789062500e+02 2.495708312988281250e+02 1.964600372314453125e+02 -3.571036830544471741e-02 -4.610492289066314697e-01 8.866558074951171875e-01 0.000000000000000000e+00 2.000000000000000000e+00
1.464186706542968750e+02 2.493080291748046875e+02 1.969654388427734375e+02 1.180786360055208206e-02 -4.859349131584167480e-01 8.739151954650878906e-01 0.000000000000000000e+00 2.000000000000000000e+00
1.464254302978515625e+02 2.490298461914062500e+02 1.974657287597656250e+02 4.416583850979804993e-02 -5.020736455917358398e-01 8.636962771415710449e-01 0.000000000000000000e+00 2.000000000000000000e+00
1.464510192871093750e+02 2.487389526367187500e+02 1.979661407470703125e+02 6.113493070006370544e-02 -5.115878582000732422e-01 8.570532798767089844e-01 0.000000000000000000e+00 2.000000000000000000e+00
1.464870758056640625e+02 2.484372253417968750e+02 1.984716186523437500e+02 6.376372277736663818e-02 -5.163522362709045410e-01 8.539991974830627441e-01 0.000000000000000000e+00 2.000000000000000000e+00
1.465255737304687500e+02 2.481254730224609375e+02 1.989872283935546875e+02 5.315331369638442993e-02 -5.174537897109985352e-01 8.540587425231933594e-01 0.000000000000000000e+00 2.000000000000000000e+00
1.465586395263671875e+02 2.478035736083984375e+02 1.995185241699218750e+02 3.147167712450027466e-02 -5.158187150955200195e-01 8.561195135116577148e-01 0.000000000000000000e+00 2.000000000000000000e+00
1.465789489746093750e+02 2.474707031250000000e+02 2.000709991455078125e+02 2.815305022522807121e-03 -5.120676755905151367e-01 8.589404821395874023e-01 0.000000000000000000e+00 2.000000000000000000e+00
1.465808410644531250e+02 2.471265563964843750e+02 2.006482696533203125e+02 -2.893215976655483246e-02 -5.066831707954406738e-01 8.616467714309692383e-01 0.000000000000000000e+00 2.000000000000000000e+00
1.465605773925781250e+02 2.467716827392578125e+02 2.012517547607421875e+02 -6.015836820006370544e-02 -5.000965595245361328e-01 8.638775348663330078e-01 0.000000000000000000e+00 2.000000000000000000e+00
1.465167999267578125e+02 2.464077606201171875e+02 2.018804016113281250e+02 -8.800967037677764893e-02 -4.928744435310363770e-01 8.656380176544189453e-01 0.000000000000000000e+00 2.000000000000000000e+00
1.464505767822265625e+02 2.460368957519531250e+02 2.025317535400390625e+02 -1.108726188540458679e-01 -4.853385090827941895e-01 8.672680854797363281e-01 0.000000000000000000e+00 2.000000000000000000e+00
1.463646697998046875e+02 2.456608428955078125e+02 2.032037353515625000e+02 -1.279048174619674683e-01 -4.779994785785675049e-01 8.689975738525390625e-01 0.000000000000000000e+00 2.000000000000000000e+00
1.462628479003906250e+02 2.452803192138671875e+02 2.038955230712890625e+02 -1.389981061220169067e-01 -4.710118174552917480e-01 8.711069822311401367e-01 0.000000000000000000e+00 2.000000000000000000e+00
1.461491394042968750e+02 2.448950042724609375e+02 2.046081390380859375e+02 -1.447880715131759644e-01 -4.643259942531585693e-01 8.737492561340332031e-01 0.000000000000000000e+00 2.000000000000000000e+00
1.460272521972656250e+02 2.445041198730468750e+02 2.053436889648437500e+02 -1.465519666671752930e-01 -4.576143324375152588e-01 8.769900798797607422e-01 0.000000000000000000e+00 2.000000000000000000e+00
1.459001159667968750e+02 2.441071319580078125e+02 2.061044921875000000e+02 -1.453830748796463013e-01 -4.503941237926483154e-01 8.809136152267456055e-01 0.000000000000000000e+00 2.000000000000000000e+00
1.457700805664062500e+02 2.437042846679687500e+02 2.068924102783203125e+02 -1.425132155418395996e-01 -4.421122074127197266e-01 8.855657577514648438e-01 0.000000000000000000e+00 2.000000000000000000e+00
1.456387634277343750e+02 2.432969055175781250e+02 2.077084045410156250e+02 -1.384624987840652466e-01 -4.322181642055511475e-01 8.910754919052124023e-01 0.000000000000000000e+00 2.000000000000000000e+00
1.455075836181640625e+02 2.428874206542968750e+02 2.085526123046875000e+02 -1.335121244192123413e-01 -4.204014241695404053e-01 8.974614739418029785e-01 0.000000000000000000e+00 2.000000000000000000e+00
1.453778533935546875e+02 2.424789276123046875e+02 2.094246520996093750e+02 -1.277100443840026855e-01 -4.061449468135833740e-01 9.048405289649963379e-01 0.000000000000000000e+00 2.000000000000000000e+00
1.452509307861328125e+02 2.420752868652343750e+02 2.103239135742187500e+02 -1.206943914294242859e-01 -3.890798091888427734e-01 9.132632613182067871e-01 0.000000000000000000e+00 2.000000000000000000e+00
1.451286163330078125e+02 2.416809844970703125e+02 2.112494354248046875e+02 -1.120292097330093384e-01 -3.692595362663269043e-01 9.225490689277648926e-01 0.000000000000000000e+00 2.000000000000000000e+00
1.450131835937500000e+02 2.413005065917968750e+02 2.122000122070312500e+02 -1.012386456131935120e-01 -3.467868864536285400e-01 9.324642419815063477e-01 0.000000000000000000e+00 2.000000000000000000e+00
1.449073791503906250e+02 2.409380798339843750e+02 2.131745300292968750e+02 -8.777038007974624634e-02 -3.222960531711578369e-01 9.425612092018127441e-01 0.000000000000000000e+00 2.000000000000000000e+00
1.448145599365234375e+02 2.405972442626953125e+02 2.141713104248046875e+02 -7.142439484596252441e-02 -2.966518998146057129e-01 9.523109793663024902e-01 0.000000000000000000e+00 2.000000000000000000e+00
1.447382507324218750e+02 2.402803039550781250e+02 2.151887512207031250e+02 -5.231124162673950195e-02 -2.705910205841064453e-01 9.612721800804138184e-01 0.000000000000000000e+00 2.000000000000000000e+00
1.446818847656250000e+02 2.399887390136718750e+02 2.162245330810546875e+02 -3.104519471526145935e-02 -2.448308169841766357e-01 9.690686464309692383e-01 0.000000000000000000e+00 2.000000000000000000e+00
1.446482086181640625e+02 2.397231597900390625e+02 2.172757263183593750e+02 -9.044657461345195770e-03 -2.194099426269531250e-01 9.755908846855163574e-01 0.000000000000000000e+00 2.000000000000000000e+00
1.446383514404296875e+02 2.394840393066406250e+02 2.183389587402343750e+02 1.173819974064826965e-02 -1.934499889612197876e-01 9.810399413108825684e-01 0.000000000000000000e+00 2.000000000000000000e+00
1.446511840820312500e+02 2.392725524902343750e+02 2.194114685058593750e+02 2.902960591018199921e-02 -1.665023416280746460e-01 9.856135845184326172e-01 0.000000000000000000e+00 2.000000000000000000e+00
1.446829833984375000e+02 2.390901641845703125e+02 2.204911193847656250e+02 4.052189737558364868e-02 -1.379912346601486206e-01 9.896041750907897949e-01 0.000000000000000000e+00 2.000000000000000000e+00
1.447274780273437500e+02 2.389386444091796875e+02 2.215777435302734375e+02 4.498494789004325867e-02 -1.082658022642135620e-01 9.931036233901977539e-01 0.000000000000000000e+00 2.000000000000000000e+00
1.447770385742187500e+02 2.388193664550781250e+02 2.226718597412109375e+02 4.227044805884361267e-02 -7.844898104667663574e-02 9.960216283798217773e-01 0.000000000000000000e+00 2.000000000000000000e+00
1.448237304687500000e+02 2.387327117919921875e+02 2.237720642089843750e+02 3.354686498641967773e-02 -4.966318979859352112e-02 9.982025027275085449e-01 0.000000000000000000e+00 2.000000000000000000e+00
1.448607330322265625e+02 2.386779327392578125e+02 2.248730926513671875e+02 2.051148004829883575e-02 -2.252624928951263428e-02 9.995358586311340332e-01 0.000000000000000000e+00 2.000000000000000000e+00
1.448831024169921875e+02 2.386533660888671875e+02 2.259631652832031250e+02 4.496026318520307541e-03 3.073960542678833008e-03 9.999851584434509277e-01 0.000000000000000000e+00 2.000000000000000000e+00
1.448878784179687500e+02 2.386566314697265625e+02 2.270254211425781250e+02 -1.417173352092504501e-02 2.810352295637130737e-02 9.995046257972717285e-01 0.000000000000000000e+00 2.000000000000000000e+00
1.448734588623046875e+02 2.386852264404296875e+02 2.280424041748046875e+02 -3.571300953626632690e-02 5.372824147343635559e-02 9.979167580604553223e-01 0.000000000000000000e+00 2.000000000000000000e+00
1.448391265869140625e+02 2.387368774414062500e+02 2.290017395019531250e+02 -6.039723381400108337e-02 8.036646991968154907e-02 9.949338436126708984e-01 0.000000000000000000e+00 2.000000000000000000e+00
1.447845306396484375e+02 2.388095245361328125e+02 2.299011077880859375e+02 -8.748529106378555298e-02 1.071244850754737854e-01 9.903891086578369141e-01 0.000000000000000000e+00 2.000000000000000000e+00
1.447096252441406250e+02 2.389012451171875000e+02 2.307490844726562500e+02 -1.144481897354125977e-01 1.321408450603485107e-01 9.846016168594360352e-01 0.000000000000000000e+00 2.000000000000000000e+00
1.446150665283203125e+02 2.390104217529296875e+02 2.315625762939453125e+02 -1.375308036804199219e-01 1.534479409456253052e-01 9.785392284393310547e-01 0.000000000000000000e+00 2.000000000000000000e+00
1.445028686523437500e+02 2.391356048583984375e+02 2.323608703613281250e+02 -1.536645591259002686e-01 1.706784814596176147e-01 9.732708334922790527e-01 0.000000000000000000e+00 2.000000000000000000e+00
1.443767700195312500e+02 2.392756652832031250e+02 2.331595458984375000e+02 -1.611889302730560303e-01 1.849330514669418335e-01 9.694420099258422852e-01 0.000000000000000000e+00 2.000000000000000000e+00
1.442425231933593750e+02 2.394296875000000000e+02 2.339669494628906250e+02 -1.604800522327423096e-01 1.980722546577453613e-01 9.669609665870666504e-01 0.000000000000000000e+00 2.000000000000000000e+00
1.441069030761718750e+02 2.395970764160156250e+02 2.347841186523437500e+02 -1.523010134696960449e-01 2.118285596370697021e-01 9.653667211532592773e-01 0.000000000000000000e+00 2.000000000000000000e+00
1.439770965576171875e+02 2.397776184082031250e+02 2.356069030761718750e+02 -1.382129937410354614e-01 2.269926518201828003e-01 9.640391469001770020e-01 0.000000000000000000e+00 2.000000000000000000e+00
1.438591766357421875e+02 2.399712829589843750e+02 2.364293975830078125e+02 -1.196955293416976929e-01 2.435042411088943481e-01 9.624856710433959961e-01 0.000000000000000000e+00 2.000000000000000000e+00
1.437574920654296875e+02 2.401781463623046875e+02 2.372470550537109375e+02 -9.844346344470977783e-02 2.605676054954528809e-01 9.604235887527465820e-01 0.000000000000000000e+00 2.000000000000000000e+00
1.436742248535156250e+02 2.403985443115234375e+02 2.380594177246093750e+02 -7.669300585985183716e-02 2.770913839340209961e-01 9.577779173851013184e-01 0.000000000000000000e+00 2.000000000000000000e+00
1.436094055175781250e+02 2.406327362060546875e+02 2.388689117431640625e+02 -5.605934932827949524e-02 2.914296090602874756e-01 9.549482464790344238e-01 0.000000000000000000e+00 2.000000000000000000e+00
1.435617675781250000e+02 2.408803863525390625e+02 2.396804046630859375e+02 -3.805029019713401794e-02 3.024314343929290771e-01 9.524113535881042480e-01 0.000000000000000000e+00 2.000000000000000000e+00
1.435290679931640625e+02 2.411402893066406250e+02 2.404988861083984375e+02 -2.281452715396881104e-02 3.096883594989776611e-01 9.505643844604492188e-01 0.000000000000000000e+00 2.000000000000000000e+00
1.435092163085937500e+02 2.414097595214843750e+02 2.413260040283203125e+02 -1.040885318070650101e-02 3.127000331878662109e-01 9.497948288917541504e-01 0.000000000000000000e+00 2.000000000000000000e+00
1.435000762939453125e+02 2.416843414306640625e+02 2.421600189208984375e+02 2.081959391944110394e-04 3.113570213317871094e-01 9.502930045127868652e-01 0.000000000000000000e+00 2.000000000000000000e+00
1.435002593994140625e+02 2.419581756591796875e+02 2.429957885742187500e+02 1.036894880235195160e-02 3.053157031536102295e-01 9.521946907043457031e-01 0.000000000000000000e+00 2.000000000000000000e+00
1.435093078613281250e+02 2.422246093750000000e+02 2.438267211914062500e+02 2.172881923615932465e-02 2.934990823268890381e-01 9.557123780250549316e-01 0.000000000000000000e+00 2.000000000000000000e+00
1.435279541015625000e+02 2.424764709472656250e+02 2.446468505859375000e+02 3.591635078191757202e-02 2.752919197082519531e-01 9.606895446777343750e-01 0.000000000000000000e+00 2.000000000000000000e+00
1.435580444335937500e+02 2.427071075439453125e+02 2.454517059326171875e+02 5.435325205326080322e-02 2.496202588081359863e-01 9.668171405792236328e-01 0.000000000000000000e+00 2.000000000000000000e+00
1.436023101806640625e+02 2.429104003906250000e+02 2.462390899658203125e+02 7.769183069467544556e-02 2.167518883943557739e-01 9.731303453445434570e-01 0.000000000000000000e+00 2.000000000000000000e+00
1.436636047363281250e+02 2.430814056396484375e+02 2.470068359375000000e+02 1.053605601191520691e-01 1.776220947504043579e-01 9.784423708915710449e-01 0.000000000000000000e+00 2.000000000000000000e+00
1.437439422607421875e+02 2.432168426513671875e+02 2.477528991699218750e+02 1.357842087745666504e-01 1.347473710775375366e-01 9.815323948860168457e-01 0.000000000000000000e+00 2.000000000000000000e+00
1.438438568115234375e+02 2.433159942626953125e+02 2.484751434326171875e+02 1.662475913763046265e-01 9.112783521413803101e-02 9.818642735481262207e-01 0.000000000000000000e+00 2.000000000000000000e+00
1.439619140625000000e+02 2.433807067871093750e+02 2.491723937988281250e+02 1.939700841903686523e-01 5.080274865031242371e-02 9.796911478042602539e-01 0.000000000000000000e+00 2.000000000000000000e+00
1.440951538085937500e+02 2.434156036376953125e+02 2.498453521728515625e+02 2.166962027549743652e-01 1.689224690198898315e-02 9.760929346084594727e-01 0.000000000000000000e+00 2.000000000000000000e+00
1.442398071289062500e+02 2.434268798828125000e+02 2.504969329833984375e+02 2.334649264812469482e-01 -8.670219220221042633e-03 9.723265171051025391e-01 0.000000000000000000e+00 2.000000000000000000e+00
1.443922424316406250e+02 2.434212188720703125e+02 2.511317901611328125e+02 2.444362640380859375e-01 -2.586752735078334808e-02 9.693202972412109375e-01 0.000000000000000000e+00 2.000000000000000000e+00
1.445494079589843750e+02 2.434045867919921875e+02 2.517550354003906250e+02 2.509209215641021729e-01 -3.608546033501625061e-02 9.673346877098083496e-01 0.000000000000000000e+00 2.000000000000000000e+00
1.447091979980468750e+02 2.433816070556640625e+02 2.523710479736328125e+02 2.541864812374114990e-01 -4.159765318036079407e-02 9.662602543830871582e-01 0.000000000000000000e+00 2.000000000000000000e+00
1.448702239990234375e+02 2.433552551269531250e+02 2.529831695556640625e+02 2.555191814899444580e-01 -4.419152066111564636e-02 9.657934904098510742e-01 0.000000000000000000e+00 2.000000000000000000e+00
1.450317687988281250e+02 2.433273162841796875e+02 2.535937652587890625e+02 2.553270757198333740e-01 -4.561135917901992798e-02 9.657782912254333496e-01 0.000000000000000000e+00 2.000000000000000000e+00
1.451932067871093750e+02 2.432984771728515625e+02 2.542044067382812500e+02 2.535842955112457275e-01 -4.650649428367614746e-02 9.661946892738342285e-01 0.000000000000000000e+00 2.000000000000000000e+00
1.453540344238281250e+02 2.432689819335937500e+02 2.548171844482421875e+02 2.498470842838287354e-01 -4.758537188172340393e-02 9.671153426170349121e-01 0.000000000000000000e+00 2.000000000000000000e+00
1.455136260986328125e+02 2.432385864257812500e+02 2.554349365234375000e+02 2.431444972753524780e-01 -4.980323463678359985e-02 9.687106609344482422e-01 0.000000000000000000e+00 2.000000000000000000e+00
1.456709594726562500e+02 2.432063598632812500e+02 2.560617675781250000e+02 2.326190471649169922e-01 -5.341143533587455750e-02 9.711002707481384277e-01 0.000000000000000000e+00 2.000000000000000000e+00
1.458247375488281250e+02 2.431710510253906250e+02 2.567037353515625000e+02 2.185703217983245850e-01 -5.892421305179595947e-02 9.740405082702636719e-01 0.000000000000000000e+00 2.000000000000000000e+00
1.459737091064453125e+02 2.431308898925781250e+02 2.573676147460937500e+02 2.022859007120132446e-01 -6.623787432909011841e-02 9.770839810371398926e-01 0.000000000000000000e+00 2.000000000000000000e+00
1.461171417236328125e+02 2.430839233398437500e+02 2.580604248046875000e+02 1.866580396890640259e-01 -7.546188682317733765e-02 9.795224666595458984e-01 0.000000000000000000e+00 2.000000000000000000e+00
1.462555084228515625e+02 2.430279846191406250e+02 2.587865295410156250e+02 1.751168817281723022e-01 -8.595430105924606323e-02 9.807884097099304199e-01 0.000000000000000000e+00 2.000000000000000000e+00
1.463912658691406250e+02 2.429613494873046875e+02 2.595468750000000000e+02 1.704095453023910522e-01 -9.755288064479827881e-02 9.805324673652648926e-01 0.000000000000000000e+00 2.000000000000000000e+00
1.465284576416015625e+02 2.428828125000000000e+02 2.603362731933593750e+02 1.741651296615600586e-01 -1.092847883701324463e-01 9.786334037780761719e-01 0.000000000000000000e+00 2.000000000000000000e+00
1.466723937988281250e+02 2.427924957275390625e+02 2.611450500488281250e+02 1.863810122013092041e-01 -1.208671480417251587e-01 9.750145077705383301e-01 0.000000000000000000e+00 2.000000000000000000e+00
1.468280181884765625e+02 2.426915740966796875e+02 2.619591674804687500e+02 2.053030282258987427e-01 -1.310397833585739136e-01 9.698861837387084961e-01 0.000000000000000000e+00 2.000000000000000000e+00
1.469978485107421875e+02 2.425831756591796875e+02 2.627614746093750000e+02 2.282208651304244995e-01 -1.394004970788955688e-01 9.635780453681945801e-01 0.000000000000000000e+00 2.000000000000000000e+00
1.471804351806640625e+02 2.424716491699218750e+02 2.635323791503906250e+02 2.520484924316406250e-01 -1.453836709260940552e-01 9.567314982414245605e-01 0.000000000000000000e+00 2.000000000000000000e+00
1.473696594238281250e+02 2.423625030517578125e+02 2.642506408691406250e+02 2.742346823215484619e-01 -1.492450386285781860e-01 9.500111937522888184e-01 0.000000000000000000e+00 2.000000000000000000e+00
1.475556335449218750e+02 2.422612915039062500e+02 2.648948974609375000e+02 2.932540476322174072e-01 -1.512634009122848511e-01 9.439923167228698730e-01 0.000000000000000000e+00 2.000000000000000000e+00
1.477269439697265625e+02 2.421729278564453125e+02 2.654463500976562500e+02 3.082796633243560791e-01 -1.521017551422119141e-01 9.390574097633361816e-01 0.000000000000000000e+00 2.000000000000000000e+00
1.478735046386718750e+02 2.421006164550781250e+02 2.658927917480468750e+02 3.201138377189636230e-01 -1.521500051021575928e-01 9.350815415382385254e-01 0.000000000000000000e+00 2.000000000000000000e+00
1.479893341064453125e+02 2.420455627441406250e+02 2.662311401367187500e+02 3.349332511425018311e-01 3.599108010530471802e-02 9.415542483329772949e-01 0.000000000000000000e+00 2.000000000000000000e+00
1.499466400146484375e+02 2.422558898925781250e+02 2.717334594726562500e+02 3.986932337284088135e-01 -9.919382631778717041e-02 9.117041230201721191e-01 0.000000000000000000e+00 2.000000000000000000e+00
1.502511444091796875e+02 2.421801300048828125e+02 2.724297790527343750e+02 4.459278583526611328e-01 -1.345992535352706909e-01 8.848906159400939941e-01 0.000000000000000000e+00 2.000000000000000000e+00
1.505520324707031250e+02 2.420893096923828125e+02 2.730268554687500000e+02 5.000262856483459473e-01 -1.793022155761718750e-01 8.472451567649841309e-01 0.000000000000000000e+00 2.000000000000000000e+00
1.508368377685546875e+02 2.419871826171875000e+02 2.735094299316406250e+02 5.558001995086669922e-01 -2.289847433567047119e-01 7.991570830345153809e-01 0.000000000000000000e+00 2.000000000000000000e+00
1.510905761718750000e+02 2.418826446533203125e+02 2.738742675781250000e+02 6.078942418098449707e-01 -2.789921164512634277e-01 7.433895468711853027e-01 0.000000000000000000e+00 2.000000000000000000e+00
1.513003997802734375e+02 2.417863464355468750e+02 2.741308593750000000e+02 6.078942418098449707e-01 -2.789921164512634277e-01 7.433895468711853027e-01 0.000000000000000000e+00 2.000000000000000000e+00
