1.191797714233398438e+02 2.420177764892578125e+02 2.221357269287109375e+02 -3.286312818527221680e-01 -3.238842785358428955e-01 -8.871868848800659180e-01 0.000000000000000000e+00 2.000000000000000000e+00
1.194100570678710938e+02 2.422447357177734375e+02 2.227574157714843750e+02 -3.595521450042724609e-01 -2.357281297445297241e-01 -9.028590321540832520e-01 0.000000000000000000e+00 2.000000000000000000e+00
1.196668853759765625e+02 2.424131164550781250e+02 2.234023284912109375e+02 -3.811118006706237793e-01 -1.506563574075698853e-01 -9.121713042259216309e-01 0.000000000000000000e+00 2.000000000000000000e+00
1.199458847045898438e+02 2.425234069824218750e+02 2.240700988769531250e+02 -3.923013210296630859e-01 -7.272699475288391113e-02 -9.169572591781616211e-01 0.000000000000000000e+00 2.000000000000000000e+00
1.202406311035156250e+02 2.425780487060546875e+02 2.247590332031250000e+02 -3.946870267391204834e-01 -3.702077781781554222e-03 -9.188081622123718262e-01 0.000000000000000000e+00 2.000000000000000000e+00
1.205448379516601562e+02 2.425809020996093750e+02 2.254672088623046875e+02 -3.909932971000671387e-01 5.519495904445648193e-02 -9.187371134757995605e-01 0.000000000000000000e+00 2.000000000000000000e+00
1.208535461425781250e+02 2.425373229980468750e+02 2.261925964355468750e+02 -3.842230439186096191e-01 1.029802113771438599e-01 -9.174789786338806152e-01 0.000000000000000000e+00 2.000000000000000000e+00
1.211635360717773438e+02 2.424542388916015625e+02 2.269328155517578125e+02 -3.771204352378845215e-01 1.390613019466400146e-01 -9.156648516654968262e-01 0.000000000000000000e+00 2.000000000000000000e+00
1.214733505249023438e+02 2.423399963378906250e+02 2.276850585937500000e+02 -3.711083531379699707e-01 1.644424647092819214e-01 -9.139131903648376465e-01 0.000000000000000000e+00 2.000000000000000000e+00
1.217824783325195312e+02 2.422030181884765625e+02 2.284463348388671875e+02 -3.667881488800048828e-01 1.806223243474960327e-01 -9.126017689704895020e-01 0.000000000000000000e+00 2.000000000000000000e+00
1.220909118652343750e+02 2.420511322021484375e+02 2.292137451171875000e+02 -3.640383183956146240e-01 1.901189237833023071e-01 -9.117735028266906738e-01 0.000000000000000000e+00 2.000000000000000000e+00
1.223988342285156250e+02 2.418903198242187500e+02 2.299849700927734375e+02 -3.626525104045867920e-01 1.951326429843902588e-01 -9.112663865089416504e-01 0.000000000000000000e+00 2.000000000000000000e+00
1.227065505981445312e+02 2.417247467041015625e+02 2.307581939697265625e+02 -3.615012764930725098e-01 1.984138786792755127e-01 -9.110152125358581543e-01 0.000000000000000000e+00 2.000000000000000000e+00
1.230136108398437500e+02 2.415562133789062500e+02 2.315320129394531250e+02 -3.601180315017700195e-01 2.018868029117584229e-01 -9.108000993728637695e-01 0.000000000000000000e+00 2.000000000000000000e+00
1.233193511962890625e+02 2.413848114013671875e+02 2.323052825927734375e+02 -3.576574623584747314e-01 2.076040506362915039e-01 -9.104843139648437500e-01 0.000000000000000000e+00 2.000000000000000000e+00
1.236221847534179688e+02 2.412090301513671875e+02 2.330762023925781250e+02 -3.527769148349761963e-01 2.186335623264312744e-01 -9.098064899444580078e-01 0.000000000000000000e+00 2.000000000000000000e+00
1.239190139770507812e+02 2.410250701904296875e+02 2.338417205810546875e+02 -3.437210619449615479e-01 2.390831857919692993e-01 -9.081272482872009277e-01 0.000000000000000000e+00 2.000000000000000000e+00
1.242049407958984375e+02 2.408261871337890625e+02 2.345971527099609375e+02 -3.282267153263092041e-01 2.734179496765136719e-01 -9.041625261306762695e-01 0.000000000000000000e+00 2.000000000000000000e+00
1.244729995727539062e+02 2.406028900146484375e+02 2.353355712890625000e+02 -3.041542172431945801e-01 3.249131441116333008e-01 -8.955007791519165039e-01 0.000000000000000000e+00 2.000000000000000000e+00
1.247150115966796875e+02 2.403443603515625000e+02 2.360481109619140625e+02 -2.701587677001953125e-01 3.945084512233734131e-01 -8.782809376716613770e-01 0.000000000000000000e+00 2.000000000000000000e+00
1.249231491088867188e+02 2.400404205322265625e+02 2.367247619628906250e+02 -2.266993671655654907e-01 4.785295128822326660e-01 -8.483023047447204590e-01 0.000000000000000000e+00 2.000000000000000000e+00
1.250920410156250000e+02 2.396839141845703125e+02 2.373567504882812500e+02 -1.776793599128723145e-01 5.680673718452453613e-01 -8.035729527473449707e-01 0.000000000000000000e+00 2.000000000000000000e+00
1.252204818725585938e+02 2.392732696533203125e+02 2.379376373291015625e+02 -1.291355490684509277e-01 6.525686979293823242e-01 -7.466444969177246094e-01 0.000000000000000000e+00 2.000000000000000000e+00
1.253116989135742188e+02 2.388123168945312500e+02 2.384650421142578125e+02 -8.675524592399597168e-02 7.246292829513549805e-01 -6.836563348770141602e-01 0.000000000000000000e+00 2.000000000000000000e+00
1.253721160888671875e+02 2.383076782226562500e+02 2.389411468505859375e+02 -5.263932794332504272e-02 7.821014523506164551e-01 -6.209238171577453613e-01 0.000000000000000000e+00 2.000000000000000000e+00
1.254085845947265625e+02 2.377658386230468750e+02 2.393713226318359375e+02 -2.477836981415748596e-02 8.262379765510559082e-01 -5.627759695053100586e-01 0.000000000000000000e+00 2.000000000000000000e+00
1.254258270263671875e+02 2.371908874511718750e+02 2.397629394531250000e+02 2.055543242022395134e-03 8.601258397102355957e-01 -5.100776553153991699e-01 0.000000000000000000e+00 2.000000000000000000e+00
1.254243774414062500e+02 2.365843200683593750e+02 2.401226501464843750e+02 3.418204933404922485e-02 8.864205479621887207e-01 -4.616168141365051270e-01 0.000000000000000000e+00 2.000000000000000000e+00
1.253997955322265625e+02 2.359468536376953125e+02 2.404546203613281250e+02 7.657807320356369019e-02 9.064856767654418945e-01 -4.152344167232513428e-01 0.000000000000000000e+00 2.000000000000000000e+00
1.253435821533203125e+02 2.352814331054687500e+02 2.407594299316406250e+02 1.318997144699096680e-01 9.201896786689758301e-01 -3.685830235481262207e-01 0.000000000000000000e+00 2.000000000000000000e+00
1.252451629638671875e+02 2.345948181152343750e+02 2.410344543457031250e+02 1.998584121465682983e-01 9.260440468788146973e-01 -3.201545476913452148e-01 0.000000000000000000e+00 2.000000000000000000e+00
1.250947189331054688e+02 2.338977355957031250e+02 2.412754516601562500e+02 2.766337990760803223e-01 9.220654964447021484e-01 -2.706825137138366699e-01 0.000000000000000000e+00 2.000000000000000000e+00
1.248861923217773438e+02 2.332026824951171875e+02 2.414794921875000000e+02 3.559674024581909180e-01 9.077717661857604980e-01 -2.218956947326660156e-01 0.000000000000000000e+00 2.000000000000000000e+00
1.246187667846679688e+02 2.325207061767578125e+02 2.416461944580078125e+02 4.295659959316253662e-01 8.852658867835998535e-01 -1.782618761062622070e-01 0.000000000000000000e+00 2.000000000000000000e+00
1.242977294921875000e+02 2.318591003417968750e+02 2.417794189453125000e+02 4.908856451511383057e-01 8.594249486923217773e-01 -1.428983807563781738e-01 0.000000000000000000e+00 2.000000000000000000e+00
1.239332733154296875e+02 2.312210235595703125e+02 2.418855133056640625e+02 5.363394021987915039e-01 8.358839750289916992e-01 -1.167823225259780884e-01 0.000000000000000000e+00 2.000000000000000000e+00
1.235380325317382812e+02 2.306050415039062500e+02 2.419715728759765625e+02 5.658178925514221191e-01 8.186972141265869141e-01 -9.790291637182235718e-02 0.000000000000000000e+00 2.000000000000000000e+00
1.231245269775390625e+02 2.300067291259765625e+02 2.420431213378906250e+02 5.805760025978088379e-01 8.100962638854980469e-01 -8.170453459024429321e-02 0.000000000000000000e+00 2.000000000000000000e+00
1.227038345336914062e+02 2.294197235107421875e+02 2.421023254394531250e+02 5.818607807159423828e-01 8.109307885169982910e-01 -6.188157573342323303e-02 0.000000000000000000e+00 2.000000000000000000e+00
1.222853164672851562e+02 2.288364410400390625e+02 2.421468353271484375e+02 5.700979232788085938e-01 8.209350705146789551e-01 -3.246503323316574097e-02 0.000000000000000000e+00 2.000000000000000000e+00
1.218769607543945312e+02 2.282484130859375000e+02 2.421700897216796875e+02 5.444531440734863281e-01 8.387202620506286621e-01 1.092199888080358505e-02 0.000000000000000000e+00 2.000000000000000000e+00
1.214859924316406250e+02 2.276461334228515625e+02 2.421622467041015625e+02 5.049305558204650879e-01 8.604640364646911621e-01 6.816698610782623291e-02 0.000000000000000000e+00 2.000000000000000000e+00
1.211185455322265625e+02 2.270199584960937500e+02 2.421126403808593750e+02 4.551666378974914551e-01 8.803882598876953125e-01 1.331911236047744751e-01 0.000000000000000000e+00 2.000000000000000000e+00
1.207782974243164062e+02 2.263618469238281250e+02 2.420130767822265625e+02 4.031697213649749756e-01 8.941659927368164062e-01 1.947338432073593140e-01 0.000000000000000000e+00 2.000000000000000000e+00
1.204649124145507812e+02 2.256668090820312500e+02 2.418617095947265625e+02 3.594801723957061768e-01 9.011523723602294922e-01 2.422775775194168091e-01 0.000000000000000000e+00 2.000000000000000000e+00
1.201729660034179688e+02 2.249349517822265625e+02 2.416649475097656250e+02 3.321925997734069824e-01 9.039459228515625000e-01 2.693135738372802734e-01 0.000000000000000000e+00 2.000000000000000000e+00
1.198927154541015625e+02 2.241723480224609375e+02 2.414377441406250000e+02 3.244964778423309326e-01 9.051399827003479004e-01 2.746337056159973145e-01 0.000000000000000000e+00 2.000000000000000000e+00
1.196122894287109375e+02 2.233901367187500000e+02 2.412004089355468750e+02 3.350456058979034424e-01 9.054116010665893555e-01 2.607186734676361084e-01 0.000000000000000000e+00 2.000000000000000000e+00
1.193208236694335938e+02 2.226024932861328125e+02 2.409736022949218750e+02 3.594977855682373047e-01 9.039049744606018066e-01 2.317695915699005127e-01 0.000000000000000000e+00 2.000000000000000000e+00
1.190109634399414062e+02 2.218233947753906250e+02 2.407738342285156250e+02 3.919756114482879639e-01 8.994076251983642578e-01 1.934450864791870117e-01 0.000000000000000000e+00 2.000000000000000000e+00
1.186798858642578125e+02 2.210637207031250000e+02 2.406104431152343750e+02 4.261918663978576660e-01 8.917509913444519043e-01 1.521201580762863159e-01 0.000000000000000000e+00 2.000000000000000000e+00
1.183285217285156250e+02 2.203285369873046875e+02 2.404850311279296875e+02 4.572450220584869385e-01 8.820431232452392578e-01 1.136967316269874573e-01 0.000000000000000000e+00 2.000000000000000000e+00
1.179595336914062500e+02 2.196167449951171875e+02 2.403932800292968750e+02 4.820576012134552002e-01 8.722801208496093750e-01 8.214606344699859619e-02 0.000000000000000000e+00 2.000000000000000000e+00
1.175753936767578125e+02 2.189216461181640625e+02 2.403278198242187500e+02 4.998646378517150879e-01 8.640906214714050293e-01 5.901499092578887939e-02 0.000000000000000000e+00 2.000000000000000000e+00
1.171773223876953125e+02 2.182335205078125000e+02 2.402808227539062500e+02 5.112032294273376465e-01 8.583353161811828613e-01 4.395204409956932068e-02 0.000000000000000000e+00 2.000000000000000000e+00
1.167659378051757812e+02 2.175427856445312500e+02 2.402454528808593750e+02 5.172412395477294922e-01 8.551051616668701172e-01 3.545094653964042664e-02 0.000000000000000000e+00 2.000000000000000000e+00
1.163420486450195312e+02 2.168420104980468750e+02 2.402164001464843750e+02 5.197699666023254395e-01 8.537265658378601074e-01 3.146470710635185242e-02 0.000000000000000000e+00 2.000000000000000000e+00
1.159074935913085938e+02 2.161282501220703125e+02 2.401900939941406250e+02 5.198721885681152344e-01 8.536980748176574707e-01 3.053794614970684052e-02 0.000000000000000000e+00 2.000000000000000000e+00
1.154656372070312500e+02 2.154026641845703125e+02 2.401641387939453125e+02 5.182873010635375977e-01 8.546023368835449219e-01 3.214102238416671753e-02 0.000000000000000000e+00 2.000000000000000000e+00
1.150212631225585938e+02 2.146699371337890625e+02 2.401365814208984375e+02 5.156732797622680664e-01 8.560233116149902344e-01 3.612634539604187012e-02 0.000000000000000000e+00 2.000000000000000000e+00
1.145795516967773438e+02 2.139366912841796875e+02 2.401056365966796875e+02 5.122174024581909180e-01 8.577733039855957031e-01 4.310771822929382324e-02 0.000000000000000000e+00 2.000000000000000000e+00
1.141460418701171875e+02 2.132107238769531250e+02 2.400691528320312500e+02 5.078182816505432129e-01 8.597251176834106445e-01 5.471095442771911621e-02 0.000000000000000000e+00 2.000000000000000000e+00
1.137256851196289062e+02 2.124990692138671875e+02 2.400238647460937500e+02 5.015065670013427734e-01 8.619869947433471680e-01 7.395689934492111206e-02 0.000000000000000000e+00 2.000000000000000000e+00
1.133234939575195312e+02 2.118077850341796875e+02 2.399645538330078125e+02 4.918757081031799316e-01 8.642520904541015625e-01 1.054825484752655029e-01 0.000000000000000000e+00 2.000000000000000000e+00
1.129443893432617188e+02 2.111416778564453125e+02 2.398832550048828125e+02 4.757138192653656006e-01 8.656152486801147461e-01 1.562262177467346191e-01 0.000000000000000000e+00 2.000000000000000000e+00
1.125946121215820312e+02 2.105052185058593750e+02 2.397683868408203125e+02 4.474343955516815186e-01 8.628372550010681152e-01 2.351898849010467529e-01 0.000000000000000000e+00 2.000000000000000000e+00
1.122827835083007812e+02 2.099038848876953125e+02 2.396044769287109375e+02 3.976958990097045898e-01 8.475767374038696289e-01 3.513568937778472900e-01 0.000000000000000000e+00 2.000000000000000000e+00
1.120206756591796875e+02 2.093452758789062500e+02 2.393729095458984375e+02 3.145348429679870605e-01 8.038691282272338867e-01 5.048388838768005371e-01 0.000000000000000000e+00 2.000000000000000000e+00
1.118224105834960938e+02 2.088385620117187500e+02 2.390546875000000000e+02 1.925751119852066040e-01 7.132520079612731934e-01 6.739335060119628906e-01 0.000000000000000000e+00 2.000000000000000000e+00
1.117020874023437500e+02 2.083929138183593750e+02 2.386336059570312500e+02 -4.878894239664077759e-02 -5.783376693725585938e-01 -8.143373131752014160e-01 0.000000000000000000e+00 2.000000000000000000e+00
1.116701354980468750e+02 2.080141601562500000e+02 2.381002960205078125e+02 8.367772400379180908e-02 -4.336172342300415039e-01 -8.972035050392150879e-01 0.000000000000000000e+00 2.000000000000000000e+00
1.117302932739257812e+02 2.077024230957031250e+02 2.374552764892578125e+02 1.844401210546493530e-01 -3.133892118930816650e-01 -9.315412044525146484e-01 0.000000000000000000e+00 2.000000000000000000e+00
1.118780822753906250e+02 2.074513092041015625e+02 2.367088470458984375e+02 2.534490525722503662e-01 -2.288614213466644287e-01 -9.398861527442932129e-01 0.000000000000000000e+00 2.000000000000000000e+00
1.121015090942382812e+02 2.072495574951171875e+02 2.358802947998046875e+02 2.993401288986206055e-01 -1.761698424816131592e-01 -9.377417564392089844e-01 0.000000000000000000e+00 2.000000000000000000e+00
1.123842697143554688e+02 2.070831451416015625e+02 2.349944915771484375e+02 3.310680389404296875e-01 -1.477903276681900024e-01 -9.319614171981811523e-01 0.000000000000000000e+00 2.000000000000000000e+00
1.127094726562500000e+02 2.069379730224609375e+02 2.340790405273437500e+02 3.555599451065063477e-01 -1.373696625232696533e-01 -9.245035052299499512e-01 0.000000000000000000e+00 2.000000000000000000e+00
1.130622024536132812e+02 2.068016967773437500e+02 2.331618957519531250e+02 3.780252039432525635e-01 -1.408079117536544800e-01 -9.150245785713195801e-01 0.000000000000000000e+00 2.000000000000000000e+00
1.134308471679687500e+02 2.066643829345703125e+02 2.322695770263671875e+02 4.020116627216339111e-01 -1.552591174840927124e-01 -9.023752808570861816e-01 0.000000000000000000e+00 2.000000000000000000e+00
1.138069381713867188e+02 2.065191345214843750e+02 2.314253845214843750e+02 4.293156564235687256e-01 -1.788525879383087158e-01 -8.852682113647460938e-01 0.000000000000000000e+00 2.000000000000000000e+00
1.141841964721679688e+02 2.063619689941406250e+02 2.306474609375000000e+02 4.599092900753021240e-01 -2.094177007675170898e-01 -8.629181385040283203e-01 0.000000000000000000e+00 2.000000000000000000e+00
1.145577697753906250e+02 2.061918640136718750e+02 2.299465332031250000e+02 4.924118518829345703e-01 -2.432710677385330200e-01 -8.356732130050659180e-01 0.000000000000000000e+00 2.000000000000000000e+00
1.149245071411132812e+02 2.060106811523437500e+02 2.293241424560546875e+02 5.239014029502868652e-01 -2.762452065944671631e-01 -8.057393431663513184e-01 0.000000000000000000e+00 2.000000000000000000e+00
1.152825622558593750e+02 2.058218841552734375e+02 2.287734680175781250e+02 5.510367751121520996e-01 -3.035102784633636475e-01 -7.773287892341613770e-01 0.000000000000000000e+00 2.000000000000000000e+00
1.156322021484375000e+02 2.056293029785156250e+02 2.282802429199218750e+02 5.708777904510498047e-01 -3.208327293395996094e-01 -7.557545304298400879e-01 0.000000000000000000e+00 2.000000000000000000e+00
1.159747924804687500e+02 2.054367675781250000e+02 2.278267059326171875e+02 5.813425183296203613e-01 -3.260388076305389404e-01 -7.454795241355895996e-01 0.000000000000000000e+00 2.000000000000000000e+00
1.163121337890625000e+02 2.052475738525390625e+02 2.273941192626953125e+02 5.816197991371154785e-01 -3.180880546569824219e-01 -7.486911416053771973e-01 0.000000000000000000e+00 2.000000000000000000e+00
1.166460189819335938e+02 2.050649719238281250e+02 2.269643249511718750e+02 5.718380212783813477e-01 -2.969467341899871826e-01 -7.647377252578735352e-01 0.000000000000000000e+00 2.000000000000000000e+00
1.169779434204101562e+02 2.048926086425781250e+02 2.265204315185546875e+02 5.529008507728576660e-01 -2.632897496223449707e-01 -7.905562520027160645e-01 0.000000000000000000e+00 2.000000000000000000e+00
1.173095245361328125e+02 2.047347106933593750e+02 2.260463256835937500e+02 5.267105698585510254e-01 -2.199151217937469482e-01 -8.211049437522888184e-01 0.000000000000000000e+00 2.000000000000000000e+00
1.176426391601562500e+02 2.045956268310546875e+02 2.255270233154296875e+02 4.964139461517333984e-01 -1.711671352386474609e-01 -8.510435223579406738e-01 0.000000000000000000e+00 2.000000000000000000e+00
1.179793167114257812e+02 2.044795379638671875e+02 2.249498291015625000e+02 4.664431214332580566e-01 -1.234616637229919434e-01 -8.758927583694458008e-01 0.000000000000000000e+00 2.000000000000000000e+00
1.183211135864257812e+02 2.043890686035156250e+02 2.243079986572265625e+02 4.397530853748321533e-01 -8.118815720081329346e-02 -8.944415450096130371e-01 0.000000000000000000e+00 2.000000000000000000e+00
1.186684036254882812e+02 2.043249511718750000e+02 2.236016235351562500e+02 4.186413288116455078e-01 -4.693378135561943054e-02 -9.069380760192871094e-01 0.000000000000000000e+00 2.000000000000000000e+00
1.190198287963867188e+02 2.042855529785156250e+02 2.228403015136718750e+02 4.046740531921386719e-01 -2.257564105093479156e-02 -9.141823053359985352e-01 0.000000000000000000e+00 2.000000000000000000e+00
1.193729400634765625e+02 2.042658538818359375e+02 2.220426025390625000e+02 3.996647000312805176e-01 -9.608989581465721130e-03 -9.166110157966613770e-01 0.000000000000000000e+00 2.000000000000000000e+00
1.197251739501953125e+02 2.042573852539062500e+02 2.212347717285156250e+02 4.057984650135040283e-01 -1.078634150326251984e-02 -9.138988852500915527e-01 0.000000000000000000e+00 2.000000000000000000e+00
1.200747756958007812e+02 2.042480926513671875e+02 2.204474334716796875e+02 4.261040389537811279e-01 -2.959146909415721893e-02 -9.041900038719177246e-01 0.000000000000000000e+00 2.000000000000000000e+00
1.204214935302734375e+02 2.042240142822265625e+02 2.197117004394531250e+02 4.634578227996826172e-01 -7.106305658817291260e-02 -8.832649588584899902e-01 0.000000000000000000e+00 2.000000000000000000e+00
1.207664108276367188e+02 2.041711273193359375e+02 2.190543518066406250e+02 5.187092423439025879e-01 -1.396591067314147949e-01 -8.434666395187377930e-01 0.000000000000000000e+00 2.000000000000000000e+00
1.211110382080078125e+02 2.040783386230468750e+02 2.184939575195312500e+02 5.867362022399902344e-01 -2.354661524295806885e-01 -7.747879624366760254e-01 0.000000000000000000e+00 2.000000000000000000e+00
1.214567718505859375e+02 2.039395904541015625e+02 2.180374145507812500e+02 6.536502838134765625e-01 -3.485502600669860840e-01 -6.717545390129089355e-01 0.000000000000000000e+00 2.000000000000000000e+00
1.218038482666015625e+02 2.037545166015625000e+02 2.176807250976562500e+02 7.023310661315917969e-01 -4.609588384628295898e-01 -5.424463152885437012e-01 0.000000000000000000e+00 2.000000000000000000e+00
1.221506500244140625e+02 2.035269012451171875e+02 2.174128723144531250e+02 7.229283452033996582e-01 -5.587061643600463867e-01 -4.064751565456390381e-01 0.000000000000000000e+00 2.000000000000000000e+00
1.224933242797851562e+02 2.032620697021484375e+02 2.172201995849609375e+02 7.157185673713684082e-01 -6.419868469238281250e-01 -2.749541997909545898e-01 0.000000000000000000e+00 2.000000000000000000e+00
1.228257751464843750e+02 2.029638671875000000e+02 2.170924835205078125e+02 6.808222532272338867e-01 -7.174906730651855469e-01 -1.472691744565963745e-01 0.000000000000000000e+00 2.000000000000000000e+00
1.231398239135742188e+02 2.026329040527343750e+02 2.170245513916015625e+02 6.150141954421997070e-01 -7.882500290870666504e-01 -2.047914080321788788e-02 0.000000000000000000e+00 2.000000000000000000e+00
1.234257659912109375e+02 2.022664184570312500e+02 2.170150299072265625e+02 5.178973674774169922e-01 -8.497127294540405273e-01 9.884609282016754150e-02 0.000000000000000000e+00 2.000000000000000000e+00
1.236735229492187500e+02 2.018599243164062500e+02 2.170623168945312500e+02 3.978291749954223633e-01 -8.963215947151184082e-01 1.958048939704895020e-01 0.000000000000000000e+00 2.000000000000000000e+00
1.238736114501953125e+02 2.014091186523437500e+02 2.171607971191406250e+02 2.710588872432708740e-01 -9.274326562881469727e-01 2.576739788055419922e-01 0.000000000000000000e+00 2.000000000000000000e+00
1.240188446044921875e+02 2.009122009277343750e+02 2.172988586425781250e+02 1.511486023664474487e-01 -9.472886919975280762e-01 2.824858129024505615e-01 0.000000000000000000e+00 2.000000000000000000e+00
1.241052246093750000e+02 2.003708343505859375e+02 2.174602966308593750e+02 4.551824927330017090e-02 -9.597645998001098633e-01 2.770917117595672607e-01 0.000000000000000000e+00 2.000000000000000000e+00
1.241327819824218750e+02 1.997897796630859375e+02 2.176280517578125000e+02 -4.290069267153739929e-02 -9.668527245521545410e-01 2.517049014568328857e-01 0.000000000000000000e+00 2.000000000000000000e+00
1.241055603027343750e+02 1.991762847900390625e+02 2.177877655029296875e+02 -1.138989925384521484e-01 -9.696790575981140137e-01 2.162166088819503784e-01 0.000000000000000000e+00 2.000000000000000000e+00
1.240306777954101562e+02 1.985387725830078125e+02 2.179299163818359375e+02 -1.697148084640502930e-01 -9.694041013717651367e-01 1.773488074541091919e-01 0.000000000000000000e+00 2.000000000000000000e+00
1.239163589477539062e+02 1.978857879638671875e+02 2.180493774414062500e+02 -2.144292145967483521e-01 -9.669754505157470703e-01 1.377627849578857422e-01 0.000000000000000000e+00 2.000000000000000000e+00
1.237698898315429688e+02 1.972252807617187500e+02 2.181434783935546875e+02 -2.537173032760620117e-01 -9.624302983283996582e-01 9.672298282384872437e-02 0.000000000000000000e+00 2.000000000000000000e+00
1.235956573486328125e+02 1.965643615722656250e+02 2.182098999023437500e+02 -2.931533157825469971e-01 -9.546517133712768555e-01 5.197288841009140015e-02 0.000000000000000000e+00 2.000000000000000000e+00
1.233944320678710938e+02 1.959090728759765625e+02 2.182455749511718750e+02 -3.365876376628875732e-01 -9.416475892066955566e-01 2.941673621535301208e-03 0.000000000000000000e+00 2.000000000000000000e+00
1.231639709472656250e+02 1.952643280029296875e+02 2.182475891113281250e+02 -3.855429887771606445e-01 -9.215433597564697266e-01 -4.598239436745643616e-02 0.000000000000000000e+00 2.000000000000000000e+00
1.229001617431640625e+02 1.946337585449218750e+02 2.182161254882812500e+02 -4.382629394531250000e-01 -8.945701718330383301e-01 -8.757703006267547607e-02 0.000000000000000000e+00 2.000000000000000000e+00
1.225992279052734375e+02 1.940195007324218750e+02 2.181559906005859375e+02 -4.914829432964324951e-01 -8.634258508682250977e-01 -1.137562245130538940e-01 0.000000000000000000e+00 2.000000000000000000e+00
1.222595138549804688e+02 1.934226989746093750e+02 2.180773620605468750e+02 -5.415222644805908203e-01 -8.321975469589233398e-01 -1.191671192646026611e-01 0.000000000000000000e+00 2.000000000000000000e+00
1.218824462890625000e+02 1.928432312011718750e+02 2.179943847656250000e+02 -5.855978727340698242e-01 -8.039233088493347168e-01 -1.038389131426811218e-01 0.000000000000000000e+00 2.000000000000000000e+00
1.214724960327148438e+02 1.922804412841796875e+02 2.179216918945312500e+02 -6.213150620460510254e-01 -7.802632451057434082e-01 -7.181110233068466187e-02 0.000000000000000000e+00 2.000000000000000000e+00
1.210366973876953125e+02 1.917331542968750000e+02 2.178713226318359375e+02 -6.474735140800476074e-01 -7.614951133728027344e-01 -3.005270846188068390e-02 0.000000000000000000e+00 2.000000000000000000e+00
1.205833587646484375e+02 1.911999816894531250e+02 2.178502807617187500e+02 -6.644392013549804688e-01 -7.472121119499206543e-01 1.395245641469955444e-02 0.000000000000000000e+00 2.000000000000000000e+00
1.201204833984375000e+02 1.906794433593750000e+02 2.178600006103515625e+02 -6.739519238471984863e-01 -7.367919683456420898e-01 5.409632623195648193e-02 0.000000000000000000e+00 2.000000000000000000e+00
1.196547393798828125e+02 1.901702728271484375e+02 2.178973846435546875e+02 -6.789767146110534668e-01 -7.289462685585021973e-01 8.733794838190078735e-02 0.000000000000000000e+00 2.000000000000000000e+00
1.191902084350585938e+02 1.896715545654296875e+02 2.179571380615234375e+02 -6.823574304580688477e-01 -7.221460342407226562e-01 1.135496497154235840e-01 0.000000000000000000e+00 2.000000000000000000e+00
1.187283401489257812e+02 1.891827545166015625e+02 2.180339965820312500e+02 -6.862392425537109375e-01 -7.146062254905700684e-01 1.356968283653259277e-01 0.000000000000000000e+00 2.000000000000000000e+00
1.182685852050781250e+02 1.887039947509765625e+02 2.181249084472656250e+02 -6.921557784080505371e-01 -7.044343948364257812e-01 1.571388095617294312e-01 0.000000000000000000e+00 2.000000000000000000e+00
1.178092651367187500e+02 1.882365264892578125e+02 2.182291870117187500e+02 -7.001818418502807617e-01 -6.904545426368713379e-01 1.817083358764648438e-01 0.000000000000000000e+00 2.000000000000000000e+00
1.173490600585937500e+02 1.877827148437500000e+02 2.183486175537109375e+02 -7.096304893493652344e-01 -6.719046831130981445e-01 2.120580971240997314e-01 0.000000000000000000e+00 2.000000000000000000e+00
1.168878173828125000e+02 1.873459930419921875e+02 2.184864501953125000e+02 -7.196374535560607910e-01 -6.480378508567810059e-01 2.493368834257125854e-01 0.000000000000000000e+00 2.000000000000000000e+00
1.164264984130859375e+02 1.869305725097656250e+02 2.186462860107421875e+02 -7.288164496421813965e-01 -6.188758015632629395e-01 2.929492294788360596e-01 0.000000000000000000e+00 2.000000000000000000e+00
1.159668579101562500e+02 1.865402679443359375e+02 2.188310394287109375e+02 -7.363857626914978027e-01 -5.841848850250244141e-01 3.412684500217437744e-01 0.000000000000000000e+00 2.000000000000000000e+00
1.155099868774414062e+02 1.861778259277343750e+02 2.190427703857421875e+02 -7.418720722198486328e-01 -5.438369512557983398e-01 3.922590613365173340e-01 0.000000000000000000e+00 2.000000000000000000e+00
1.150555496215820312e+02 1.858446960449218750e+02 2.192830505371093750e+02 -7.418720722198486328e-01 -5.438369512557983398e-01 3.922590613365173340e-01 0.000000000000000000e+00 2.000000000000000000e+00
