1.434839935302734375e+02 2.413040313720703125e+02 2.417970428466796875e+02 2.639132551848888397e-03 -2.697533965110778809e-01 -9.629258513450622559e-01 0.000000000000000000e+00 2.000000000000000000e+00
1.434816284179687500e+02 2.415457763671875000e+02 2.426599884033203125e+02 -1.579825393855571747e-02 -2.741855680942535400e-01 -9.615470170974731445e-01 0.000000000000000000e+00 2.000000000000000000e+00
1.434956665039062500e+02 2.417894134521484375e+02 2.435144042968750000e+02 -3.485786914825439453e-02 -2.775249481201171875e-01 -9.600858092308044434e-01 0.000000000000000000e+00 2.000000000000000000e+00
1.435262756347656250e+02 2.420331115722656250e+02 2.443574676513671875e+02 -5.528948083519935608e-02 -2.801698446273803711e-01 -9.583568572998046875e-01 0.000000000000000000e+00 2.000000000000000000e+00
1.435740966796875000e+02 2.422754364013671875e+02 2.451863708496093750e+02 -7.664832472801208496e-02 -2.830423414707183838e-01 -9.560397267341613770e-01 0.000000000000000000e+00 2.000000000000000000e+00
1.436392517089843750e+02 2.425160369873046875e+02 2.459990539550781250e+02 -9.725435078144073486e-02 -2.871022820472717285e-01 -9.529500603675842285e-01 0.000000000000000000e+00 2.000000000000000000e+00
1.437204437255859375e+02 2.427557220458984375e+02 2.467946166992187500e+02 -1.142506971955299377e-01 -2.934182584285736084e-01 -9.491324424743652344e-01 0.000000000000000000e+00 2.000000000000000000e+00
1.438141937255859375e+02 2.429964904785156250e+02 2.475734405517578125e+02 -1.250378340482711792e-01 -3.030024468898773193e-01 -9.447513222694396973e-01 0.000000000000000000e+00 2.000000000000000000e+00
1.439152374267578125e+02 2.432413482666015625e+02 2.483368988037109375e+02 -1.282944530248641968e-01 -3.159150481224060059e-01 -9.400734901428222656e-01 0.000000000000000000e+00 2.000000000000000000e+00
1.440175628662109375e+02 2.434933166503906250e+02 2.490866851806640625e+02 -1.246354579925537109e-01 -3.318133950233459473e-01 -9.350753426551818848e-01 0.000000000000000000e+00 2.000000000000000000e+00
1.441159210205078125e+02 2.437551727294921875e+02 2.498246154785156250e+02 -1.161635294556617737e-01 -3.498356640338897705e-01 -9.295811653137207031e-01 0.000000000000000000e+00 2.000000000000000000e+00
1.442068481445312500e+02 2.440290069580078125e+02 2.505522460937500000e+02 -1.055984497070312500e-01 -3.696828484535217285e-01 -9.231379628181457520e-01 0.000000000000000000e+00 2.000000000000000000e+00
1.442889862060546875e+02 2.443165588378906250e+02 2.512702941894531250e+02 -9.481952339410781860e-02 -3.925729691982269287e-01 -9.148200750350952148e-01 0.000000000000000000e+00 2.000000000000000000e+00
1.443623352050781250e+02 2.446202392578125000e+02 2.519779663085937500e+02 -8.444175869226455688e-02 -4.207812845706939697e-01 -9.032235145568847656e-01 0.000000000000000000e+00 2.000000000000000000e+00
1.444273223876953125e+02 2.449440765380859375e+02 2.526730957031250000e+02 -7.373055815696716309e-02 -4.568188488483428955e-01 -8.864989280700683594e-01 0.000000000000000000e+00 2.000000000000000000e+00
1.444838256835937500e+02 2.452941589355468750e+02 2.533524627685546875e+02 -6.104656681418418884e-02 -5.015081167221069336e-01 -8.629964590072631836e-01 0.000000000000000000e+00 2.000000000000000000e+00
1.445304870605468750e+02 2.456774902343750000e+02 2.540121002197265625e+02 -4.453726112842559814e-02 -5.524617433547973633e-01 -8.323475122451782227e-01 0.000000000000000000e+00 2.000000000000000000e+00
1.445645141601562500e+02 2.460995788574218750e+02 2.546480255126953125e+02 -2.237667143344879150e-02 -6.050683856010437012e-01 -7.958589792251586914e-01 0.000000000000000000e+00 2.000000000000000000e+00
1.445816192626953125e+02 2.465621032714843750e+02 2.552563934326171875e+02 6.541502196341753006e-03 -6.541302204132080078e-01 -7.563536763191223145e-01 0.000000000000000000e+00 2.000000000000000000e+00
1.445766296386718750e+02 2.470610504150390625e+02 2.558333129882812500e+02 4.280019551515579224e-02 -6.961747407913208008e-01 -7.165952324867248535e-01 0.000000000000000000e+00 2.000000000000000000e+00
1.445442962646484375e+02 2.475869750976562500e+02 2.563746643066406250e+02 8.651907742023468018e-02 -7.303215861320495605e-01 -6.776022315025329590e-01 0.000000000000000000e+00 2.000000000000000000e+00
1.444802398681640625e+02 2.481276855468750000e+02 2.568763427734375000e+02 1.370791643857955933e-01 -7.569938898086547852e-01 -6.388815045356750488e-01 0.000000000000000000e+00 2.000000000000000000e+00
1.443817596435546875e+02 2.486715240478515625e+02 2.573353271484375000e+02 1.921655982732772827e-01 -7.768489718437194824e-01 -5.996481776237487793e-01 0.000000000000000000e+00 2.000000000000000000e+00
1.442485198974609375e+02 2.492101593017578125e+02 2.577510986328125000e+02 2.495212554931640625e-01 -7.897141575813293457e-01 -5.604379177093505859e-01 0.000000000000000000e+00 2.000000000000000000e+00
1.440813293457031250e+02 2.497393035888671875e+02 2.581266174316406250e+02 3.057506680488586426e-01 -7.951294779777526855e-01 -5.237228870391845703e-01 0.000000000000000000e+00 2.000000000000000000e+00
1.438819122314453125e+02 2.502579040527343750e+02 2.584682006835937500e+02 3.595062196254730225e-01 -7.924023866653442383e-01 -4.928019940853118896e-01 0.000000000000000000e+00 2.000000000000000000e+00
1.436512451171875000e+02 2.507663269042968750e+02 2.587843933105468750e+02 4.097599685192108154e-01 -7.811214327812194824e-01 -4.711115956306457520e-01 0.000000000000000000e+00 2.000000000000000000e+00
1.433897399902343750e+02 2.512648315429687500e+02 2.590850524902343750e+02 -4.559633433818817139e-01 7.616787552833557129e-01 4.603725969791412354e-01 0.000000000000000000e+00 2.000000000000000000e+00
1.430978240966796875e+02 2.517524719238281250e+02 2.593797912597656250e+02 -4.960905313491821289e-01 7.364408969879150391e-01 4.599446058273315430e-01 0.000000000000000000e+00 2.000000000000000000e+00
1.427776184082031250e+02 2.522278137207031250e+02 2.596766662597656250e+02 -5.281397104263305664e-01 7.081905603408813477e-01 4.685451090335845947e-01 0.000000000000000000e+00 2.000000000000000000e+00
1.424341430664062500e+02 2.526883850097656250e+02 2.599813842773437500e+02 -5.501405000686645508e-01 6.798358559608459473e-01 4.849417805671691895e-01 0.000000000000000000e+00 2.000000000000000000e+00
1.420754394531250000e+02 2.531316528320312500e+02 2.602975769042968750e+02 -5.604918003082275391e-01 6.540051698684692383e-01 5.080611705780029297e-01 0.000000000000000000e+00 2.000000000000000000e+00
1.417121734619140625e+02 2.535555267333984375e+02 2.606268615722656250e+02 -5.597214102745056152e-01 6.314682960510253906e-01 5.366188883781433105e-01 0.000000000000000000e+00 2.000000000000000000e+00
1.413550567626953125e+02 2.539584197998046875e+02 2.609692382812500000e+02 -5.483751893043518066e-01 6.123645305633544922e-01 5.694684386253356934e-01 0.000000000000000000e+00 2.000000000000000000e+00
1.410131072998046875e+02 2.543402709960937500e+02 2.613243408203125000e+02 -5.279908776283264160e-01 5.954099893569946289e-01 6.055679917335510254e-01 0.000000000000000000e+00 2.000000000000000000e+00
1.406918945312500000e+02 2.547024993896484375e+02 2.616927490234375000e+02 -5.008553862571716309e-01 5.783891677856445312e-01 6.439020037651062012e-01 0.000000000000000000e+00 2.000000000000000000e+00
1.403937225341796875e+02 2.550468292236328125e+02 2.620760803222656250e+02 -4.700240790843963623e-01 5.580837130546569824e-01 6.838274002075195312e-01 0.000000000000000000e+00 2.000000000000000000e+00
1.401179504394531250e+02 2.553742675781250000e+02 2.624772949218750000e+02 -4.372368752956390381e-01 5.310854911804199219e-01 7.257906794548034668e-01 0.000000000000000000e+00 2.000000000000000000e+00
1.398628082275390625e+02 2.556841735839843750e+02 2.629008178710937500e+02 -4.021182060241699219e-01 4.939982295036315918e-01 7.708869576454162598e-01 0.000000000000000000e+00 2.000000000000000000e+00
1.396269378662109375e+02 2.559739379882812500e+02 2.633529968261718750e+02 -3.615861237049102783e-01 4.449150264263153076e-01 8.193327784538269043e-01 0.000000000000000000e+00 2.000000000000000000e+00
1.394110870361328125e+02 2.562395324707031250e+02 2.638421020507812500e+02 -3.120292425155639648e-01 3.845383822917938232e-01 8.687737584114074707e-01 0.000000000000000000e+00 2.000000000000000000e+00
1.392186279296875000e+02 2.564767150878906250e+02 2.643779602050781250e+02 -2.512721419334411621e-01 3.173938989639282227e-01 9.143978357315063477e-01 0.000000000000000000e+00 2.000000000000000000e+00
1.390558624267578125e+02 2.566823120117187500e+02 2.649702758789062500e+02 -1.818570047616958618e-01 2.500422894954681396e-01 9.510030746459960938e-01 0.000000000000000000e+00 2.000000000000000000e+00
1.389306793212890625e+02 2.568544311523437500e+02 2.656249084472656250e+02 -1.096584647893905640e-01 1.892325431108474731e-01 9.757900238037109375e-01 0.000000000000000000e+00 2.000000000000000000e+00
1.388501434326171875e+02 2.569934082031250000e+02 2.663415527343750000e+02 -3.948072344064712524e-02 1.392514407634735107e-01 9.894697070121765137e-01 0.000000000000000000e+00 2.000000000000000000e+00
1.388194274902343750e+02 2.571017456054687500e+02 2.671113586425781250e+02 2.520067058503627777e-02 1.018942669034004211e-01 9.944760203361511230e-01 0.000000000000000000e+00 2.000000000000000000e+00
1.388398590087890625e+02 2.571843566894531250e+02 2.679176330566406250e+02 8.406516164541244507e-02 7.751918584108352661e-02 9.934403896331787109e-01 0.000000000000000000e+00 2.000000000000000000e+00
1.389094238281250000e+02 2.572485046386718750e+02 2.687397155761718750e+02 1.378977745771408081e-01 6.538606435060501099e-02 9.882858395576477051e-01 0.000000000000000000e+00 2.000000000000000000e+00
1.390234069824218750e+02 2.573025512695312500e+02 2.695566101074218750e+02 1.874570101499557495e-01 6.432810425758361816e-02 9.801641702651977539e-01 0.000000000000000000e+00 2.000000000000000000e+00
1.391750335693359375e+02 2.573545837402343750e+02 2.703494262695312500e+02 2.325369864702224731e-01 7.219175994396209717e-02 9.699046015739440918e-01 0.000000000000000000e+00 2.000000000000000000e+00
1.393553161621093750e+02 2.574105529785156250e+02 2.711013793945312500e+02 2.720083594322204590e-01 8.562719821929931641e-02 9.584776163101196289e-01 0.000000000000000000e+00 2.000000000000000000e+00
1.395525970458984375e+02 2.574726562500000000e+02 2.717965393066406250e+02 3.047298789024353027e-01 1.013908460736274719e-01 9.470267295837402344e-01 0.000000000000000000e+00 2.000000000000000000e+00
1.397528228759765625e+02 2.575392761230468750e+02 2.724187927246093750e+02 3.304284214973449707e-01 1.165210455656051636e-01 9.366108179092407227e-01 0.000000000000000000e+00 2.000000000000000000e+00
1.399412231445312500e+02 2.576057128906250000e+02 2.729528198242187500e+02 3.498387038707733154e-01 1.294901967048645020e-01 9.278174638748168945e-01 0.000000000000000000e+00 2.000000000000000000e+00
1.401049652099609375e+02 2.576663208007812500e+02 2.733870849609375000e+02 3.498387038707733154e-01 1.294901967048645020e-01 9.278174638748168945e-01 0.000000000000000000e+00 2.000000000000000000e+00
