1.527376861572265625e+02 1.041777267456054688e+02 2.321813812255859375e+02 1.926708733662962914e-03 1.084375753998756409e-01 9.941014051437377930e-01 0.000000000000000000e+00 2.000000000000000000e+00
1.527369537353515625e+02 1.041365051269531250e+02 2.318034820556640625e+02 1.124023459851741791e-02 1.199779585003852844e-01 9.927129149436950684e-01 0.000000000000000000e+00 2.000000000000000000e+00
1.527313842773437500e+02 1.040770568847656250e+02 2.313115997314453125e+02 2.054966241121292114e-02 1.341653466224670410e-01 9.907458424568176270e-01 0.000000000000000000e+00 2.000000000000000000e+00
1.527189483642578125e+02 1.039958648681640625e+02 2.307120361328125000e+02 2.961506322026252747e-02 1.510390043258666992e-01 9.880840778350830078e-01 0.000000000000000000e+00 2.000000000000000000e+00
1.526982116699218750e+02 1.038901062011718750e+02 2.300201721191406250e+02 3.902992606163024902e-02 1.696603000164031982e-01 9.847293496131896973e-01 0.000000000000000000e+00 2.000000000000000000e+00
1.526679077148437500e+02 1.037583770751953125e+02 2.292555999755859375e+02 4.999253153800964355e-02 1.877875328063964844e-01 9.809365272521972656e-01 0.000000000000000000e+00 2.000000000000000000e+00
1.526262054443359375e+02 1.036017303466796875e+02 2.284373321533203125e+02 6.467884033918380737e-02 2.018320858478546143e-01 9.772821664810180664e-01 0.000000000000000000e+00 2.000000000000000000e+00
1.525694885253906250e+02 1.034247436523437500e+02 2.275803527832031250e+02 8.530163764953613281e-02 2.077494114637374878e-01 9.744556546211242676e-01 0.000000000000000000e+00 2.000000000000000000e+00
1.524920501708984375e+02 1.032361450195312500e+02 2.266957244873046875e+02 1.126288846135139465e-01 2.025037109851837158e-01 9.727831482887268066e-01 0.000000000000000000e+00 2.000000000000000000e+00
1.523874053955078125e+02 1.030479965209960938e+02 2.257919006347656250e+02 1.453760266304016113e-01 1.853548437356948853e-01 9.718587398529052734e-01 0.000000000000000000e+00 2.000000000000000000e+00
1.522505493164062500e+02 1.028735046386718750e+02 2.248769989013671875e+02 1.805671006441116333e-01 1.581900864839553833e-01 9.707581996917724609e-01 0.000000000000000000e+00 2.000000000000000000e+00
1.520800170898437500e+02 1.027241058349609375e+02 2.239601898193359375e+02 2.144205123186111450e-01 1.252293437719345093e-01 9.686802625656127930e-01 0.000000000000000000e+00 2.000000000000000000e+00
1.518791961669921875e+02 1.026068191528320312e+02 2.230529479980468750e+02 2.442268580198287964e-01 9.056974947452545166e-02 9.654793143272399902e-01 0.000000000000000000e+00 2.000000000000000000e+00
1.516548461914062500e+02 1.025236206054687500e+02 2.221660461425781250e+02 2.689808309078216553e-01 5.700210854411125183e-02 9.614572525024414062e-01 0.000000000000000000e+00 2.000000000000000000e+00
1.514149322509765625e+02 1.024727783203125000e+02 2.213084869384765625e+02 2.898272275924682617e-01 2.572121284902095795e-02 9.567333459854125977e-01 0.000000000000000000e+00 2.000000000000000000e+00
1.511657104492187500e+02 1.024506607055664062e+02 2.204857940673828125e+02 3.083674311637878418e-01 -4.568201024085283279e-03 9.512563943862915039e-01 0.000000000000000000e+00 2.000000000000000000e+00
1.509107818603515625e+02 1.024544372558593750e+02 2.196993865966796875e+02 3.262453377246856689e-01 -3.562823683023452759e-02 9.446133971214294434e-01 0.000000000000000000e+00 2.000000000000000000e+00
1.506512451171875000e+02 1.024827804565429688e+02 2.189479217529296875e+02 3.443428277969360352e-01 -6.992878764867782593e-02 9.362361431121826172e-01 0.000000000000000000e+00 2.000000000000000000e+00
1.503871002197265625e+02 1.025364227294921875e+02 2.182297363281250000e+02 3.615006804466247559e-01 -1.096356213092803955e-01 9.259035587310791016e-01 0.000000000000000000e+00 2.000000000000000000e+00
1.501195373535156250e+02 1.026175689697265625e+02 2.175444335937500000e+02 3.750827610492706299e-01 -1.571984440088272095e-01 9.135653376579284668e-01 0.000000000000000000e+00 2.000000000000000000e+00
1.498523559570312500e+02 1.027295455932617188e+02 2.168936767578125000e+02 3.817133307456970215e-01 -2.145098447799682617e-01 8.990442156791687012e-01 0.000000000000000000e+00 2.000000000000000000e+00
1.495917053222656250e+02 1.028760223388671875e+02 2.162797698974609375e+02 3.769241571426391602e-01 -2.839253842830657959e-01 8.816544413566589355e-01 0.000000000000000000e+00 2.000000000000000000e+00
1.493455047607421875e+02 1.030614776611328125e+02 2.157038879394531250e+02 3.562474548816680908e-01 -3.661235868930816650e-01 8.596749901771545410e-01 0.000000000000000000e+00 2.000000000000000000e+00
1.491223144531250000e+02 1.032908554077148438e+02 2.151652984619140625e+02 3.172307312488555908e-01 -4.594397842884063721e-01 8.296262025833129883e-01 0.000000000000000000e+00 2.000000000000000000e+00
1.489299468994140625e+02 1.035694580078125000e+02 2.146622161865234375e+02 2.610592246055603027e-01 -5.585123300552368164e-01 7.873449921607971191e-01 0.000000000000000000e+00 2.000000000000000000e+00
1.487741394042968750e+02 1.039027938842773438e+02 2.141923065185546875e+02 1.933618634939193726e-01 -6.556394696235656738e-01 7.298958897590637207e-01 0.000000000000000000e+00 2.000000000000000000e+00
1.486581573486328125e+02 1.042960586547851562e+02 2.137545013427734375e+02 1.234334558248519897e-01 -7.418016791343688965e-01 6.591619253158569336e-01 0.000000000000000000e+00 2.000000000000000000e+00
1.485820922851562500e+02 1.047531890869140625e+02 2.133482971191406250e+02 6.051906943321228027e-02 -8.108750581741333008e-01 5.820816755294799805e-01 0.000000000000000000e+00 2.000000000000000000e+00
1.485430908203125000e+02 1.052757568359375000e+02 2.129731750488281250e+02 1.121211424469947815e-02 -8.612585663795471191e-01 5.080433487892150879e-01 0.000000000000000000e+00 2.000000000000000000e+00
1.485354614257812500e+02 1.058618087768554688e+02 2.126274719238281250e+02 -2.241482026875019073e-02 -8.955314755439758301e-01 4.444332420825958252e-01 0.000000000000000000e+00 2.000000000000000000e+00
1.485515747070312500e+02 1.065055770874023438e+02 2.123079833984375000e+02 -4.136668518185615540e-02 -9.177904725074768066e-01 3.949042558670043945e-01 0.000000000000000000e+00 2.000000000000000000e+00
1.485827941894531250e+02 1.071982345581054688e+02 2.120099487304687500e+02 -4.852132871747016907e-02 -9.322748184204101562e-01 3.584819436073303223e-01 0.000000000000000000e+00 2.000000000000000000e+00
1.486208496093750000e+02 1.079294204711914062e+02 2.117287902832031250e+02 -4.690543562173843384e-02 -9.420159459114074707e-01 3.322736620903015137e-01 0.000000000000000000e+00 2.000000000000000000e+00
1.486586761474609375e+02 1.086891021728515625e+02 2.114608306884765625e+02 -3.865928947925567627e-02 -9.490373134613037109e-01 3.127837479114532471e-01 0.000000000000000000e+00 2.000000000000000000e+00
1.486904449462890625e+02 1.094689865112304688e+02 2.112037963867187500e+02 -2.522450126707553864e-02 -9.545134902000427246e-01 2.970987558364868164e-01 0.000000000000000000e+00 2.000000000000000000e+00
1.487114257812500000e+02 1.102629165649414062e+02 2.109566802978515625e+02 -7.647786755114793777e-03 -9.591417312622070312e-01 2.828224599361419678e-01 0.000000000000000000e+00 2.000000000000000000e+00
1.487178344726562500e+02 1.110666580200195312e+02 2.107196807861328125e+02 1.396392006427049637e-02 -9.630299210548400879e-01 2.690321505069732666e-01 0.000000000000000000e+00 2.000000000000000000e+00
1.487060852050781250e+02 1.118769531250000000e+02 2.104933166503906250e+02 3.977202251553535461e-02 -9.660019874572753906e-01 2.554573714733123779e-01 0.000000000000000000e+00 2.000000000000000000e+00
1.486725769042968750e+02 1.126908187866210938e+02 2.102780914306640625e+02 6.992328912019729614e-02 -9.676530957221984863e-01 2.424007505178451538e-01 0.000000000000000000e+00 2.000000000000000000e+00
1.486137542724609375e+02 1.135048522949218750e+02 2.100741729736328125e+02 1.036437600851058960e-01 -9.676270484924316406e-01 2.301211953163146973e-01 0.000000000000000000e+00 2.000000000000000000e+00
1.485269012451171875e+02 1.143157196044921875e+02 2.098813323974609375e+02 1.403048783540725708e-01 -9.654983282089233398e-01 2.193798124790191650e-01 0.000000000000000000e+00 2.000000000000000000e+00
1.484100494384765625e+02 1.151198272705078125e+02 2.096986236572265625e+02 1.783384829759597778e-01 -9.610103368759155273e-01 2.113162279129028320e-01 0.000000000000000000e+00 2.000000000000000000e+00
1.482627563476562500e+02 1.159135437011718750e+02 2.095240936279296875e+02 2.165360301733016968e-01 -9.540856480598449707e-01 2.069607377052307129e-01 0.000000000000000000e+00 2.000000000000000000e+00
1.480857391357421875e+02 1.166935043334960938e+02 2.093549041748046875e+02 2.534392774105072021e-01 -9.446973800659179688e-01 2.081235647201538086e-01 0.000000000000000000e+00 2.000000000000000000e+00
1.478810119628906250e+02 1.174566268920898438e+02 2.091867828369140625e+02 2.883303761482238770e-01 -9.327395558357238770e-01 2.164774090051651001e-01 0.000000000000000000e+00 2.000000000000000000e+00
1.476510925292968750e+02 1.182004089355468750e+02 2.090141601562500000e+02 3.205347955226898193e-01 -9.179189205169677734e-01 2.338424623012542725e-01 0.000000000000000000e+00 2.000000000000000000e+00
1.473988494873046875e+02 1.189227600097656250e+02 2.088301391601562500e+02 3.497007489204406738e-01 -8.996132612228393555e-01 2.615443468093872070e-01 0.000000000000000000e+00 2.000000000000000000e+00
1.471270141601562500e+02 1.196220626831054688e+02 2.086268310546875000e+02 3.753984272480010986e-01 -8.770303130149841309e-01 2.998229861259460449e-01 0.000000000000000000e+00 2.000000000000000000e+00
1.468381652832031250e+02 1.202968902587890625e+02 2.083961334228515625e+02 3.971152603626251221e-01 -8.494703173637390137e-01 3.474184274673461914e-01 0.000000000000000000e+00 2.000000000000000000e+00
1.465348052978515625e+02 1.209458084106445312e+02 2.081307373046875000e+02 4.144312143325805664e-01 -8.167098760604858398e-01 4.015366435050964355e-01 0.000000000000000000e+00 2.000000000000000000e+00
1.462194671630859375e+02 1.215672378540039062e+02 2.078252105712890625e+02 4.271527826786041260e-01 -7.792988419532775879e-01 4.585126638412475586e-01 0.000000000000000000e+00 2.000000000000000000e+00
1.458948211669921875e+02 1.221595230102539062e+02 2.074767303466796875e+02 4.358021616935729980e-01 -7.386220693588256836e-01 5.143091678619384766e-01 0.000000000000000000e+00 2.000000000000000000e+00
1.455634613037109375e+02 1.227211303710937500e+02 2.070856781005859375e+02 4.409922957420349121e-01 -6.964725255966186523e-01 5.660845637321472168e-01 0.000000000000000000e+00 2.000000000000000000e+00
1.452280120849609375e+02 1.232509155273437500e+02 2.066550750732421875e+02 4.438276588916778564e-01 -6.548455953598022461e-01 6.117141246795654297e-01 0.000000000000000000e+00 2.000000000000000000e+00
1.448908233642578125e+02 1.237484207153320312e+02 2.061903381347656250e+02 4.452058970928192139e-01 -6.152489781379699707e-01 6.505846977233886719e-01 0.000000000000000000e+00 2.000000000000000000e+00
1.445540008544921875e+02 1.242138900756835938e+02 2.056981353759765625e+02 4.459210932254791260e-01 -5.787196755409240723e-01 6.828160881996154785e-01 0.000000000000000000e+00 2.000000000000000000e+00
1.442192687988281250e+02 1.246483078002929688e+02 2.051855773925781250e+02 4.464764297008514404e-01 -5.458363294601440430e-01 7.090285420417785645e-01 0.000000000000000000e+00 2.000000000000000000e+00
1.438881988525390625e+02 1.250530548095703125e+02 2.046598205566406250e+02 4.471849203109741211e-01 -5.162037014961242676e-01 7.304515242576599121e-01 0.000000000000000000e+00 2.000000000000000000e+00
1.435617980957031250e+02 1.254298324584960938e+02 2.041266632080078125e+02 4.478002488613128662e-01 -4.890621006488800049e-01 7.485272884368896484e-01 0.000000000000000000e+00 2.000000000000000000e+00
1.432409515380859375e+02 1.257802429199218750e+02 2.035903472900390625e+02 4.479651749134063721e-01 -4.632181823253631592e-01 7.646934986114501953e-01 0.000000000000000000e+00 2.000000000000000000e+00
1.429263610839843750e+02 1.261055450439453125e+02 2.030533294677734375e+02 4.467694461345672607e-01 -4.374330937862396240e-01 7.804161310195922852e-01 0.000000000000000000e+00 2.000000000000000000e+00
1.426189575195312500e+02 1.264065246582031250e+02 2.025163574218750000e+02 4.432891905307769775e-01 -4.106268584728240967e-01 7.967936992645263672e-01 0.000000000000000000e+00 2.000000000000000000e+00
1.423200225830078125e+02 1.266834335327148438e+02 2.019790344238281250e+02 4.365708827972412109e-01 -3.823916912078857422e-01 8.143601417541503906e-01 0.000000000000000000e+00 2.000000000000000000e+00
1.420312652587890625e+02 1.269363555908203125e+02 2.014403991699218750e+02 4.261402785778045654e-01 -3.528115451335906982e-01 8.330236673355102539e-01 0.000000000000000000e+00 2.000000000000000000e+00
1.417543792724609375e+02 1.271655960083007812e+02 2.008991394042968750e+02 4.115842282772064209e-01 -3.232275545597076416e-01 8.521280884742736816e-01 0.000000000000000000e+00 2.000000000000000000e+00
1.414908905029296875e+02 1.273725204467773438e+02 2.003536224365234375e+02 3.935770690441131592e-01 -2.954956889152526855e-01 8.705052137374877930e-01 0.000000000000000000e+00 2.000000000000000000e+00
1.412413787841796875e+02 1.275598526000976562e+02 1.998017578125000000e+02 3.724921941757202148e-01 -2.724666595458984375e-01 8.871366977691650391e-01 0.000000000000000000e+00 2.000000000000000000e+00
1.410058746337890625e+02 1.277321166992187500e+02 1.992408752441406250e+02 3.493981659412384033e-01 -2.567569017410278320e-01 9.011086225509643555e-01 0.000000000000000000e+00 2.000000000000000000e+00
1.407842254638671875e+02 1.278949966430664062e+02 1.986692352294921875e+02 3.245605528354644775e-01 -2.506806552410125732e-01 9.120414853096008301e-01 0.000000000000000000e+00 2.000000000000000000e+00
1.405768585205078125e+02 1.280551605224609375e+02 1.980865173339843750e+02 2.976576983928680420e-01 -2.558803558349609375e-01 9.197419285774230957e-01 0.000000000000000000e+00 2.000000000000000000e+00
1.403852996826171875e+02 1.282198333740234375e+02 1.974946136474609375e+02 2.674657106399536133e-01 -2.735037505626678467e-01 9.239360094070434570e-01 0.000000000000000000e+00 2.000000000000000000e+00
1.402122650146484375e+02 1.283967742919921875e+02 1.968968811035156250e+02 2.336863428354263306e-01 -3.042149841785430908e-01 9.234955310821533203e-01 0.000000000000000000e+00 2.000000000000000000e+00
1.400604400634765625e+02 1.285944213867187500e+02 1.962968902587890625e+02 1.969901323318481445e-01 -3.478518724441528320e-01 9.166209697723388672e-01 0.000000000000000000e+00 2.000000000000000000e+00
1.399315490722656250e+02 1.288220214843750000e+02 1.956971435546875000e+02 1.602354943752288818e-01 -4.014621078968048096e-01 9.017498493194580078e-01 0.000000000000000000e+00 2.000000000000000000e+00
1.398251647949218750e+02 1.290885620117187500e+02 1.950984497070312500e+02 1.272272914648056030e-01 -4.605655074119567871e-01 8.784602880477905273e-01 0.000000000000000000e+00 2.000000000000000000e+00
1.397385864257812500e+02 1.294019775390625000e+02 1.945006561279296875e+02 1.006086021661758423e-01 -5.199666023254394531e-01 8.482409119606018066e-01 0.000000000000000000e+00 2.000000000000000000e+00
1.396678314208984375e+02 1.297676544189453125e+02 1.939041137695312500e+02 7.925246655941009521e-02 -5.765318870544433594e-01 8.132219910621643066e-01 0.000000000000000000e+00 2.000000000000000000e+00
1.396100463867187500e+02 1.301880187988281250e+02 1.933111724853515625e+02 5.975277349352836609e-02 -6.290734410285949707e-01 7.750458717346191406e-01 0.000000000000000000e+00 2.000000000000000000e+00
1.395649871826171875e+02 1.306623992919921875e+02 1.927267150878906250e+02 3.731393814086914062e-02 -6.776140332221984863e-01 7.344705462455749512e-01 0.000000000000000000e+00 2.000000000000000000e+00
1.395360565185546875e+02 1.311877746582031250e+02 1.921572570800781250e+02 8.045440539717674255e-03 -7.222181558609008789e-01 6.916185021400451660e-01 0.000000000000000000e+00 2.000000000000000000e+00
1.395296936035156250e+02 1.317589569091796875e+02 1.916102752685546875e+02 -2.903681620955467224e-02 -7.618443965911865234e-01 6.471089124679565430e-01 0.000000000000000000e+00 2.000000000000000000e+00
1.395529174804687500e+02 1.323682861328125000e+02 1.910927124023437500e+02 -7.193239778280258179e-02 -7.951806187629699707e-01 6.020908951759338379e-01 0.000000000000000000e+00 2.000000000000000000e+00
1.396105346679687500e+02 1.330052185058593750e+02 1.906104431152343750e+02 -1.168542057275772095e-01 -8.212702870368957520e-01 5.584445595741271973e-01 0.000000000000000000e+00 2.000000000000000000e+00
1.397031860351562500e+02 1.336563873291015625e+02 1.901676635742187500e+02 -1.596000194549560547e-01 -8.403196930885314941e-01 5.180643796920776367e-01 0.000000000000000000e+00 2.000000000000000000e+00
1.398267364501953125e+02 1.343069000244140625e+02 1.897666168212890625e+02 -1.973468661308288574e-01 -8.536270856857299805e-01 4.820530414581298828e-01 0.000000000000000000e+00 2.000000000000000000e+00
1.399737854003906250e+02 1.349429626464843750e+02 1.894074249267578125e+02 -2.284036576747894287e-01 -8.629084825515747070e-01 4.508000910282135010e-01 0.000000000000000000e+00 2.000000000000000000e+00
1.401356506347656250e+02 1.355544891357421875e+02 1.890879516601562500e+02 -2.524966895580291748e-01 -8.694704771041870117e-01 4.245779812335968018e-01 0.000000000000000000e+00 2.000000000000000000e+00
1.403048248291015625e+02 1.361370391845703125e+02 1.888034820556640625e+02 2.700462937355041504e-01 8.744345307350158691e-01 -4.030376672744750977e-01 0.000000000000000000e+00 2.000000000000000000e+00
1.404761962890625000e+02 1.366919555664062500e+02 1.885477142333984375e+02 2.819616496562957764e-01 8.784093260765075684e-01 -3.858687281608581543e-01 0.000000000000000000e+00 2.000000000000000000e+00
1.406473693847656250e+02 1.372252197265625000e+02 1.883134613037109375e+02 2.898749709129333496e-01 8.816233277320861816e-01 -3.724415004253387451e-01 0.000000000000000000e+00 2.000000000000000000e+00
1.408184204101562500e+02 1.377454528808593750e+02 1.880936889648437500e+02 2.953291535377502441e-01 8.842909336090087891e-01 -3.616770803928375244e-01 0.000000000000000000e+00 2.000000000000000000e+00
1.409910736083984375e+02 1.382624206542968750e+02 1.878822479248046875e+02 2.996441721916198730e-01 8.865702152252197266e-01 -3.524297773838043213e-01 0.000000000000000000e+00 2.000000000000000000e+00
1.411678619384765625e+02 1.387854919433593750e+02 1.876743164062500000e+02 3.037439286708831787e-01 8.888750672340393066e-01 -3.429879248142242432e-01 0.000000000000000000e+00 2.000000000000000000e+00
1.413517456054687500e+02 1.393236083984375000e+02 1.874666748046875000e+02 3.075399100780487061e-01 8.912786841392517090e-01 -3.332288861274719238e-01 0.000000000000000000e+00 2.000000000000000000e+00
1.415451965332031250e+02 1.398842468261718750e+02 1.872570648193359375e+02 3.107885718345642090e-01 8.941336870193481445e-01 -3.223901689052581787e-01 0.000000000000000000e+00 2.000000000000000000e+00
1.417499847412109375e+02 1.404734191894531250e+02 1.870446319580078125e+02 3.124761283397674561e-01 8.976947665214538574e-01 -3.106490373611450195e-01 0.000000000000000000e+00 2.000000000000000000e+00
1.419665832519531250e+02 1.410956726074218750e+02 1.868292999267578125e+02 3.119791448116302490e-01 9.019816517829895020e-01 -2.984930276870727539e-01 0.000000000000000000e+00 2.000000000000000000e+00
1.421942596435546875e+02 1.417539215087890625e+02 1.866114654541015625e+02 3.089246749877929688e-01 9.072338938713073730e-01 -2.854685783386230469e-01 0.000000000000000000e+00 2.000000000000000000e+00
1.424313964843750000e+02 1.424503326416015625e+02 1.863923339843750000e+02 3.035067915916442871e-01 9.131915569305419922e-01 -2.719645202159881592e-01 0.000000000000000000e+00 2.000000000000000000e+00
1.426758575439453125e+02 1.431858673095703125e+02 1.861732788085937500e+02 2.967988252639770508e-01 9.191879034042358398e-01 -2.588513493537902832e-01 0.000000000000000000e+00 2.000000000000000000e+00
1.429256439208984375e+02 1.439594573974609375e+02 1.859554290771484375e+02 2.909639179706573486e-01 9.242918491363525391e-01 -2.470316439867019653e-01 0.000000000000000000e+00 2.000000000000000000e+00
1.431795043945312500e+02 1.447658843994140625e+02 1.857398986816406250e+02 2.885035276412963867e-01 9.276899695396423340e-01 -2.369746714830398560e-01 0.000000000000000000e+00 2.000000000000000000e+00
1.434374237060546875e+02 1.455952301025390625e+02 1.855280456542968750e+02 2.916626334190368652e-01 9.288410544395446777e-01 -2.284451127052307129e-01 0.000000000000000000e+00 2.000000000000000000e+00
1.437007141113281250e+02 1.464337158203125000e+02 1.853218231201171875e+02 3.017825186252593994e-01 9.275029897689819336e-01 -2.206026464700698853e-01 0.000000000000000000e+00 2.000000000000000000e+00
1.439717407226562500e+02 1.472666931152343750e+02 1.851237030029296875e+02 3.181500136852264404e-01 9.240283370018005371e-01 -2.120194286108016968e-01 0.000000000000000000e+00 2.000000000000000000e+00
1.442529144287109375e+02 1.480833282470703125e+02 1.849363250732421875e+02 3.382331728935241699e-01 9.192593097686767578e-01 -2.013967931270599365e-01 0.000000000000000000e+00 2.000000000000000000e+00
1.445458984375000000e+02 1.488796081542968750e+02 1.847618713378906250e+02 3.581036329269409180e-01 9.143212437629699707e-01 -1.891519874334335327e-01 0.000000000000000000e+00 2.000000000000000000e+00
1.448507537841796875e+02 1.496579742431640625e+02 1.846008453369140625e+02 3.741244077682495117e-01 9.103857278823852539e-01 -1.767167001962661743e-01 0.000000000000000000e+00 2.000000000000000000e+00
1.451655578613281250e+02 1.504240112304687500e+02 1.844521484375000000e+02 3.848259150981903076e-01 9.078732132911682129e-01 -1.663593202829360962e-01 0.000000000000000000e+00 2.000000000000000000e+00
1.454867248535156250e+02 1.511817016601562500e+02 1.843133087158203125e+02 3.913519978523254395e-01 9.063355326652526855e-01 -1.593719422817230225e-01 0.000000000000000000e+00 2.000000000000000000e+00
1.458098602294921875e+02 1.519300537109375000e+02 1.841817169189453125e+02 3.959766924381256104e-01 9.049578309059143066e-01 -1.557364016771316528e-01 0.000000000000000000e+00 2.000000000000000000e+00
1.461308288574218750e+02 1.526635894775390625e+02 1.840554809570312500e+02 4.002318382263183594e-01 9.031905531883239746e-01 -1.551171988248825073e-01 0.000000000000000000e+00 2.000000000000000000e+00
1.464460296630859375e+02 1.533748931884765625e+02 1.839333190917968750e+02 4.042033553123474121e-01 9.010165333747863770e-01 -1.574447602033615112e-01 0.000000000000000000e+00 2.000000000000000000e+00
1.467529144287109375e+02 1.540589752197265625e+02 1.838137817382812500e+02 4.076500833034515381e-01 8.983717560768127441e-01 -1.635529994964599609e-01 0.000000000000000000e+00 2.000000000000000000e+00
1.470507049560546875e+02 1.547152404785156250e+02 1.836943054199218750e+02 4.102979600429534912e-01 8.950737714767456055e-01 -1.746385395526885986e-01 0.000000000000000000e+00 2.000000000000000000e+00
1.473405456542968750e+02 1.553475341796875000e+02 1.835709381103515625e+02 4.133413732051849365e-01 8.902414441108703613e-01 -1.913613379001617432e-01 0.000000000000000000e+00 2.000000000000000000e+00
1.476258392333984375e+02 1.559619903564453125e+02 1.834388580322265625e+02 4.184789359569549561e-01 8.829184770584106445e-01 -2.129091620445251465e-01 0.000000000000000000e+00 2.000000000000000000e+00
1.479112091064453125e+02 1.565640716552734375e+02 1.832936706542968750e+02 4.276796281337738037e-01 8.723021149635314941e-01 -2.370213121175765991e-01 0.000000000000000000e+00 2.000000000000000000e+00
1.482020111083984375e+02 1.571571960449218750e+02 1.831325073242187500e+02 4.412313699722290039e-01 8.585287928581237793e-01 -2.612338960170745850e-01 0.000000000000000000e+00 2.000000000000000000e+00
1.485024414062500000e+02 1.577417602539062500e+02 1.829546356201171875e+02 4.576167762279510498e-01 8.422009944915771484e-01 -2.851042747497558594e-01 0.000000000000000000e+00 2.000000000000000000e+00
1.488145141601562500e+02 1.583161010742187500e+02 1.827602081298828125e+02 4.746065139770507812e-01 8.239403963088989258e-01 -3.096302151679992676e-01 0.000000000000000000e+00 2.000000000000000000e+00
1.491377258300781250e+02 1.588772125244140625e+02 1.825493469238281250e+02 4.899791479110717773e-01 8.041203618049621582e-01 -3.366169035434722900e-01 0.000000000000000000e+00 2.000000000000000000e+00
1.494693756103515625e+02 1.594214935302734375e+02 1.823215026855468750e+02 5.019749999046325684e-01 7.828842997550964355e-01 -3.675776124000549316e-01 0.000000000000000000e+00 2.000000000000000000e+00
1.498057403564453125e+02 1.599460906982421875e+02 1.820751953125000000e+02 5.097318887710571289e-01 7.601119279861450195e-01 -4.029928445816040039e-01 0.000000000000000000e+00 2.000000000000000000e+00
1.501429748535156250e+02 1.604489746093750000e+02 1.818085784912109375e+02 5.127330422401428223e-01 7.365947961807250977e-01 -4.410589039325714111e-01 0.000000000000000000e+00 2.000000000000000000e+00
1.504775390625000000e+02 1.609296112060546875e+02 1.815207824707031250e+02 5.112969279289245605e-01 7.133923172950744629e-01 -4.792148768901824951e-01 0.000000000000000000e+00 2.000000000000000000e+00
1.508065643310546875e+02 1.613886871337890625e+02 1.812124023437500000e+02 5.066053271293640137e-01 6.917369961738586426e-01 -5.146367549896240234e-01 0.000000000000000000e+00 2.000000000000000000e+00
1.511280364990234375e+02 1.618276367187500000e+02 1.808858337402343750e+02 5.007267594337463379e-01 6.723710894584655762e-01 -5.451512336730957031e-01 0.000000000000000000e+00 2.000000000000000000e+00
1.514410552978515625e+02 1.622479553222656250e+02 1.805450439453125000e+02 4.952672123908996582e-01 6.558836698532104492e-01 -5.696726441383361816e-01 0.000000000000000000e+00 2.000000000000000000e+00
1.517457580566406250e+02 1.626514739990234375e+02 1.801945648193359375e+02 4.925521612167358398e-01 6.416896581649780273e-01 -5.879002809524536133e-01 0.000000000000000000e+00 2.000000000000000000e+00
1.520437927246093750e+02 1.630397491455078125e+02 1.798388366699218750e+02 4.939683079719543457e-01 6.294248700141906738e-01 -5.998497605323791504e-01 0.000000000000000000e+00 2.000000000000000000e+00
1.523381500244140625e+02 1.634148254394531250e+02 1.794813842773437500e+02 5.002706050872802734e-01 6.184702515602111816e-01 -6.059900522232055664e-01 0.000000000000000000e+00 2.000000000000000000e+00
1.526329650878906250e+02 1.637792968750000000e+02 1.791242675781250000e+02 5.103316307067871094e-01 6.087988615036010742e-01 -6.073925495147705078e-01 0.000000000000000000e+00 2.000000000000000000e+00
1.529319763183593750e+02 1.641360015869140625e+02 1.787683868408203125e+02 5.229397416114807129e-01 5.999990701675415039e-01 -6.054213643074035645e-01 0.000000000000000000e+00 2.000000000000000000e+00
1.532380676269531250e+02 1.644871978759765625e+02 1.784140167236328125e+02 5.363214612007141113e-01 5.922933816909790039e-01 -6.012883782386779785e-01 0.000000000000000000e+00 2.000000000000000000e+00
1.535528564453125000e+02 1.648348388671875000e+02 1.780610961914062500e+02 5.493104457855224609e-01 5.856416821479797363e-01 -5.960552692413330078e-01 0.000000000000000000e+00 2.000000000000000000e+00
1.538772277832031250e+02 1.651806640625000000e+02 1.777091217041015625e+02 5.607506632804870605e-01 5.805535912513732910e-01 -5.903527140617370605e-01 0.000000000000000000e+00 2.000000000000000000e+00
1.542116546630859375e+02 1.655269012451171875e+02 1.773570404052734375e+02 5.699880123138427734e-01 5.771421790122985840e-01 -5.848253369331359863e-01 0.000000000000000000e+00 2.000000000000000000e+00
1.545569152832031250e+02 1.658764953613281250e+02 1.770027923583984375e+02 5.765094161033630371e-01 5.758683085441589355e-01 -5.796658396720886230e-01 0.000000000000000000e+00 2.000000000000000000e+00
1.549136505126953125e+02 1.662328338623046875e+02 1.766441040039062500e+02 5.801153779029846191e-01 5.764320492744445801e-01 -5.754931569099426270e-01 0.000000000000000000e+00 2.000000000000000000e+00
1.552813415527343750e+02 1.665981903076171875e+02 1.762793426513671875e+02 5.811077952384948730e-01 5.783990621566772461e-01 -5.725104808807373047e-01 0.000000000000000000e+00 2.000000000000000000e+00
1.556577911376953125e+02 1.669728851318359375e+02 1.759084625244140625e+02 5.804531574249267578e-01 5.810343623161315918e-01 -5.705026388168334961e-01 0.000000000000000000e+00 2.000000000000000000e+00
1.560387573242187500e+02 1.673542327880859375e+02 1.755340270996093750e+02 5.790941119194030762e-01 5.834862589836120605e-01 -5.693801641464233398e-01 0.000000000000000000e+00 2.000000000000000000e+00
1.564189910888671875e+02 1.677373504638671875e+02 1.751601715087890625e+02 5.780091285705566406e-01 5.851078629493713379e-01 -5.688183307647705078e-01 0.000000000000000000e+00 2.000000000000000000e+00
1.567942047119140625e+02 1.681171722412109375e+02 1.747909240722656250e+02 5.780357718467712402e-01 5.853130221366882324e-01 -5.685802102088928223e-01 0.000000000000000000e+00 2.000000000000000000e+00
1.571626586914062500e+02 1.684902648925781250e+02 1.744284973144531250e+02 5.794910192489624023e-01 5.837773680686950684e-01 -5.686776041984558105e-01 0.000000000000000000e+00 2.000000000000000000e+00
1.575257263183593750e+02 1.688560180664062500e+02 1.740722045898437500e+02 5.824028253555297852e-01 5.803896784782409668e-01 -5.691702961921691895e-01 0.000000000000000000e+00 2.000000000000000000e+00
1.578877105712890625e+02 1.692167510986328125e+02 1.737184448242187500e+02 5.862731933593750000e-01 5.754411220550537109e-01 -5.702202916145324707e-01 0.000000000000000000e+00 2.000000000000000000e+00
1.582543945312500000e+02 1.695766601562500000e+02 1.733618011474609375e+02 5.904992818832397461e-01 5.693588256835937500e-01 -5.719625949859619141e-01 0.000000000000000000e+00 2.000000000000000000e+00
1.586315917968750000e+02 1.699403533935546875e+02 1.729964447021484375e+02 5.946257114410400391e-01 5.626889467239379883e-01 -5.742833614349365234e-01 0.000000000000000000e+00 2.000000000000000000e+00
1.590236511230468750e+02 1.703113555908203125e+02 1.726177978515625000e+02 5.985686779022216797e-01 5.558121800422668457e-01 -5.768780112266540527e-01 0.000000000000000000e+00 2.000000000000000000e+00
1.594329376220703125e+02 1.706914062500000000e+02 1.722233428955078125e+02 6.021414995193481445e-01 5.486972332000732422e-01 -5.799627900123596191e-01 0.000000000000000000e+00 2.000000000000000000e+00
1.598596343994140625e+02 1.710802307128906250e+02 1.718123626708984375e+02 6.053259372711181641e-01 5.416151285171508789e-01 -5.832954645156860352e-01 0.000000000000000000e+00 2.000000000000000000e+00
1.603019561767578125e+02 1.714759979248046875e+02 1.713861389160156250e+02 6.080069541931152344e-01 5.344909429550170898e-01 -5.870665311813354492e-01 0.000000000000000000e+00 2.000000000000000000e+00
1.607565155029296875e+02 1.718755950927734375e+02 1.709472351074218750e+02 6.103754043579101562e-01 5.272659063339233398e-01 -5.911281704902648926e-01 0.000000000000000000e+00 2.000000000000000000e+00
1.612191162109375000e+02 1.722752075195312500e+02 1.704992218017578125e+02 6.121144890785217285e-01 5.199764370918273926e-01 -5.957686901092529297e-01 0.000000000000000000e+00 2.000000000000000000e+00
1.616848144531250000e+02 1.726708068847656250e+02 1.700459594726562500e+02 6.133777499198913574e-01 5.128260254859924316e-01 -6.006473898887634277e-01 0.000000000000000000e+00 2.000000000000000000e+00
1.621487274169921875e+02 1.730586700439453125e+02 1.695916748046875000e+02 6.142886877059936523e-01 5.056148767471313477e-01 -6.058077812194824219e-01 0.000000000000000000e+00 2.000000000000000000e+00
1.626062927246093750e+02 1.734352874755859375e+02 1.691404266357421875e+02 6.150909066200256348e-01 4.992619752883911133e-01 -6.102463603019714355e-01 0.000000000000000000e+00 2.000000000000000000e+00
1.630538177490234375e+02 1.737985382080078125e+02 1.686964263916015625e+02 6.162140965461730957e-01 4.939782023429870605e-01 -6.134050488471984863e-01 0.000000000000000000e+00 2.000000000000000000e+00
1.634889678955078125e+02 1.741473693847656250e+02 1.682632598876953125e+02 6.178088784217834473e-01 4.897150695323944092e-01 -6.152165532112121582e-01 0.000000000000000000e+00 2.000000000000000000e+00
1.639108123779296875e+02 1.744817504882812500e+02 1.678431854248046875e+02 6.205627918243408203e-01 4.875024259090423584e-01 -6.142012476921081543e-01 0.000000000000000000e+00 2.000000000000000000e+00
1.643201446533203125e+02 1.748033142089843750e+02 1.674380493164062500e+02 6.247350573539733887e-01 4.875397682189941406e-01 -6.099270582199096680e-01 0.000000000000000000e+00 2.000000000000000000e+00
1.647186279296875000e+02 1.751142883300781250e+02 1.670490112304687500e+02 6.301031112670898438e-01 4.879598915576934814e-01 -6.040406227111816406e-01 0.000000000000000000e+00 2.000000000000000000e+00
1.651070861816406250e+02 1.754151153564453125e+02 1.666766204833984375e+02 6.348826289176940918e-01 4.842975437641143799e-01 -6.019799709320068359e-01 0.000000000000000000e+00 2.000000000000000000e+00
1.654833679199218750e+02 1.757021484375000000e+02 1.663198394775390625e+02 6.361272931098937988e-01 4.692742228507995605e-01 -6.124734282493591309e-01 0.000000000000000000e+00 2.000000000000000000e+00
1.658407897949218750e+02 1.759658203125000000e+02 1.659757080078125000e+02 6.275134682655334473e-01 4.310276210308074951e-01 -6.484149694442749023e-01 0.000000000000000000e+00 2.000000000000000000e+00
1.661678771972656250e+02 1.761904907226562500e+02 1.656377258300781250e+02 5.973976254463195801e-01 3.536276817321777344e-01 -7.197663187980651855e-01 0.000000000000000000e+00 2.000000000000000000e+00
1.664505767822265625e+02 1.763578338623046875e+02 1.652971191406250000e+02 5.272091627120971680e-01 2.220053225755691528e-01 -8.202220201492309570e-01 0.000000000000000000e+00 2.000000000000000000e+00
1.666762542724609375e+02 1.764528656005859375e+02 1.649460144042968750e+02 4.056429564952850342e-01 4.315432161092758179e-02 -9.130122661590576172e-01 0.000000000000000000e+00 2.000000000000000000e+00
1.668380432128906250e+02 1.764700775146484375e+02 1.645818634033203125e+02 2.562787532806396484e-01 -1.372935920953750610e-01 -9.568028450012207031e-01 0.000000000000000000e+00 2.000000000000000000e+00
1.669373626708984375e+02 1.764168701171875000e+02 1.642110595703125000e+02 1.227114275097846985e-01 -2.747450768947601318e-01 -9.536545872688293457e-01 0.000000000000000000e+00 2.000000000000000000e+00
1.669839782714843750e+02 1.763125000000000000e+02 1.638487854003906250e+02 2.472348138689994812e-02 -3.633925616741180420e-01 -9.313079714775085449e-01 0.000000000000000000e+00 2.000000000000000000e+00
1.669928283691406250e+02 1.761824188232421875e+02 1.635154113769531250e+02 -4.121286794543266296e-02 -4.167402684688568115e-01 -9.080908894538879395e-01 0.000000000000000000e+00 2.000000000000000000e+00
1.669798736572265625e+02 1.760514221191406250e+02 1.632299652099609375e+02 -4.121286794543266296e-02 -4.167402684688568115e-01 -9.080908894538879395e-01 0.000000000000000000e+00 2.000000000000000000e+00
