1.612201995849609375e+02 2.971369323730468750e+02 2.069523811340332031e+01 -4.707557857036590576e-01 4.494358301162719727e-01 -7.592077851295471191e-01 0.000000000000000000e+00 2.000000000000000000e+00
1.613792266845703125e+02 2.969851074218750000e+02 2.095170783996582031e+01 -4.806504249572753906e-01 4.448085427284240723e-01 -7.557251453399658203e-01 0.000000000000000000e+00 2.000000000000000000e+00
1.615856933593750000e+02 2.967940368652343750e+02 2.127633476257324219e+01 -4.937692880630493164e-01 4.393610358238220215e-01 -7.504358291625976562e-01 0.000000000000000000e+00 2.000000000000000000e+00
1.618359222412109375e+02 2.965713806152343750e+02 2.165663528442382812e+01 -5.106802582740783691e-01 4.330864846706390381e-01 -7.427259087562561035e-01 0.000000000000000000e+00 2.000000000000000000e+00
1.621219329833984375e+02 2.963288269042968750e+02 2.207260513305664062e+01 -5.306709408760070801e-01 4.279135167598724365e-01 -7.316271662712097168e-01 0.000000000000000000e+00 2.000000000000000000e+00
1.624336700439453125e+02 2.960774536132812500e+02 2.250239181518554688e+01 -5.524323582649230957e-01 4.261966049671173096e-01 -7.163622975349426270e-01 0.000000000000000000e+00 2.000000000000000000e+00
1.627618713378906250e+02 2.958242492675781250e+02 2.292798423767089844e+01 -5.736892223358154297e-01 4.314565062522888184e-01 -6.962227225303649902e-01 0.000000000000000000e+00 2.000000000000000000e+00
1.631003723144531250e+02 2.955696716308593750e+02 2.333878517150878906e+01 -5.911765694618225098e-01 4.466841518878936768e-01 -6.715530753135681152e-01 0.000000000000000000e+00 2.000000000000000000e+00
1.634459838867187500e+02 2.953085327148437500e+02 2.373138618469238281e+01 -6.029312610626220703e-01 4.719977080821990967e-01 -6.431888937950134277e-01 0.000000000000000000e+00 2.000000000000000000e+00
1.637984313964843750e+02 2.950326232910156250e+02 2.410736656188964844e+01 -6.086529493331909180e-01 5.041289329528808594e-01 -6.126953959465026855e-01 0.000000000000000000e+00 2.000000000000000000e+00
1.641585540771484375e+02 2.947343444824218750e+02 2.446988105773925781e+01 -6.099128127098083496e-01 5.383099913597106934e-01 -5.815742611885070801e-01 0.000000000000000000e+00 2.000000000000000000e+00
1.645269012451171875e+02 2.944092407226562500e+02 2.482111358642578125e+01 -6.087929606437683105e-01 5.704434514045715332e-01 -5.513305068016052246e-01 0.000000000000000000e+00 2.000000000000000000e+00
1.649023590087890625e+02 2.940574340820312500e+02 2.516113281250000000e+01 -6.066035032272338867e-01 5.983834266662597656e-01 -5.234208703041076660e-01 0.000000000000000000e+00 2.000000000000000000e+00
1.652818298339843750e+02 2.936831054687500000e+02 2.548856735229492188e+01 -6.036001443862915039e-01 6.223494410514831543e-01 -4.983452260494232178e-01 0.000000000000000000e+00 2.000000000000000000e+00
1.656605682373046875e+02 2.932926025390625000e+02 2.580126190185546875e+01 -5.997605919837951660e-01 6.429602503776550293e-01 -4.763290286064147949e-01 0.000000000000000000e+00 2.000000000000000000e+00
1.660332031250000000e+02 2.928931274414062500e+02 2.609720802307128906e+01 -5.947620868682861328e-01 6.614028811454772949e-01 -4.569510519504547119e-01 0.000000000000000000e+00 2.000000000000000000e+00
1.663958587646484375e+02 2.924898376464843750e+02 2.637583351135253906e+01 -5.883843302726745605e-01 6.789541840553283691e-01 -4.391185939311981201e-01 0.000000000000000000e+00 2.000000000000000000e+00
1.667470703125000000e+02 2.920845642089843750e+02 2.663794708251953125e+01 -5.805774331092834473e-01 6.962770819664001465e-01 -4.220523536205291748e-01 0.000000000000000000e+00 2.000000000000000000e+00
1.670879516601562500e+02 2.916757507324218750e+02 2.688575172424316406e+01 -5.716057419776916504e-01 7.138468623161315918e-01 -4.045855700969696045e-01 0.000000000000000000e+00 2.000000000000000000e+00
1.674214630126953125e+02 2.912592468261718750e+02 2.712181282043457031e+01 -5.618469119071960449e-01 7.316857576370239258e-01 -3.859586417675018311e-01 0.000000000000000000e+00 2.000000000000000000e+00
1.677504272460937500e+02 2.908308410644531250e+02 2.734779357910156250e+01 -5.519664287567138672e-01 7.493798136711120605e-01 -3.657362461090087891e-01 0.000000000000000000e+00 2.000000000000000000e+00
1.680762481689453125e+02 2.903884887695312500e+02 2.756368446350097656e+01 -5.431764125823974609e-01 7.661003470420837402e-01 -3.435834050178527832e-01 0.000000000000000000e+00 2.000000000000000000e+00
1.683990783691406250e+02 2.899331665039062500e+02 2.776788902282714844e+01 -5.365278124809265137e-01 7.810610532760620117e-01 -3.195019662380218506e-01 0.000000000000000000e+00 2.000000000000000000e+00
1.687185363769531250e+02 2.894681091308593750e+02 2.795812606811523438e+01 -5.334452986717224121e-01 7.931231856346130371e-01 -2.939245402812957764e-01 0.000000000000000000e+00 2.000000000000000000e+00
1.690351257324218750e+02 2.889974060058593750e+02 2.813256454467773438e+01 -5.346316099166870117e-01 8.014956712722778320e-01 -2.679063677787780762e-01 0.000000000000000000e+00 2.000000000000000000e+00
1.693511199951171875e+02 2.885236816406250000e+02 2.829091072082519531e+01 -5.402753353118896484e-01 8.056519627571105957e-01 -2.429557144641876221e-01 0.000000000000000000e+00 2.000000000000000000e+00
1.696697235107421875e+02 2.880485839843750000e+02 2.843418312072753906e+01 -5.492615699768066406e-01 8.058211207389831543e-01 -2.212787568569183350e-01 0.000000000000000000e+00 2.000000000000000000e+00
1.699943695068359375e+02 2.875722961425781250e+02 2.856497192382812500e+01 -5.592776536941528320e-01 8.033521771430969238e-01 -2.045330405235290527e-01 0.000000000000000000e+00 2.000000000000000000e+00
1.703269500732421875e+02 2.870945739746093750e+02 2.868659973144531250e+01 -5.692747831344604492e-01 7.989732027053833008e-01 -1.938247531652450562e-01 0.000000000000000000e+00 2.000000000000000000e+00
1.706685485839843750e+02 2.866151428222656250e+02 2.880290603637695312e+01 -5.783686041831970215e-01 7.935819625854492188e-01 -1.889904439449310303e-01 0.000000000000000000e+00 2.000000000000000000e+00
1.710196075439453125e+02 2.861334533691406250e+02 2.891761970520019531e+01 -5.863074064254760742e-01 7.878188490867614746e-01 -1.886399239301681519e-01 0.000000000000000000e+00 2.000000000000000000e+00
1.713808593750000000e+02 2.856480407714843750e+02 2.903384971618652344e+01 -5.940365195274353027e-01 7.815579771995544434e-01 -1.904932260513305664e-01 0.000000000000000000e+00 2.000000000000000000e+00
1.717541198730468750e+02 2.851569519042968750e+02 2.915354537963867188e+01 -6.027575731277465820e-01 7.745298147201538086e-01 -1.917988955974578857e-01 0.000000000000000000e+00 2.000000000000000000e+00
1.721416168212890625e+02 2.846590270996093750e+02 2.927684783935546875e+01 -6.125381588935852051e-01 7.669357657432556152e-01 -1.913283765316009521e-01 0.000000000000000000e+00 2.000000000000000000e+00
1.725449066162109375e+02 2.841540832519531250e+02 2.940281677246093750e+01 -6.234101653099060059e-01 7.586497068405151367e-01 -1.892365366220474243e-01 0.000000000000000000e+00 2.000000000000000000e+00
1.729636993408203125e+02 2.836444396972656250e+02 2.952994155883789062e+01 -6.338258385658264160e-01 7.503507733345031738e-01 -1.877194046974182129e-01 0.000000000000000000e+00 2.000000000000000000e+00
1.733951263427734375e+02 2.831336975097656250e+02 2.965771675109863281e+01 -6.423673033714294434e-01 7.425956130027770996e-01 -1.895154267549514771e-01 0.000000000000000000e+00 2.000000000000000000e+00
1.738343200683593750e+02 2.826259765625000000e+02 2.978729057312011719e+01 -6.468231678009033203e-01 7.370010614395141602e-01 -1.960848420858383179e-01 0.000000000000000000e+00 2.000000000000000000e+00
1.742752838134765625e+02 2.821235351562500000e+02 2.992096900939941406e+01 -6.458064317703247070e-01 7.349514961242675781e-01 -2.068345397710800171e-01 0.000000000000000000e+00 2.000000000000000000e+00
1.747130279541015625e+02 2.816253662109375000e+02 3.006116676330566406e+01 -6.386073827743530273e-01 7.373983263969421387e-01 -2.200554609298706055e-01 0.000000000000000000e+00 2.000000000000000000e+00
1.751445617675781250e+02 2.811270751953125000e+02 3.020986747741699219e+01 -6.255775690078735352e-01 7.444241046905517578e-01 -2.334212064743041992e-01 0.000000000000000000e+00 2.000000000000000000e+00
1.755696868896484375e+02 2.806211853027343750e+02 3.036849403381347656e+01 -6.072264909744262695e-01 7.555134892463684082e-01 -2.459175586700439453e-01 0.000000000000000000e+00 2.000000000000000000e+00
1.759895782470703125e+02 2.800987548828125000e+02 3.053854370117187500e+01 -5.843170881271362305e-01 7.691026329994201660e-01 -2.589492201805114746e-01 0.000000000000000000e+00 2.000000000000000000e+00
1.764050140380859375e+02 2.795519409179687500e+02 3.072265052795410156e+01 -5.572939515113830566e-01 7.834708094596862793e-01 -2.749491631984710693e-01 0.000000000000000000e+00 2.000000000000000000e+00
1.768146362304687500e+02 2.789760742187500000e+02 3.092474365234375000e+01 -5.269155502319335938e-01 7.968021035194396973e-01 -2.957471311092376709e-01 0.000000000000000000e+00 2.000000000000000000e+00
1.772148437500000000e+02 2.783708801269531250e+02 3.114937210083007812e+01 -4.951944947242736816e-01 8.072849512100219727e-01 -3.210505843162536621e-01 0.000000000000000000e+00 2.000000000000000000e+00
1.776011810302734375e+02 2.777410583496093750e+02 3.139984703063964844e+01 -4.653009176254272461e-01 8.134211897850036621e-01 -3.490573763847351074e-01 0.000000000000000000e+00 2.000000000000000000e+00
1.779705352783203125e+02 2.770953674316406250e+02 3.167692756652832031e+01 -4.415122270584106445e-01 8.142327666282653809e-01 -3.769507706165313721e-01 0.000000000000000000e+00 2.000000000000000000e+00
1.783232879638671875e+02 2.764448242187500000e+02 3.197809791564941406e+01 -4.275387525558471680e-01 8.097403645515441895e-01 -4.019095599651336670e-01 0.000000000000000000e+00 2.000000000000000000e+00
1.786634521484375000e+02 2.758005676269531250e+02 3.229787063598632812e+01 -4.263817965984344482e-01 8.004694581031799316e-01 -4.212447404861450195e-01 0.000000000000000000e+00 2.000000000000000000e+00
1.789981231689453125e+02 2.751722717285156250e+02 3.262850952148437500e+01 -4.380643367767333984e-01 7.878809571266174316e-01 -4.328315854072570801e-01 0.000000000000000000e+00 2.000000000000000000e+00
1.793350372314453125e+02 2.745663146972656250e+02 3.296139907836914062e+01 -4.609568715095520020e-01 7.732862234115600586e-01 -4.353702068328857422e-01 0.000000000000000000e+00 2.000000000000000000e+00
1.796807861328125000e+02 2.739862976074218750e+02 3.328795623779296875e+01 -4.922439455986022949e-01 7.577515244483947754e-01 -4.283790290355682373e-01 0.000000000000000000e+00 2.000000000000000000e+00
1.800403442382812500e+02 2.734328002929687500e+02 3.360086441040039062e+01 -5.285043716430664062e-01 7.418552041053771973e-01 -4.127153158187866211e-01 0.000000000000000000e+00 2.000000000000000000e+00
1.804168548583984375e+02 2.729042968750000000e+02 3.389488601684570312e+01 -5.662586092948913574e-01 7.261835932731628418e-01 -3.898827135562896729e-01 0.000000000000000000e+00 2.000000000000000000e+00
1.808116912841796875e+02 2.723979492187500000e+02 3.416674041748046875e+01 -6.028215885162353516e-01 7.110066413879394531e-01 -3.620436489582061768e-01 0.000000000000000000e+00 2.000000000000000000e+00
1.812248229980468750e+02 2.719106750488281250e+02 3.441485977172851562e+01 -6.363588571548461914e-01 6.966074109077453613e-01 -3.313390314579010010e-01 0.000000000000000000e+00 2.000000000000000000e+00
1.816548156738281250e+02 2.714399719238281250e+02 3.463874816894531250e+01 -6.664412617683410645e-01 6.828220486640930176e-01 -2.993494868278503418e-01 0.000000000000000000e+00 2.000000000000000000e+00
1.820993041992187500e+02 2.709845581054687500e+02 3.483840179443359375e+01 -6.935398578643798828e-01 6.690630316734313965e-01 -2.671275734901428223e-01 0.000000000000000000e+00 2.000000000000000000e+00
1.825554351806640625e+02 2.705445251464843750e+02 3.501408767700195312e+01 -7.189053297042846680e-01 6.537984609603881836e-01 -2.360566258430480957e-01 0.000000000000000000e+00 2.000000000000000000e+00
1.830216369628906250e+02 2.701205444335937500e+02 3.516716766357421875e+01 -7.435000538825988770e-01 6.355210542678833008e-01 -2.081361263990402222e-01 0.000000000000000000e+00 2.000000000000000000e+00
1.834973754882812500e+02 2.697138977050781250e+02 3.530034637451171875e+01 -7.681909799575805664e-01 6.128103137016296387e-01 -1.853268593549728394e-01 0.000000000000000000e+00 2.000000000000000000e+00
1.839844055175781250e+02 2.693253784179687500e+02 3.541784286499023438e+01 -7.927339673042297363e-01 5.857366919517517090e-01 -1.687760949134826660e-01 0.000000000000000000e+00 2.000000000000000000e+00
1.844860229492187500e+02 2.689547424316406250e+02 3.552463912963867188e+01 -8.165504336357116699e-01 5.551546812057495117e-01 -1.582676917314529419e-01 0.000000000000000000e+00 2.000000000000000000e+00
1.850065307617187500e+02 2.686008605957031250e+02 3.562552642822265625e+01 -8.385683894157409668e-01 5.232369303703308105e-01 -1.517434120178222656e-01 0.000000000000000000e+00 2.000000000000000000e+00
1.855499114990234375e+02 2.682618103027343750e+02 3.572385406494140625e+01 -8.576996922492980957e-01 4.928023219108581543e-01 -1.466191560029983521e-01 0.000000000000000000e+00 2.000000000000000000e+00
1.861188201904296875e+02 2.679349365234375000e+02 3.582110595703125000e+01 -8.732260465621948242e-01 4.665867686271667480e-01 -1.406167298555374146e-01 0.000000000000000000e+00 2.000000000000000000e+00
1.867136077880859375e+02 2.676171264648437500e+02 3.591688537597656250e+01 -8.847430944442749023e-01 4.468514323234558105e-01 -1.324896514415740967e-01 0.000000000000000000e+00 2.000000000000000000e+00
1.873313751220703125e+02 2.673051147460937500e+02 3.600939559936523438e+01 -8.924990892410278320e-01 4.342489838600158691e-01 -1.219557300209999084e-01 0.000000000000000000e+00 2.000000000000000000e+00
1.879668731689453125e+02 2.669959106445312500e+02 3.609623336791992188e+01 -8.972660303115844727e-01 4.276043474674224854e-01 -1.098552644252777100e-01 0.000000000000000000e+00 2.000000000000000000e+00
1.886133880615234375e+02 2.666878051757812500e+02 3.617538833618164062e+01 -8.994451165199279785e-01 4.260762333869934082e-01 -9.725011885166168213e-02 0.000000000000000000e+00 2.000000000000000000e+00
1.892648925781250000e+02 2.663791809082031250e+02 3.624583053588867188e+01 -9.002091884613037109e-01 4.270595610141754150e-01 -8.510885387659072876e-02 0.000000000000000000e+00 2.000000000000000000e+00
1.899175720214843750e+02 2.660695495605468750e+02 3.630753707885742188e+01 -9.003244638442993164e-01 4.288581907749176025e-01 -7.413805276155471802e-02 0.000000000000000000e+00 2.000000000000000000e+00
1.905704803466796875e+02 2.657585449218750000e+02 3.636130142211914062e+01 -9.004974365234375000e-01 4.300445318222045898e-01 -6.454442441463470459e-02 0.000000000000000000e+00 2.000000000000000000e+00
1.912257385253906250e+02 2.654456176757812500e+02 3.640826797485351562e+01 -9.009755253791809082e-01 4.301739931106567383e-01 -5.650969222187995911e-02 0.000000000000000000e+00 2.000000000000000000e+00
1.918872833251953125e+02 2.651297607421875000e+02 3.644976043701171875e+01 -9.019322395324707031e-01 4.289340674877166748e-01 -5.033702403306961060e-02 0.000000000000000000e+00 2.000000000000000000e+00
1.925597229003906250e+02 2.648099670410156250e+02 3.648728942871093750e+01 -9.028653502464294434e-01 4.273764491081237793e-01 -4.672863334417343140e-02 0.000000000000000000e+00 2.000000000000000000e+00
1.932466583251953125e+02 2.644848022460937500e+02 3.652284240722656250e+01 -9.037598967552185059e-01 4.255063831806182861e-01 -4.650177061557769775e-02 0.000000000000000000e+00 2.000000000000000000e+00
1.939499359130859375e+02 2.641536865234375000e+02 3.655902862548828125e+01 -9.041500687599182129e-01 4.242799580097198486e-01 -4.999086633324623108e-02 0.000000000000000000e+00 2.000000000000000000e+00
1.946694030761718750e+02 2.638160705566406250e+02 3.659880828857421875e+01 -9.041036367416381836e-01 4.235338866710662842e-01 -5.670719221234321594e-02 0.000000000000000000e+00 2.000000000000000000e+00
1.954039764404296875e+02 2.634719543457031250e+02 3.664488220214843750e+01 -9.035842418670654297e-01 4.233933389186859131e-01 -6.537339091300964355e-02 0.000000000000000000e+00 2.000000000000000000e+00
1.961523742675781250e+02 2.631212768554687500e+02 3.669902801513671875e+01 -9.029154777526855469e-01 4.233721494674682617e-01 -7.415972650051116943e-02 0.000000000000000000e+00 2.000000000000000000e+00
1.969144439697265625e+02 2.627639465332031250e+02 3.676161956787109375e+01 -9.024369120597839355e-01 4.231026768684387207e-01 -8.118987828493118286e-02 0.000000000000000000e+00 2.000000000000000000e+00
1.976907196044921875e+02 2.623999938964843750e+02 3.683145904541015625e+01 -9.023436903953552246e-01 4.225040376186370850e-01 -8.524166047573089600e-02 0.000000000000000000e+00 2.000000000000000000e+00
1.984815063476562500e+02 2.620297241210937500e+02 3.690616226196289062e+01 -9.028015136718750000e-01 4.213484823703765869e-01 -8.610899001359939575e-02 0.000000000000000000e+00 2.000000000000000000e+00
1.992855224609375000e+02 2.616544799804687500e+02 3.698284912109375000e+01 -9.036188125610351562e-01 4.198321402072906494e-01 -8.493515104055404663e-02 0.000000000000000000e+00 2.000000000000000000e+00
2.000989532470703125e+02 2.612765502929687500e+02 3.705930709838867188e+01 -9.047253727912902832e-01 4.176174998283386230e-01 -8.406881988048553467e-02 0.000000000000000000e+00 2.000000000000000000e+00
2.009166412353515625e+02 2.608991088867187500e+02 3.713528823852539062e+01 -9.059966802597045898e-01 4.142675697803497314e-01 -8.690513670444488525e-02 0.000000000000000000e+00 2.000000000000000000e+00
2.017334899902343750e+02 2.605256042480468750e+02 3.721364212036132812e+01 -9.073413610458374023e-01 4.091290831565856934e-01 -9.666988998651504517e-02 0.000000000000000000e+00 2.000000000000000000e+00
2.025469360351562500e+02 2.601588134765625000e+02 3.730030822753906250e+01 -9.084851145744323730e-01 4.017256498336791992e-01 -1.152009889483451843e-01 0.000000000000000000e+00 2.000000000000000000e+00
2.033571624755859375e+02 2.598005371093750000e+02 3.740304946899414062e+01 -9.089610576629638672e-01 3.922924399375915527e-01 -1.410545408725738525e-01 0.000000000000000000e+00 2.000000000000000000e+00
2.041663055419921875e+02 2.594513244628906250e+02 3.752861404418945312e+01 -9.085012674331665039e-01 3.817766606807708740e-01 -1.699177920818328857e-01 0.000000000000000000e+00 2.000000000000000000e+00
2.049774169921875000e+02 2.591104736328125000e+02 3.768031692504882812e+01 -9.077384471893310547e-01 3.709955513477325439e-01 -1.958909481763839722e-01 0.000000000000000000e+00 2.000000000000000000e+00
2.057930297851562500e+02 2.587771301269531250e+02 3.785632705688476562e+01 -9.079788327217102051e-01 3.602919280529022217e-01 -2.139254510402679443e-01 0.000000000000000000e+00 2.000000000000000000e+00
2.066148681640625000e+02 2.584510192871093750e+02 3.804995727539062500e+01 -9.106466174125671387e-01 3.486676812171936035e-01 -2.217060774564743042e-01 0.000000000000000000e+00 2.000000000000000000e+00
2.074437255859375000e+02 2.581336669921875000e+02 3.825175094604492188e+01 -9.164211750030517578e-01 3.344451487064361572e-01 -2.198151499032974243e-01 0.000000000000000000e+00 2.000000000000000000e+00
2.082798614501953125e+02 2.578285217285156250e+02 3.845230865478515625e+01 -9.250018596649169922e-01 3.159719705581665039e-01 -2.110290378332138062e-01 0.000000000000000000e+00 2.000000000000000000e+00
2.091225128173828125e+02 2.575406799316406250e+02 3.864455032348632812e+01 -9.352269172668457031e-01 2.927740216255187988e-01 -1.990829706192016602e-01 0.000000000000000000e+00 2.000000000000000000e+00
2.099701385498046875e+02 2.572753295898437500e+02 3.882498550415039062e+01 -9.456812143325805664e-01 2.651284337043762207e-01 -1.881326884031295776e-01 0.000000000000000000e+00 2.000000000000000000e+00
2.108213653564453125e+02 2.570366821289062500e+02 3.899432754516601562e+01 -9.551197886466979980e-01 2.339966744184494019e-01 -1.816364675760269165e-01 0.000000000000000000e+00 2.000000000000000000e+00
2.116760101318359375e+02 2.568273010253906250e+02 3.915685653686523438e+01 -9.626203179359436035e-01 2.001957893371582031e-01 -1.824382841587066650e-01 0.000000000000000000e+00 2.000000000000000000e+00
2.125360565185546875e+02 2.566484375000000000e+02 3.931985473632812500e+01 -9.677200317382812500e-01 1.640013456344604492e-01 -1.913674473762512207e-01 0.000000000000000000e+00 2.000000000000000000e+00
2.134054565429687500e+02 2.565010986328125000e+02 3.949177932739257812e+01 -9.703137278556823730e-01 1.254117339849472046e-01 -2.067926377058029175e-01 0.000000000000000000e+00 2.000000000000000000e+00
2.142880554199218750e+02 2.563870239257812500e+02 3.967987823486328125e+01 -9.705333709716796875e-01 8.528714627027511597e-02 -2.253687232732772827e-01 0.000000000000000000e+00 2.000000000000000000e+00
2.151850738525390625e+02 2.563081970214843750e+02 3.988817596435546875e+01 -9.688912630081176758e-01 4.423670098185539246e-02 -2.435013800859451294e-01 0.000000000000000000e+00 2.000000000000000000e+00
2.160927734375000000e+02 2.562667541503906250e+02 4.011629867553710938e+01 -9.659878015518188477e-01 4.245744086802005768e-03 -2.585528492927551270e-01 0.000000000000000000e+00 2.000000000000000000e+00
2.170023498535156250e+02 2.562627563476562500e+02 4.035975265502929688e+01 -9.625218510627746582e-01 -3.213304653763771057e-02 -2.692938446998596191e-01 0.000000000000000000e+00 2.000000000000000000e+00
2.179018554687500000e+02 2.562927856445312500e+02 4.061141586303710938e+01 -9.593476653099060059e-01 -6.127223372459411621e-02 -2.754956185817718506e-01 0.000000000000000000e+00 2.000000000000000000e+00
2.187791290283203125e+02 2.563488159179687500e+02 4.086334228515625000e+01 -9.576343297958374023e-01 -7.925058901309967041e-02 -2.768679559230804443e-01 0.000000000000000000e+00 2.000000000000000000e+00
2.196258087158203125e+02 2.564188842773437500e+02 4.110813140869140625e+01 -9.586561322212219238e-01 -8.118747919797897339e-02 -2.727397382259368896e-01 0.000000000000000000e+00 2.000000000000000000e+00
2.204391174316406250e+02 2.564877624511718750e+02 4.133951950073242188e+01 -9.631052613258361816e-01 -6.300916522741317749e-02 -2.616448104381561279e-01 0.000000000000000000e+00 2.000000000000000000e+00
2.212218475341796875e+02 2.565389709472656250e+02 4.155216217041015625e+01 -9.698570370674133301e-01 -2.237981744110584259e-02 -2.426445931196212769e-01 0.000000000000000000e+00 2.000000000000000000e+00
2.219809722900390625e+02 2.565564880371093750e+02 4.174208450317382812e+01 -9.755457639694213867e-01 3.902423009276390076e-02 -2.163043171167373657e-01 0.000000000000000000e+00 2.000000000000000000e+00
2.227247924804687500e+02 2.565267333984375000e+02 4.190700912475585938e+01 -9.758716225624084473e-01 1.160108670592308044e-01 -1.849758028984069824e-01 0.000000000000000000e+00 2.000000000000000000e+00
2.234605255126953125e+02 2.564392700195312500e+02 4.204646682739257812e+01 -9.676735401153564453e-01 2.012483477592468262e-01 -1.520098447799682617e-01 0.000000000000000000e+00 2.000000000000000000e+00
2.241929016113281250e+02 2.562869567871093750e+02 4.216151428222656250e+01 -9.502092003822326660e-01 2.874865829944610596e-01 -1.202240958809852600e-01 0.000000000000000000e+00 2.000000000000000000e+00
2.249238891601562500e+02 2.560657958984375000e+02 4.225400161743164062e+01 -9.249329566955566406e-01 3.690747916698455811e-01 -9.101018309593200684e-02 0.000000000000000000e+00 2.000000000000000000e+00
2.256528167724609375e+02 2.557749328613281250e+02 4.232572555541992188e+01 -8.941690325736999512e-01 4.430724978446960449e-01 -6.440872699022293091e-02 0.000000000000000000e+00 2.000000000000000000e+00
2.263771820068359375e+02 2.554160003662109375e+02 4.237790298461914062e+01 -8.601182699203491211e-01 5.085276961326599121e-01 -3.994972258806228638e-02 0.000000000000000000e+00 2.000000000000000000e+00
2.270926208496093750e+02 2.549930114746093750e+02 4.241113281250000000e+01 -8.244214653968811035e-01 5.657182335853576660e-01 -1.709026470780372620e-02 0.000000000000000000e+00 2.000000000000000000e+00
2.277940979003906250e+02 2.545116577148437500e+02 4.242567443847656250e+01 -7.877153158187866211e-01 6.160242557525634766e-01 4.316525999456644058e-03 0.000000000000000000e+00 2.000000000000000000e+00
2.284756164550781250e+02 2.539786834716796875e+02 4.242193984985351562e+01 -7.504823803901672363e-01 6.604440212249755859e-01 2.428975701332092285e-02 0.000000000000000000e+00 2.000000000000000000e+00
2.291317596435546875e+02 2.534012603759765625e+02 4.240070343017578125e+01 -7.132990956306457520e-01 6.995524168014526367e-01 4.278682544827461243e-02 0.000000000000000000e+00 2.000000000000000000e+00
2.297580413818359375e+02 2.527870483398437500e+02 4.236313629150390625e+01 -6.770039796829223633e-01 7.335630059242248535e-01 5.958960577845573425e-02 0.000000000000000000e+00 2.000000000000000000e+00
2.303520050048828125e+02 2.521434631347656250e+02 4.231085586547851562e+01 -6.428358554840087891e-01 7.623933553695678711e-01 7.428607344627380371e-02 0.000000000000000000e+00 2.000000000000000000e+00
2.309126892089843750e+02 2.514785003662109375e+02 4.224606323242187500e+01 -6.116601228713989258e-01 7.863469123840332031e-01 8.677754551172256470e-02 0.000000000000000000e+00 2.000000000000000000e+00
2.314405059814453125e+02 2.507999420166015625e+02 4.217118072509765625e+01 -5.846763253211975098e-01 8.054092526435852051e-01 9.731137752532958984e-02 0.000000000000000000e+00 2.000000000000000000e+00
2.319373168945312500e+02 2.501155700683593750e+02 4.208849334716796875e+01 -5.620666146278381348e-01 8.202292919158935547e-01 1.063251718878746033e-01 0.000000000000000000e+00 2.000000000000000000e+00
2.324055023193359375e+02 2.494323425292968750e+02 4.199992752075195312e+01 -5.445935130119323730e-01 8.308778405189514160e-01 1.142799630761146545e-01 0.000000000000000000e+00 2.000000000000000000e+00
2.328480987548828125e+02 2.487570800781250000e+02 4.190705108642578125e+01 -5.325262546539306641e-01 8.376806974411010742e-01 1.212717592716217041e-01 0.000000000000000000e+00 2.000000000000000000e+00
2.332682647705078125e+02 2.480961456298828125e+02 4.181136703491210938e+01 -5.263251066207885742e-01 8.407983183860778809e-01 1.266494840383529663e-01 0.000000000000000000e+00 2.000000000000000000e+00
2.336692657470703125e+02 2.474555511474609375e+02 4.171487426757812500e+01 -5.261220932006835938e-01 8.405658006668090820e-01 1.290140151977539062e-01 0.000000000000000000e+00 2.000000000000000000e+00
2.340544738769531250e+02 2.468401184082031250e+02 4.162041473388671875e+01 -5.319684743881225586e-01 8.372465372085571289e-01 1.266008764505386353e-01 0.000000000000000000e+00 2.000000000000000000e+00
2.344275512695312500e+02 2.462529449462890625e+02 4.153162765502929688e+01 -5.433571338653564453e-01 8.312172293663024902e-01 1.176478937268257141e-01 0.000000000000000000e+00 2.000000000000000000e+00
2.347926177978515625e+02 2.456944732666015625e+02 4.145258331298828125e+01 -5.601074695587158203e-01 8.221986293792724609e-01 1.013359352946281433e-01 0.000000000000000000e+00 2.000000000000000000e+00
2.351549377441406250e+02 2.451626129150390625e+02 4.138703155517578125e+01 -5.818272233009338379e-01 8.095737695693969727e-01 7.789314538240432739e-02 0.000000000000000000e+00 2.000000000000000000e+00
2.355204315185546875e+02 2.446540527343750000e+02 4.133810043334960938e+01 -6.082227826118469238e-01 7.922312617301940918e-01 4.934278130531311035e-02 0.000000000000000000e+00 2.000000000000000000e+00
2.358954772949218750e+02 2.441655426025390625e+02 4.130767440795898438e+01 -6.400843262672424316e-01 7.680962085723876953e-01 1.789574138820171356e-02 0.000000000000000000e+00 2.000000000000000000e+00
2.362873382568359375e+02 2.436953125000000000e+02 4.129671859741210938e+01 -6.784412860870361328e-01 7.345044612884521484e-01 -1.485338993370532990e-02 0.000000000000000000e+00 2.000000000000000000e+00
2.367044677734375000e+02 2.432437133789062500e+02 4.130585098266601562e+01 -7.231788635253906250e-01 6.889382004737854004e-01 -4.874965548515319824e-02 0.000000000000000000e+00 2.000000000000000000e+00
2.371566162109375000e+02 2.428129730224609375e+02 4.133633041381835938e+01 -7.724296450614929199e-01 6.294966340065002441e-01 -8.418154716491699219e-02 0.000000000000000000e+00 2.000000000000000000e+00
2.376550903320312500e+02 2.424067382812500000e+02 4.139065551757812500e+01 -8.210289478302001953e-01 5.577528476715087891e-01 -1.217511072754859924e-01 0.000000000000000000e+00 2.000000000000000000e+00
2.382104034423828125e+02 2.420294952392578125e+02 4.147300338745117188e+01 -8.630905151367187500e-01 4.787255525588989258e-01 -1.609242111444473267e-01 0.000000000000000000e+00 2.000000000000000000e+00
2.388286895751953125e+02 2.416865539550781250e+02 4.158828353881835938e+01 -8.948318362236022949e-01 3.983952999114990234e-01 -2.013884037733078003e-01 0.000000000000000000e+00 2.000000000000000000e+00
2.395080413818359375e+02 2.413840942382812500e+02 4.174117660522460938e+01 -9.154129028320312500e-01 3.205518722534179688e-01 -2.434455752372741699e-01 0.000000000000000000e+00 2.000000000000000000e+00
2.402360076904296875e+02 2.411291809082031250e+02 4.193477249145507812e+01 -9.256045818328857422e-01 2.459628880023956299e-01 -2.876775264739990234e-01 0.000000000000000000e+00 2.000000000000000000e+00
2.409903564453125000e+02 2.409287261962890625e+02 4.216922378540039062e+01 -9.262388944625854492e-01 1.726704835891723633e-01 -3.350616097450256348e-01 0.000000000000000000e+00 2.000000000000000000e+00
2.417434692382812500e+02 2.407883300781250000e+02 4.244165802001953125e+01 -9.173433184623718262e-01 9.850952029228210449e-02 -3.857163190841674805e-01 0.000000000000000000e+00 2.000000000000000000e+00
2.424684295654296875e+02 2.407104797363281250e+02 4.274648284912109375e+01 -8.984626531600952148e-01 2.192410267889499664e-02 -4.385023117065429688e-01 0.000000000000000000e+00 2.000000000000000000e+00
2.431450195312500000e+02 2.406939697265625000e+02 4.307669830322265625e+01 -8.697491884231567383e-01 -5.608722940087318420e-02 -4.902964234352111816e-01 0.000000000000000000e+00 2.000000000000000000e+00
2.437633056640625000e+02 2.407338409423828125e+02 4.342523956298828125e+01 -8.331775069236755371e-01 -1.318934857845306396e-01 -5.370467901229858398e-01 0.000000000000000000e+00 2.000000000000000000e+00
2.443236236572265625e+02 2.408225402832031250e+02 4.378640747070312500e+01 -7.929034233093261719e-01 -2.010327726602554321e-01 -5.752304196357727051e-01 0.000000000000000000e+00 2.000000000000000000e+00
2.448343963623046875e+02 2.409520416259765625e+02 4.415695953369140625e+01 -7.538229823112487793e-01 -2.603117525577545166e-01 -6.033146977424621582e-01 0.000000000000000000e+00 2.000000000000000000e+00
2.453078613281250000e+02 2.411155395507812500e+02 4.453589248657226562e+01 -7.192819118499755859e-01 -3.090997338294982910e-01 -6.221663355827331543e-01 0.000000000000000000e+00 2.000000000000000000e+00
2.457560729980468750e+02 2.413081512451171875e+02 4.492358779907226562e+01 -6.903001666069030762e-01 -3.491237759590148926e-01 -6.337177753448486328e-01 0.000000000000000000e+00 2.000000000000000000e+00
2.461881408691406250e+02 2.415266723632812500e+02 4.532024002075195312e+01 -6.669589877128601074e-01 -3.822448253631591797e-01 -6.395738124847412109e-01 0.000000000000000000e+00 2.000000000000000000e+00
2.466092834472656250e+02 2.417680358886718750e+02 4.572409057617187500e+01 -6.479588747024536133e-01 -4.111792445182800293e-01 -6.411559581756591797e-01 0.000000000000000000e+00 2.000000000000000000e+00
2.470205841064453125e+02 2.420290374755859375e+02 4.613107299804687500e+01 -6.337323784828186035e-01 -4.363814592361450195e-01 -6.387131810188293457e-01 0.000000000000000000e+00 2.000000000000000000e+00
2.474214935302734375e+02 2.423050994873046875e+02 4.653513336181640625e+01 -6.269446611404418945e-01 -4.559352993965148926e-01 -6.317146420478820801e-01 0.000000000000000000e+00 2.000000000000000000e+00
2.478125762939453125e+02 2.425895080566406250e+02 4.692919158935546875e+01 -6.319820880889892578e-01 -4.661764204502105713e-01 -6.190947294235229492e-01 0.000000000000000000e+00 2.000000000000000000e+00
2.481971893310546875e+02 2.428732147216796875e+02 4.730596160888671875e+01 -6.551697850227355957e-01 -4.603391587734222412e-01 -5.990329384803771973e-01 0.000000000000000000e+00 2.000000000000000000e+00
2.485830535888671875e+02 2.431443328857421875e+02 4.765876388549804688e+01 -7.014362812042236328e-01 -4.301830828189849854e-01 -5.682690143585205078e-01 0.000000000000000000e+00 2.000000000000000000e+00
2.489812622070312500e+02 2.433885498046875000e+02 4.798137283325195312e+01 -7.699632644653320312e-01 -3.667485713958740234e-01 -5.221608877182006836e-01 0.000000000000000000e+00 2.000000000000000000e+00
2.494033203125000000e+02 2.435895843505859375e+02 4.826759719848632812e+01 -8.497015833854675293e-01 -2.652820050716400146e-01 -4.556671679019927979e-01 0.000000000000000000e+00 2.000000000000000000e+00
2.498576049804687500e+02 2.437314147949218750e+02 4.851121520996093750e+01 -9.207886457443237305e-01 -1.303029954433441162e-01 -3.676539063453674316e-01 0.000000000000000000e+00 2.000000000000000000e+00
2.503471374511718750e+02 2.438006896972656250e+02 4.870667648315429688e+01 -9.639865756034851074e-01 2.243338525295257568e-02 -2.650031745433807373e-01 0.000000000000000000e+00 2.000000000000000000e+00
2.508684082031250000e+02 2.437885589599609375e+02 4.884997558593750000e+01 -9.720062613487243652e-01 1.719695031642913818e-01 -1.600945144891738892e-01 0.000000000000000000e+00 2.000000000000000000e+00
2.514129638671875000e+02 2.436922149658203125e+02 4.893966674804687500e+01 -9.508860707283020020e-01 3.026149570941925049e-01 -6.511449068784713745e-02 0.000000000000000000e+00 2.000000000000000000e+00
2.519708709716796875e+02 2.435146636962890625e+02 4.897787094116210938e+01 -9.133094549179077148e-01 4.070778787136077881e-01 1.238490734249353409e-02 0.000000000000000000e+00 2.000000000000000000e+00
2.525329284667968750e+02 2.432641448974609375e+02 4.897024917602539062e+01 -8.715615868568420410e-01 4.851730167865753174e-01 7.062313705682754517e-02 0.000000000000000000e+00 2.000000000000000000e+00
2.530923004150390625e+02 2.429527587890625000e+02 4.892492294311523438e+01 -8.335201144218444824e-01 5.408817529678344727e-01 1.126549467444419861e-01 0.000000000000000000e+00 2.000000000000000000e+00
2.536452178955078125e+02 2.425939636230468750e+02 4.885019302368164062e+01 -8.024072647094726562e-01 5.793464779853820801e-01 1.431786268949508667e-01 0.000000000000000000e+00 2.000000000000000000e+00
2.541898345947265625e+02 2.422007446289062500e+02 4.875301361083984375e+01 -7.778435349464416504e-01 6.058072447776794434e-01 1.672033220529556274e-01 0.000000000000000000e+00 2.000000000000000000e+00
2.547252044677734375e+02 2.417837829589843750e+02 4.863793182373046875e+01 -7.576753497123718262e-01 6.249858736991882324e-01 1.879382729530334473e-01 0.000000000000000000e+00 2.000000000000000000e+00
2.552503356933593750e+02 2.413506164550781250e+02 4.850767517089843750e+01 -7.405354976654052734e-01 6.399474740028381348e-01 2.051205337047576904e-01 0.000000000000000000e+00 2.000000000000000000e+00
2.557638244628906250e+02 2.409068756103515625e+02 4.836544418334960938e+01 -7.247011661529541016e-01 6.539430618286132812e-01 2.171792089939117432e-01 0.000000000000000000e+00 2.000000000000000000e+00
2.562637634277343750e+02 2.404557495117187500e+02 4.821562194824218750e+01 -7.100988030433654785e-01 6.679860949516296387e-01 2.226079404354095459e-01 0.000000000000000000e+00 2.000000000000000000e+00
2.567479858398437500e+02 2.400002441406250000e+02 4.806382369995117188e+01 -6.965419054031372070e-01 6.823606491088867188e-01 2.218406349420547485e-01 0.000000000000000000e+00 2.000000000000000000e+00
2.572149047851562500e+02 2.395428314208984375e+02 4.791511535644531250e+01 -6.835868954658508301e-01 6.966694593429565430e-01 2.176251262426376343e-01 0.000000000000000000e+00 2.000000000000000000e+00
2.576645812988281250e+02 2.390845489501953125e+02 4.777195739746093750e+01 -6.698975563049316406e-01 7.108362913131713867e-01 2.143573313951492310e-01 0.000000000000000000e+00 2.000000000000000000e+00
2.580987854003906250e+02 2.386238098144531250e+02 4.763301849365234375e+01 -6.537301540374755859e-01 7.258024811744689941e-01 2.141205966472625732e-01 0.000000000000000000e+00 2.000000000000000000e+00
2.585210571289062500e+02 2.381549835205078125e+02 4.749470901489257812e+01 -6.337513923645019531e-01 7.428699731826782227e-01 2.156463414430618286e-01 0.000000000000000000e+00 2.000000000000000000e+00
2.589353637695312500e+02 2.376693420410156250e+02 4.735373306274414062e+01 6.090398430824279785e-01 -7.635506391525268555e-01 -2.146178930997848511e-01 0.000000000000000000e+00 2.000000000000000000e+00
2.593441162109375000e+02 2.371568908691406250e+02 4.720969390869140625e+01 5.805127024650573730e-01 -7.874555587768554688e-01 -2.071681767702102661e-01 0.000000000000000000e+00 2.000000000000000000e+00
2.597470703125000000e+02 2.366102905273437500e+02 4.706589126586914062e+01 5.496696829795837402e-01 -8.129199743270874023e-01 -1.924173831939697266e-01 0.000000000000000000e+00 2.000000000000000000e+00
2.601409301757812500e+02 2.360278015136718750e+02 4.692801666259765625e+01 5.185198783874511719e-01 -8.375561237335205078e-01 -1.721538901329040527e-01 0.000000000000000000e+00 2.000000000000000000e+00
2.605205383300781250e+02 2.354146270751953125e+02 4.680198287963867188e+01 4.888792037963867188e-01 -8.593527674674987793e-01 -1.500332951545715332e-01 0.000000000000000000e+00 2.000000000000000000e+00
2.608804016113281250e+02 2.347820587158203125e+02 4.669154357910156250e+01 4.632444679737091064e-01 -8.767748475074768066e-01 -1.291143149137496948e-01 0.000000000000000000e+00 2.000000000000000000e+00
2.612178039550781250e+02 2.341434631347656250e+02 4.659750366210937500e+01 4.436510205268859863e-01 -8.893139958381652832e-01 -1.108806505799293518e-01 0.000000000000000000e+00 2.000000000000000000e+00
2.615340881347656250e+02 2.335094604492187500e+02 4.651845550537109375e+01 4.321022629737854004e-01 -8.967775702476501465e-01 -9.527672827243804932e-02 0.000000000000000000e+00 2.000000000000000000e+00
2.618350830078125000e+02 2.328847808837890625e+02 4.645208740234375000e+01 4.300246536731719971e-01 -8.991767764091491699e-01 -8.099345862865447998e-02 0.000000000000000000e+00 2.000000000000000000e+00
2.621304016113281250e+02 2.322672729492187500e+02 4.639646530151367188e+01 4.366913437843322754e-01 -8.971380591392517090e-01 -6.666374206542968750e-02 0.000000000000000000e+00 2.000000000000000000e+00
2.624308166503906250e+02 2.316501007080078125e+02 4.635060501098632812e+01 4.504280090332031250e-01 -8.913350105285644531e-01 -5.134692043066024780e-02 0.000000000000000000e+00 2.000000000000000000e+00
2.627462768554687500e+02 2.310258483886718750e+02 4.631464385986328125e+01 4.684707522392272949e-01 -8.827305436134338379e-01 -3.635802119970321655e-02 0.000000000000000000e+00 2.000000000000000000e+00
2.630833129882812500e+02 2.303907775878906250e+02 4.628848648071289062e+01 4.891289472579956055e-01 -8.718832731246948242e-01 -2.392343804240226746e-02 0.000000000000000000e+00 2.000000000000000000e+00
2.634445800781250000e+02 2.297468109130859375e+02 4.627081680297851562e+01 5.114582777023315430e-01 -8.591411113739013672e-01 -1.694071106612682343e-02 0.000000000000000000e+00 2.000000000000000000e+00
2.638291320800781250e+02 2.291008453369140625e+02 4.625807952880859375e+01 5.350799560546875000e-01 -8.446008563041687012e-01 -1.840825192630290985e-02 0.000000000000000000e+00 2.000000000000000000e+00
2.642338562011718750e+02 2.284620056152343750e+02 4.624415588378906250e+01 5.591458678245544434e-01 -8.285105824470520020e-01 -3.043239563703536987e-02 0.000000000000000000e+00 2.000000000000000000e+00
2.646550903320312500e+02 2.278378448486328125e+02 4.622122955322265625e+01 5.815421938896179199e-01 -8.117997646331787109e-01 -5.281923338770866394e-02 0.000000000000000000e+00 2.000000000000000000e+00
2.650898742675781250e+02 2.272309112548828125e+02 4.618173980712890625e+01 5.998578667640686035e-01 -7.958722114562988281e-01 -8.220764994621276855e-02 0.000000000000000000e+00 2.000000000000000000e+00
2.655361022949218750e+02 2.266388702392578125e+02 4.612058639526367188e+01 6.118553280830383301e-01 -7.829094529151916504e-01 -1.126317903399467468e-01 0.000000000000000000e+00 2.000000000000000000e+00
2.659920654296875000e+02 2.260554351806640625e+02 4.603665161132812500e+01 6.170082092285156250e-01 -7.746799588203430176e-01 -1.384625583887100220e-01 0.000000000000000000e+00 2.000000000000000000e+00
2.664559631347656250e+02 2.254729919433593750e+02 4.593254852294921875e+01 6.162093281745910645e-01 -7.718144655227661133e-01 -1.568073779344558716e-01 0.000000000000000000e+00 2.000000000000000000e+00
2.669252319335937500e+02 2.248852233886718750e+02 4.581313323974609375e+01 6.115931868553161621e-01 -7.730654478073120117e-01 -1.682959198951721191e-01 0.000000000000000000e+00 2.000000000000000000e+00
2.673970642089843750e+02 2.242888183593750000e+02 4.568329620361328125e+01 6.045781970024108887e-01 -7.769037485122680664e-01 -1.758002489805221558e-01 0.000000000000000000e+00 2.000000000000000000e+00
2.678683166503906250e+02 2.236832427978515625e+02 4.554626464843750000e+01 5.970047116279602051e-01 -7.812663912773132324e-01 -1.822313666343688965e-01 0.000000000000000000e+00 2.000000000000000000e+00
2.683371887207031250e+02 2.230696563720703125e+02 4.540314483642578125e+01 5.898799896240234375e-01 -7.851869463920593262e-01 -1.884751915931701660e-01 0.000000000000000000e+00 2.000000000000000000e+00
2.688032531738281250e+02 2.224492797851562500e+02 4.525423049926757812e+01 5.842726230621337891e-01 -7.880136966705322266e-01 -1.940617114305496216e-01 0.000000000000000000e+00 2.000000000000000000e+00
2.692677001953125000e+02 2.218228759765625000e+02 4.509996795654296875e+01 5.809640288352966309e-01 -7.895734310150146484e-01 -1.976221501827239990e-01 0.000000000000000000e+00 2.000000000000000000e+00
2.697326354980468750e+02 2.211909942626953125e+02 4.494181442260742188e+01 5.805762410163879395e-01 -7.896677851676940918e-01 -1.983831226825714111e-01 0.000000000000000000e+00 2.000000000000000000e+00
2.702002563476562500e+02 2.205549621582031250e+02 4.478202819824218750e+01 5.835236907005310059e-01 -7.879532575607299805e-01 -1.965447664260864258e-01 0.000000000000000000e+00 2.000000000000000000e+00
2.706719970703125000e+02 2.199179534912109375e+02 4.462313461303710938e+01 5.897564291954040527e-01 -7.840266823768615723e-01 -1.936220675706863403e-01 0.000000000000000000e+00 2.000000000000000000e+00
2.711474914550781250e+02 2.192858276367187500e+02 4.446702575683593750e+01 5.991467237472534180e-01 -7.773215770721435547e-01 -1.918188035488128662e-01 0.000000000000000000e+00 2.000000000000000000e+00
2.716252441406250000e+02 2.186660003662109375e+02 4.431407165527343750e+01 6.109941601753234863e-01 -7.676948904991149902e-01 -1.932118237018585205e-01 0.000000000000000000e+00 2.000000000000000000e+00
2.721029357910156250e+02 2.180657958984375000e+02 4.416301345825195312e+01 6.238113045692443848e-01 -7.555917501449584961e-01 -1.998512297868728638e-01 0.000000000000000000e+00 2.000000000000000000e+00
2.725776367187500000e+02 2.174908142089843750e+02 4.401093292236328125e+01 6.352897882461547852e-01 -7.423517704010009766e-01 -2.128866910934448242e-01 0.000000000000000000e+00 2.000000000000000000e+00
2.730457458496093750e+02 2.169438171386718750e+02 4.385406875610351562e+01 6.429696679115295410e-01 -7.298394441604614258e-01 -2.322162836790084839e-01 0.000000000000000000e+00 2.000000000000000000e+00
2.735028076171875000e+02 2.164250030517578125e+02 4.368899536132812500e+01 6.449704766273498535e-01 -7.201522588729858398e-01 -2.557220160961151123e-01 0.000000000000000000e+00 2.000000000000000000e+00
2.739438171386718750e+02 2.159325866699218750e+02 4.351414108276367188e+01 6.408109068870544434e-01 -7.150514721870422363e-01 -2.793973684310913086e-01 0.000000000000000000e+00 2.000000000000000000e+00
2.743638305664062500e+02 2.154639129638671875e+02 4.333101272583007812e+01 6.313774585723876953e-01 -7.157089710235595703e-01 -2.985348999500274658e-01 0.000000000000000000e+00 2.000000000000000000e+00
2.747592163085937500e+02 2.150157165527343750e+02 4.314406204223632812e+01 6.187738180160522461e-01 -7.221751213073730469e-01 -3.091635107994079590e-01 0.000000000000000000e+00 2.000000000000000000e+00
2.751290283203125000e+02 2.145841064453125000e+02 4.295928955078125000e+01 6.050996184349060059e-01 -7.335081696510314941e-01 -3.095482289791107178e-01 0.000000000000000000e+00 2.000000000000000000e+00
2.754756774902343750e+02 2.141638946533203125e+02 4.278195571899414062e+01 5.922924876213073730e-01 -7.472239136695861816e-01 -3.014070391654968262e-01 0.000000000000000000e+00 2.000000000000000000e+00
2.758038024902343750e+02 2.137499389648437500e+02 4.261497879028320312e+01 5.815492868423461914e-01 -7.605545520782470703e-01 -2.887165546417236328e-01 0.000000000000000000e+00 2.000000000000000000e+00
2.761196289062500000e+02 2.133368988037109375e+02 4.245818328857421875e+01 5.733966231346130371e-01 -7.713455557823181152e-01 -2.761201262474060059e-01 0.000000000000000000e+00 2.000000000000000000e+00
2.764293823242187500e+02 2.129202117919921875e+02 4.230902099609375000e+01 5.689712166786193848e-01 -7.777829170227050781e-01 -2.670682668685913086e-01 0.000000000000000000e+00 2.000000000000000000e+00
2.767388000488281250e+02 2.124972381591796875e+02 4.216378402709960938e+01 5.694320797920227051e-01 -7.792621850967407227e-01 -2.617204785346984863e-01 0.000000000000000000e+00 2.000000000000000000e+00
2.770528869628906250e+02 2.120674133300781250e+02 4.201942443847656250e+01 5.758869647979736328e-01 -7.755839824676513672e-01 -2.585030496120452881e-01 0.000000000000000000e+00 2.000000000000000000e+00
2.773759155273437500e+02 2.116323699951171875e+02 4.187442398071289062e+01 5.889434814453125000e-01 -7.667255997657775879e-01 -2.554947733879089355e-01 0.000000000000000000e+00 2.000000000000000000e+00
2.777111511230468750e+02 2.111959381103515625e+02 4.172899246215820312e+01 6.075653433799743652e-01 -7.534905076026916504e-01 -2.512299418449401855e-01 0.000000000000000000e+00 2.000000000000000000e+00
2.780599975585937500e+02 2.107633056640625000e+02 4.158474349975585938e+01 6.304268240928649902e-01 -7.363644242286682129e-01 -2.456205785274505615e-01 0.000000000000000000e+00 2.000000000000000000e+00
2.784226684570312500e+02 2.103396911621093750e+02 4.144344329833984375e+01 6.545634269714355469e-01 -7.172979712486267090e-01 -2.388102561235427856e-01 0.000000000000000000e+00 2.000000000000000000e+00
2.787969665527343750e+02 2.099295196533203125e+02 4.130688476562500000e+01 6.773915290832519531e-01 -6.979275345802307129e-01 -2.324603646993637085e-01 0.000000000000000000e+00 2.000000000000000000e+00
2.791799926757812500e+02 2.095348815917968750e+02 4.117544174194335938e+01 6.969816088676452637e-01 -6.797688007354736328e-01 -2.283222675323486328e-01 0.000000000000000000e+00 2.000000000000000000e+00
2.795692443847656250e+02 2.091552429199218750e+02 4.104792785644531250e+01 7.121505737304687500e-01 -6.638644933700561523e-01 -2.283103317022323608e-01 0.000000000000000000e+00 2.000000000000000000e+00
2.799630737304687500e+02 2.087881164550781250e+02 4.092166900634765625e+01 7.228237986564636230e-01 -6.505358815193176270e-01 -2.330855876207351685e-01 0.000000000000000000e+00 2.000000000000000000e+00
2.803609924316406250e+02 2.084299926757812500e+02 4.079335403442382812e+01 7.293515205383300781e-01 -6.398452520370483398e-01 -2.421657592058181763e-01 0.000000000000000000e+00 2.000000000000000000e+00
2.807626037597656250e+02 2.080776672363281250e+02 4.066000747680664062e+01 7.328186631202697754e-01 -6.313438415527343750e-01 -2.537354826927185059e-01 0.000000000000000000e+00 2.000000000000000000e+00
2.811672363281250000e+02 2.077290649414062500e+02 4.051990509033203125e+01 7.338653206825256348e-01 -6.254847645759582520e-01 -2.649724483489990234e-01 0.000000000000000000e+00 2.000000000000000000e+00
2.815731811523437500e+02 2.073830718994140625e+02 4.037333297729492188e+01 7.335287332534790039e-01 -6.223469376564025879e-01 -2.731663584709167480e-01 0.000000000000000000e+00 2.000000000000000000e+00
2.819781799316406250e+02 2.070394592285156250e+02 4.022251129150390625e+01 7.323055863380432129e-01 -6.221202015876770020e-01 -2.769385278224945068e-01 0.000000000000000000e+00 2.000000000000000000e+00
2.823796691894531250e+02 2.066983795166015625e+02 4.007067871093750000e+01 7.308009266853332520e-01 -6.241087317466735840e-01 -2.764387726783752441e-01 0.000000000000000000e+00 2.000000000000000000e+00
2.827765197753906250e+02 2.063594665527343750e+02 3.992056274414062500e+01 7.295334935188293457e-01 -6.267327666282653809e-01 -2.738374471664428711e-01 0.000000000000000000e+00 2.000000000000000000e+00
2.831689453125000000e+02 2.060223388671875000e+02 3.977326202392578125e+01 7.285350561141967773e-01 -6.286625862121582031e-01 -2.720660567283630371e-01 0.000000000000000000e+00 2.000000000000000000e+00
2.835584106445312500e+02 2.056862640380859375e+02 3.962781906127929688e+01 7.273591756820678711e-01 -6.293322443962097168e-01 -2.736596763134002686e-01 0.000000000000000000e+00 2.000000000000000000e+00
2.839468688964843750e+02 2.053501586914062500e+02 3.948166656494140625e+01 7.246628999710083008e-01 -6.302492022514343262e-01 -2.786568999290466309e-01 0.000000000000000000e+00 2.000000000000000000e+00
2.843358154296875000e+02 2.050118865966796875e+02 3.933210372924804688e+01 7.196042537689208984e-01 -6.333125233650207520e-01 -2.847542166709899902e-01 0.000000000000000000e+00 2.000000000000000000e+00
2.847259521484375000e+02 2.046685333251953125e+02 3.917772293090820312e+01 7.111855149269104004e-01 -6.412932872772216797e-01 -2.880243062973022461e-01 0.000000000000000000e+00 2.000000000000000000e+00
2.851170654296875000e+02 2.043158569335937500e+02 3.901932525634765625e+01 6.997397541999816895e-01 -6.553286910057067871e-01 -2.844445705413818359e-01 0.000000000000000000e+00 2.000000000000000000e+00
2.855091857910156250e+02 2.039486236572265625e+02 3.885992813110351562e+01 6.856952905654907227e-01 -6.753671169281005859e-01 -2.714796662330627441e-01 0.000000000000000000e+00 2.000000000000000000e+00
2.859032592773437500e+02 2.035604858398437500e+02 3.870390701293945312e+01 6.699775457382202148e-01 -6.989252567291259766e-01 -2.502672374248504639e-01 0.000000000000000000e+00 2.000000000000000000e+00
2.863019714355468750e+02 2.031445465087890625e+02 3.855496978759765625e+01 6.534004211425781250e-01 -7.230628132820129395e-01 -2.241607308387756348e-01 0.000000000000000000e+00 2.000000000000000000e+00
2.867088623046875000e+02 2.026942749023437500e+02 3.841537857055664062e+01 6.372777819633483887e-01 -7.446904182434082031e-01 -1.982756704092025757e-01 0.000000000000000000e+00 2.000000000000000000e+00
2.871276550292968750e+02 2.022048950195312500e+02 3.828507995605468750e+01 6.226522326469421387e-01 -7.623439431190490723e-01 -1.764532625675201416e-01 0.000000000000000000e+00 2.000000000000000000e+00
2.875604248046875000e+02 2.016750335693359375e+02 3.816243743896484375e+01 6.106773614883422852e-01 -7.756316065788269043e-01 -1.595893949270248413e-01 0.000000000000000000e+00 2.000000000000000000e+00
2.880068054199218750e+02 2.011080780029296875e+02 3.804578399658203125e+01 6.024254560470581055e-01 -7.846844196319580078e-01 -1.461297720670700073e-01 0.000000000000000000e+00 2.000000000000000000e+00
2.884642028808593750e+02 2.005122985839843750e+02 3.793483352661132812e+01 5.987770557403564453e-01 -7.897011637687683105e-01 -1.335593461990356445e-01 0.000000000000000000e+00 2.000000000000000000e+00
2.889286804199218750e+02 1.998997192382812500e+02 3.783123016357421875e+01 6.002240180969238281e-01 -7.907452583312988281e-01 -1.202210038900375366e-01 0.000000000000000000e+00 2.000000000000000000e+00
2.893965148925781250e+02 1.992833862304687500e+02 3.773752593994140625e+01 6.067870259284973145e-01 -7.877045273780822754e-01 -1.064476296305656433e-01 0.000000000000000000e+00 2.000000000000000000e+00
2.898649902343750000e+02 1.986752319335937500e+02 3.765534210205078125e+01 6.178004145622253418e-01 -7.805809378623962402e-01 -9.495361894369125366e-02 0.000000000000000000e+00 2.000000000000000000e+00
2.903329162597656250e+02 1.980840148925781250e+02 3.758342361450195312e+01 6.318372488021850586e-01 -7.698529362678527832e-01 -9.004568308591842651e-02 0.000000000000000000e+00 2.000000000000000000e+00
2.907998962402343750e+02 1.975150299072265625e+02 3.751687240600585938e+01 6.476939320564270020e-01 -7.558900713920593262e-01 -9.551356732845306396e-02 0.000000000000000000e+00 2.000000000000000000e+00
2.912664794921875000e+02 1.969705047607421875e+02 3.744806671142578125e+01 6.637985110282897949e-01 -7.393750548362731934e-01 -1.126764267683029175e-01 0.000000000000000000e+00 2.000000000000000000e+00
2.917336730957031250e+02 1.964501190185546875e+02 3.736876296997070312e+01 6.789565682411193848e-01 -7.207980155944824219e-01 -1.395283341407775879e-01 0.000000000000000000e+00 2.000000000000000000e+00
2.922028808593750000e+02 1.959519958496093750e+02 3.727233886718750000e+01 6.926082372665405273e-01 -7.006472945213317871e-01 -1.714270114898681641e-01 0.000000000000000000e+00 2.000000000000000000e+00
2.926761474609375000e+02 1.954732360839843750e+02 3.715520095825195312e+01 7.037667632102966309e-01 -6.808261275291442871e-01 -2.029484510421752930e-01 0.000000000000000000e+00 2.000000000000000000e+00
2.931554870605468750e+02 1.950095214843750000e+02 3.701697158813476562e+01 7.122259736061096191e-01 -6.631531119346618652e-01 -2.301350831985473633e-01 0.000000000000000000e+00 2.000000000000000000e+00
2.936427001953125000e+02 1.945558776855468750e+02 3.685954284667968750e+01 7.176481485366821289e-01 -6.494940519332885742e-01 -2.512739598751068115e-01 0.000000000000000000e+00 2.000000000000000000e+00
2.941388549804687500e+02 1.941068420410156250e+02 3.668582153320312500e+01 7.197192907333374023e-01 -6.409823298454284668e-01 -2.667317688465118408e-01 0.000000000000000000e+00 2.000000000000000000e+00
2.946440429687500000e+02 1.936569213867187500e+02 3.649859619140625000e+01 7.184741497039794922e-01 -6.376879215240478516e-01 -2.777571976184844971e-01 0.000000000000000000e+00 2.000000000000000000e+00
2.951576843261718750e+02 1.932010345458984375e+02 3.630002593994140625e+01 7.144833207130432129e-01 -6.384593248367309570e-01 -2.861523032188415527e-01 0.000000000000000000e+00 2.000000000000000000e+00
2.956785278320312500e+02 1.927356109619140625e+02 3.609142684936523438e+01 7.083395719528198242e-01 -6.421459317207336426e-01 -2.930932641029357910e-01 0.000000000000000000e+00 2.000000000000000000e+00
2.962044677734375000e+02 1.922588195800781250e+02 3.587380599975585938e+01 7.013142108917236328e-01 -6.470822095870971680e-01 -2.990699708461761475e-01 0.000000000000000000e+00 2.000000000000000000e+00
2.967334899902343750e+02 1.917707061767578125e+02 3.564820861816406250e+01 6.940181851387023926e-01 -6.524851322174072266e-01 -3.043056726455688477e-01 0.000000000000000000e+00 2.000000000000000000e+00
2.972628173828125000e+02 1.912730560302734375e+02 3.541611480712890625e+01 6.873927116394042969e-01 -6.573528647422790527e-01 -3.088340163230895996e-01 0.000000000000000000e+00 2.000000000000000000e+00
2.977897033691406250e+02 1.907691955566406250e+02 3.517939376831054688e+01 6.818390488624572754e-01 -6.614109277725219727e-01 -3.124597370624542236e-01 0.000000000000000000e+00 2.000000000000000000e+00
2.983117370605468750e+02 1.902628021240234375e+02 3.494016647338867188e+01 6.776294112205505371e-01 -6.646366715431213379e-01 -3.147640526294708252e-01 0.000000000000000000e+00 2.000000000000000000e+00
2.988274230957031250e+02 1.897570037841796875e+02 3.470062637329101562e+01 6.756905913352966309e-01 -6.666361689567565918e-01 -3.147038221359252930e-01 0.000000000000000000e+00 2.000000000000000000e+00
2.993375549316406250e+02 1.892537078857421875e+02 3.446303176879882812e+01 6.766201853752136230e-01 -6.676359772682189941e-01 -3.105596899986267090e-01 0.000000000000000000e+00 2.000000000000000000e+00
2.998454895019531250e+02 1.887525177001953125e+02 3.422989654541015625e+01 6.809803247451782227e-01 -6.677556633949279785e-01 -3.006129562854766846e-01 0.000000000000000000e+00 2.000000000000000000e+00
3.003569946289062500e+02 1.882509460449218750e+02 3.400409698486328125e+01 6.887469887733459473e-01 -6.667566895484924316e-01 -2.847158014774322510e-01 0.000000000000000000e+00 2.000000000000000000e+00
3.008788757324218750e+02 1.877457275390625000e+02 3.378836059570312500e+01 6.991273760795593262e-01 -6.639388799667358398e-01 -2.653414905071258545e-01 0.000000000000000000e+00 2.000000000000000000e+00
3.014166870117187500e+02 1.872349853515625000e+02 3.358424377441406250e+01 7.108888626098632812e-01 -6.585012078285217285e-01 -2.470086216926574707e-01 0.000000000000000000e+00 2.000000000000000000e+00
3.019730529785156250e+02 1.867196197509765625e+02 3.339092636108398438e+01 7.229379415512084961e-01 -6.496437788009643555e-01 -2.352097183465957642e-01 0.000000000000000000e+00 2.000000000000000000e+00
3.025464782714843750e+02 1.862043304443359375e+02 3.320436096191406250e+01 7.350353598594665527e-01 -6.364391446113586426e-01 -2.338123023509979248e-01 0.000000000000000000e+00 2.000000000000000000e+00
3.031329956054687500e+02 1.856964874267578125e+02 3.301779174804687500e+01 7.474665045738220215e-01 -6.179743409156799316e-01 -2.437240928411483765e-01 0.000000000000000000e+00 2.000000000000000000e+00
3.037286682128906250e+02 1.852040100097656250e+02 3.282356262207031250e+01 7.605034708976745605e-01 -5.939943194389343262e-01 -2.623077332973480225e-01 0.000000000000000000e+00 2.000000000000000000e+00
3.043320617675781250e+02 1.847327270507812500e+02 3.261544418334960938e+01 7.740699648857116699e-01 -5.659126639366149902e-01 -2.838285565376281738e-01 0.000000000000000000e+00 2.000000000000000000e+00
3.049448242187500000e+02 1.842847442626953125e+02 3.239076232910156250e+01 7.877998948097229004e-01 -5.370141267776489258e-01 -3.016408383846282959e-01 0.000000000000000000e+00 2.000000000000000000e+00
3.055709228515625000e+02 1.838579559326171875e+02 3.215103530883789062e+01 8.002958297729492188e-01 -5.126621723175048828e-01 -3.109727501869201660e-01 0.000000000000000000e+00 2.000000000000000000e+00
3.062134399414062500e+02 1.834463653564453125e+02 3.190137100219726562e+01 8.098989725112915039e-01 -4.975067079067230225e-01 -3.107261061668395996e-01 0.000000000000000000e+00 2.000000000000000000e+00
3.068726196289062500e+02 1.830414428710937500e+02 3.164846992492675781e+01 8.142745494842529297e-01 -4.950444400310516357e-01 -3.031302988529205322e-01 0.000000000000000000e+00 2.000000000000000000e+00
3.075441284179687500e+02 1.826331939697265625e+02 3.139848709106445312e+01 8.115384578704833984e-01 -5.061764717102050781e-01 -2.918744683265686035e-01 0.000000000000000000e+00 2.000000000000000000e+00
3.082200927734375000e+02 1.822115783691406250e+02 3.115537261962890625e+01 8.007933497428894043e-01 -5.294277667999267578e-01 -2.800647616386413574e-01 0.000000000000000000e+00 2.000000000000000000e+00
3.088915100097656250e+02 1.817676849365234375e+02 3.092055511474609375e+01 7.821042537689208984e-01 -5.614824295043945312e-01 -2.702785730361938477e-01 0.000000000000000000e+00 2.000000000000000000e+00
3.095496520996093750e+02 1.812951965332031250e+02 3.069311523437500000e+01 7.571368813514709473e-01 -5.977281928062438965e-01 -2.635615766048431396e-01 0.000000000000000000e+00 2.000000000000000000e+00
3.101882934570312500e+02 1.807910156250000000e+02 3.047080230712890625e+01 7.286422252655029297e-01 -6.335673928260803223e-01 -2.601400613784790039e-01 0.000000000000000000e+00 2.000000000000000000e+00
3.108041076660156250e+02 1.802555541992187500e+02 3.025094413757324219e+01 6.999715566635131836e-01 -6.652163267135620117e-01 -2.598597109317779541e-01 0.000000000000000000e+00 2.000000000000000000e+00
3.113966064453125000e+02 1.796924743652343750e+02 3.003098297119140625e+01 6.741952300071716309e-01 -6.905339956283569336e-01 -2.619608640670776367e-01 0.000000000000000000e+00 2.000000000000000000e+00
3.119676818847656250e+02 1.791075592041015625e+02 2.980908966064453125e+01 6.537550687789916992e-01 -7.086763978004455566e-01 -2.652961313724517822e-01 0.000000000000000000e+00 2.000000000000000000e+00
3.125209350585937500e+02 1.785078277587890625e+02 2.958457756042480469e+01 6.400420069694519043e-01 -7.198618650436401367e-01 -2.685984373092651367e-01 0.000000000000000000e+00 2.000000000000000000e+00
3.130608825683593750e+02 1.779005432128906250e+02 2.935798454284667969e+01 6.334071159362792969e-01 -7.250221967697143555e-01 -2.704410254955291748e-01 0.000000000000000000e+00 2.000000000000000000e+00
3.135919494628906250e+02 1.772926635742187500e+02 2.913123893737792969e+01 6.334656476974487305e-01 -7.253652215003967285e-01 -2.693818509578704834e-01 0.000000000000000000e+00 2.000000000000000000e+00
3.141179504394531250e+02 1.766903533935546875e+02 2.890755653381347656e+01 6.388967633247375488e-01 -7.222667336463928223e-01 -2.648427784442901611e-01 0.000000000000000000e+00 2.000000000000000000e+00
3.146411132812500000e+02 1.760989227294921875e+02 2.869068908691406250e+01 6.478768587112426758e-01 -7.170277237892150879e-01 -2.571513950824737549e-01 0.000000000000000000e+00 2.000000000000000000e+00
3.151617736816406250e+02 1.755226898193359375e+02 2.848403167724609375e+01 6.589468717575073242e-01 -7.103347778320312500e-01 -2.474136203527450562e-01 0.000000000000000000e+00 2.000000000000000000e+00
3.156791076660156250e+02 1.749650115966796875e+02 2.828978919982910156e+01 6.708313226699829102e-01 -7.026110887527465820e-01 -2.373247444629669189e-01 0.000000000000000000e+00 2.000000000000000000e+00
3.161915588378906250e+02 1.744282836914062500e+02 2.810849571228027344e+01 6.827569007873535156e-01 -6.940120458602905273e-01 -2.284515500068664551e-01 0.000000000000000000e+00 2.000000000000000000e+00
3.166978759765625000e+02 1.739136199951171875e+02 2.793908119201660156e+01 6.946198940277099609e-01 -6.844877600669860840e-01 -2.213133722543716431e-01 0.000000000000000000e+00 2.000000000000000000e+00
3.171979064941406250e+02 1.734208831787109375e+02 2.777976608276367188e+01 7.057597637176513672e-01 -6.746520996093750000e-01 -2.162121683359146118e-01 0.000000000000000000e+00 2.000000000000000000e+00
3.176922607421875000e+02 1.729483184814453125e+02 2.762831878662109375e+01 7.164163589477539062e-01 -6.647628545761108398e-01 -2.117497920989990234e-01 0.000000000000000000e+00 2.000000000000000000e+00
3.181826171875000000e+02 1.724933166503906250e+02 2.748338508605957031e+01 7.261113524436950684e-01 -6.559830904006958008e-01 -2.060301750898361206e-01 0.000000000000000000e+00 2.000000000000000000e+00
3.186708068847656250e+02 1.720522766113281250e+02 2.734486389160156250e+01 7.357553243637084961e-01 -6.480865478515625000e-01 -1.965906620025634766e-01 0.000000000000000000e+00 2.000000000000000000e+00
3.191589660644531250e+02 1.716222839355468750e+02 2.721442985534667969e+01 7.451559305191040039e-01 -6.416053175926208496e-01 -1.818930804729461670e-01 0.000000000000000000e+00 2.000000000000000000e+00
3.196484680175781250e+02 1.712008056640625000e+02 2.709494209289550781e+01 7.544775009155273438e-01 -6.359334588050842285e-01 -1.623338013887405396e-01 0.000000000000000000e+00 2.000000000000000000e+00
3.201402587890625000e+02 1.707862854003906250e+02 2.698912811279296875e+01 7.625834941864013672e-01 -6.313353776931762695e-01 -1.410033106803894043e-01 0.000000000000000000e+00 2.000000000000000000e+00
3.206336364746093750e+02 1.703778228759765625e+02 2.689790153503417969e+01 7.680896520614624023e-01 -6.283439993858337402e-01 -1.233779713511466980e-01 0.000000000000000000e+00 2.000000000000000000e+00
3.211261901855468750e+02 1.699748840332031250e+02 2.681878280639648438e+01 7.689549922943115234e-01 -6.286609768867492676e-01 -1.161618158221244812e-01 0.000000000000000000e+00 2.000000000000000000e+00
3.216131896972656250e+02 1.695767364501953125e+02 2.674521446228027344e+01 7.637997865676879883e-01 -6.333459019660949707e-01 -1.244299933314323425e-01 0.000000000000000000e+00 2.000000000000000000e+00
3.220886535644531250e+02 1.691824798583984375e+02 2.666775703430175781e+01 7.512442469596862793e-01 -6.428753137588500977e-01 -1.494768410921096802e-01 0.000000000000000000e+00 2.000000000000000000e+00
3.225463562011718750e+02 1.687908020019531250e+02 2.657668685913085938e+01 7.320516109466552734e-01 -6.548264026641845703e-01 -1.878906786441802979e-01 0.000000000000000000e+00 2.000000000000000000e+00
3.229826049804687500e+02 1.684005737304687500e+02 2.646471786499023438e+01 7.088772654533386230e-01 -6.660659909248352051e-01 -2.320541292428970337e-01 0.000000000000000000e+00 2.000000000000000000e+00
3.233972167968750000e+02 1.680110015869140625e+02 2.632899284362792969e+01 6.872085928916931152e-01 -6.733082532882690430e-01 -2.727641165256500244e-01 0.000000000000000000e+00 2.000000000000000000e+00
3.237947692871093750e+02 1.676214904785156250e+02 2.617119789123535156e+01 6.724448800086975098e-01 -6.752246618270874023e-01 -3.031329810619354248e-01 0.000000000000000000e+00 2.000000000000000000e+00
3.241823425292968750e+02 1.672323150634765625e+02 2.599648284912109375e+01 6.673255562782287598e-01 -6.721336841583251953e-01 -3.208003640174865723e-01 0.000000000000000000e+00 2.000000000000000000e+00
3.245677795410156250e+02 1.668441009521484375e+02 2.581119346618652344e+01 6.704563498497009277e-01 -6.659156084060668945e-01 -3.271768689155578613e-01 0.000000000000000000e+00 2.000000000000000000e+00
3.249575500488281250e+02 1.664569702148437500e+02 2.562098884582519531e+01 6.782217621803283691e-01 -6.587765216827392578e-01 -3.256205618381500244e-01 0.000000000000000000e+00 2.000000000000000000e+00
3.253561706542968750e+02 1.660697784423828125e+02 2.542960739135742188e+01 6.854205727577209473e-01 -6.539213657379150391e-01 -3.202897608280181885e-01 0.000000000000000000e+00 2.000000000000000000e+00
3.257655639648437500e+02 1.656791992187500000e+02 2.523830223083496094e+01 6.887306571006774902e-01 -6.535270810127258301e-01 -3.139307200908660889e-01 0.000000000000000000e+00 2.000000000000000000e+00
3.261861877441406250e+02 1.652800750732421875e+02 2.504657745361328125e+01 6.865492463111877441e-01 -6.581818461418151855e-01 -3.089447319507598877e-01 0.000000000000000000e+00 2.000000000000000000e+00
3.266175231933593750e+02 1.648665618896484375e+02 2.485247802734375000e+01 6.786977052688598633e-01 -6.674904823303222656e-01 -3.063098490238189697e-01 0.000000000000000000e+00 2.000000000000000000e+00
3.270573730468750000e+02 1.644339752197265625e+02 2.465396499633789062e+01 6.668683886528015137e-01 -6.793438792228698730e-01 -3.062325716018676758e-01 0.000000000000000000e+00 2.000000000000000000e+00
3.275027160644531250e+02 1.639803009033203125e+02 2.444945907592773438e+01 6.528528332710266113e-01 -6.919419765472412109e-01 -3.082197904586791992e-01 0.000000000000000000e+00 2.000000000000000000e+00
3.279494628906250000e+02 1.635068054199218750e+02 2.423854446411132812e+01 6.388003826141357422e-01 -7.033651471138000488e-01 -3.117877244949340820e-01 0.000000000000000000e+00 2.000000000000000000e+00
3.283936157226562500e+02 1.630177612304687500e+02 2.402176094055175781e+01 6.263660788536071777e-01 -7.125692367553710938e-01 -3.160864114761352539e-01 0.000000000000000000e+00 2.000000000000000000e+00
3.288326721191406250e+02 1.625182800292968750e+02 2.380019760131835938e+01 6.165662407875061035e-01 -7.190955877304077148e-01 -3.205426633358001709e-01 0.000000000000000000e+00 2.000000000000000000e+00
3.292657775878906250e+02 1.620131530761718750e+02 2.357503318786621094e+01 6.098955869674682617e-01 -7.230364084243774414e-01 -3.244159519672393799e-01 0.000000000000000000e+00 2.000000000000000000e+00
3.296939086914062500e+02 1.615055999755859375e+02 2.334730148315429688e+01 6.060591340065002441e-01 -7.250030636787414551e-01 -3.272046744823455811e-01 0.000000000000000000e+00 2.000000000000000000e+00
3.301188049316406250e+02 1.609973144531250000e+02 2.311790466308593750e+01 6.045814752578735352e-01 -7.258373498916625977e-01 -3.280875384807586670e-01 0.000000000000000000e+00 2.000000000000000000e+00
3.305425720214843750e+02 1.604885559082031250e+02 2.288793945312500000e+01 6.049594879150390625e-01 -7.262950539588928223e-01 -3.263733088970184326e-01 0.000000000000000000e+00 2.000000000000000000e+00
3.309670104980468750e+02 1.599789886474609375e+02 2.265895652770996094e+01 6.076598167419433594e-01 -7.260799407958984375e-01 -3.218034207820892334e-01 0.000000000000000000e+00 2.000000000000000000e+00
3.313942871093750000e+02 1.594684448242187500e+02 2.243268013000488281e+01 6.126279234886169434e-01 -7.249632477760314941e-01 -3.148257136344909668e-01 0.000000000000000000e+00 2.000000000000000000e+00
3.318261718750000000e+02 1.589573669433593750e+02 2.221073722839355469e+01 6.206292510032653809e-01 -7.217531800270080566e-01 -3.064173758029937744e-01 0.000000000000000000e+00 2.000000000000000000e+00
3.322653808593750000e+02 1.584465942382812500e+02 2.199389076232910156e+01 6.315985918045043945e-01 -7.157773971557617188e-01 -2.979027032852172852e-01 0.000000000000000000e+00 2.000000000000000000e+00
3.327146301269531250e+02 1.579374694824218750e+02 2.178199577331542969e+01 6.450986266136169434e-01 -7.066643834114074707e-01 -2.906426787376403809e-01 0.000000000000000000e+00 2.000000000000000000e+00
3.331766967773437500e+02 1.574313049316406250e+02 2.157381629943847656e+01 6.602071523666381836e-01 -6.946939826011657715e-01 -2.855290472507476807e-01 0.000000000000000000e+00 2.000000000000000000e+00
3.336542968750000000e+02 1.569287567138671875e+02 2.136726188659667969e+01 6.758289337158203125e-01 -6.806969642639160156e-01 -2.826780378818511963e-01 0.000000000000000000e+00 2.000000000000000000e+00
3.341499938964843750e+02 1.564294891357421875e+02 2.115992736816406250e+01 6.906723976135253906e-01 -6.660609841346740723e-01 -2.816639244556427002e-01 0.000000000000000000e+00 2.000000000000000000e+00
3.346655578613281250e+02 1.559322967529296875e+02 2.094967460632324219e+01 7.037827372550964355e-01 -6.522165536880493164e-01 -2.816087007522583008e-01 0.000000000000000000e+00 2.000000000000000000e+00
3.352018127441406250e+02 1.554353332519531250e+02 2.073509979248046875e+01 7.145709395408630371e-01 -6.402516365051269531e-01 -2.818977236747741699e-01 0.000000000000000000e+00 2.000000000000000000e+00
3.357579956054687500e+02 1.549369964599609375e+02 2.051568603515625000e+01 7.229611873626708984e-01 -6.307075023651123047e-01 -2.820199131965637207e-01 0.000000000000000000e+00 2.000000000000000000e+00
3.363319702148437500e+02 1.544362640380859375e+02 2.029178428649902344e+01 7.295663952827453613e-01 -6.232839822769165039e-01 -2.815136611461639404e-01 0.000000000000000000e+00 2.000000000000000000e+00
3.369206237792968750e+02 1.539333648681640625e+02 2.006464385986328125e+01 7.352685332298278809e-01 -6.172105669975280762e-01 -2.800559103488922119e-01 0.000000000000000000e+00 2.000000000000000000e+00
3.375207519531250000e+02 1.534295959472656250e+02 1.983606147766113281e+01 7.410228252410888672e-01 -6.112853288650512695e-01 -2.778765857219696045e-01 0.000000000000000000e+00 2.000000000000000000e+00
3.381296081542968750e+02 1.529273376464843750e+02 1.960774612426757812e+01 7.477557659149169922e-01 -6.041948199272155762e-01 -2.753362059593200684e-01 0.000000000000000000e+00 2.000000000000000000e+00
3.387448425292968750e+02 1.524302215576171875e+02 1.938120651245117188e+01 7.559767961502075195e-01 -5.947235822677612305e-01 -2.735013663768768311e-01 0.000000000000000000e+00 2.000000000000000000e+00
3.393646240234375000e+02 1.519426422119140625e+02 1.915697860717773438e+01 7.655501365661621094e-01 -5.823825001716613770e-01 -2.734292149543762207e-01 0.000000000000000000e+00 2.000000000000000000e+00
3.399863586425781250e+02 1.514696655273437500e+02 1.893491554260253906e+01 7.757595777511596680e-01 -5.674034357070922852e-01 -2.761346101760864258e-01 0.000000000000000000e+00 2.000000000000000000e+00
3.406046447753906250e+02 1.510174407958984375e+02 1.871483421325683594e+01 7.856029868125915527e-01 -5.508371591567993164e-01 -2.817912995815277100e-01 0.000000000000000000e+00 2.000000000000000000e+00
3.412098693847656250e+02 1.505930786132812500e+02 1.849774360656738281e+01 7.941710948944091797e-01 -5.341635942459106445e-01 -2.897610962390899658e-01 0.000000000000000000e+00 2.000000000000000000e+00
3.417871398925781250e+02 1.502048034667968750e+02 1.828712081909179688e+01 8.009680509567260742e-01 -5.187585949897766113e-01 -2.988972663879394531e-01 0.000000000000000000e+00 2.000000000000000000e+00
3.423176574707031250e+02 1.498612060546875000e+02 1.808914756774902344e+01 8.058941364288330078e-01 -5.056304931640625000e-01 -3.080138862133026123e-01 0.000000000000000000e+00 2.000000000000000000e+00
3.427819519042968750e+02 1.495699005126953125e+02 1.791169357299804688e+01 8.093022108078002930e-01 -4.950251281261444092e-01 -3.161961734294891357e-01 0.000000000000000000e+00 2.000000000000000000e+00
3.431648254394531250e+02 1.493357086181640625e+02 1.776210403442382812e+01 8.093022108078002930e-01 -4.950251281261444092e-01 -3.161961734294891357e-01 0.000000000000000000e+00 2.000000000000000000e+00
