1.319199066162109375e+02 1.083236541748046875e+02 2.007074279785156250e+02 -8.857194781303405762e-01 7.600121200084686279e-02 -4.579573273658752441e-01 0.000000000000000000e+00 2.000000000000000000e+00
1.325783081054687500e+02 1.082671585083007812e+02 2.010478515625000000e+02 -8.820407986640930176e-01 1.095672696828842163e-01 -4.582566022872924805e-01 0.000000000000000000e+00 2.000000000000000000e+00
1.332435913085937500e+02 1.081845169067382812e+02 2.013934936523437500e+02 -8.778180480003356934e-01 1.357603818178176880e-01 -4.593524038791656494e-01 0.000000000000000000e+00 2.000000000000000000e+00
1.339148406982421875e+02 1.080807037353515625e+02 2.017447509765625000e+02 -8.729400634765625000e-01 1.512164026498794556e-01 -4.637987613677978516e-01 0.000000000000000000e+00 2.000000000000000000e+00
1.345894012451171875e+02 1.079638519287109375e+02 2.021031494140625000e+02 -8.663803339004516602e-01 1.592466533184051514e-01 -4.733134508132934570e-01 0.000000000000000000e+00 2.000000000000000000e+00
1.352628631591796875e+02 1.078400650024414062e+02 2.024710693359375000e+02 -8.566097021102905273e-01 1.664900332689285278e-01 -4.883655309677124023e-01 0.000000000000000000e+00 2.000000000000000000e+00
1.359296722412109375e+02 1.077104644775390625e+02 2.028512268066406250e+02 -8.422691822052001953e-01 1.795410215854644775e-01 -5.082790851593017578e-01 0.000000000000000000e+00 2.000000000000000000e+00
1.365842590332031250e+02 1.075709304809570312e+02 2.032462463378906250e+02 -8.227981925010681152e-01 2.016278058290481567e-01 -5.313655138015747070e-01 0.000000000000000000e+00 2.000000000000000000e+00
1.372217559814453125e+02 1.074147109985351562e+02 2.036579437255859375e+02 -7.984148263931274414e-01 2.311590611934661865e-01 -5.559669137001037598e-01 0.000000000000000000e+00 2.000000000000000000e+00
1.378385162353515625e+02 1.072361450195312500e+02 2.040874176025390625e+02 -7.703679203987121582e-01 2.629225254058837891e-01 -5.808656811714172363e-01 0.000000000000000000e+00 2.000000000000000000e+00
1.384320220947265625e+02 1.070335845947265625e+02 2.045349273681640625e+02 -7.407761216163635254e-01 2.911157011985778809e-01 -6.053943037986755371e-01 0.000000000000000000e+00 2.000000000000000000e+00
1.390010223388671875e+02 1.068099746704101562e+02 2.049999389648437500e+02 -7.119093537330627441e-01 3.124518990516662598e-01 -6.289348006248474121e-01 0.000000000000000000e+00 2.000000000000000000e+00
1.395453796386718750e+02 1.065710601806640625e+02 2.054808502197265625e+02 -6.857938766479492188e-01 3.264603912830352783e-01 -6.504693627357482910e-01 0.000000000000000000e+00 2.000000000000000000e+00
1.400661621093750000e+02 1.063231506347656250e+02 2.059748077392578125e+02 -6.639884710311889648e-01 3.343276977539062500e-01 -6.688380241394042969e-01 0.000000000000000000e+00 2.000000000000000000e+00
1.405654754638671875e+02 1.060717391967773438e+02 2.064777679443359375e+02 -6.473198533058166504e-01 3.377816677093505859e-01 -6.832866072654724121e-01 0.000000000000000000e+00 2.000000000000000000e+00
1.410463409423828125e+02 1.058208160400390625e+02 2.069853515625000000e+02 -6.362220048904418945e-01 3.372474312782287598e-01 -6.938917636871337891e-01 0.000000000000000000e+00 2.000000000000000000e+00
1.415122985839843750e+02 1.055738220214843750e+02 2.074935455322265625e+02 -6.308917403221130371e-01 3.325519263744354248e-01 -7.009884119033813477e-01 0.000000000000000000e+00 2.000000000000000000e+00
1.419670104980468750e+02 1.053341369628906250e+02 2.079987792968750000e+02 -6.313669085502624512e-01 3.228813409805297852e-01 -7.050698399543762207e-01 0.000000000000000000e+00 2.000000000000000000e+00
1.424140472412109375e+02 1.051055221557617188e+02 2.084980010986328125e+02 -6.375992298126220703e-01 3.078016042709350586e-01 -7.062048912048339844e-01 0.000000000000000000e+00 2.000000000000000000e+00
1.428563537597656250e+02 1.048919982910156250e+02 2.089878997802734375e+02 -6.493411064147949219e-01 2.874597907066345215e-01 -7.040760517120361328e-01 0.000000000000000000e+00 2.000000000000000000e+00
1.432962341308593750e+02 1.046972656250000000e+02 2.094648590087890625e+02 6.658437252044677734e-01 -2.628220915794372559e-01 6.982668638229370117e-01 0.000000000000000000e+00 2.000000000000000000e+00
1.437352447509765625e+02 1.045239791870117188e+02 2.099252471923828125e+02 6.853477954864501953e-01 -2.357728779315948486e-01 6.889917254447937012e-01 0.000000000000000000e+00 2.000000000000000000e+00
1.441743316650390625e+02 1.043729248046875000e+02 2.103666687011718750e+02 7.053288817405700684e-01 -2.085947543382644653e-01 6.774950027465820312e-01 0.000000000000000000e+00 2.000000000000000000e+00
1.446135864257812500e+02 1.042430191040039062e+02 2.107885894775390625e+02 7.227406501770019531e-01 -1.840007156133651733e-01 6.661753058433532715e-01 0.000000000000000000e+00 2.000000000000000000e+00
1.450526428222656250e+02 1.041312408447265625e+02 2.111932830810546875e+02 7.343077063560485840e-01 -1.649383455514907837e-01 6.584736704826354980e-01 0.000000000000000000e+00 2.000000000000000000e+00
1.454904327392578125e+02 1.040329055786132812e+02 2.115858612060546875e+02 7.378156185150146484e-01 -1.537169814109802246e-01 6.572663784027099609e-01 0.000000000000000000e+00 2.000000000000000000e+00
1.459251098632812500e+02 1.039423446655273438e+02 2.119730834960937500e+02 7.315411567687988281e-01 -1.510984003543853760e-01 6.648433804512023926e-01 0.000000000000000000e+00 2.000000000000000000e+00
1.463538818359375000e+02 1.038537826538085938e+02 2.123627624511718750e+02 7.150589227676391602e-01 -1.567111611366271973e-01 6.812725067138671875e-01 0.000000000000000000e+00 2.000000000000000000e+00
1.467730560302734375e+02 1.037619171142578125e+02 2.127621307373046875e+02 6.891143918037414551e-01 -1.687576919794082642e-01 7.047283649444580078e-01 0.000000000000000000e+00 2.000000000000000000e+00
1.471784667968750000e+02 1.036626358032226562e+02 2.131767272949218750e+02 6.556622982025146484e-01 -1.843349039554595947e-01 7.322073578834533691e-01 0.000000000000000000e+00 2.000000000000000000e+00
1.475663909912109375e+02 1.035535736083984375e+02 2.136099395751953125e+02 6.179270148277282715e-01 -1.998369544744491577e-01 7.604151964187622070e-01 0.000000000000000000e+00 2.000000000000000000e+00
1.479345092773437500e+02 1.034345245361328125e+02 2.140629425048828125e+02 5.796044468879699707e-01 -2.115408629179000854e-01 7.869620323181152344e-01 0.000000000000000000e+00 2.000000000000000000e+00
1.482822875976562500e+02 1.033075942993164062e+02 2.145351409912109375e+02 5.439684391021728516e-01 -2.165627479553222656e-01 8.106780648231506348e-01 0.000000000000000000e+00 2.000000000000000000e+00
1.486111755371093750e+02 1.031766586303710938e+02 2.150252838134765625e+02 5.124064683914184570e-01 -2.125239819288253784e-01 8.320295214653015137e-01 0.000000000000000000e+00 2.000000000000000000e+00
1.489240722656250000e+02 1.030468826293945312e+02 2.155333557128906250e+02 4.843902587890625000e-01 -1.988778859376907349e-01 8.519470095634460449e-01 0.000000000000000000e+00 2.000000000000000000e+00
1.492243804931640625e+02 1.029235839843750000e+02 2.160615386962890625e+02 4.580134749412536621e-01 -1.763862073421478271e-01 8.712701201438903809e-01 0.000000000000000000e+00 2.000000000000000000e+00
1.495154418945312500e+02 1.028114929199218750e+02 2.166152191162109375e+02 4.315749108791351318e-01 -1.471125930547714233e-01 8.900005221366882324e-01 0.000000000000000000e+00 2.000000000000000000e+00
1.498004302978515625e+02 1.027143478393554688e+02 2.172029266357421875e+02 4.043928384780883789e-01 -1.139690428972244263e-01 9.074565768241882324e-01 0.000000000000000000e+00 2.000000000000000000e+00
1.500819702148437500e+02 1.026350021362304688e+02 2.178347015380859375e+02 3.770703375339508057e-01 -7.985176146030426025e-02 9.227359890937805176e-01 0.000000000000000000e+00 2.000000000000000000e+00
1.503621520996093750e+02 1.025756683349609375e+02 2.185203399658203125e+02 3.770703375339508057e-01 -7.985176146030426025e-02 9.227359890937805176e-01 0.000000000000000000e+00 2.000000000000000000e+00
