2.496363677978515625e+02 3.077152709960937500e+02 6.424285125732421875e+01 9.358567595481872559e-01 2.807695865631103516e-01 -2.129331678152084351e-01 0.000000000000000000e+00 2.000000000000000000e+00
2.491817779541015625e+02 3.075788879394531250e+02 6.434628295898437500e+01 9.398142695426940918e-01 2.776379585266113281e-01 -1.991638988256454468e-01 0.000000000000000000e+00 2.000000000000000000e+00
2.486233215332031250e+02 3.074139099121093750e+02 6.446463012695312500e+01 9.439666867256164551e-01 2.741180360317230225e-01 -1.838099807500839233e-01 0.000000000000000000e+00 2.000000000000000000e+00
2.479761657714843750e+02 3.072259826660156250e+02 6.459064483642578125e+01 9.477155208587646484e-01 2.710305452346801758e-01 -1.684570908546447754e-01 0.000000000000000000e+00 2.000000000000000000e+00
2.472623748779296875e+02 3.070218505859375000e+02 6.471752166748046875e+01 9.502994418144226074e-01 2.695465981960296631e-01 -1.558064520359039307e-01 0.000000000000000000e+00 2.000000000000000000e+00
2.465064392089843750e+02 3.068074340820312500e+02 6.484146118164062500e+01 9.511199593544006348e-01 2.705604434013366699e-01 -1.488887816667556763e-01 0.000000000000000000e+00 2.000000000000000000e+00
2.457316589355468750e+02 3.065870361328125000e+02 6.496274566650390625e+01 9.495279192924499512e-01 2.753322422504425049e-01 -1.502959579229354858e-01 0.000000000000000000e+00 2.000000000000000000e+00
2.449567413330078125e+02 3.063623352050781250e+02 6.508540344238281250e+01 9.450453519821166992e-01 2.843201160430908203e-01 -1.614043861627578735e-01 0.000000000000000000e+00 2.000000000000000000e+00
2.441950531005859375e+02 3.061331787109375000e+02 6.521549224853515625e+01 9.373731017112731934e-01 2.973746061325073242e-01 -1.813834458589553833e-01 0.000000000000000000e+00 2.000000000000000000e+00
2.434544372558593750e+02 3.058982238769531250e+02 6.535880279541015625e+01 9.270076155662536621e-01 3.125202059745788574e-01 -2.073356360197067261e-01 0.000000000000000000e+00 2.000000000000000000e+00
2.427386779785156250e+02 3.056569213867187500e+02 6.551889038085937500e+01 9.146260619163513184e-01 3.284052610397338867e-01 -2.358158081769943237e-01 0.000000000000000000e+00 2.000000000000000000e+00
2.420500640869140625e+02 3.054096679687500000e+02 6.569643402099609375e+01 9.012281298637390137e-01 3.437835574150085449e-01 -2.638195753097534180e-01 0.000000000000000000e+00 2.000000000000000000e+00
2.413902893066406250e+02 3.051579895019531250e+02 6.588957214355468750e+01 8.877285122871398926e-01 3.574731051921844482e-01 -2.900882363319396973e-01 0.000000000000000000e+00 2.000000000000000000e+00
2.407624053955078125e+02 3.049051513671875000e+02 6.609474945068359375e+01 8.741214275360107422e-01 3.700439929962158203e-01 -3.146094381809234619e-01 0.000000000000000000e+00 2.000000000000000000e+00
2.401699066162109375e+02 3.046543273925781250e+02 6.630799865722656250e+01 8.603492379188537598e-01 3.814463615417480469e-01 -3.380797207355499268e-01 0.000000000000000000e+00 2.000000000000000000e+00
2.396153259277343750e+02 3.044084472656250000e+02 6.652592468261718750e+01 8.459220528602600098e-01 3.927994370460510254e-01 -3.607278168201446533e-01 0.000000000000000000e+00 2.000000000000000000e+00
2.390983581542968750e+02 3.041683959960937500e+02 6.674637603759765625e+01 8.308840394020080566e-01 4.044865071773529053e-01 -3.821288943290710449e-01 0.000000000000000000e+00 2.000000000000000000e+00
2.386157836914062500e+02 3.039334716796875000e+02 6.696831512451171875e+01 8.150421380996704102e-01 4.177341163158416748e-01 -4.015029072761535645e-01 0.000000000000000000e+00 2.000000000000000000e+00
2.381621856689453125e+02 3.037009887695312500e+02 6.719176483154296875e+01 7.986395359039306641e-01 4.327200055122375488e-01 -4.182442128658294678e-01 0.000000000000000000e+00 2.000000000000000000e+00
2.377307434082031250e+02 3.034672241210937500e+02 6.741770935058593750e+01 7.814887166023254395e-01 4.495286345481872559e-01 -4.326655864715576172e-01 0.000000000000000000e+00 2.000000000000000000e+00
2.373145904541015625e+02 3.032278442382812500e+02 6.764810943603515625e+01 7.639608979225158691e-01 4.673569202423095703e-01 -4.449059665203094482e-01 0.000000000000000000e+00 2.000000000000000000e+00
2.369064788818359375e+02 3.029781799316406250e+02 6.788578033447265625e+01 7.471901178359985352e-01 4.842219650745391846e-01 -4.552319049835205078e-01 0.000000000000000000e+00 2.000000000000000000e+00
2.364992370605468750e+02 3.027142639160156250e+02 6.813389587402343750e+01 7.326378822326660156e-01 4.988714158535003662e-01 -4.629999697208404541e-01 0.000000000000000000e+00 2.000000000000000000e+00
2.360861511230468750e+02 3.024329833984375000e+02 6.839495086669921875e+01 7.216002345085144043e-01 5.100156664848327637e-01 -4.681636393070220947e-01 0.000000000000000000e+00 2.000000000000000000e+00
2.356621856689453125e+02 3.021333312988281250e+02 6.867001342773437500e+01 7.142648696899414062e-01 5.184047818183898926e-01 -4.701938331127166748e-01 0.000000000000000000e+00 2.000000000000000000e+00
2.352249755859375000e+02 3.018160095214843750e+02 6.895782470703125000e+01 7.096557617187500000e-01 5.253173708915710449e-01 -4.695000052452087402e-01 0.000000000000000000e+00 2.000000000000000000e+00
2.347757720947265625e+02 3.014834899902343750e+02 6.925501251220703125e+01 7.062693238258361816e-01 5.326297879219055176e-01 -4.663573801517486572e-01 0.000000000000000000e+00 2.000000000000000000e+00
2.343184204101562500e+02 3.011385803222656250e+02 6.955700683593750000e+01 7.022305130958557129e-01 5.421380400657653809e-01 -4.614743888378143311e-01 0.000000000000000000e+00 2.000000000000000000e+00
2.338585357666015625e+02 3.007835388183593750e+02 6.985922241210937500e+01 6.962599754333496094e-01 5.559204220771789551e-01 -4.540643990039825439e-01 0.000000000000000000e+00 2.000000000000000000e+00
2.334013671875000000e+02 3.004185180664062500e+02 7.015736389160156250e+01 6.878108978271484375e-01 5.747135281562805176e-01 -4.434190094470977783e-01 0.000000000000000000e+00 2.000000000000000000e+00
2.329509277343750000e+02 3.000421447753906250e+02 7.044775390625000000e+01 6.774773597717285156e-01 5.983105301856994629e-01 -4.278422892093658447e-01 0.000000000000000000e+00 2.000000000000000000e+00
2.325087890625000000e+02 2.996516723632812500e+02 7.072697448730468750e+01 6.670076847076416016e-01 6.250844597816467285e-01 -4.054257571697235107e-01 0.000000000000000000e+00 2.000000000000000000e+00
2.320735015869140625e+02 2.992437438964843750e+02 7.099155426025390625e+01 6.584066152572631836e-01 6.529591083526611328e-01 -3.743596673011779785e-01 0.000000000000000000e+00 2.000000000000000000e+00
2.316401062011718750e+02 2.988139343261718750e+02 7.123797607421875000e+01 6.538711786270141602e-01 6.787086725234985352e-01 -3.343755006790161133e-01 0.000000000000000000e+00 2.000000000000000000e+00
2.312002410888671875e+02 2.983573608398437500e+02 7.146291351318359375e+01 6.535113453865051270e-01 7.002859711647033691e-01 -2.872671186923980713e-01 0.000000000000000000e+00 2.000000000000000000e+00
2.307438049316406250e+02 2.978682556152343750e+02 7.166355133056640625e+01 6.557992100715637207e-01 7.166717648506164551e-01 -2.372952252626419067e-01 0.000000000000000000e+00 2.000000000000000000e+00
2.302608337402343750e+02 2.973404541015625000e+02 7.183831024169921875e+01 6.588129997253417969e-01 7.281361222267150879e-01 -1.891647875308990479e-01 0.000000000000000000e+00 2.000000000000000000e+00
2.297441558837890625e+02 2.967694091796875000e+02 7.198666381835937500e+01 6.609464883804321289e-01 7.359134554862976074e-01 -1.469053775072097778e-01 0.000000000000000000e+00 2.000000000000000000e+00
2.291913757324218750e+02 2.961539306640625000e+02 7.210952758789062500e+01 6.619310379028320312e-01 7.410856485366821289e-01 -1.124243587255477905e-01 0.000000000000000000e+00 2.000000000000000000e+00
2.286053009033203125e+02 2.954977722167968750e+02 7.220906829833984375e+01 6.622605323791503906e-01 7.444198131561279297e-01 -8.514778316020965576e-02 0.000000000000000000e+00 2.000000000000000000e+00
2.279932708740234375e+02 2.948098144531250000e+02 7.228775787353515625e+01 6.628466248512268066e-01 7.460971474647521973e-01 -6.303390115499496460e-02 0.000000000000000000e+00 2.000000000000000000e+00
2.273654022216796875e+02 2.941030883789062500e+02 7.234746551513671875e+01 6.647384762763977051e-01 7.458549141883850098e-01 -4.269837588071823120e-02 0.000000000000000000e+00 2.000000000000000000e+00
2.267326812744140625e+02 2.933931579589843750e+02 7.238810729980468750e+01 6.682831645011901855e-01 7.436466217041015625e-01 -1.968265697360038757e-02 0.000000000000000000e+00 2.000000000000000000e+00
2.261058044433593750e+02 2.926955871582031250e+02 7.240657043457031250e+01 6.739484667778015137e-01 7.387020587921142578e-01 1.061865314841270447e-02 0.000000000000000000e+00 2.000000000000000000e+00
2.254937438964843750e+02 2.920247192382812500e+02 7.239692687988281250e+01 6.811684370040893555e-01 7.302066683769226074e-01 5.298836901783943176e-02 0.000000000000000000e+00 2.000000000000000000e+00
2.249030303955078125e+02 2.913914794921875000e+02 7.235097503662109375e+01 6.883218884468078613e-01 7.169215083122253418e-01 1.106191873550415039e-01 0.000000000000000000e+00 2.000000000000000000e+00
2.243374786376953125e+02 2.908024291992187500e+02 7.226008605957031250e+01 6.930282711982727051e-01 6.970654726028442383e-01 1.838792413473129272e-01 0.000000000000000000e+00 2.000000000000000000e+00
2.237978973388671875e+02 2.902597045898437500e+02 7.211692047119140625e+01 6.921254992485046387e-01 6.698570847511291504e-01 2.688007354736328125e-01 0.000000000000000000e+00 2.000000000000000000e+00
2.232833251953125000e+02 2.897616882324218750e+02 7.191707611083984375e+01 6.832278966903686523e-01 6.363361477851867676e-01 3.581564724445343018e-01 0.000000000000000000e+00 2.000000000000000000e+00
2.227917633056640625e+02 2.893038635253906250e+02 7.165939331054687500e+01 6.659725308418273926e-01 5.994617342948913574e-01 4.439888894557952881e-01 0.000000000000000000e+00 2.000000000000000000e+00
2.223214874267578125e+02 2.888805541992187500e+02 7.134587097167968750e+01 6.412212848663330078e-01 5.633167028427124023e-01 5.210657715797424316e-01 0.000000000000000000e+00 2.000000000000000000e+00
2.218721160888671875e+02 2.884857788085937500e+02 7.098070526123046875e+01 6.099757552146911621e-01 5.312853455543518066e-01 5.879333019256591797e-01 0.000000000000000000e+00 2.000000000000000000e+00
2.214450073242187500e+02 2.881137695312500000e+02 7.056903076171875000e+01 5.724173784255981445e-01 5.056994557380676270e-01 6.454505324363708496e-01 0.000000000000000000e+00 2.000000000000000000e+00
2.210432281494140625e+02 2.877588195800781250e+02 7.011598968505859375e+01 5.274142026901245117e-01 4.884130358695983887e-01 6.951884031295776367e-01 0.000000000000000000e+00 2.000000000000000000e+00
2.206716003417968750e+02 2.874146728515625000e+02 6.962614440917968750e+01 4.743871688842773438e-01 4.797575771808624268e-01 7.380985617637634277e-01 0.000000000000000000e+00 2.000000000000000000e+00
2.203359832763671875e+02 2.870752563476562500e+02 6.910395812988281250e+01 4.125711321830749512e-01 4.802958071231842041e-01 7.740161418914794922e-01 0.000000000000000000e+00 2.000000000000000000e+00
2.200426177978515625e+02 2.867337341308593750e+02 6.855358123779296875e+01 3.425083756446838379e-01 4.890417456626892090e-01 8.022007942199707031e-01 0.000000000000000000e+00 2.000000000000000000e+00
2.197975921630859375e+02 2.863838806152343750e+02 6.797969818115234375e+01 2.666504383087158203e-01 5.047954320907592773e-01 8.210232853889465332e-01 0.000000000000000000e+00 2.000000000000000000e+00
2.196054687500000000e+02 2.860201721191406250e+02 6.738814544677734375e+01 1.887934058904647827e-01 5.255833268165588379e-01 8.295295238494873047e-01 0.000000000000000000e+00 2.000000000000000000e+00
2.194685516357421875e+02 2.856390075683593750e+02 6.678655242919921875e+01 1.132633015513420105e-01 5.492304563522338867e-01 8.279597759246826172e-01 0.000000000000000000e+00 2.000000000000000000e+00
2.193862152099609375e+02 2.852397460937500000e+02 6.618466949462890625e+01 4.295421391725540161e-02 5.740187168121337891e-01 8.177146911621093750e-01 0.000000000000000000e+00 2.000000000000000000e+00
2.193551940917968750e+02 2.848251953125000000e+02 6.559412384033203125e+01 -2.061830088496208191e-02 5.993742346763610840e-01 8.002033829689025879e-01 0.000000000000000000e+00 2.000000000000000000e+00
2.193697967529296875e+02 2.844006958007812500e+02 6.502738952636718750e+01 -7.858627289533615112e-02 6.249458789825439453e-01 7.767025232315063477e-01 0.000000000000000000e+00 2.000000000000000000e+00
2.194235992431640625e+02 2.839728393554687500e+02 6.449563598632812500e+01 -1.324564814567565918e-01 6.504617929458618164e-01 7.479002475738525391e-01 0.000000000000000000e+00 2.000000000000000000e+00
2.195101165771484375e+02 2.835479736328125000e+02 6.400712585449218750e+01 -1.839301139116287231e-01 6.753888130187988281e-01 7.141566872596740723e-01 0.000000000000000000e+00 2.000000000000000000e+00
2.196239013671875000e+02 2.831301574707031250e+02 6.356532669067382812e+01 -2.334055751562118530e-01 6.985256075859069824e-01 6.764494776725769043e-01 0.000000000000000000e+00 2.000000000000000000e+00
2.197607879638671875e+02 2.827204895019531250e+02 6.316860580444335938e+01 -2.795331776142120361e-01 7.181467413902282715e-01 6.372804045677185059e-01 0.000000000000000000e+00 2.000000000000000000e+00
2.199175872802734375e+02 2.823176574707031250e+02 6.281113433837890625e+01 -3.201002478599548340e-01 7.334673404693603516e-01 5.996344685554504395e-01 0.000000000000000000e+00 2.000000000000000000e+00
2.200918731689453125e+02 2.819183044433593750e+02 6.248464965820312500e+01 -3.531689047813415527e-01 7.444890141487121582e-01 5.665755271911621094e-01 0.000000000000000000e+00 2.000000000000000000e+00
2.202814331054687500e+02 2.815187072753906250e+02 6.218054580688476562e+01 -3.782578408718109131e-01 7.523565292358398438e-01 5.393336415290832520e-01 0.000000000000000000e+00 2.000000000000000000e+00
2.204840393066406250e+02 2.811157226562500000e+02 6.189166259765625000e+01 -3.964637815952301025e-01 7.583341002464294434e-01 5.174416899681091309e-01 0.000000000000000000e+00 2.000000000000000000e+00
2.206973876953125000e+02 2.807076416015625000e+02 6.161321258544921875e+01 -4.099196195602416992e-01 7.633530497550964355e-01 4.992574453353881836e-01 0.000000000000000000e+00 2.000000000000000000e+00
2.209192962646484375e+02 2.802944030761718750e+02 6.134294128417968750e+01 -4.206140339374542236e-01 7.676381468772888184e-01 4.835446476936340332e-01 0.000000000000000000e+00 2.000000000000000000e+00
2.211477966308593750e+02 2.798773803710937500e+02 6.108025360107421875e+01 -4.295492768287658691e-01 7.711947560310363770e-01 4.698362052440643311e-01 0.000000000000000000e+00 2.000000000000000000e+00
2.213811798095703125e+02 2.794583740234375000e+02 6.082498168945312500e+01 -4.382409453392028809e-01 7.739986777305603027e-01 4.570239186286926270e-01 0.000000000000000000e+00 2.000000000000000000e+00
2.216188201904296875e+02 2.790386657714843750e+02 6.057715606689453125e+01 -4.468173682689666748e-01 7.763075232505798340e-01 4.446357786655426025e-01 0.000000000000000000e+00 2.000000000000000000e+00
2.218610229492187500e+02 2.786178588867187500e+02 6.033613586425781250e+01 -4.559155702590942383e-01 7.783528566360473633e-01 4.316340684890747070e-01 0.000000000000000000e+00 2.000000000000000000e+00
2.221094207763671875e+02 2.781937866210937500e+02 6.010096740722656250e+01 -4.655168056488037109e-01 7.805317044258117676e-01 4.172102808952331543e-01 0.000000000000000000e+00 2.000000000000000000e+00
2.223664550781250000e+02 2.777628173828125000e+02 5.987060546875000000e+01 -4.760447442531585693e-01 7.829995751380920410e-01 4.003662168979644775e-01 0.000000000000000000e+00 2.000000000000000000e+00
2.226353759765625000e+02 2.773204956054687500e+02 5.964443588256835938e+01 -4.868640005588531494e-01 7.859450578689575195e-01 3.811215758323669434e-01 0.000000000000000000e+00 2.000000000000000000e+00
2.229191894531250000e+02 2.768623352050781250e+02 5.942226409912109375e+01 -4.982870221138000488e-01 7.885446548461914062e-01 3.604266047477722168e-01 0.000000000000000000e+00 2.000000000000000000e+00
2.232207183837890625e+02 2.763851623535156250e+02 5.920415878295898438e+01 -5.105748772621154785e-01 7.900219559669494629e-01 3.393796384334564209e-01 0.000000000000000000e+00 2.000000000000000000e+00
2.235422210693359375e+02 2.758876953125000000e+02 5.899045562744140625e+01 -5.238090157508850098e-01 7.897277474403381348e-01 3.193026483058929443e-01 0.000000000000000000e+00 2.000000000000000000e+00
2.238856811523437500e+02 2.753698730468750000e+02 5.878108978271484375e+01 -5.383992791175842285e-01 7.870427966117858887e-01 3.011477589607238770e-01 0.000000000000000000e+00 2.000000000000000000e+00
2.242525634765625000e+02 2.748335571289062500e+02 5.857587814331054688e+01 -5.541111230850219727e-01 7.819695472717285156e-01 2.854549586772918701e-01 0.000000000000000000e+00 2.000000000000000000e+00
2.246438903808593750e+02 2.742813110351562500e+02 5.837428283691406250e+01 -5.699368715286254883e-01 7.751576304435729980e-01 2.725853025913238525e-01 0.000000000000000000e+00 2.000000000000000000e+00
2.250596466064453125e+02 2.737158508300781250e+02 5.817543792724609375e+01 -5.846201181411743164e-01 7.677457928657531738e-01 2.622701227664947510e-01 0.000000000000000000e+00 2.000000000000000000e+00
2.254985504150390625e+02 2.731394653320312500e+02 5.797853851318359375e+01 -5.974237322807312012e-01 7.605270743370056152e-01 2.543292641639709473e-01 0.000000000000000000e+00 2.000000000000000000e+00
2.259579162597656250e+02 2.725546875000000000e+02 5.778298187255859375e+01 -6.078344583511352539e-01 7.542223930358886719e-01 2.483662515878677368e-01 0.000000000000000000e+00 2.000000000000000000e+00
2.264336700439453125e+02 2.719643554687500000e+02 5.758858489990234375e+01 -6.160709857940673828e-01 7.488786578178405762e-01 2.442075312137603760e-01 0.000000000000000000e+00 2.000000000000000000e+00
2.269208679199218750e+02 2.713721313476562500e+02 5.739546203613281250e+01 -6.226243972778320312e-01 7.442299723625183105e-01 2.417861670255661011e-01 0.000000000000000000e+00 2.000000000000000000e+00
2.274142303466796875e+02 2.707824096679687500e+02 5.720387268066406250e+01 -6.278867125511169434e-01 7.400625944137573242e-01 2.409679591655731201e-01 0.000000000000000000e+00 2.000000000000000000e+00
2.279086608886718750e+02 2.701996459960937500e+02 5.701412200927734375e+01 -6.322458386421203613e-01 7.360942959785461426e-01 2.417237162590026855e-01 0.000000000000000000e+00 2.000000000000000000e+00
2.283997192382812500e+02 2.696279296875000000e+02 5.682637786865234375e+01 -6.356573104858398438e-01 7.324569821357727051e-01 2.438168376684188843e-01 0.000000000000000000e+00 2.000000000000000000e+00
2.288839874267578125e+02 2.690699157714843750e+02 5.664062881469726562e+01 -6.380589008331298828e-01 7.292979955673217773e-01 2.469923496246337891e-01 0.000000000000000000e+00 2.000000000000000000e+00
2.293589477539062500e+02 2.685270385742187500e+02 5.645677185058593750e+01 -6.394540667533874512e-01 7.268662452697753906e-01 2.505274415016174316e-01 0.000000000000000000e+00 2.000000000000000000e+00
2.298233032226562500e+02 2.679992065429687500e+02 5.627484512329101562e+01 -6.400504708290100098e-01 7.252412438392639160e-01 2.536934018135070801e-01 0.000000000000000000e+00 2.000000000000000000e+00
2.302768249511718750e+02 2.674853210449218750e+02 5.609508514404296875e+01 -6.402561664581298828e-01 7.243658304214477539e-01 2.556682527065277100e-01 0.000000000000000000e+00 2.000000000000000000e+00
2.307200622558593750e+02 2.669838562011718750e+02 5.591809082031250000e+01 -6.408179998397827148e-01 7.240977883338928223e-01 2.550190687179565430e-01 0.000000000000000000e+00 2.000000000000000000e+00
2.311547241210937500e+02 2.664927062988281250e+02 5.574511337280273438e+01 -6.428769826889038086e-01 7.240194082260131836e-01 2.500102519989013672e-01 0.000000000000000000e+00 2.000000000000000000e+00
2.315838928222656250e+02 2.660093688964843750e+02 5.557821273803710938e+01 -6.474792957305908203e-01 7.236098647117614746e-01 2.390802204608917236e-01 0.000000000000000000e+00 2.000000000000000000e+00
2.320116271972656250e+02 2.655313415527343750e+02 5.542027282714843750e+01 -6.552956700325012207e-01 7.220497727394104004e-01 2.218822836875915527e-01 0.000000000000000000e+00 2.000000000000000000e+00
2.324419708251953125e+02 2.650571594238281250e+02 5.527455902099609375e+01 -6.659501194953918457e-01 7.188373208045959473e-01 1.994575411081314087e-01 0.000000000000000000e+00 2.000000000000000000e+00
2.328779296875000000e+02 2.645865783691406250e+02 5.514398574829101562e+01 -6.778698563575744629e-01 7.140918970108032227e-01 1.748293489217758179e-01 0.000000000000000000e+00 2.000000000000000000e+00
2.333196868896484375e+02 2.641212158203125000e+02 5.503005218505859375e+01 -6.890830397605895996e-01 7.085075378417968750e-01 1.522548198699951172e-01 0.000000000000000000e+00 2.000000000000000000e+00
2.337640991210937500e+02 2.636642761230468750e+02 5.493185806274414062e+01 -6.972990036010742188e-01 7.037883400917053223e-01 1.358532905578613281e-01 0.000000000000000000e+00 2.000000000000000000e+00
2.342051544189453125e+02 2.632191162109375000e+02 5.484592819213867188e+01 -7.008344531059265137e-01 7.015549540519714355e-01 1.290415823459625244e-01 0.000000000000000000e+00 2.000000000000000000e+00
2.346355895996093750e+02 2.627882385253906250e+02 5.476667404174804688e+01 -6.982708573341369629e-01 7.033236622810363770e-01 1.332427412271499634e-01 0.000000000000000000e+00 2.000000000000000000e+00
2.350488891601562500e+02 2.623719482421875000e+02 5.468780899047851562e+01 -6.895358562469482422e-01 7.091572284698486328e-01 1.470932960510253906e-01 0.000000000000000000e+00 2.000000000000000000e+00
2.354414062500000000e+02 2.619682617187500000e+02 5.460407638549804688e+01 -6.762548685073852539e-01 7.176128625869750977e-01 1.664666831493377686e-01 0.000000000000000000e+00 2.000000000000000000e+00
2.358129119873046875e+02 2.615740356445312500e+02 5.451262664794921875e+01 -6.613958477973937988e-01 7.267991900444030762e-01 1.852524727582931519e-01 0.000000000000000000e+00 2.000000000000000000e+00
2.361665802001953125e+02 2.611853942871093750e+02 5.441356658935546875e+01 -6.491407752037048340e-01 7.345730662345886230e-01 1.975314617156982422e-01 0.000000000000000000e+00 2.000000000000000000e+00
2.365080261230468750e+02 2.607990112304687500e+02 5.430966567993164062e+01 -6.428734064102172852e-01 7.394648790359497070e-01 1.997634917497634888e-01 0.000000000000000000e+00 2.000000000000000000e+00
2.368441772460937500e+02 2.604123535156250000e+02 5.420521163940429688e+01 -6.435611248016357422e-01 7.407600283622741699e-01 1.926232129335403442e-01 0.000000000000000000e+00 2.000000000000000000e+00
2.371817169189453125e+02 2.600238342285156250e+02 5.410418319702148438e+01 -6.498789191246032715e-01 7.385786175727844238e-01 1.793295890092849731e-01 0.000000000000000000e+00 2.000000000000000000e+00
2.375259399414062500e+02 2.596326293945312500e+02 5.400919723510742188e+01 -6.585265994071960449e-01 7.342078685760498047e-01 1.651712059974670410e-01 0.000000000000000000e+00 2.000000000000000000e+00
2.378797760009765625e+02 2.592381286621093750e+02 5.392044830322265625e+01 -6.668961644172668457e-01 7.287564277648925781e-01 1.554462611675262451e-01 0.000000000000000000e+00 2.000000000000000000e+00
2.382443084716796875e+02 2.588397827148437500e+02 5.383547973632812500e+01 -6.728567481040954590e-01 7.234141230583190918e-01 1.547121405601501465e-01 0.000000000000000000e+00 2.000000000000000000e+00
2.386191864013671875e+02 2.584367370605468750e+02 5.374928283691406250e+01 -6.753069162368774414e-01 7.188777327537536621e-01 1.648499220609664917e-01 0.000000000000000000e+00 2.000000000000000000e+00
2.390039672851562500e+02 2.580271301269531250e+02 5.365535354614257812e+01 -6.736964583396911621e-01 7.154708504676818848e-01 1.850259155035018921e-01 0.000000000000000000e+00 2.000000000000000000e+00
2.393991699218750000e+02 2.576074218750000000e+02 5.354681396484375000e+01 -6.685157418251037598e-01 7.131634950637817383e-01 2.109137475490570068e-01 0.000000000000000000e+00 2.000000000000000000e+00
2.398069915771484375e+02 2.571723632812500000e+02 5.341814804077148438e+01 -6.613358259201049805e-01 7.122114300727844238e-01 2.353504598140716553e-01 0.000000000000000000e+00 2.000000000000000000e+00
2.402308654785156250e+02 2.567158813476562500e+02 5.326730346679687500e+01 -6.546737551689147949e-01 7.126474976539611816e-01 2.520632147789001465e-01 0.000000000000000000e+00 2.000000000000000000e+00
2.406749114990234375e+02 2.562325134277343750e+02 5.309633636474609375e+01 -6.511044502258300781e-01 7.138957977294921875e-01 2.577124536037445068e-01 0.000000000000000000e+00 2.000000000000000000e+00
2.411423034667968750e+02 2.557200469970703125e+02 5.291133880615234375e+01 -6.518036127090454102e-01 7.149558067321777344e-01 2.529630362987518311e-01 0.000000000000000000e+00 2.000000000000000000e+00
2.416336669921875000e+02 2.551810760498046875e+02 5.272064208984375000e+01 -6.569185256958007812e-01 7.144076824188232422e-01 2.409976273775100708e-01 0.000000000000000000e+00 2.000000000000000000e+00
2.421459350585937500e+02 2.546239776611328125e+02 5.253271102905273438e+01 -6.652207374572753906e-01 7.116247415542602539e-01 2.259902358055114746e-01 0.000000000000000000e+00 2.000000000000000000e+00
2.426715698242187500e+02 2.540616760253906250e+02 5.235414123535156250e+01 -6.751695275306701660e-01 7.067790627479553223e-01 2.112098485231399536e-01 0.000000000000000000e+00 2.000000000000000000e+00
2.431998901367187500e+02 2.535086212158203125e+02 5.218886947631835938e+01 -6.850296258926391602e-01 7.009783983230590820e-01 1.984024494886398315e-01 0.000000000000000000e+00 2.000000000000000000e+00
2.437189636230468750e+02 2.529774627685546875e+02 5.203853225708007812e+01 -6.933859586715698242e-01 6.956295371055603027e-01 1.879243105649948120e-01 0.000000000000000000e+00 2.000000000000000000e+00
2.442188415527343750e+02 2.524759674072265625e+02 5.190305328369140625e+01 -6.992053389549255371e-01 6.921033859252929688e-01 1.791782528162002563e-01 0.000000000000000000e+00 2.000000000000000000e+00
2.446935577392578125e+02 2.520060729980468750e+02 5.178140258789062500e+01 -7.019927501678466797e-01 6.912042498588562012e-01 1.715897321701049805e-01 0.000000000000000000e+00 2.000000000000000000e+00
2.451423339843750000e+02 2.515641937255859375e+02 5.167170715332031250e+01 -7.020554542541503906e-01 6.926133632659912109e-01 1.655444055795669556e-01 0.000000000000000000e+00 2.000000000000000000e+00
2.455689239501953125e+02 2.511433410644531250e+02 5.157111740112304688e+01 -7.001264691352844238e-01 6.952159404754638672e-01 1.627812832593917847e-01 0.000000000000000000e+00 2.000000000000000000e+00
2.459801025390625000e+02 2.507350463867187500e+02 5.147551727294921875e+01 -6.972653269767761230e-01 6.976602673530578613e-01 1.645940542221069336e-01 0.000000000000000000e+00 2.000000000000000000e+00
2.463841857910156250e+02 2.503307342529296875e+02 5.138013076782226562e+01 -6.942977905273437500e-01 6.990789771080017090e-01 1.709944009780883789e-01 0.000000000000000000e+00 2.000000000000000000e+00
2.467896728515625000e+02 2.499224548339843750e+02 5.128026580810546875e+01 -6.921091675758361816e-01 6.988288760185241699e-01 1.806188225746154785e-01 0.000000000000000000e+00 2.000000000000000000e+00
2.472045745849609375e+02 2.495035247802734375e+02 5.117198944091796875e+01 -6.912468671798706055e-01 6.968942284584045410e-01 1.910921782255172729e-01 0.000000000000000000e+00 2.000000000000000000e+00
2.476360168457031250e+02 2.490685577392578125e+02 5.105271911621093750e+01 -6.923112869262695312e-01 6.931729316711425781e-01 2.005404084920883179e-01 0.000000000000000000e+00 2.000000000000000000e+00
2.480896301269531250e+02 2.486143798828125000e+02 5.092132186889648438e+01 -6.949531435966491699e-01 6.882889866828918457e-01 2.080829888582229614e-01 0.000000000000000000e+00 2.000000000000000000e+00
2.485685882568359375e+02 2.481400146484375000e+02 5.077791213989257812e+01 -6.986461877822875977e-01 6.825568675994873047e-01 2.144988477230072021e-01 0.000000000000000000e+00 2.000000000000000000e+00
2.490728149414062500e+02 2.476473999023437500e+02 5.062310409545898438e+01 -7.022791504859924316e-01 6.770005822181701660e-01 2.201687991619110107e-01 0.000000000000000000e+00 2.000000000000000000e+00
2.495988922119140625e+02 2.471402587890625000e+02 5.045817565917968750e+01 -7.048621177673339844e-01 6.725350022315979004e-01 2.255352288484573364e-01 0.000000000000000000e+00 2.000000000000000000e+00
2.501405334472656250e+02 2.466234588623046875e+02 5.028486633300781250e+01 -7.056676149368286133e-01 6.700314283370971680e-01 2.304151803255081177e-01 0.000000000000000000e+00 2.000000000000000000e+00
2.506898498535156250e+02 2.461018829345703125e+02 5.010550308227539062e+01 -7.044551968574523926e-01 6.699841022491455078e-01 2.342311590909957886e-01 0.000000000000000000e+00 2.000000000000000000e+00
2.512389831542968750e+02 2.455796203613281250e+02 4.992291641235351562e+01 -7.012873888015747070e-01 6.725152134895324707e-01 2.364726066589355469e-01 0.000000000000000000e+00 2.000000000000000000e+00
2.517812347412109375e+02 2.450596160888671875e+02 4.974007034301757812e+01 -6.968054771423339844e-01 6.769562959671020508e-01 2.370488643646240234e-01 0.000000000000000000e+00 2.000000000000000000e+00
2.523120727539062500e+02 2.445438995361328125e+02 4.955948257446289062e+01 -6.915218830108642578e-01 6.825808286666870117e-01 2.363914251327514648e-01 0.000000000000000000e+00 2.000000000000000000e+00
2.528289794921875000e+02 2.440336761474609375e+02 4.938278198242187500e+01 -6.862369775772094727e-01 6.883208751678466797e-01 2.351450473070144653e-01 0.000000000000000000e+00 2.000000000000000000e+00
2.533314514160156250e+02 2.435296783447265625e+02 4.921060562133789062e+01 -6.810404658317565918e-01 6.937586665153503418e-01 2.342711538076400757e-01 0.000000000000000000e+00 2.000000000000000000e+00
2.538200683593750000e+02 2.430319366455078125e+02 4.904252624511718750e+01 -6.765565276145935059e-01 6.981545686721801758e-01 2.342039048671722412e-01 0.000000000000000000e+00 2.000000000000000000e+00
2.542966156005859375e+02 2.425401763916015625e+02 4.887755966186523438e+01 -6.727824211120605469e-01 7.015308141708374023e-01 2.349855452775955200e-01 0.000000000000000000e+00 2.000000000000000000e+00
2.547633361816406250e+02 2.420535125732421875e+02 4.871454620361328125e+01 -6.701366305351257324e-01 7.037023901939392090e-01 2.360503822565078735e-01 0.000000000000000000e+00 2.000000000000000000e+00
2.552230377197265625e+02 2.415707855224609375e+02 4.855261993408203125e+01 -6.685631275177001953e-01 7.051743268966674805e-01 2.361198663711547852e-01 0.000000000000000000e+00 2.000000000000000000e+00
2.556786193847656250e+02 2.410902557373046875e+02 4.839171981811523438e+01 -6.678693294525146484e-01 7.067281603813171387e-01 2.334222048521041870e-01 0.000000000000000000e+00 2.000000000000000000e+00
2.561328430175781250e+02 2.406096038818359375e+02 4.823296737670898438e+01 -6.673092842102050781e-01 7.095109224319458008e-01 2.264788001775741577e-01 0.000000000000000000e+00 2.000000000000000000e+00
2.565881347656250000e+02 2.401255187988281250e+02 4.807844543457031250e+01 -6.652887463569641113e-01 7.149560451507568359e-01 2.150087505578994751e-01 0.000000000000000000e+00 2.000000000000000000e+00
2.570461730957031250e+02 2.396332855224609375e+02 4.793041610717773438e+01 -6.596896052360534668e-01 7.244104146957397461e-01 2.000976949930191040e-01 0.000000000000000000e+00 2.000000000000000000e+00
2.575074768066406250e+02 2.391267242431640625e+02 4.779049301147460938e+01 -6.490262746810913086e-01 7.379860877990722656e-01 1.847741156816482544e-01 0.000000000000000000e+00 2.000000000000000000e+00
2.579712524414062500e+02 2.385993804931640625e+02 4.765845870971679688e+01 -6.326212286949157715e-01 7.552115917205810547e-01 1.715974211692810059e-01 0.000000000000000000e+00 2.000000000000000000e+00
2.584355163574218750e+02 2.380451507568359375e+02 4.753252792358398438e+01 -6.111822724342346191e-01 7.748268842697143555e-01 1.615535914897918701e-01 0.000000000000000000e+00 2.000000000000000000e+00
2.588971252441406250e+02 2.374599456787109375e+02 4.741051101684570312e+01 -5.866163372993469238e-01 7.952474355697631836e-01 1.531756520271301270e-01 0.000000000000000000e+00 2.000000000000000000e+00
2.593517761230468750e+02 2.368435974121093750e+02 4.729179382324218750e+01 -5.610602498054504395e-01 8.152350783348083496e-01 1.435377150774002075e-01 0.000000000000000000e+00 2.000000000000000000e+00
2.597945251464843750e+02 2.362002716064453125e+02 4.717852401733398438e+01 -5.364059805870056152e-01 8.339454531669616699e-01 1.296288818120956421e-01 0.000000000000000000e+00 2.000000000000000000e+00
2.602200012207031250e+02 2.355387878417968750e+02 4.707570266723632812e+01 -5.139406323432922363e-01 8.507730364799499512e-01 1.097738742828369141e-01 0.000000000000000000e+00 2.000000000000000000e+00
2.606232910156250000e+02 2.348711853027343750e+02 4.698956298828125000e+01 -4.943872094154357910e-01 8.651276230812072754e-01 8.447130024433135986e-02 0.000000000000000000e+00 2.000000000000000000e+00
2.610007629394531250e+02 2.342106475830078125e+02 4.692506790161132812e+01 -4.780248701572418213e-01 8.765177726745605469e-01 5.664573982357978821e-02 0.000000000000000000e+00 2.000000000000000000e+00
2.613511047363281250e+02 2.335682525634765625e+02 4.688355255126953125e+01 -4.661667346954345703e-01 8.841553330421447754e-01 3.095057606697082520e-02 0.000000000000000000e+00 2.000000000000000000e+00
2.616763610839843750e+02 2.329513549804687500e+02 4.686195755004882812e+01 -4.592783451080322266e-01 8.882017731666564941e-01 1.268810406327247620e-02 0.000000000000000000e+00 2.000000000000000000e+00
2.619811096191406250e+02 2.323619995117187500e+02 4.685353851318359375e+01 -4.581960737705230713e-01 8.888322114944458008e-01 5.797671154141426086e-03 0.000000000000000000e+00 2.000000000000000000e+00
2.622723388671875000e+02 2.317970581054687500e+02 4.684985351562500000e+01 -4.627373218536376953e-01 8.864232897758483887e-01 1.130660902708768845e-02 0.000000000000000000e+00 2.000000000000000000e+00
2.625581970214843750e+02 2.312494659423828125e+02 4.684286880493164062e+01 -4.725199341773986816e-01 8.809000849723815918e-01 2.720081992447376251e-02 0.000000000000000000e+00 2.000000000000000000e+00
2.628473205566406250e+02 2.307104644775390625e+02 4.682622528076171875e+01 -4.863838255405426025e-01 8.723392486572265625e-01 4.954732581973075867e-02 0.000000000000000000e+00 2.000000000000000000e+00
2.631477966308593750e+02 2.301715545654296875e+02 4.679561614990234375e+01 -5.029524564743041992e-01 8.611060380935668945e-01 7.439946383237838745e-02 0.000000000000000000e+00 2.000000000000000000e+00
2.634662780761718750e+02 2.296262817382812500e+02 4.674850463867187500e+01 5.209625363349914551e-01 -8.478007316589355469e-01 -9.915623813867568970e-02 0.000000000000000000e+00 2.000000000000000000e+00
2.638069763183593750e+02 2.290718383789062500e+02 4.668365859985351562e+01 5.394573807716369629e-01 -8.330308794975280762e-01 -1.226594299077987671e-01 0.000000000000000000e+00 2.000000000000000000e+00
2.641711730957031250e+02 2.285094451904296875e+02 4.660084915161132812e+01 5.570674538612365723e-01 -8.178196549415588379e-01 -1.443842947483062744e-01 0.000000000000000000e+00 2.000000000000000000e+00
2.645569458007812500e+02 2.279430999755859375e+02 4.650086212158203125e+01 5.729726552963256836e-01 -8.032286167144775391e-01 -1.628684848546981812e-01 0.000000000000000000e+00 2.000000000000000000e+00
2.649601135253906250e+02 2.273779144287109375e+02 4.638626098632812500e+01 5.868227481842041016e-01 -7.901876568794250488e-01 -1.767553389072418213e-01 0.000000000000000000e+00 2.000000000000000000e+00
2.653752746582031250e+02 2.268188781738281250e+02 4.626121139526367188e+01 5.982475280761718750e-01 -7.798011302947998047e-01 -1.844181418418884277e-01 0.000000000000000000e+00 2.000000000000000000e+00
2.657967224121093750e+02 2.262695312500000000e+02 4.613129425048828125e+01 6.071125864982604980e-01 -7.727705240249633789e-01 -1.850403100252151489e-01 0.000000000000000000e+00 2.000000000000000000e+00
2.662188720703125000e+02 2.257321929931640625e+02 4.600262832641601562e+01 6.136084794998168945e-01 -7.690395712852478027e-01 -1.790606975555419922e-01 0.000000000000000000e+00 2.000000000000000000e+00
2.666365051269531250e+02 2.252087707519531250e+02 4.588075637817382812e+01 6.176326274871826172e-01 -7.681171298027038574e-01 -1.688968986272811890e-01 0.000000000000000000e+00 2.000000000000000000e+00
2.670448303222656250e+02 2.247009582519531250e+02 4.576909637451171875e+01 6.189319491386413574e-01 -7.694106698036193848e-01 -1.578938513994216919e-01 0.000000000000000000e+00 2.000000000000000000e+00
2.674399719238281250e+02 2.242097473144531250e+02 4.566829299926757812e+01 6.175533533096313477e-01 -7.721153497695922852e-01 -1.498861759901046753e-01 0.000000000000000000e+00 2.000000000000000000e+00
2.678198547363281250e+02 2.237347869873046875e+02 4.557609176635742188e+01 6.138980388641357422e-01 -7.755042314529418945e-01 -1.473853737115859985e-01 0.000000000000000000e+00 2.000000000000000000e+00
2.681844482421875000e+02 2.232742156982421875e+02 4.548855972290039062e+01 6.087946891784667969e-01 -7.788384556770324707e-01 -1.509296894073486328e-01 0.000000000000000000e+00 2.000000000000000000e+00
2.685358276367187500e+02 2.228246917724609375e+02 4.540144729614257812e+01 6.035615205764770508e-01 -7.813513278961181641e-01 -1.587562859058380127e-01 0.000000000000000000e+00 2.000000000000000000e+00
2.688768310546875000e+02 2.223832397460937500e+02 4.531175231933593750e+01 5.999249815940856934e-01 -7.823057174682617188e-01 -1.675938367843627930e-01 0.000000000000000000e+00 2.000000000000000000e+00
2.692105102539062500e+02 2.219481201171875000e+02 4.521853637695312500e+01 5.991786718368530273e-01 -7.812727093696594238e-01 -1.749225854873657227e-01 0.000000000000000000e+00 2.000000000000000000e+00
2.695394287109375000e+02 2.215192413330078125e+02 4.512251281738281250e+01 6.012149453163146973e-01 -7.788146734237670898e-01 -1.788525879383087158e-01 0.000000000000000000e+00 2.000000000000000000e+00
2.698652648925781250e+02 2.210971527099609375e+02 4.502558135986328125e+01 6.052363514900207520e-01 -7.754448056221008301e-01 -1.799289584159851074e-01 0.000000000000000000e+00 2.000000000000000000e+00
2.701892395019531250e+02 2.206820678710937500e+02 4.492926788330078125e+01 6.098450422286987305e-01 -7.718369364738464355e-01 -1.798798143863677979e-01 0.000000000000000000e+00 2.000000000000000000e+00
2.705124206542968750e+02 2.202730407714843750e+02 4.483394241333007812e+01 6.133554577827453613e-01 -7.687904834747314453e-01 -1.809866875410079956e-01 0.000000000000000000e+00 2.000000000000000000e+00
2.708361206054687500e+02 2.198673095703125000e+02 4.473842620849609375e+01 6.145468950271606445e-01 -7.669464349746704102e-01 -1.847308874130249023e-01 0.000000000000000000e+00 2.000000000000000000e+00
2.711620483398437500e+02 2.194605560302734375e+02 4.464045333862304688e+01 6.133795380592346191e-01 -7.662287950515747070e-01 -1.914651542901992798e-01 0.000000000000000000e+00 2.000000000000000000e+00
2.714925231933593750e+02 2.190477294921875000e+02 4.453729629516601562e+01 6.108531355857849121e-01 -7.660242319107055664e-01 -2.001634985208511353e-01 0.000000000000000000e+00 2.000000000000000000e+00
2.718300476074218750e+02 2.186244659423828125e+02 4.442669677734375000e+01 6.080273985862731934e-01 -7.655977606773376465e-01 -2.101495414972305298e-01 0.000000000000000000e+00 2.000000000000000000e+00
2.721769104003906250e+02 2.181877136230468750e+02 4.430681228637695312e+01 6.066471338272094727e-01 -7.635965943336486816e-01 -2.211319655179977417e-01 0.000000000000000000e+00 2.000000000000000000e+00
2.725349121093750000e+02 2.177370910644531250e+02 4.417631530761718750e+01 6.073386073112487793e-01 -7.591481804847717285e-01 -2.341662049293518066e-01 0.000000000000000000e+00 2.000000000000000000e+00
2.729044189453125000e+02 2.172752227783203125e+02 4.403384780883789062e+01 6.097390055656433105e-01 -7.520424723625183105e-01 -2.503005862236022949e-01 0.000000000000000000e+00 2.000000000000000000e+00
2.732836914062500000e+02 2.168074340820312500e+02 4.387815475463867188e+01 6.125979423522949219e-01 -7.430887818336486816e-01 -2.693375051021575928e-01 0.000000000000000000e+00 2.000000000000000000e+00
2.736687927246093750e+02 2.163403015136718750e+02 4.370883941650390625e+01 6.142508983612060547e-01 -7.340293526649475098e-01 -2.896491587162017822e-01 0.000000000000000000e+00 2.000000000000000000e+00
2.740538635253906250e+02 2.158801422119140625e+02 4.352725982666015625e+01 6.136289834976196289e-01 -7.271577715873718262e-01 -3.077354133129119873e-01 0.000000000000000000e+00 2.000000000000000000e+00
2.744325866699218750e+02 2.154313507080078125e+02 4.333732986450195312e+01 6.100384593009948730e-01 -7.249000072479248047e-01 -3.199578523635864258e-01 0.000000000000000000e+00 2.000000000000000000e+00
2.747991333007812500e+02 2.149957885742187500e+02 4.314508056640625000e+01 6.040248274803161621e-01 -7.283844351768493652e-01 -3.234347105026245117e-01 0.000000000000000000e+00 2.000000000000000000e+00
2.751502075195312500e+02 2.145724334716796875e+02 4.295709228515625000e+01 5.963169932365417480e-01 -7.372715473175048828e-01 -3.175478875637054443e-01 0.000000000000000000e+00 2.000000000000000000e+00
2.754856262207031250e+02 2.141577301025390625e+02 4.277847671508789062e+01 5.880124568939208984e-01 -7.492784857749938965e-01 -3.046686053276062012e-01 0.000000000000000000e+00 2.000000000000000000e+00
2.758077087402343750e+02 2.137473144531250000e+02 4.261159515380859375e+01 5.801604390144348145e-01 -7.615665793418884277e-01 -2.888430356979370117e-01 0.000000000000000000e+00 2.000000000000000000e+00
2.761207580566406250e+02 2.133363800048828125e+02 4.245573806762695312e+01 5.736340284347534180e-01 -7.715346813201904297e-01 -2.750966250896453857e-01 0.000000000000000000e+00 2.000000000000000000e+00
2.764295654296875000e+02 2.129210357666015625e+02 4.230764389038085938e+01 5.695395469665527344e-01 -7.778686285018920898e-01 -2.656033933162689209e-01 0.000000000000000000e+00 2.000000000000000000e+00
2.767388000488281250e+02 2.124986877441406250e+02 4.216343307495117188e+01 5.700935125350952148e-01 -7.792292833328247070e-01 -2.603749930858612061e-01 0.000000000000000000e+00 2.000000000000000000e+00
2.770531311035156250e+02 2.120690460205078125e+02 4.201987075805664062e+01 5.762805938720703125e-01 -7.756179571151733398e-01 -2.575216293334960938e-01 0.000000000000000000e+00 2.000000000000000000e+00
2.773764343261718750e+02 2.116339111328125000e+02 4.187539672851562500e+01 5.890578627586364746e-01 -7.668204307556152344e-01 -2.549457550048828125e-01 0.000000000000000000e+00 2.000000000000000000e+00
2.777118225097656250e+02 2.111973114013671875e+02 4.173023986816406250e+01 6.075473427772521973e-01 -7.535765767097473145e-01 -2.510150969028472900e-01 0.000000000000000000e+00 2.000000000000000000e+00
2.780607910156250000e+02 2.107644653320312500e+02 4.158605957031250000e+01 6.303286552429199219e-01 -7.364440560340881348e-01 -2.456338107585906982e-01 0.000000000000000000e+00 2.000000000000000000e+00
2.784235229492187500e+02 2.103406677246093750e+02 4.144470596313476562e+01 6.543322801589965820e-01 -7.174550890922546387e-01 -2.389716207981109619e-01 0.000000000000000000e+00 2.000000000000000000e+00
2.787977600097656250e+02 2.099303283691406250e+02 4.130802917480468750e+01 6.771608591079711914e-01 -6.980708837509155273e-01 -2.327015399932861328e-01 0.000000000000000000e+00 2.000000000000000000e+00
2.791807250976562500e+02 2.095355377197265625e+02 4.117642593383789062e+01 6.967059373855590820e-01 -6.799589395523071289e-01 -2.285972386598587036e-01 0.000000000000000000e+00 2.000000000000000000e+00
2.795698547363281250e+02 2.091557617187500000e+02 4.104874801635742188e+01 7.119174599647521973e-01 -6.640185117721557617e-01 -2.285891920328140259e-01 0.000000000000000000e+00 2.000000000000000000e+00
2.799635620117187500e+02 2.087885437011718750e+02 4.092233276367187500e+01 7.225703597068786621e-01 -6.507290601730346680e-01 -2.333317399024963379e-01 0.000000000000000000e+00 2.000000000000000000e+00
2.803613586425781250e+02 2.084302978515625000e+02 4.079387664794921875e+01 7.291569709777832031e-01 -6.399866938591003418e-01 -2.423780560493469238e-01 0.000000000000000000e+00 2.000000000000000000e+00
2.807628784179687500e+02 2.080778808593750000e+02 4.066040802001953125e+01 7.327290177345275879e-01 -6.313694715499877930e-01 -2.539308369159698486e-01 0.000000000000000000e+00 2.000000000000000000e+00
2.811674804687500000e+02 2.077292480468750000e+02 4.052019119262695312e+01 7.336948513984680176e-01 -6.256184577941894531e-01 -2.651292681694030762e-01 0.000000000000000000e+00 2.000000000000000000e+00
2.815733337402343750e+02 2.073831787109375000e+02 4.037353134155273438e+01 7.333921194076538086e-01 -6.224546432495117188e-01 -2.732877731323242188e-01 0.000000000000000000e+00 2.000000000000000000e+00
2.819782409667968750e+02 2.070395202636718750e+02 4.022264862060546875e+01 7.322731614112854004e-01 -6.221204996109008789e-01 -2.770236730575561523e-01 0.000000000000000000e+00 2.000000000000000000e+00
2.823797302246093750e+02 2.066984252929687500e+02 4.007076263427734375e+01 7.307491302490234375e-01 -6.241405606269836426e-01 -2.765036523342132568e-01 0.000000000000000000e+00 2.000000000000000000e+00
2.827765502929687500e+02 2.063594970703125000e+02 3.992061233520507812e+01 7.295120358467102051e-01 -6.267426609992980957e-01 -2.738719284534454346e-01 0.000000000000000000e+00 2.000000000000000000e+00
2.831689758300781250e+02 2.060223541259765625e+02 3.977328872680664062e+01 7.285040020942687988e-01 -6.286851167678833008e-01 -2.720972001552581787e-01 0.000000000000000000e+00 2.000000000000000000e+00
2.835584106445312500e+02 2.056862792968750000e+02 3.962783432006835938e+01 7.273446321487426758e-01 -6.293482780456542969e-01 -2.736613452434539795e-01 0.000000000000000000e+00 2.000000000000000000e+00
2.839468688964843750e+02 2.053501586914062500e+02 3.948167800903320312e+01 7.246614098548889160e-01 -6.302478909492492676e-01 -2.786634564399719238e-01 0.000000000000000000e+00 2.000000000000000000e+00
2.843358154296875000e+02 2.050118865966796875e+02 3.933211135864257812e+01 7.196299433708190918e-01 -6.332855820655822754e-01 -2.847491502761840820e-01 0.000000000000000000e+00 2.000000000000000000e+00
2.847259826660156250e+02 2.046685333251953125e+02 3.917772674560546875e+01 7.111840844154357910e-01 -6.412920355796813965e-01 -2.880306839942932129e-01 0.000000000000000000e+00 2.000000000000000000e+00
2.851170959472656250e+02 2.043158569335937500e+02 3.901932525634765625e+01 6.997132897377014160e-01 -6.553549170494079590e-01 -2.844491302967071533e-01 0.000000000000000000e+00 2.000000000000000000e+00
2.855091857910156250e+02 2.039486236572265625e+02 3.885993194580078125e+01 6.856940388679504395e-01 -6.753659248352050781e-01 -2.714858353137969971e-01 0.000000000000000000e+00 2.000000000000000000e+00
2.859032592773437500e+02 2.035604858398437500e+02 3.870390701293945312e+01 6.699775457382202148e-01 -6.989252567291259766e-01 -2.502672374248504639e-01 0.000000000000000000e+00 2.000000000000000000e+00
2.863019714355468750e+02 2.031445465087890625e+02 3.855496978759765625e+01 6.534013152122497559e-01 -7.230638265609741211e-01 -2.241549342870712280e-01 0.000000000000000000e+00 2.000000000000000000e+00
2.867088623046875000e+02 2.026942749023437500e+02 3.841538238525390625e+01 6.372770071029663086e-01 -7.446895241737365723e-01 -1.982812434434890747e-01 0.000000000000000000e+00 2.000000000000000000e+00
2.871276550292968750e+02 2.022048950195312500e+02 3.828507995605468750e+01 6.226522326469421387e-01 -7.623439431190490723e-01 -1.764532625675201416e-01 0.000000000000000000e+00 2.000000000000000000e+00
2.875604248046875000e+02 2.016750335693359375e+02 3.816243743896484375e+01 6.106773614883422852e-01 -7.756316065788269043e-01 -1.595893949270248413e-01 0.000000000000000000e+00 2.000000000000000000e+00
2.880068054199218750e+02 2.011080780029296875e+02 3.804578399658203125e+01 6.024254560470581055e-01 -7.846844196319580078e-01 -1.461297720670700073e-01 0.000000000000000000e+00 2.000000000000000000e+00
2.884642028808593750e+02 2.005122985839843750e+02 3.793483352661132812e+01 5.987770557403564453e-01 -7.897011637687683105e-01 -1.335593461990356445e-01 0.000000000000000000e+00 2.000000000000000000e+00
2.889286804199218750e+02 1.998997192382812500e+02 3.783123016357421875e+01 6.002240180969238281e-01 -7.907452583312988281e-01 -1.202210038900375366e-01 0.000000000000000000e+00 2.000000000000000000e+00
2.893965148925781250e+02 1.992833862304687500e+02 3.773752593994140625e+01 6.067870259284973145e-01 -7.877045273780822754e-01 -1.064476296305656433e-01 0.000000000000000000e+00 2.000000000000000000e+00
2.898649902343750000e+02 1.986752319335937500e+02 3.765534210205078125e+01 6.178004145622253418e-01 -7.805809378623962402e-01 -9.495361894369125366e-02 0.000000000000000000e+00 2.000000000000000000e+00
2.903329162597656250e+02 1.980840148925781250e+02 3.758342361450195312e+01 6.318372488021850586e-01 -7.698529362678527832e-01 -9.004568308591842651e-02 0.000000000000000000e+00 2.000000000000000000e+00
2.907998962402343750e+02 1.975150299072265625e+02 3.751687240600585938e+01 6.476939320564270020e-01 -7.558900713920593262e-01 -9.551356732845306396e-02 0.000000000000000000e+00 2.000000000000000000e+00
2.912664794921875000e+02 1.969705047607421875e+02 3.744806671142578125e+01 6.637985110282897949e-01 -7.393750548362731934e-01 -1.126764267683029175e-01 0.000000000000000000e+00 2.000000000000000000e+00
2.917336730957031250e+02 1.964501190185546875e+02 3.736876296997070312e+01 6.789565682411193848e-01 -7.207980155944824219e-01 -1.395283341407775879e-01 0.000000000000000000e+00 2.000000000000000000e+00
2.922028808593750000e+02 1.959519958496093750e+02 3.727233886718750000e+01 6.926082372665405273e-01 -7.006472945213317871e-01 -1.714270114898681641e-01 0.000000000000000000e+00 2.000000000000000000e+00
2.926761474609375000e+02 1.954732360839843750e+02 3.715520095825195312e+01 7.037667632102966309e-01 -6.808261275291442871e-01 -2.029484510421752930e-01 0.000000000000000000e+00 2.000000000000000000e+00
2.931554870605468750e+02 1.950095214843750000e+02 3.701697158813476562e+01 7.122259736061096191e-01 -6.631531119346618652e-01 -2.301350831985473633e-01 0.000000000000000000e+00 2.000000000000000000e+00
2.936427001953125000e+02 1.945558776855468750e+02 3.685954284667968750e+01 7.176481485366821289e-01 -6.494940519332885742e-01 -2.512739598751068115e-01 0.000000000000000000e+00 2.000000000000000000e+00
2.941388549804687500e+02 1.941068420410156250e+02 3.668582153320312500e+01 7.197192907333374023e-01 -6.409823298454284668e-01 -2.667317688465118408e-01 0.000000000000000000e+00 2.000000000000000000e+00
2.946440429687500000e+02 1.936569213867187500e+02 3.649859619140625000e+01 7.184741497039794922e-01 -6.376879215240478516e-01 -2.777571976184844971e-01 0.000000000000000000e+00 2.000000000000000000e+00
2.951576843261718750e+02 1.932010345458984375e+02 3.630002593994140625e+01 7.144833207130432129e-01 -6.384593248367309570e-01 -2.861523032188415527e-01 0.000000000000000000e+00 2.000000000000000000e+00
2.956785278320312500e+02 1.927356109619140625e+02 3.609142684936523438e+01 7.083395719528198242e-01 -6.421459317207336426e-01 -2.930932641029357910e-01 0.000000000000000000e+00 2.000000000000000000e+00
2.962044677734375000e+02 1.922588195800781250e+02 3.587380599975585938e+01 7.013142108917236328e-01 -6.470822095870971680e-01 -2.990699708461761475e-01 0.000000000000000000e+00 2.000000000000000000e+00
2.967334899902343750e+02 1.917707061767578125e+02 3.564820861816406250e+01 6.940181851387023926e-01 -6.524851322174072266e-01 -3.043056726455688477e-01 0.000000000000000000e+00 2.000000000000000000e+00
2.972628173828125000e+02 1.912730560302734375e+02 3.541611480712890625e+01 6.873927116394042969e-01 -6.573528647422790527e-01 -3.088340163230895996e-01 0.000000000000000000e+00 2.000000000000000000e+00
2.977897033691406250e+02 1.907691955566406250e+02 3.517939376831054688e+01 6.818390488624572754e-01 -6.614109277725219727e-01 -3.124597370624542236e-01 0.000000000000000000e+00 2.000000000000000000e+00
2.983117370605468750e+02 1.902628021240234375e+02 3.494016647338867188e+01 6.776294112205505371e-01 -6.646366715431213379e-01 -3.147640526294708252e-01 0.000000000000000000e+00 2.000000000000000000e+00
2.988274230957031250e+02 1.897570037841796875e+02 3.470062637329101562e+01 6.756905913352966309e-01 -6.666361689567565918e-01 -3.147038221359252930e-01 0.000000000000000000e+00 2.000000000000000000e+00
2.993375549316406250e+02 1.892537078857421875e+02 3.446303176879882812e+01 6.766201853752136230e-01 -6.676359772682189941e-01 -3.105596899986267090e-01 0.000000000000000000e+00 2.000000000000000000e+00
2.998454895019531250e+02 1.887525177001953125e+02 3.422989654541015625e+01 6.809803247451782227e-01 -6.677556633949279785e-01 -3.006129562854766846e-01 0.000000000000000000e+00 2.000000000000000000e+00
3.003569946289062500e+02 1.882509460449218750e+02 3.400409698486328125e+01 6.887469887733459473e-01 -6.667566895484924316e-01 -2.847158014774322510e-01 0.000000000000000000e+00 2.000000000000000000e+00
3.008788757324218750e+02 1.877457275390625000e+02 3.378836059570312500e+01 6.991273760795593262e-01 -6.639388799667358398e-01 -2.653414905071258545e-01 0.000000000000000000e+00 2.000000000000000000e+00
3.014166870117187500e+02 1.872349853515625000e+02 3.358424377441406250e+01 7.108888626098632812e-01 -6.585012078285217285e-01 -2.470086216926574707e-01 0.000000000000000000e+00 2.000000000000000000e+00
3.019730529785156250e+02 1.867196197509765625e+02 3.339092636108398438e+01 7.229379415512084961e-01 -6.496437788009643555e-01 -2.352097183465957642e-01 0.000000000000000000e+00 2.000000000000000000e+00
3.025464782714843750e+02 1.862043304443359375e+02 3.320436096191406250e+01 7.350353598594665527e-01 -6.364391446113586426e-01 -2.338123023509979248e-01 0.000000000000000000e+00 2.000000000000000000e+00
3.031329956054687500e+02 1.856964874267578125e+02 3.301779174804687500e+01 7.474665045738220215e-01 -6.179743409156799316e-01 -2.437240928411483765e-01 0.000000000000000000e+00 2.000000000000000000e+00
3.037286682128906250e+02 1.852040100097656250e+02 3.282356262207031250e+01 7.605034708976745605e-01 -5.939943194389343262e-01 -2.623077332973480225e-01 0.000000000000000000e+00 2.000000000000000000e+00
3.043320617675781250e+02 1.847327270507812500e+02 3.261544418334960938e+01 7.740699648857116699e-01 -5.659126639366149902e-01 -2.838285565376281738e-01 0.000000000000000000e+00 2.000000000000000000e+00
3.049448242187500000e+02 1.842847442626953125e+02 3.239076232910156250e+01 7.877998948097229004e-01 -5.370141267776489258e-01 -3.016408383846282959e-01 0.000000000000000000e+00 2.000000000000000000e+00
3.055709228515625000e+02 1.838579559326171875e+02 3.215103530883789062e+01 8.002958297729492188e-01 -5.126621723175048828e-01 -3.109727501869201660e-01 0.000000000000000000e+00 2.000000000000000000e+00
3.062134399414062500e+02 1.834463653564453125e+02 3.190137100219726562e+01 8.098989725112915039e-01 -4.975067079067230225e-01 -3.107261061668395996e-01 0.000000000000000000e+00 2.000000000000000000e+00
3.068726196289062500e+02 1.830414428710937500e+02 3.164846992492675781e+01 8.142745494842529297e-01 -4.950444400310516357e-01 -3.031302988529205322e-01 0.000000000000000000e+00 2.000000000000000000e+00
3.075441284179687500e+02 1.826331939697265625e+02 3.139848709106445312e+01 8.115384578704833984e-01 -5.061764717102050781e-01 -2.918744683265686035e-01 0.000000000000000000e+00 2.000000000000000000e+00
3.082200927734375000e+02 1.822115783691406250e+02 3.115537261962890625e+01 8.007933497428894043e-01 -5.294277667999267578e-01 -2.800647616386413574e-01 0.000000000000000000e+00 2.000000000000000000e+00
3.088915100097656250e+02 1.817676849365234375e+02 3.092055511474609375e+01 7.821037769317626953e-01 -5.614820718765258789e-01 -2.702806591987609863e-01 0.000000000000000000e+00 2.000000000000000000e+00
3.095496520996093750e+02 1.812951965332031250e+02 3.069311332702636719e+01 7.571372985839843750e-01 -5.977285504341125488e-01 -2.635594606399536133e-01 0.000000000000000000e+00 2.000000000000000000e+00
3.101882934570312500e+02 1.807910156250000000e+02 3.047080230712890625e+01 7.286413908004760742e-01 -6.335666775703430176e-01 -2.601442635059356689e-01 0.000000000000000000e+00 2.000000000000000000e+00
3.108041076660156250e+02 1.802555541992187500e+02 3.025094032287597656e+01 6.999715566635131836e-01 -6.652163267135620117e-01 -2.598597109317779541e-01 0.000000000000000000e+00 2.000000000000000000e+00
3.113966064453125000e+02 1.796924743652343750e+02 3.003097915649414062e+01 6.741960644721984863e-01 -6.905348300933837891e-01 -2.619566619396209717e-01 0.000000000000000000e+00 2.000000000000000000e+00
3.119676818847656250e+02 1.791075592041015625e+02 2.980908966064453125e+01 6.537542939186096191e-01 -7.086755633354187012e-01 -2.653003334999084473e-01 0.000000000000000000e+00 2.000000000000000000e+00
3.125209350585937500e+02 1.785078277587890625e+02 2.958457374572753906e+01 6.400428414344787598e-01 -7.198627591133117676e-01 -2.685942351818084717e-01 0.000000000000000000e+00 2.000000000000000000e+00
3.130608825683593750e+02 1.779005432128906250e+02 2.935798454284667969e+01 6.334074735641479492e-01 -7.250225543975830078e-01 -2.704389095306396484e-01 0.000000000000000000e+00 2.000000000000000000e+00
3.135919494628906250e+02 1.772926635742187500e+02 2.913124084472656250e+01 6.334896087646484375e-01 -7.253505587577819824e-01 -2.693649232387542725e-01 0.000000000000000000e+00 2.000000000000000000e+00
3.141179809570312500e+02 1.766903533935546875e+02 2.890756797790527344e+01 6.388798356056213379e-01 -7.222897410392761230e-01 -2.648209333419799805e-01 0.000000000000000000e+00 2.000000000000000000e+00
3.146411132812500000e+02 1.760989227294921875e+02 2.869072532653808594e+01 6.479135155677795410e-01 -7.170222997665405273e-01 -2.570741176605224609e-01 0.000000000000000000e+00 2.000000000000000000e+00
3.151618347167968750e+02 1.755226593017578125e+02 2.848411750793457031e+01 6.589559912681579590e-01 -7.103640437126159668e-01 -2.473052889108657837e-01 0.000000000000000000e+00 2.000000000000000000e+00
3.156791687011718750e+02 1.749649658203125000e+02 2.828996276855468750e+01 6.708893775939941406e-01 -7.026262879371643066e-01 -2.371156513690948486e-01 0.000000000000000000e+00 2.000000000000000000e+00
3.161917114257812500e+02 1.744281768798828125e+02 2.810881233215332031e+01 6.828828454017639160e-01 -6.939933300018310547e-01 -2.281325608491897583e-01 0.000000000000000000e+00 2.000000000000000000e+00
3.166981506347656250e+02 1.739134979248046875e+02 2.793962478637695312e+01 6.947953104972839355e-01 -6.844599843025207520e-01 -2.208483666181564331e-01 0.000000000000000000e+00 2.000000000000000000e+00
3.171987304687500000e+02 1.734203643798828125e+02 2.778050994873046875e+01 7.061977982521057129e-01 -6.744456291198730469e-01 -2.154246568679809570e-01 0.000000000000000000e+00 2.000000000000000000e+00
3.176945495605468750e+02 1.729468383789062500e+02 2.762926101684570312e+01 7.168625593185424805e-01 -6.645216345787048340e-01 -2.109952569007873535e-01 0.000000000000000000e+00 2.000000000000000000e+00
3.181881713867187500e+02 1.724892578125000000e+02 2.748397254943847656e+01 7.270178198814392090e-01 -6.551723480224609375e-01 -2.054124623537063599e-01 0.000000000000000000e+00 2.000000000000000000e+00
3.186830444335937500e+02 1.720432891845703125e+02 2.734415054321289062e+01 7.365042567253112793e-01 -6.472051739692687988e-01 -1.966900825500488281e-01 0.000000000000000000e+00 2.000000000000000000e+00
3.191831665039062500e+02 1.716038055419921875e+02 2.721058845520019531e+01 7.456946372985839844e-01 -6.403951048851013184e-01 -1.839391291141510010e-01 0.000000000000000000e+00 2.000000000000000000e+00
3.196926574707031250e+02 1.711662597656250000e+02 2.708491325378417969e+01 7.539100646972656250e-01 -6.350400447845458984e-01 -1.683560013771057129e-01 0.000000000000000000e+00 2.000000000000000000e+00
3.202139892578125000e+02 1.707271270751953125e+02 2.696849441528320312e+01 7.603490352630615234e-01 -6.311916112899780273e-01 -1.531878709793090820e-01 0.000000000000000000e+00 2.000000000000000000e+00
3.207465820312500000e+02 1.702850036621093750e+02 2.686119270324707031e+01 7.635543942451477051e-01 -6.297117471694946289e-01 -1.429960876703262329e-01 0.000000000000000000e+00 2.000000000000000000e+00
3.212851562500000000e+02 1.698408355712890625e+02 2.676033020019531250e+01 7.625107765197753906e-01 -6.311790943145751953e-01 -1.420930176973342896e-01 0.000000000000000000e+00 2.000000000000000000e+00
3.218203430175781250e+02 1.693978271484375000e+02 2.666059875488281250e+01 7.562453746795654297e-01 -6.362068057060241699e-01 -1.527537256479263306e-01 0.000000000000000000e+00 2.000000000000000000e+00
3.223406982421875000e+02 1.689600677490234375e+02 2.655549240112304688e+01 7.450190186500549316e-01 -6.438775062561035156e-01 -1.742651164531707764e-01 0.000000000000000000e+00 2.000000000000000000e+00
3.228368225097656250e+02 1.685312957763671875e+02 2.643944549560546875e+01 7.300692200660705566e-01 -6.525250077247619629e-01 -2.030025422573089600e-01 0.000000000000000000e+00 2.000000000000000000e+00
3.233042907714843750e+02 1.681134796142578125e+02 2.630946159362792969e+01 7.146977186203002930e-01 -6.594281196594238281e-01 -2.331560999155044556e-01 0.000000000000000000e+00 2.000000000000000000e+00
3.237454833984375000e+02 1.677064056396484375e+02 2.616553115844726562e+01 7.025613188743591309e-01 -6.628583669662475586e-01 -2.588945329189300537e-01 0.000000000000000000e+00 2.000000000000000000e+00
3.241675109863281250e+02 1.673082275390625000e+02 2.601001358032226562e+01 6.956518888473510742e-01 -6.625428199768066406e-01 -2.776786386966705322e-01 0.000000000000000000e+00 2.000000000000000000e+00
3.245791625976562500e+02 1.669161682128906250e+02 2.584569740295410156e+01 6.932903528213500977e-01 -6.596347093582153320e-01 -2.902247905731201172e-01 0.000000000000000000e+00 2.000000000000000000e+00
3.249880981445312500e+02 1.665270843505859375e+02 2.567450904846191406e+01 6.924957633018493652e-01 -6.565679907798767090e-01 -2.989449501037597656e-01 0.000000000000000000e+00 2.000000000000000000e+00
3.253992614746093750e+02 1.661372528076171875e+02 2.549701309204101562e+01 6.902348399162292480e-01 -6.558294296264648438e-01 -3.057182729244232178e-01 0.000000000000000000e+00 2.000000000000000000e+00
3.258152770996093750e+02 1.657419738769531250e+02 2.531275177001953125e+01 6.844863891601562500e-01 -6.591579914093017578e-01 -3.114306628704071045e-01 0.000000000000000000e+00 2.000000000000000000e+00
3.262371215820312500e+02 1.653357391357421875e+02 2.512081909179687500e+01 6.750726103782653809e-01 -6.669592261314392090e-01 -3.153448402881622314e-01 0.000000000000000000e+00 2.000000000000000000e+00
3.266649780273437500e+02 1.649130249023437500e+02 2.492095565795898438e+01 6.628811955451965332e-01 -6.783839464187622070e-01 -3.168338537216186523e-01 0.000000000000000000e+00 2.000000000000000000e+00
3.270982055664062500e+02 1.644696655273437500e+02 2.471388816833496094e+01 6.486669182777404785e-01 -6.920444965362548828e-01 -3.167106509208679199e-01 0.000000000000000000e+00 2.000000000000000000e+00
3.275344848632812500e+02 1.640042114257812500e+02 2.450087547302246094e+01 6.337392926216125488e-01 -7.061976790428161621e-01 -3.156886100769042969e-01 0.000000000000000000e+00 2.000000000000000000e+00
3.279704895019531250e+02 1.635183563232421875e+02 2.428368568420410156e+01 6.197376847267150879e-01 -7.187925577163696289e-01 -3.150593936443328857e-01 0.000000000000000000e+00 2.000000000000000000e+00
3.284029541015625000e+02 1.630167694091796875e+02 2.406383132934570312e+01 6.083657741546630859e-01 -7.281881570816040039e-01 -3.156470358371734619e-01 0.000000000000000000e+00 2.000000000000000000e+00
3.288302917480468750e+02 1.625052642822265625e+02 2.384210968017578125e+01 6.011914014816284180e-01 -7.330507040023803711e-01 -3.181281089782714844e-01 0.000000000000000000e+00 2.000000000000000000e+00
3.292529296875000000e+02 1.619899291992187500e+02 2.361846542358398438e+01 5.989599227905273438e-01 -7.331106066703796387e-01 -3.221736252307891846e-01 0.000000000000000000e+00 2.000000000000000000e+00
3.296732788085937500e+02 1.614754333496093750e+02 2.339236450195312500e+01 6.011137366294860840e-01 -7.292670607566833496e-01 -3.268515169620513916e-01 0.000000000000000000e+00 2.000000000000000000e+00
3.300942687988281250e+02 1.609646911621093750e+02 2.316345405578613281e+01 6.060902476310729980e-01 -7.235147356986999512e-01 -3.304254710674285889e-01 0.000000000000000000e+00 2.000000000000000000e+00
3.305184631347656250e+02 1.604583129882812500e+02 2.293219375610351562e+01 6.124829649925231934e-01 -7.178371548652648926e-01 -3.310202956199645996e-01 0.000000000000000000e+00 2.000000000000000000e+00
3.309476318359375000e+02 1.599553222656250000e+02 2.270024681091308594e+01 6.191301345825195312e-01 -7.137948274612426758e-01 -3.273757398128509521e-01 0.000000000000000000e+00 2.000000000000000000e+00
3.313828430175781250e+02 1.594535675048828125e+02 2.247012138366699219e+01 6.261722445487976074e-01 -7.112413048744201660e-01 -3.194436132907867432e-01 0.000000000000000000e+00 2.000000000000000000e+00
3.318252563476562500e+02 1.589510498046875000e+02 2.224442291259765625e+01 6.339920759201049805e-01 -7.091366648674011230e-01 -3.085111975669860840e-01 0.000000000000000000e+00 2.000000000000000000e+00
3.322766113281250000e+02 1.584461975097656250e+02 2.202478599548339844e+01 6.431545019149780273e-01 -7.061497569084167480e-01 -2.961499094963073730e-01 0.000000000000000000e+00 2.000000000000000000e+00
3.327389831542968750e+02 1.579385375976562500e+02 2.181188011169433594e+01 6.536946296691894531e-01 -7.013502120971679688e-01 -2.842376530170440674e-01 0.000000000000000000e+00 2.000000000000000000e+00
3.332138977050781250e+02 1.574290008544921875e+02 2.160537910461425781e+01 6.654110550880432129e-01 -6.944233775138854980e-01 -2.738691270351409912e-01 0.000000000000000000e+00 2.000000000000000000e+00
3.337017517089843750e+02 1.569198760986328125e+02 2.140458869934082031e+01 6.779146790504455566e-01 -6.855980157852172852e-01 -2.653055191040039062e-01 0.000000000000000000e+00 2.000000000000000000e+00
3.342012329101562500e+02 1.564147338867187500e+02 2.120911407470703125e+01 6.908625364303588867e-01 -6.752932071685791016e-01 -2.582404911518096924e-01 0.000000000000000000e+00 2.000000000000000000e+00
3.347090454101562500e+02 1.559183654785156250e+02 2.101929664611816406e+01 7.042527198791503906e-01 -6.635403633117675781e-01 -2.524724006652832031e-01 0.000000000000000000e+00 2.000000000000000000e+00
3.352205810546875000e+02 1.554364013671875000e+02 2.083591270446777344e+01 7.176185250282287598e-01 -6.508168578147888184e-01 -2.479133754968643188e-01 0.000000000000000000e+00 2.000000000000000000e+00
3.357305297851562500e+02 1.549739227294921875e+02 2.065974235534667969e+01 7.310045957565307617e-01 -6.370283961296081543e-01 -2.445959299802780151e-01 0.000000000000000000e+00 2.000000000000000000e+00
3.362344970703125000e+02 1.545347442626953125e+02 2.049111366271972656e+01 7.440627217292785645e-01 -6.225578784942626953e-01 -2.424712330102920532e-01 0.000000000000000000e+00 2.000000000000000000e+00
3.367299194335937500e+02 1.541202239990234375e+02 2.032966804504394531e+01 7.558905482292175293e-01 -6.085611581802368164e-01 -2.414182424545288086e-01 0.000000000000000000e+00 2.000000000000000000e+00
3.372160034179687500e+02 1.537288818359375000e+02 2.017442131042480469e+01 7.663387060165405273e-01 -5.955927968025207520e-01 -2.408199608325958252e-01 0.000000000000000000e+00 2.000000000000000000e+00
3.376940917968750000e+02 1.533573150634765625e+02 2.002418327331542969e+01 7.753736972808837891e-01 -5.840958356857299805e-01 -2.400578558444976807e-01 0.000000000000000000e+00 2.000000000000000000e+00
3.381667785644531250e+02 1.530012359619140625e+02 1.987783813476562500e+01 7.830818891525268555e-01 -5.743413567543029785e-01 -2.385678738355636597e-01 0.000000000000000000e+00 2.000000000000000000e+00
3.386370849609375000e+02 1.526562957763671875e+02 1.973455810546875000e+01 7.895835638046264648e-01 -5.662742853164672852e-01 -2.364134788513183594e-01 0.000000000000000000e+00 2.000000000000000000e+00
3.391069030761718750e+02 1.523193511962890625e+02 1.959388732910156250e+01 7.941349148750305176e-01 -5.606964230537414551e-01 -2.344550341367721558e-01 0.000000000000000000e+00 2.000000000000000000e+00
3.395762634277343750e+02 1.519879608154296875e+02 1.945531654357910156e+01 7.959725856781005859e-01 -5.583575367927551270e-01 -2.338042557239532471e-01 0.000000000000000000e+00 2.000000000000000000e+00
3.400427856445312500e+02 1.516607055664062500e+02 1.931828308105468750e+01 7.942134141921997070e-01 -5.601261258125305176e-01 -2.355496734380722046e-01 0.000000000000000000e+00 2.000000000000000000e+00
3.405006408691406250e+02 1.513377990722656250e+02 1.918249130249023438e+01 7.888203263282775879e-01 -5.658952593803405762e-01 -2.398440241813659668e-01 0.000000000000000000e+00 2.000000000000000000e+00
3.409410095214843750e+02 1.510218811035156250e+02 1.904859542846679688e+01 7.801431417465209961e-01 -5.750754475593566895e-01 -2.463026940822601318e-01 0.000000000000000000e+00 2.000000000000000000e+00
3.413521728515625000e+02 1.507187957763671875e+02 1.891878509521484375e+01 7.696320414543151855e-01 -5.858094096183776855e-01 -2.539564669132232666e-01 0.000000000000000000e+00 2.000000000000000000e+00
3.417214965820312500e+02 1.504376831054687500e+02 1.879691886901855469e+01 7.696320414543151855e-01 -5.858094096183776855e-01 -2.539564669132232666e-01 0.000000000000000000e+00 2.000000000000000000e+00
