2.774418945312500000e+02 2.383390655517578125e+02 2.459900970458984375e+02 -9.164826273918151855e-01 -3.017987124621868134e-02 -3.989346027374267578e-01 0.000000000000000000e+00 1.000000000000000000e+00
2.781457519531250000e+02 2.383622436523437500e+02 2.462964782714843750e+02 -9.165476560592651367e-01 -3.258350118994712830e-02 -3.985958695411682129e-01 0.000000000000000000e+00 1.000000000000000000e+00
2.788234863281250000e+02 2.383863372802734375e+02 2.465912170410156250e+02 -9.163464307785034180e-01 -3.543028980493545532e-02 -3.988156914710998535e-01 0.000000000000000000e+00 1.000000000000000000e+00
2.794762268066406250e+02 2.384115753173828125e+02 2.468753051757812500e+02 -9.158881902694702148e-01 -3.869172930717468262e-02 -3.995643854141235352e-01 0.000000000000000000e+00 1.000000000000000000e+00
2.801094055175781250e+02 2.384383239746093750e+02 2.471515350341796875e+02 -9.151616692543029785e-01 -4.238316789269447327e-02 -4.008525907993316650e-01 0.000000000000000000e+00 1.000000000000000000e+00
2.807304687500000000e+02 2.384670867919921875e+02 2.474235687255859375e+02 -9.141154885292053223e-01 -4.679702594876289368e-02 -4.027442336082458496e-01 0.000000000000000000e+00 1.000000000000000000e+00
2.813465576171875000e+02 2.384986267089843750e+02 2.476950073242187500e+02 -9.128051996231079102e-01 -5.195836350321769714e-02 -4.050765037536621094e-01 0.000000000000000000e+00 1.000000000000000000e+00
2.819633789062500000e+02 2.385337371826171875e+02 2.479687347412109375e+02 -9.112100005149841309e-01 -5.770892277359962463e-02 -4.078798592090606689e-01 0.000000000000000000e+00 1.000000000000000000e+00
2.825845031738281250e+02 2.385730743408203125e+02 2.482467651367187500e+02 -9.095159173011779785e-01 -6.358116120100021362e-02 -4.107776880264282227e-01 0.000000000000000000e+00 1.000000000000000000e+00
2.832118225097656250e+02 2.386169281005859375e+02 2.485300903320312500e+02 -9.078083038330078125e-01 -6.914510577917098999e-02 -4.136460423469543457e-01 0.000000000000000000e+00 1.000000000000000000e+00
2.838452758789062500e+02 2.386651763916015625e+02 2.488187255859375000e+02 -9.061241149902343750e-01 -7.432254403829574585e-02 -4.164315164089202881e-01 0.000000000000000000e+00 1.000000000000000000e+00
2.844835510253906250e+02 2.387175292968750000e+02 2.491120605468750000e+02 -9.044074416160583496e-01 -7.925197482109069824e-02 -4.192448854446411133e-01 0.000000000000000000e+00 1.000000000000000000e+00
2.851241760253906250e+02 2.387736663818359375e+02 2.494090270996093750e+02 -9.024808406829833984e-01 -8.447310328483581543e-02 -4.223655164241790771e-01 0.000000000000000000e+00 1.000000000000000000e+00
2.857641906738281250e+02 2.388335723876953125e+02 2.497085571289062500e+02 -9.001728892326354980e-01 -9.021152555942535400e-02 -4.260875880718231201e-01 0.000000000000000000e+00 1.000000000000000000e+00
2.864006347656250000e+02 2.388973541259765625e+02 2.500098114013671875e+02 -8.973154425621032715e-01 -9.697420150041580200e-02 -4.306054115295410156e-01 0.000000000000000000e+00 1.000000000000000000e+00
2.870309143066406250e+02 2.389654693603515625e+02 2.503122711181640625e+02 -8.939107060432434082e-01 -1.047376841306686401e-01 -4.358368515968322754e-01 0.000000000000000000e+00 1.000000000000000000e+00
2.876528930664062500e+02 2.390383453369140625e+02 2.506155242919921875e+02 -8.901926875114440918e-01 -1.129094064235687256e-01 -4.413711428642272949e-01 0.000000000000000000e+00 1.000000000000000000e+00
2.882654724121093750e+02 2.391160430908203125e+02 2.509192504882812500e+02 -8.863586783409118652e-01 -1.210996285080909729e-01 -4.468816518783569336e-01 0.000000000000000000e+00 1.000000000000000000e+00
2.888682250976562500e+02 2.391983947753906250e+02 2.512231445312500000e+02 -8.826304674148559570e-01 -1.288372278213500977e-01 -4.520668089389801025e-01 0.000000000000000000e+00 1.000000000000000000e+00
2.894607238769531250e+02 2.392848815917968750e+02 2.515266113281250000e+02 -8.790963292121887207e-01 -1.361077278852462769e-01 -4.567980170249938965e-01 0.000000000000000000e+00 1.000000000000000000e+00
2.900423889160156250e+02 2.393749389648437500e+02 2.518288574218750000e+02 -8.753930330276489258e-01 -1.432149708271026611e-01 -4.617104530334472656e-01 0.000000000000000000e+00 1.000000000000000000e+00
2.906114196777343750e+02 2.394680328369140625e+02 2.521289825439453125e+02 -8.712938427925109863e-01 -1.511878967285156250e-01 -4.668932259082794189e-01 0.000000000000000000e+00 1.000000000000000000e+00
2.911649780273437500e+02 2.395640869140625000e+02 2.524256134033203125e+02 -8.664506077766418457e-01 -1.601920425891876221e-01 -4.728655517101287842e-01 0.000000000000000000e+00 1.000000000000000000e+00
2.916999511718750000e+02 2.396629943847656250e+02 2.527175750732421875e+02 -8.604837656021118164e-01 -1.711357682943344116e-01 -4.798753559589385986e-01 0.000000000000000000e+00 1.000000000000000000e+00
2.922136840820312500e+02 2.397651672363281250e+02 2.530040740966796875e+02 -8.537051081657409668e-01 -1.830995082855224609e-01 -4.875060915946960449e-01 0.000000000000000000e+00 1.000000000000000000e+00
2.927055053710937500e+02 2.398706512451171875e+02 2.532849273681640625e+02 -8.462712168693542480e-01 -1.957317292690277100e-01 -4.954938888549804688e-01 0.000000000000000000e+00 1.000000000000000000e+00
2.931768188476562500e+02 2.399796600341796875e+02 2.535608825683593750e+02 -8.388199210166931152e-01 -2.085074633359909058e-01 -5.028974413871765137e-01 0.000000000000000000e+00 1.000000000000000000e+00
2.936310729980468750e+02 2.400925750732421875e+02 2.538332214355468750e+02 -8.308924436569213867e-01 -2.224712371826171875e-01 -5.100237727165222168e-01 0.000000000000000000e+00 1.000000000000000000e+00
2.940725097656250000e+02 2.402107696533203125e+02 2.541041870117187500e+02 -8.221270442008972168e-01 -2.386708259582519531e-01 -5.168591737747192383e-01 0.000000000000000000e+00 1.000000000000000000e+00
2.945051879882812500e+02 2.403363800048828125e+02 2.543762054443359375e+02 -8.110164403915405273e-01 -2.600940167903900146e-01 -5.240262150764465332e-01 0.000000000000000000e+00 1.000000000000000000e+00
2.949307861328125000e+02 2.404728698730468750e+02 2.546511993408203125e+02 -7.959448695182800293e-01 -2.903565466403961182e-01 -5.311917662620544434e-01 0.000000000000000000e+00 1.000000000000000000e+00
2.953486938476562500e+02 2.406253204345703125e+02 2.549300994873046875e+02 -7.732673883438110352e-01 -3.341653048992156982e-01 -5.388794541358947754e-01 0.000000000000000000e+00 1.000000000000000000e+00
2.957534790039062500e+02 2.408002471923828125e+02 2.552121887207031250e+02 -7.382959723472595215e-01 -3.970031738281250000e-01 -5.452590584754943848e-01 0.000000000000000000e+00 1.000000000000000000e+00
2.961348571777343750e+02 2.410053253173828125e+02 2.554938507080078125e+02 -6.823598146438598633e-01 -4.842887222766876221e-01 -5.475850701332092285e-01 0.000000000000000000e+00 1.000000000000000000e+00
2.964771728515625000e+02 2.412482757568359375e+02 2.557685546875000000e+02 -5.917832255363464355e-01 -5.992242097854614258e-01 -5.391873121261596680e-01 0.000000000000000000e+00 1.000000000000000000e+00
2.967611389160156250e+02 2.415358123779296875e+02 2.560272827148437500e+02 -4.487887620925903320e-01 -7.345178127288818359e-01 -5.089913010597229004e-01 0.000000000000000000e+00 1.000000000000000000e+00
2.969667968750000000e+02 2.418724060058593750e+02 2.562605285644531250e+02 -2.493147253990173340e-01 -8.597491979598999023e-01 -4.457280635833740234e-01 0.000000000000000000e+00 1.000000000000000000e+00
2.970789794921875000e+02 2.422592620849609375e+02 2.564610900878906250e+02 -2.678177133202552795e-02 -9.342189431190490723e-01 -3.556933701038360596e-01 0.000000000000000000e+00 1.000000000000000000e+00
2.970914611816406250e+02 2.426946563720703125e+02 2.566268615722656250e+02 -1.622434109449386597e-01 9.499508738517761230e-01 2.669652402400970459e-01 0.000000000000000000e+00 1.000000000000000000e+00
2.970094299316406250e+02 2.431749572753906250e+02 2.567618408203125000e+02 -2.895559072494506836e-01 9.351658225059509277e-01 2.040152549743652344e-01 0.000000000000000000e+00 1.000000000000000000e+00
2.968481750488281250e+02 2.436957550048828125e+02 2.568754577636718750e+02 -3.611190319061279297e-01 9.167833328247070312e-01 1.705912053585052490e-01 0.000000000000000000e+00 1.000000000000000000e+00
2.966287231445312500e+02 2.442528839111328125e+02 2.569791259765625000e+02 -3.947585523128509521e-01 9.050161838531494141e-01 1.584656834602355957e-01 0.000000000000000000e+00 1.000000000000000000e+00
2.963716125488281250e+02 2.448423309326171875e+02 2.570823364257812500e+02 -4.069246053695678711e-01 9.000115394592285156e-01 1.561775654554367065e-01 0.000000000000000000e+00 1.000000000000000000e+00
2.960924377441406250e+02 2.454597930908203125e+02 2.571894836425781250e+02 -4.108819067478179932e-01 8.986381888389587402e-01 1.537059694528579712e-01 0.000000000000000000e+00 1.000000000000000000e+00
2.957996520996093750e+02 2.461001434326171875e+02 2.572990112304687500e+02 -4.158674776554107666e-01 8.978985548019409180e-01 1.443341523408889771e-01 0.000000000000000000e+00 1.000000000000000000e+00
2.954952392578125000e+02 2.467574005126953125e+02 2.574046630859375000e+02 -4.264560639858245850e-01 8.958770632743835449e-01 1.246576532721519470e-01 0.000000000000000000e+00 1.000000000000000000e+00
2.951773376464843750e+02 2.474252319335937500e+02 2.574975891113281250e+02 -4.438166022300720215e-01 8.910733461380004883e-01 9.494744986295700073e-02 0.000000000000000000e+00 1.000000000000000000e+00
2.948426818847656250e+02 2.480971374511718750e+02 2.575691833496093750e+02 -4.665455818176269531e-01 8.826749920845031738e-01 5.674583092331886292e-02 0.000000000000000000e+00 1.000000000000000000e+00
2.944884033203125000e+02 2.487674102783203125e+02 2.576122741699218750e+02 -4.920749366283416748e-01 8.704631924629211426e-01 1.249612402170896530e-02 0.000000000000000000e+00 1.000000000000000000e+00
2.941134643554687500e+02 2.494306640625000000e+02 2.576217956542968750e+02 -5.188549757003784180e-01 8.540781140327453613e-01 -3.660621121525764465e-02 0.000000000000000000e+00 1.000000000000000000e+00
2.937181091308593750e+02 2.500814514160156250e+02 2.575939025878906250e+02 -5.447002649307250977e-01 8.338889479637145996e-01 -8.905531466007232666e-02 0.000000000000000000e+00 1.000000000000000000e+00
2.933044738769531250e+02 2.507146911621093750e+02 2.575262756347656250e+02 -5.678720474243164062e-01 8.104243278503417969e-01 -1.439926475286483765e-01 0.000000000000000000e+00 1.000000000000000000e+00
2.928764953613281250e+02 2.513254699707031250e+02 2.574177551269531250e+02 -5.864267945289611816e-01 7.848119735717773438e-01 -2.004341930150985718e-01 0.000000000000000000e+00 1.000000000000000000e+00
2.924397888183593750e+02 2.519099121093750000e+02 2.572684936523437500e+02 -5.991703867912292480e-01 7.584226727485656738e-01 -2.564955949783325195e-01 0.000000000000000000e+00 1.000000000000000000e+00
2.920010070800781250e+02 2.524653167724609375e+02 2.570806579589843750e+02 -6.057517528533935547e-01 7.327483892440795898e-01 -3.100719749927520752e-01 0.000000000000000000e+00 1.000000000000000000e+00
2.915668640136718750e+02 2.529904785156250000e+02 2.568584289550781250e+02 -6.069365739822387695e-01 7.091199755668640137e-01 -3.588549494743347168e-01 0.000000000000000000e+00 1.000000000000000000e+00
2.911431579589843750e+02 2.534855194091796875e+02 2.566079101562500000e+02 -6.043147444725036621e-01 6.886718273162841797e-01 -4.006678462028503418e-01 0.000000000000000000e+00 1.000000000000000000e+00
2.907340087890625000e+02 2.539517822265625000e+02 2.563366394042968750e+02 -5.995663404464721680e-01 6.718232631683349609e-01 -4.349410831928253174e-01 0.000000000000000000e+00 1.000000000000000000e+00
2.903418884277343750e+02 2.543911590576171875e+02 2.560521850585937500e+02 -5.939517021179199219e-01 6.589576005935668945e-01 -4.615152180194854736e-01 0.000000000000000000e+00 1.000000000000000000e+00
2.899681091308593750e+02 2.548058471679687500e+02 2.557617492675781250e+02 -5.878762602806091309e-01 6.499335169792175293e-01 -4.816512167453765869e-01 0.000000000000000000e+00 1.000000000000000000e+00
2.896130981445312500e+02 2.551983337402343750e+02 2.554708862304687500e+02 -5.808497667312622070e-01 6.446530222892761230e-01 -4.970271885395050049e-01 0.000000000000000000e+00 1.000000000000000000e+00
2.892770690917968750e+02 2.555712738037109375e+02 2.551833496093750000e+02 -5.728594660758972168e-01 6.420783400535583496e-01 -5.094776153564453125e-01 0.000000000000000000e+00 1.000000000000000000e+00
2.889595947265625000e+02 2.559271087646484375e+02 2.549010009765625000e+02 -5.640874505043029785e-01 6.413003802299499512e-01 -5.201337337493896484e-01 0.000000000000000000e+00 1.000000000000000000e+00
2.886593933105468750e+02 2.562684020996093750e+02 2.546241912841796875e+02 -5.559284687042236328e-01 6.403040885925292969e-01 -5.300512909889221191e-01 0.000000000000000000e+00 1.000000000000000000e+00
2.883738708496093750e+02 2.565972595214843750e+02 2.543519592285156250e+02 -5.509880781173706055e-01 6.366021633148193359e-01 -5.395830273628234863e-01 0.000000000000000000e+00 1.000000000000000000e+00
2.880989074707031250e+02 2.569149475097656250e+02 2.540826873779296875e+02 -5.516760945320129395e-01 6.273021101951599121e-01 -5.496777296066284180e-01 0.000000000000000000e+00 1.000000000000000000e+00
2.878293151855468750e+02 2.572214965820312500e+02 2.538140716552734375e+02 -5.609350800514221191e-01 6.088544726371765137e-01 -5.609350800514221191e-01 0.000000000000000000e+00 1.000000000000000000e+00
2.875585327148437500e+02 2.575154113769531250e+02 2.535432891845703125e+02 -5.796332955360412598e-01 5.784891247749328613e-01 -5.739125609397888184e-01 0.000000000000000000e+00 1.000000000000000000e+00
2.872802429199218750e+02 2.577931518554687500e+02 2.532677459716796875e+02 -6.071441769599914551e-01 5.342792272567749023e-01 -5.881510972976684570e-01 0.000000000000000000e+00 1.000000000000000000e+00
2.869880676269531250e+02 2.580502624511718750e+02 2.529847106933593750e+02 -6.400977373123168945e-01 4.776689410209655762e-01 -6.017534732818603516e-01 0.000000000000000000e+00 1.000000000000000000e+00
2.866773071289062500e+02 2.582821655273437500e+02 2.526925659179687500e+02 -6.737287044525146484e-01 4.135784804821014404e-01 -6.124071478843688965e-01 0.000000000000000000e+00 1.000000000000000000e+00
2.863467102050781250e+02 2.584851074218750000e+02 2.523920593261718750e+02 -7.032706141471862793e-01 3.499605655670166016e-01 -6.188198328018188477e-01 0.000000000000000000e+00 1.000000000000000000e+00
2.860007019042968750e+02 2.586572875976562500e+02 2.520876007080078125e+02 -7.265625000000000000e-01 2.934450209140777588e-01 -6.212865114212036133e-01 0.000000000000000000e+00 1.000000000000000000e+00
2.856500244140625000e+02 2.587989196777343750e+02 2.517877349853515625e+02 -7.435363531112670898e-01 2.476892620325088501e-01 -6.211310029029846191e-01 0.000000000000000000e+00 1.000000000000000000e+00
2.853110656738281250e+02 2.589118347167968750e+02 2.515045776367187500e+02 -7.552434802055358887e-01 2.130633443593978882e-01 -6.198478341102600098e-01 0.000000000000000000e+00 1.000000000000000000e+00
2.850024414062500000e+02 2.589989013671875000e+02 2.512512817382812500e+02 -7.632682323455810547e-01 1.881301254034042358e-01 -6.180847287178039551e-01 0.000000000000000000e+00 1.000000000000000000e+00
2.847402038574218750e+02 2.590635375976562500e+02 2.510389251708984375e+02 -7.632682323455810547e-01 1.881301254034042358e-01 -6.180847287178039551e-01 0.000000000000000000e+00 1.000000000000000000e+00
