3.872291870117187500e+02 2.479956817626953125e+02 2.142982177734375000e+02 6.708980798721313477e-01 -3.292554616928100586e-01 -6.644446253776550293e-01 0.000000000000000000e+00 1.000000000000000000e+00
3.869928283691406250e+02 2.481116790771484375e+02 2.145323028564453125e+02 6.847792267799377441e-01 -3.210774958133697510e-01 -6.542068719863891602e-01 0.000000000000000000e+00 1.000000000000000000e+00
3.866859130859375000e+02 2.482555847167968750e+02 2.148255157470703125e+02 7.031577229499816895e-01 -3.099942803382873535e-01 -6.399006843566894531e-01 0.000000000000000000e+00 1.000000000000000000e+00
3.863141174316406250e+02 2.484194946289062500e+02 2.151638641357421875e+02 7.265118360519409180e-01 -2.951029837131500244e-01 -6.205600500106811523e-01 0.000000000000000000e+00 1.000000000000000000e+00
3.858897399902343750e+02 2.485918731689453125e+02 2.155263519287109375e+02 7.547017931938171387e-01 -2.758274376392364502e-01 -5.952683091163635254e-01 0.000000000000000000e+00 1.000000000000000000e+00
3.854281921386718750e+02 2.487605590820312500e+02 2.158903961181640625e+02 7.858043909072875977e-01 -2.528279125690460205e-01 -5.644373893737792969e-01 0.000000000000000000e+00 1.000000000000000000e+00
3.849445495605468750e+02 2.489161682128906250e+02 2.162377929687500000e+02 8.170703053474426270e-01 -2.274654805660247803e-01 -5.297693610191345215e-01 0.000000000000000000e+00 1.000000000000000000e+00
3.844501037597656250e+02 2.490538177490234375e+02 2.165583801269531250e+02 8.447532653808593750e-01 -2.025802731513977051e-01 -4.953314065933227539e-01 0.000000000000000000e+00 1.000000000000000000e+00
3.839522094726562500e+02 2.491732177734375000e+02 2.168503265380859375e+02 8.664580583572387695e-01 -1.811960339546203613e-01 -4.652079045772552490e-01 0.000000000000000000e+00 1.000000000000000000e+00
3.834544372558593750e+02 2.492773132324218750e+02 2.171175842285156250e+02 8.814449310302734375e-01 -1.651896685361862183e-01 -4.424558877944946289e-01 0.000000000000000000e+00 1.000000000000000000e+00
3.829578552246093750e+02 2.493703765869140625e+02 2.173668518066406250e+02 8.905188441276550293e-01 -1.549217551946640015e-01 -4.277563095092773438e-01 0.000000000000000000e+00 1.000000000000000000e+00
3.824625549316406250e+02 2.494565429687500000e+02 2.176047668457031250e+02 8.956406116485595703e-01 -1.489046812057495117e-01 -4.191124737262725830e-01 0.000000000000000000e+00 1.000000000000000000e+00
3.819684143066406250e+02 2.495386962890625000e+02 2.178359985351562500e+02 8.982576727867126465e-01 -1.453814655542373657e-01 -4.147256016731262207e-01 0.000000000000000000e+00 1.000000000000000000e+00
3.814743957519531250e+02 2.496186523437500000e+02 2.180640869140625000e+02 8.996693491935729980e-01 -1.426271200180053711e-01 -4.126167297363281250e-01 0.000000000000000000e+00 1.000000000000000000e+00
3.809797668457031250e+02 2.496970672607421875e+02 2.182909393310546875e+02 9.007126688957214355e-01 -1.386520713567733765e-01 -4.116942584514617920e-01 0.000000000000000000e+00 1.000000000000000000e+00
3.804831542968750000e+02 2.497735137939453125e+02 2.185179290771484375e+02 9.019954800605773926e-01 -1.313841789960861206e-01 -4.112692773342132568e-01 0.000000000000000000e+00 1.000000000000000000e+00
3.799822082519531250e+02 2.498464813232421875e+02 2.187463378906250000e+02 9.042845964431762695e-01 -1.185711547732353210e-01 -4.101342260837554932e-01 0.000000000000000000e+00 1.000000000000000000e+00
3.794730834960937500e+02 2.499132385253906250e+02 2.189772491455078125e+02 9.074739813804626465e-01 -9.832423925399780273e-02 -4.084400534629821777e-01 0.000000000000000000e+00 1.000000000000000000e+00
3.789500427246093750e+02 2.499699096679687500e+02 2.192126617431640625e+02 9.112167954444885254e-01 -7.032555341720581055e-02 -4.058796465396881104e-01 0.000000000000000000e+00 1.000000000000000000e+00
3.784059448242187500e+02 2.500119018554687500e+02 2.194550170898437500e+02 9.147347807884216309e-01 -3.724910691380500793e-02 -4.023341834545135498e-01 0.000000000000000000e+00 1.000000000000000000e+00
3.778330078125000000e+02 2.500352325439453125e+02 2.197070159912109375e+02 9.174028635025024414e-01 -4.075401928275823593e-03 -3.979388177394866943e-01 0.000000000000000000e+00 1.000000000000000000e+00
3.772250366210937500e+02 2.500379333496093750e+02 2.199707336425781250e+02 9.190689325332641602e-01 2.337498776614665985e-02 -3.934029936790466309e-01 0.000000000000000000e+00 1.000000000000000000e+00
3.765788879394531250e+02 2.500214996337890625e+02 2.202473144531250000e+02 9.203038811683654785e-01 4.121530428528785706e-02 -3.890272676944732666e-01 0.000000000000000000e+00 1.000000000000000000e+00
3.758957519531250000e+02 2.499909057617187500e+02 2.205360870361328125e+02 9.214745163917541504e-01 4.856494441628456116e-02 -3.853907585144042969e-01 0.000000000000000000e+00 1.000000000000000000e+00
3.751812133789062500e+02 2.499532470703125000e+02 2.208349304199218750e+02 9.227296710014343262e-01 4.705466702580451965e-02 -3.825649619102478027e-01 0.000000000000000000e+00 1.000000000000000000e+00
3.744436340332031250e+02 2.499156341552734375e+02 2.211407318115234375e+02 9.239618182182312012e-01 4.125801101326942444e-02 -3.802528977394104004e-01 0.000000000000000000e+00 1.000000000000000000e+00
3.736921997070312500e+02 2.498820800781250000e+02 2.214499816894531250e+02 9.249446988105773926e-01 3.675474599003791809e-02 -3.783203959465026855e-01 0.000000000000000000e+00 1.000000000000000000e+00
3.729349670410156250e+02 2.498519897460937500e+02 2.217597045898437500e+02 9.259116053581237793e-01 3.842111676931381226e-02 -3.757809102535247803e-01 0.000000000000000000e+00 1.000000000000000000e+00
3.721774597167968750e+02 2.498205566406250000e+02 2.220671386718750000e+02 9.268737435340881348e-01 4.981318861246109009e-02 -3.720533847808837891e-01 0.000000000000000000e+00 1.000000000000000000e+00
3.714225158691406250e+02 2.497799835205078125e+02 2.223701782226562500e+02 9.278314113616943359e-01 7.109357416629791260e-02 -3.661620318889617920e-01 0.000000000000000000e+00 1.000000000000000000e+00
3.706705627441406250e+02 2.497223663330078125e+02 2.226669311523437500e+02 9.284276366233825684e-01 9.981750696897506714e-02 -3.578527569770812988e-01 0.000000000000000000e+00 1.000000000000000000e+00
3.699214782714843750e+02 2.496418304443359375e+02 2.229556579589843750e+02 9.287784099578857422e-01 1.314205080270767212e-01 -3.465534448623657227e-01 0.000000000000000000e+00 1.000000000000000000e+00
3.691755676269531250e+02 2.495362854003906250e+02 2.232339782714843750e+02 9.292782545089721680e-01 1.613465845584869385e-01 -3.322786986827850342e-01 0.000000000000000000e+00 1.000000000000000000e+00
3.684344482421875000e+02 2.494076080322265625e+02 2.234989776611328125e+02 9.307003617286682129e-01 1.859309822320938110e-01 -3.150024116039276123e-01 0.000000000000000000e+00 1.000000000000000000e+00
3.677008972167968750e+02 2.492610626220703125e+02 2.237472534179687500e+02 9.340786933898925781e-01 2.029280066490173340e-01 -2.937980294227600098e-01 0.000000000000000000e+00 1.000000000000000000e+00
3.669764099121093750e+02 2.491036682128906250e+02 2.239751281738281250e+02 9.398847222328186035e-01 2.108574807643890381e-01 -2.686184346675872803e-01 0.000000000000000000e+00 1.000000000000000000e+00
3.662588500976562500e+02 2.489426879882812500e+02 2.241802062988281250e+02 9.479079246520996094e-01 2.089269012212753296e-01 -2.404581010341644287e-01 0.000000000000000000e+00 1.000000000000000000e+00
3.655400390625000000e+02 2.487842559814453125e+02 2.243625488281250000e+02 9.568518400192260742e-01 1.977732330560684204e-01 -2.128856182098388672e-01 0.000000000000000000e+00 1.000000000000000000e+00
3.648057861328125000e+02 2.486324920654296875e+02 2.245259094238281250e+02 9.649394154548645020e-01 1.801794022321701050e-01 -1.908595412969589233e-01 0.000000000000000000e+00 1.000000000000000000e+00
3.640392761230468750e+02 2.484893646240234375e+02 2.246775207519531250e+02 9.708743095397949219e-01 1.604588329792022705e-01 -1.779213845729827881e-01 0.000000000000000000e+00 1.000000000000000000e+00
3.632257080078125000e+02 2.483549041748046875e+02 2.248266143798828125e+02 9.743086695671081543e-01 1.425700783729553223e-01 -1.743454784154891968e-01 0.000000000000000000e+00 1.000000000000000000e+00
3.623568725585937500e+02 2.482277679443359375e+02 2.249820861816406250e+02 9.754773974418640137e-01 1.295934170484542847e-01 -1.779024451971054077e-01 0.000000000000000000e+00 1.000000000000000000e+00
3.614346923828125000e+02 2.481052551269531250e+02 2.251502685546875000e+02 9.750272631645202637e-01 1.229734942317008972e-01 -1.849306672811508179e-01 0.000000000000000000e+00 1.000000000000000000e+00
3.604700927734375000e+02 2.479835968017578125e+02 2.253332214355468750e+02 9.735293984413146973e-01 1.233391463756561279e-01 -1.924264878034591675e-01 0.000000000000000000e+00 1.000000000000000000e+00
3.594808044433593750e+02 2.478582611083984375e+02 2.255287628173828125e+02 9.714295268058776855e-01 1.301066875457763672e-01 -1.984865516424179077e-01 0.000000000000000000e+00 1.000000000000000000e+00
3.584871215820312500e+02 2.477251739501953125e+02 2.257317962646484375e+02 9.689060449600219727e-01 1.423840969800949097e-01 -2.023559510707855225e-01 0.000000000000000000e+00 1.000000000000000000e+00
3.575074462890625000e+02 2.475812072753906250e+02 2.259364013671875000e+02 9.661780595779418945e-01 1.572804898023605347e-01 -2.043594270944595337e-01 0.000000000000000000e+00 1.000000000000000000e+00
3.565545349121093750e+02 2.474260864257812500e+02 2.261379547119140625e+02 9.639025926589965820e-01 1.704901903867721558e-01 -2.045115977525711060e-01 0.000000000000000000e+00 1.000000000000000000e+00
3.556332702636718750e+02 2.472631378173828125e+02 2.263334197998046875e+02 9.632465243339538574e-01 1.767679899930953979e-01 -2.022603750228881836e-01 0.000000000000000000e+00 1.000000000000000000e+00
3.547401733398437500e+02 2.470992431640625000e+02 2.265209503173828125e+02 9.655323624610900879e-01 1.717980504035949707e-01 -1.955320835113525391e-01 0.000000000000000000e+00 1.000000000000000000e+00
3.538655395507812500e+02 2.469436187744140625e+02 2.266980743408203125e+02 9.708927273750305176e-01 1.553032845258712769e-01 -1.823407262563705444e-01 0.000000000000000000e+00 1.000000000000000000e+00
3.529965209960937500e+02 2.468046112060546875e+02 2.268612823486328125e+02 9.779051542282104492e-01 1.315873265266418457e-01 -1.624387502670288086e-01 0.000000000000000000e+00 1.000000000000000000e+00
3.521210937500000000e+02 2.466868133544921875e+02 2.270066986083984375e+02 -9.844747185707092285e-01 -1.078679710626602173e-01 1.384702473878860474e-01 0.000000000000000000e+00 1.000000000000000000e+00
3.512316284179687500e+02 2.465893554687500000e+02 2.271318054199218750e+02 -9.889248609542846680e-01 -9.128691256046295166e-02 1.170229390263557434e-01 0.000000000000000000e+00 1.000000000000000000e+00
3.503280944824218750e+02 2.465059509277343750e+02 2.272387237548828125e+02 -9.908764362335205078e-01 -8.543927222490310669e-02 1.042302697896957397e-01 0.000000000000000000e+00 1.000000000000000000e+00
3.494172668457031250e+02 2.464274139404296875e+02 2.273345336914062500e+02 -9.904757142066955566e-01 -8.938349783420562744e-02 1.047301664948463440e-01 0.000000000000000000e+00 1.000000000000000000e+00
3.485092773437500000e+02 2.463454742431640625e+02 2.274305419921875000e+02 -9.879361391067504883e-01 -9.842334687709808350e-02 1.195621490478515625e-01 0.000000000000000000e+00 1.000000000000000000e+00
3.476135864257812500e+02 2.462562408447265625e+02 2.275389404296875000e+02 -9.837523698806762695e-01 -1.056079566478729248e-01 1.451832205057144165e-01 0.000000000000000000e+00 1.000000000000000000e+00
3.467336120605468750e+02 2.461617736816406250e+02 2.276688079833984375e+02 -9.789490103721618652e-01 -1.046488806605339050e-01 1.752352416515350342e-01 0.000000000000000000e+00 1.000000000000000000e+00
3.458657531738281250e+02 2.460690002441406250e+02 2.278241577148437500e+02 -9.749354720115661621e-01 -9.224080294370651245e-02 2.024659812450408936e-01 0.000000000000000000e+00 1.000000000000000000e+00
3.449996948242187500e+02 2.459870605468750000e+02 2.280040130615234375e+02 -9.723668694496154785e-01 -7.012733072042465210e-02 2.226767092943191528e-01 0.000000000000000000e+00 1.000000000000000000e+00
3.441235656738281250e+02 2.459238739013671875e+02 2.282046508789062500e+02 -9.705204367637634277e-01 -4.450302943587303162e-02 2.368746995925903320e-01 0.000000000000000000e+00 1.000000000000000000e+00
3.432294311523437500e+02 2.458828735351562500e+02 2.284228820800781250e+02 -9.680596590042114258e-01 -2.277787402272224426e-02 2.496830374002456665e-01 0.000000000000000000e+00 1.000000000000000000e+00
3.423163452148437500e+02 2.458613891601562500e+02 2.286583862304687500e+02 -9.639144539833068848e-01 -1.024967525154352188e-02 2.660148441791534424e-01 0.000000000000000000e+00 1.000000000000000000e+00
3.413907775878906250e+02 2.458515472412109375e+02 2.289138183593750000e+02 -9.573934078216552734e-01 -9.315434843301773071e-03 2.886366248130798340e-01 0.000000000000000000e+00 1.000000000000000000e+00
3.404639587402343750e+02 2.458425292968750000e+02 2.291932373046875000e+02 -9.480512142181396484e-01 -1.854429021477699280e-02 3.175769150257110596e-01 0.000000000000000000e+00 1.000000000000000000e+00
3.395489196777343750e+02 2.458246307373046875e+02 2.294997558593750000e+02 -9.360111355781555176e-01 -3.297191485762596130e-02 3.504228293895721436e-01 0.000000000000000000e+00 1.000000000000000000e+00
3.386583251953125000e+02 2.457932586669921875e+02 2.298331756591796875e+02 -9.220515489578247070e-01 -4.626363888382911682e-02 3.842922449111938477e-01 0.000000000000000000e+00 1.000000000000000000e+00
3.378022460937500000e+02 2.457503051757812500e+02 2.301899719238281250e+02 -9.078191518783569336e-01 -5.073086917400360107e-02 4.162820577621459961e-01 0.000000000000000000e+00 1.000000000000000000e+00
3.369871826171875000e+02 2.457047576904296875e+02 2.305637207031250000e+02 -8.952820301055908203e-01 -3.910394757986068726e-02 4.437802135944366455e-01 0.000000000000000000e+00 1.000000000000000000e+00
3.362158203125000000e+02 2.456710662841796875e+02 2.309460754394531250e+02 -8.858984112739562988e-01 -4.859827924519777298e-03 4.638538658618927002e-01 0.000000000000000000e+00 1.000000000000000000e+00
3.354870605468750000e+02 2.456670684814453125e+02 2.313276519775390625e+02 -8.795874118804931641e-01 5.647496879100799561e-02 4.723731875419616699e-01 0.000000000000000000e+00 1.000000000000000000e+00
3.347962036132812500e+02 2.457114257812500000e+02 2.316986694335937500e+02 -8.736027479171752930e-01 1.465511769056320190e-01 4.640483856201171875e-01 0.000000000000000000e+00 1.000000000000000000e+00
3.341372070312500000e+02 2.458219757080078125e+02 2.320487213134765625e+02 -8.618093132972717285e-01 2.598064839839935303e-01 4.356435239315032959e-01 0.000000000000000000e+00 1.000000000000000000e+00
3.335045166015625000e+02 2.460127105712890625e+02 2.323685455322265625e+02 -8.376156091690063477e-01 3.837146461009979248e-01 3.887969553470611572e-01 0.000000000000000000e+00 1.000000000000000000e+00
3.328959350585937500e+02 2.462915039062500000e+02 2.326510314941406250e+02 -7.983078956604003906e-01 5.028094053268432617e-01 3.314925730228424072e-01 0.000000000000000000e+00 1.000000000000000000e+00
3.323131713867187500e+02 2.466585540771484375e+02 2.328930206298828125e+02 -7.469152212142944336e-01 6.060556173324584961e-01 2.735220193862915039e-01 0.000000000000000000e+00 1.000000000000000000e+00
3.317611999511718750e+02 2.471064300537109375e+02 2.330951538085937500e+02 -6.891214251518249512e-01 6.899790763854980469e-01 2.214508205652236938e-01 0.000000000000000000e+00 1.000000000000000000e+00
3.312462463378906250e+02 2.476220245361328125e+02 2.332606353759765625e+02 -6.305973529815673828e-01 7.557414174079895020e-01 1.766404211521148682e-01 0.000000000000000000e+00 1.000000000000000000e+00
3.307727661132812500e+02 2.481894683837890625e+02 2.333932647705078125e+02 -5.764087438583374023e-01 8.055585026741027832e-01 1.372168958187103271e-01 0.000000000000000000e+00 1.000000000000000000e+00
3.303410034179687500e+02 2.487928771972656250e+02 2.334960479736328125e+02 -5.315118432044982910e-01 8.410609960556030273e-01 1.005562916398048401e-01 0.000000000000000000e+00 1.000000000000000000e+00
3.299458007812500000e+02 2.494182434082031250e+02 2.335708160400390625e+02 -4.990034401416778564e-01 8.641111850738525391e-01 6.563106179237365723e-02 0.000000000000000000e+00 1.000000000000000000e+00
3.295786132812500000e+02 2.500540924072265625e+02 2.336191101074218750e+02 -4.795545935630798340e-01 8.768692612648010254e-01 3.357972949743270874e-02 0.000000000000000000e+00 1.000000000000000000e+00
3.292297363281250000e+02 2.506920166015625000e+02 2.336435394287109375e+02 -4.699321091175079346e-01 8.826764822006225586e-01 6.787861231714487076e-03 0.000000000000000000e+00 1.000000000000000000e+00
3.288916931152343750e+02 2.513269653320312500e+02 2.336484222412109375e+02 -4.650794863700866699e-01 8.851844668388366699e-01 -1.222878880798816681e-02 0.000000000000000000e+00 1.000000000000000000e+00
3.285603332519531250e+02 2.519576416015625000e+02 2.336397094726562500e+02 -4.608592987060546875e-01 8.871886134147644043e-01 -2.247357554733753204e-02 0.000000000000000000e+00 1.000000000000000000e+00
3.282342834472656250e+02 2.525853118896484375e+02 2.336238098144531250e+02 -4.560307264328002930e-01 8.895801305770874023e-01 -2.613802999258041382e-02 0.000000000000000000e+00 1.000000000000000000e+00
3.279126892089843750e+02 2.532126464843750000e+02 2.336053771972656250e+02 -4.521235227584838867e-01 8.914968371391296387e-01 -2.859595790505409241e-02 0.000000000000000000e+00 1.000000000000000000e+00
3.275939941406250000e+02 2.538410491943359375e+02 2.335852203369140625e+02 -4.521318972110748291e-01 8.911848664283752441e-01 -3.696308284997940063e-02 0.000000000000000000e+00 1.000000000000000000e+00
3.272753906250000000e+02 2.544690399169921875e+02 2.335591735839843750e+02 -4.584935605525970459e-01 8.868596553802490234e-01 -5.712706595659255981e-02 0.000000000000000000e+00 1.000000000000000000e+00
3.269533081054687500e+02 2.550920410156250000e+02 2.335190429687500000e+02 -4.706561565399169922e-01 8.776036500930786133e-01 -9.107496589422225952e-02 0.000000000000000000e+00 1.000000000000000000e+00
3.266252746582031250e+02 2.557037048339843750e+02 2.334555664062500000e+02 -4.865578711032867432e-01 8.630704879760742188e-01 -1.355392187833786011e-01 0.000000000000000000e+00 1.000000000000000000e+00
3.262903747558593750e+02 2.562977600097656250e+02 2.333622741699218750e+02 -5.034607052803039551e-01 8.445626497268676758e-01 -1.823216378688812256e-01 0.000000000000000000e+00 1.000000000000000000e+00
3.259490356445312500e+02 2.568703613281250000e+02 2.332386627197265625e+02 -5.201216936111450195e-01 8.248787522315979004e-01 -2.214689701795578003e-01 0.000000000000000000e+00 1.000000000000000000e+00
3.256018981933593750e+02 2.574208984375000000e+02 2.330908508300781250e+02 -5.362937450408935547e-01 8.072724938392639160e-01 -2.463738769292831421e-01 0.000000000000000000e+00 1.000000000000000000e+00
3.252493591308593750e+02 2.579515686035156250e+02 2.329288940429687500e+02 -5.526717305183410645e-01 7.932111024856567383e-01 -2.556759119033813477e-01 0.000000000000000000e+00 1.000000000000000000e+00
3.248905639648437500e+02 2.584665222167968750e+02 2.327629089355468750e+02 -5.686761736869812012e-01 7.825453281402587891e-01 -2.534369230270385742e-01 0.000000000000000000e+00 1.000000000000000000e+00
3.245241088867187500e+02 2.589707946777343750e+02 2.325995941162109375e+02 -5.832748413085937500e-01 7.740182876586914062e-01 -2.463453412055969238e-01 0.000000000000000000e+00 1.000000000000000000e+00
3.241485900878906250e+02 2.594691162109375000e+02 2.324409942626953125e+02 -5.957702994346618652e-01 7.662463188171386719e-01 -2.406747937202453613e-01 0.000000000000000000e+00 1.000000000000000000e+00
3.237629394531250000e+02 2.599651184082031250e+02 2.322852020263671875e+02 -6.057873964309692383e-01 7.588672041893005371e-01 -2.390443384647369385e-01 0.000000000000000000e+00 1.000000000000000000e+00
3.233666992187500000e+02 2.604614868164062500e+02 2.321288452148437500e+02 -6.131732463836669922e-01 7.521493434906005859e-01 -2.414329349994659424e-01 0.000000000000000000e+00 1.000000000000000000e+00
3.229608764648437500e+02 2.609592895507812500e+02 2.319690551757812500e+02 -6.186178326606750488e-01 7.459601759910583496e-01 -2.466886639595031738e-01 0.000000000000000000e+00 1.000000000000000000e+00
3.225476989746093750e+02 2.614575195312500000e+02 2.318042907714843750e+02 -6.228221654891967773e-01 7.404389977455139160e-01 -2.526710629463195801e-01 0.000000000000000000e+00 1.000000000000000000e+00
3.221307678222656250e+02 2.619531860351562500e+02 2.316351470947265625e+02 -6.268526911735534668e-01 7.351431846618652344e-01 -2.581090629100799561e-01 0.000000000000000000e+00 1.000000000000000000e+00
3.217145690917968750e+02 2.624412841796875000e+02 2.314637756347656250e+02 -6.268526911735534668e-01 7.351431846618652344e-01 -2.581090629100799561e-01 0.000000000000000000e+00 1.000000000000000000e+00
