3.349959411621093750e+02 2.084522552490234375e+02 2.339486694335937500e+02 5.353416800498962402e-01 -8.239378929138183594e-01 -1.858374327421188354e-01 0.000000000000000000e+00 1.000000000000000000e+00
3.346286010742187500e+02 2.090176239013671875e+02 2.340761871337890625e+02 5.434725284576416016e-01 -8.281764388084411621e-01 -1.369722187519073486e-01 0.000000000000000000e+00 1.000000000000000000e+00
3.342455444335937500e+02 2.096013488769531250e+02 2.341727294921875000e+02 5.555626749992370605e-01 -8.269107341766357422e-01 -8.699838817119598389e-02 0.000000000000000000e+00 1.000000000000000000e+00
3.338475952148437500e+02 2.101936645507812500e+02 2.342350463867187500e+02 5.688425898551940918e-01 -8.213573098182678223e-01 -4.231043159961700439e-02 0.000000000000000000e+00 1.000000000000000000e+00
3.334354553222656250e+02 2.107887573242187500e+02 2.342657012939453125e+02 5.808793902397155762e-01 -8.139343857765197754e-01 -9.487821720540523529e-03 0.000000000000000000e+00 1.000000000000000000e+00
3.330094604492187500e+02 2.113856658935546875e+02 2.342726593017578125e+02 5.899952054023742676e-01 -8.073650598526000977e-01 8.197223767638206482e-03 0.000000000000000000e+00 1.000000000000000000e+00
3.325701599121093750e+02 2.119868164062500000e+02 2.342665557861328125e+02 -5.960800647735595703e-01 8.028122186660766602e-01 -1.345844194293022156e-02 0.000000000000000000e+00 1.000000000000000000e+00
3.321187133789062500e+02 2.125948333740234375e+02 2.342563629150390625e+02 -6.001750826835632324e-01 7.997635602951049805e-01 -1.296441722661256790e-02 0.000000000000000000e+00 1.000000000000000000e+00
3.316574401855468750e+02 2.132095031738281250e+02 2.342463989257812500e+02 -6.047316789627075195e-01 7.962904572486877441e-01 -1.487012859433889389e-02 0.000000000000000000e+00 1.000000000000000000e+00
3.311889343261718750e+02 2.138264160156250000e+02 2.342348785400390625e+02 -6.119706630706787109e-01 7.904752492904663086e-01 -2.531462348997592926e-02 0.000000000000000000e+00 1.000000000000000000e+00
3.307156677246093750e+02 2.144377288818359375e+02 2.342153015136718750e+02 -6.235634684562683105e-01 7.804208397865295410e-01 -4.595516994595527649e-02 0.000000000000000000e+00 1.000000000000000000e+00
3.302382202148437500e+02 2.150352783203125000e+02 2.341801147460937500e+02 -6.399628520011901855e-01 7.648346424102783203e-01 -7.399734854698181152e-02 0.000000000000000000e+00 1.000000000000000000e+00
3.297550964355468750e+02 2.156126708984375000e+02 2.341242523193359375e+02 -6.399628520011901855e-01 7.648346424102783203e-01 -7.399734854698181152e-02 0.000000000000000000e+00 1.000000000000000000e+00
