4.298108215332031250e+02 1.793358917236328125e+02 2.955488967895507812e+01 6.097924709320068359e-01 7.061572670936584473e-01 -3.598542809486389160e-01 0.000000000000000000e+00 1.000000000000000000e+00
4.296671447753906250e+02 1.791695098876953125e+02 2.963967704772949219e+01 6.154267787933349609e-01 7.121535539627075195e-01 -3.377681374549865723e-01 0.000000000000000000e+00 1.000000000000000000e+00
4.294764709472656250e+02 1.789488677978515625e+02 2.974432563781738281e+01 6.222180724143981934e-01 7.189400196075439453e-01 -3.097900748252868652e-01 0.000000000000000000e+00 1.000000000000000000e+00
4.292389221191406250e+02 1.786743927001953125e+02 2.986259651184082031e+01 6.295624375343322754e-01 7.262574434280395508e-01 -2.760458290576934814e-01 0.000000000000000000e+00 1.000000000000000000e+00
4.289584655761718750e+02 1.783508605957031250e+02 2.998556900024414062e+01 6.370913386344909668e-01 7.330750226974487305e-01 -2.381505072116851807e-01 0.000000000000000000e+00 1.000000000000000000e+00
4.286413574218750000e+02 1.779859771728515625e+02 3.010410690307617188e+01 6.442818641662597656e-01 7.384356260299682617e-01 -1.990317106246948242e-01 0.000000000000000000e+00 1.000000000000000000e+00
4.282944946289062500e+02 1.775884246826171875e+02 3.021125984191894531e+01 6.512242555618286133e-01 7.414024472236633301e-01 -1.619547009468078613e-01 0.000000000000000000e+00 1.000000000000000000e+00
4.279239196777343750e+02 1.771665344238281250e+02 3.030341911315917969e+01 6.586942672729492188e-01 7.411018013954162598e-01 -1.299617588520050049e-01 0.000000000000000000e+00 1.000000000000000000e+00
4.275333862304687500e+02 1.767271423339843750e+02 3.038047218322753906e+01 6.684672832489013672e-01 7.364035248756408691e-01 -1.042179092764854431e-01 0.000000000000000000e+00 1.000000000000000000e+00
4.271233520507812500e+02 1.762754364013671875e+02 3.044439888000488281e+01 6.820324659347534180e-01 7.265306711196899414e-01 -8.357573300600051880e-02 0.000000000000000000e+00 1.000000000000000000e+00
4.266916198730468750e+02 1.758155364990234375e+02 3.049730300903320312e+01 7.009382247924804688e-01 7.102784514427185059e-01 -6.473077088594436646e-02 0.000000000000000000e+00 1.000000000000000000e+00
4.262335815429687500e+02 1.753513946533203125e+02 3.053960227966308594e+01 7.258290648460388184e-01 6.865057945251464844e-01 -4.338174685835838318e-02 0.000000000000000000e+00 1.000000000000000000e+00
4.257440795898437500e+02 1.748884124755859375e+02 3.056885910034179688e+01 7.554442882537841797e-01 6.550126671791076660e-01 -1.619413122534751892e-02 0.000000000000000000e+00 1.000000000000000000e+00
4.252192077636718750e+02 1.744333190917968750e+02 3.058011054992675781e+01 7.877779603004455566e-01 6.156737208366394043e-01 1.875598169863224030e-02 0.000000000000000000e+00 1.000000000000000000e+00
4.246578674316406250e+02 1.739946136474609375e+02 3.056674575805664062e+01 8.197256326675415039e-01 5.695210099220275879e-01 6.079292297363281250e-02 0.000000000000000000e+00 1.000000000000000000e+00
4.240620727539062500e+02 1.735806732177734375e+02 3.052256011962890625e+01 8.479053378105163574e-01 5.192861557006835938e-01 1.067639887332916260e-01 0.000000000000000000e+00 1.000000000000000000e+00
4.234367065429687500e+02 1.731976776123046875e+02 3.044381713867187500e+01 8.700345158576965332e-01 4.689396619796752930e-01 1.521036177873611450e-01 0.000000000000000000e+00 1.000000000000000000e+00
4.227878417968750000e+02 1.728479461669921875e+02 3.033037948608398438e+01 8.852860927581787109e-01 4.234549999237060547e-01 1.922352313995361328e-01 0.000000000000000000e+00 1.000000000000000000e+00
4.221218566894531250e+02 1.725293884277343750e+02 3.018576431274414062e+01 8.945710659027099609e-01 3.864825963973999023e-01 2.244413346052169800e-01 0.000000000000000000e+00 1.000000000000000000e+00
4.214445495605468750e+02 1.722367706298828125e+02 3.001583290100097656e+01 8.994429707527160645e-01 3.593795001506805420e-01 2.486940026283264160e-01 0.000000000000000000e+00 1.000000000000000000e+00
4.207612304687500000e+02 1.719637451171875000e+02 2.982689666748046875e+01 9.015045762062072754e-01 3.406005501747131348e-01 2.669844031333923340e-01 0.000000000000000000e+00 1.000000000000000000e+00
4.200765075683593750e+02 1.717050476074218750e+02 2.962411308288574219e+01 9.019520878791809082e-01 3.270070552825927734e-01 2.820440828800201416e-01 0.000000000000000000e+00 1.000000000000000000e+00
4.193941955566406250e+02 1.714576721191406250e+02 2.941075134277343750e+01 9.017644524574279785e-01 3.148576915264129639e-01 2.961174845695495605e-01 0.000000000000000000e+00 1.000000000000000000e+00
4.187169494628906250e+02 1.712212066650390625e+02 2.918836021423339844e+01 9.017301201820373535e-01 3.008296489715576172e-01 3.104580938816070557e-01 0.000000000000000000e+00 1.000000000000000000e+00
4.180460205078125000e+02 1.709973754882812500e+02 2.895736503601074219e+01 9.023906588554382324e-01 2.833789885044097900e-01 3.246343433856964111e-01 0.000000000000000000e+00 1.000000000000000000e+00
4.173809204101562500e+02 1.707885131835937500e+02 2.871809577941894531e+01 9.039187431335449219e-01 2.628413140773773193e-01 3.374097049236297607e-01 0.000000000000000000e+00 1.000000000000000000e+00
4.167199401855468750e+02 1.705963134765625000e+02 2.847136878967285156e+01 9.062244892120361328e-01 2.406404912471771240e-01 3.476340770721435547e-01 0.000000000000000000e+00 1.000000000000000000e+00
4.160606689453125000e+02 1.704212493896484375e+02 2.821846771240234375e+01 9.093673229217529297e-01 2.184783518314361572e-01 3.540033996105194092e-01 0.000000000000000000e+00 1.000000000000000000e+00
4.154000244140625000e+02 1.702625274658203125e+02 2.796128845214843750e+01 9.135308861732482910e-01 1.972734183073043823e-01 3.557308912277221680e-01 0.000000000000000000e+00 1.000000000000000000e+00
4.147344055175781250e+02 1.701187896728515625e+02 2.770209503173828125e+01 9.189859032630920410e-01 1.766944974660873413e-01 3.524824380874633789e-01 0.000000000000000000e+00 1.000000000000000000e+00
4.140596008300781250e+02 1.699890441894531250e+02 2.744326972961425781e+01 9.258578419685363770e-01 1.555465757846832275e-01 3.443725705146789551e-01 0.000000000000000000e+00 1.000000000000000000e+00
4.133705139160156250e+02 1.698732757568359375e+02 2.718696403503417969e+01 9.338591098785400391e-01 1.326157152652740479e-01 3.321449756622314453e-01 0.000000000000000000e+00 1.000000000000000000e+00
4.126617736816406250e+02 1.697726287841796875e+02 2.693488693237304688e+01 9.422510266304016113e-01 1.079009175300598145e-01 3.170496225357055664e-01 0.000000000000000000e+00 1.000000000000000000e+00
4.119283752441406250e+02 1.696886444091796875e+02 2.668811225891113281e+01 9.500103592872619629e-01 8.279347419738769531e-02 3.010407686233520508e-01 0.000000000000000000e+00 1.000000000000000000e+00
4.111674499511718750e+02 1.696223297119140625e+02 2.644698905944824219e+01 9.564207792282104492e-01 5.909384042024612427e-02 2.859494984149932861e-01 0.000000000000000000e+00 1.000000000000000000e+00
4.103789062500000000e+02 1.695736083984375000e+02 2.621123123168945312e+01 9.611604213714599609e-01 3.881963342428207397e-02 2.732466459274291992e-01 0.000000000000000000e+00 1.000000000000000000e+00
4.095662536621093750e+02 1.695407867431640625e+02 2.598020362854003906e+01 9.643744826316833496e-01 2.273014001548290253e-02 2.635624408721923828e-01 0.000000000000000000e+00 1.000000000000000000e+00
4.087356567382812500e+02 1.695212097167968750e+02 2.575320243835449219e+01 9.663863182067871094e-01 1.104742102324962616e-02 2.568569183349609375e-01 0.000000000000000000e+00 1.000000000000000000e+00
4.078947448730468750e+02 1.695115966796875000e+02 2.552969551086425781e+01 9.674765467643737793e-01 3.220021957531571388e-03 2.529401481151580811e-01 0.000000000000000000e+00 1.000000000000000000e+00
4.070511779785156250e+02 1.695087890625000000e+02 2.530915069580078125e+01 9.678717851638793945e-01 -1.423444249667227268e-03 2.514400184154510498e-01 0.000000000000000000e+00 1.000000000000000000e+00
4.062107849121093750e+02 1.695100250244140625e+02 2.509082794189453125e+01 9.676927328109741211e-01 -3.508701222017407417e-03 2.521081566810607910e-01 0.000000000000000000e+00 1.000000000000000000e+00
4.053775329589843750e+02 1.695130462646484375e+02 2.487374496459960938e+01 9.669661521911621094e-01 -3.721853485330939293e-03 2.548776268959045410e-01 0.000000000000000000e+00 1.000000000000000000e+00
4.045529479980468750e+02 1.695162200927734375e+02 2.465639686584472656e+01 9.657358527183532715e-01 -2.437359187752008438e-03 2.595155537128448486e-01 0.000000000000000000e+00 1.000000000000000000e+00
4.037367553710937500e+02 1.695182800292968750e+02 2.443706703186035156e+01 9.640785455703735352e-01 -5.092668579891324043e-04 2.656167745590209961e-01 0.000000000000000000e+00 1.000000000000000000e+00
4.029279479980468750e+02 1.695187072753906250e+02 2.421422958374023438e+01 9.622099995613098145e-01 1.446409150958061218e-03 2.723048329353332520e-01 0.000000000000000000e+00 1.000000000000000000e+00
4.021260375976562500e+02 1.695175018310546875e+02 2.398728942871093750e+01 9.604029655456542969e-01 3.007833147421479225e-03 2.785982489585876465e-01 0.000000000000000000e+00 1.000000000000000000e+00
4.013318786621093750e+02 1.695150146484375000e+02 2.375691604614257812e+01 9.589207768440246582e-01 4.203498829156160355e-03 2.836427390575408936e-01 0.000000000000000000e+00 1.000000000000000000e+00
4.005486755371093750e+02 1.695115814208984375e+02 2.352524948120117188e+01 9.580721259117126465e-01 5.463059060275554657e-03 2.864751219749450684e-01 0.000000000000000000e+00 1.000000000000000000e+00
3.997806701660156250e+02 1.695072021484375000e+02 2.329560661315917969e+01 9.580894112586975098e-01 7.831101305782794952e-03 2.863624989986419678e-01 0.000000000000000000e+00 1.000000000000000000e+00
3.990320739746093750e+02 1.695010833740234375e+02 2.307185935974121094e+01 9.590985178947448730e-01 1.201338227838277817e-02 2.828175425529479980e-01 0.000000000000000000e+00 1.000000000000000000e+00
3.983048095703125000e+02 1.694919738769531250e+02 2.285740470886230469e+01 9.609637856483459473e-01 1.832522079348564148e-02 2.760664522647857666e-01 0.000000000000000000e+00 1.000000000000000000e+00
3.975982666015625000e+02 1.694785003662109375e+02 2.265442848205566406e+01 9.634664654731750488e-01 2.565859630703926086e-02 2.665971815586090088e-01 0.000000000000000000e+00 1.000000000000000000e+00
3.969089965820312500e+02 1.694601440429687500e+02 2.246370315551757812e+01 9.665135741233825684e-01 3.239418193697929382e-02 2.545626461505889893e-01 0.000000000000000000e+00 1.000000000000000000e+00
3.962315673828125000e+02 1.694374389648437500e+02 2.228528022766113281e+01 9.700509309768676758e-01 3.641107305884361267e-02 2.401571422815322876e-01 0.000000000000000000e+00 1.000000000000000000e+00
3.955599975585937500e+02 1.694122314453125000e+02 2.211901855468750000e+01 9.741447567939758301e-01 3.604667261242866516e-02 2.230304926633834839e-01 0.000000000000000000e+00 1.000000000000000000e+00
3.948878479003906250e+02 1.693873596191406250e+02 2.196512985229492188e+01 9.789831638336181641e-01 3.103910945355892181e-02 2.015648931264877319e-01 0.000000000000000000e+00 1.000000000000000000e+00
3.942073364257812500e+02 1.693657836914062500e+02 2.182501792907714844e+01 9.843375682830810547e-01 2.239185944199562073e-02 1.748664379119873047e-01 0.000000000000000000e+00 1.000000000000000000e+00
3.935097351074218750e+02 1.693499145507812500e+02 2.170108985900878906e+01 9.895486235618591309e-01 1.253436598926782608e-02 1.436533033847808838e-01 0.000000000000000000e+00 1.000000000000000000e+00
3.927845458984375000e+02 1.693407287597656250e+02 2.159581375122070312e+01 9.937811493873596191e-01 4.754648078233003616e-03 1.112493127584457397e-01 0.000000000000000000e+00 1.000000000000000000e+00
3.920223083496093750e+02 1.693370819091796875e+02 2.151048469543457031e+01 9.965819120407104492e-01 1.965122995898127556e-03 8.258713036775588989e-02 0.000000000000000000e+00 1.000000000000000000e+00
3.912175292968750000e+02 1.693354949951171875e+02 2.144379234313964844e+01 9.980601072311401367e-01 6.127269472926855087e-03 6.195525452494621277e-02 0.000000000000000000e+00 1.000000000000000000e+00
3.903724670410156250e+02 1.693303070068359375e+02 2.139133453369140625e+01 9.985010623931884766e-01 1.768400520086288452e-02 5.179634690284729004e-02 0.000000000000000000e+00 1.000000000000000000e+00
3.894988403320312500e+02 1.693148345947265625e+02 2.134601593017578125e+01 9.979456663131713867e-01 3.686830028891563416e-02 5.239326879382133484e-02 0.000000000000000000e+00 1.000000000000000000e+00
3.886162109375000000e+02 1.692822265625000000e+02 2.129967689514160156e+01 9.960321784019470215e-01 6.351327151060104370e-02 6.233726069331169128e-02 0.000000000000000000e+00 1.000000000000000000e+00
3.877471008300781250e+02 1.692268066406250000e+02 2.124528312683105469e+01 9.921330809593200684e-01 9.722716361284255981e-02 7.886026799678802490e-02 0.000000000000000000e+00 1.000000000000000000e+00
3.869101867675781250e+02 1.691447906494140625e+02 2.117876052856445312e+01 9.858317971229553223e-01 1.361905038356781006e-01 9.791763126850128174e-02 0.000000000000000000e+00 1.000000000000000000e+00
3.861140441894531250e+02 1.690348052978515625e+02 2.109968376159667969e+01 9.776803851127624512e-01 1.762263029813766479e-01 1.143912598490715027e-01 0.000000000000000000e+00 1.000000000000000000e+00
3.853553771972656250e+02 1.688980560302734375e+02 2.101091766357421875e+01 9.696819186210632324e-01 2.113383561372756958e-01 1.226913034915924072e-01 0.000000000000000000e+00 1.000000000000000000e+00
3.846210937500000000e+02 1.687380218505859375e+02 2.091801071166992188e+01 9.644012451171875000e-01 2.362580448389053345e-01 1.187950819730758667e-01 0.000000000000000000e+00 1.000000000000000000e+00
3.838947753906250000e+02 1.685600891113281250e+02 2.082854270935058594e+01 9.632319211959838867e-01 2.492550909519195557e-01 1.002805754542350769e-01 0.000000000000000000e+00 1.000000000000000000e+00
3.831631164550781250e+02 1.683707580566406250e+02 2.075237083435058594e+01 9.653003811836242676e-01 2.523435652256011963e-01 6.721409410238265991e-02 0.000000000000000000e+00 1.000000000000000000e+00
3.824205322265625000e+02 1.681766357421875000e+02 2.070066452026367188e+01 9.681326150894165039e-01 2.495016753673553467e-01 2.163558267056941986e-02 0.000000000000000000e+00 1.000000000000000000e+00
3.816698913574218750e+02 1.679831848144531250e+02 2.068388938903808594e+01 9.690643548965454102e-01 2.446708083152770996e-01 -3.240957111120223999e-02 0.000000000000000000e+00 1.000000000000000000e+00
3.809197082519531250e+02 1.677937774658203125e+02 2.070897865295410156e+01 9.663785696029663086e-01 2.413751780986785889e-01 -8.860298991203308105e-02 0.000000000000000000e+00 1.000000000000000000e+00
3.801805725097656250e+02 1.676091613769531250e+02 2.077674674987792969e+01 9.605045914649963379e-01 2.416753470897674561e-01 -1.379272937774658203e-01 0.000000000000000000e+00 1.000000000000000000e+00
3.794615783691406250e+02 1.674282531738281250e+02 2.087999343872070312e+01 9.535114169120788574e-01 2.475768476724624634e-01 -1.718186587095260620e-01 0.000000000000000000e+00 1.000000000000000000e+00
3.787672424316406250e+02 1.672479705810546875e+02 2.100510978698730469e+01 9.476799964904785156e-01 2.598554193973541260e-01 -1.854126006364822388e-01 0.000000000000000000e+00 1.000000000000000000e+00
3.780982971191406250e+02 1.670645446777343750e+02 2.113598823547363281e+01 9.437233805656433105e-01 2.778654396533966064e-01 -1.793792098760604858e-01 0.000000000000000000e+00 1.000000000000000000e+00
3.774511718750000000e+02 1.668740081787109375e+02 2.125899124145507812e+01 9.408077597618103027e-01 2.982699871063232422e-01 -1.609836816787719727e-01 0.000000000000000000e+00 1.000000000000000000e+00
3.768191833496093750e+02 1.666736450195312500e+02 2.136713218688964844e+01 9.377672076225280762e-01 3.168367743492126465e-01 -1.421514004468917847e-01 0.000000000000000000e+00 1.000000000000000000e+00
3.761948547363281250e+02 1.664627075195312500e+02 2.146177101135253906e+01 9.347403049468994141e-01 3.293499052524566650e-01 -1.333762109279632568e-01 0.000000000000000000e+00 1.000000000000000000e+00
3.755698547363281250e+02 1.662424926757812500e+02 2.155095100402832031e+01 9.321805834770202637e-01 3.341482579708099365e-01 -1.392275094985961914e-01 0.000000000000000000e+00 1.000000000000000000e+00
3.749370422363281250e+02 1.660156555175781250e+02 2.164546585083007812e+01 9.302300810813903809e-01 3.320398926734924316e-01 -1.562737822532653809e-01 0.000000000000000000e+00 1.000000000000000000e+00
3.742907714843750000e+02 1.657849731445312500e+02 2.175403594970703125e+01 9.288333654403686523e-01 3.261075019836425781e-01 -1.758475154638290405e-01 0.000000000000000000e+00 1.000000000000000000e+00
3.736266479492187500e+02 1.655518035888671875e+02 2.187976837158203125e+01 9.282160997390747070e-01 3.204338848590850830e-01 -1.890427619218826294e-01 0.000000000000000000e+00 1.000000000000000000e+00
3.729417114257812500e+02 1.653153533935546875e+02 2.201926422119140625e+01 9.288882017135620117e-01 3.174559473991394043e-01 -1.907570511102676392e-01 0.000000000000000000e+00 1.000000000000000000e+00
3.722342224121093750e+02 1.650735626220703125e+02 2.216455459594726562e+01 9.309825897216796875e-01 3.169331252574920654e-01 -1.811761856079101562e-01 0.000000000000000000e+00 1.000000000000000000e+00
3.715037536621093750e+02 1.648248901367187500e+02 2.230670928955078125e+01 9.339871406555175781e-01 3.171220123767852783e-01 -1.646256148815155029e-01 0.000000000000000000e+00 1.000000000000000000e+00
3.707517700195312500e+02 1.645695648193359375e+02 2.243925476074218750e+01 -9.374665021896362305e-01 -3.159258365631103516e-01 1.461075693368911743e-01 0.000000000000000000e+00 1.000000000000000000e+00
3.699818115234375000e+02 1.643100891113281250e+02 2.255925559997558594e+01 -9.412021040916442871e-01 -3.120337426662445068e-01 1.295125335454940796e-01 0.000000000000000000e+00 1.000000000000000000e+00
3.691990966796875000e+02 1.640505981445312500e+02 2.266695976257324219e+01 -9.452413320541381836e-01 -3.052376210689544678e-01 1.155369579792022705e-01 0.000000000000000000e+00 1.000000000000000000e+00
3.684092712402343750e+02 1.637955474853515625e+02 2.276350021362304688e+01 -9.496318697929382324e-01 -2.961605191230773926e-01 1.024120375514030457e-01 0.000000000000000000e+00 1.000000000000000000e+00
3.676175842285156250e+02 1.635486450195312500e+02 2.284887886047363281e+01 -9.544007182121276855e-01 -2.857079803943634033e-01 8.654639124870300293e-02 0.000000000000000000e+00 1.000000000000000000e+00
3.668278808593750000e+02 1.633122406005859375e+02 2.292049026489257812e+01 -9.592152833938598633e-01 -2.750474214553833008e-01 6.522956490516662598e-02 0.000000000000000000e+00 1.000000000000000000e+00
3.660431823730468750e+02 1.630872344970703125e+02 2.297385215759277344e+01 -9.635672569274902344e-01 -2.648532986640930176e-01 3.729258850216865540e-02 0.000000000000000000e+00 1.000000000000000000e+00
3.652660522460937500e+02 1.628736267089843750e+02 2.300392913818359375e+01 -9.668380022048950195e-01 -2.553664743900299072e-01 3.503210376948118210e-03 0.000000000000000000e+00 1.000000000000000000e+00
3.644990844726562500e+02 1.626710510253906250e+02 2.300670814514160156e+01 -9.683668017387390137e-01 -2.472009360790252686e-01 -3.402242809534072876e-02 0.000000000000000000e+00 1.000000000000000000e+00
3.637442626953125000e+02 1.624783630371093750e+02 2.298018836975097656e+01 -9.681768417358398438e-01 -2.397409230470657349e-01 -7.181808352470397949e-02 0.000000000000000000e+00 1.000000000000000000e+00
3.630034484863281250e+02 1.622949218750000000e+02 2.292523574829101562e+01 -9.666893482208251953e-01 -2.326313257217407227e-01 -1.067444533109664917e-01 0.000000000000000000e+00 1.000000000000000000e+00
3.622766113281250000e+02 1.621200103759765625e+02 2.284497642517089844e+01 -9.648932814598083496e-01 -2.246771752834320068e-01 -1.360186636447906494e-01 0.000000000000000000e+00 1.000000000000000000e+00
3.615625305175781250e+02 1.619537353515625000e+02 2.274431419372558594e+01 -9.640574455261230469e-01 -2.137867063283920288e-01 -1.577609777450561523e-01 0.000000000000000000e+00 1.000000000000000000e+00
3.608588256835937500e+02 1.617976837158203125e+02 2.262915802001953125e+01 -9.654833674430847168e-01 -1.965124458074569702e-01 -1.709524691104888916e-01 0.000000000000000000e+00 1.000000000000000000e+00
3.601635742187500000e+02 1.616561737060546875e+02 2.250605392456054688e+01 -9.698317050933837891e-01 -1.694289445877075195e-01 -1.752717047929763794e-01 0.000000000000000000e+00 1.000000000000000000e+00
3.594759216308593750e+02 1.615360412597656250e+02 2.238177871704101562e+01 -9.769958853721618652e-01 -1.283267736434936523e-01 -1.703266203403472900e-01 0.000000000000000000e+00 1.000000000000000000e+00
3.587969055175781250e+02 1.614468536376953125e+02 2.226340103149414062e+01 -9.854647517204284668e-01 -6.900641322135925293e-02 -1.552334427833557129e-01 0.000000000000000000e+00 1.000000000000000000e+00
3.581294555664062500e+02 1.614001159667968750e+02 2.215826225280761719e+01 -9.916757941246032715e-01 1.098353043198585510e-02 -1.282901912927627563e-01 0.000000000000000000e+00 1.000000000000000000e+00
3.574778137207031250e+02 1.614073333740234375e+02 2.207396125793457031e+01 -9.899569749832153320e-01 1.107578948140144348e-01 -8.785174787044525146e-02 0.000000000000000000e+00 1.000000000000000000e+00
3.568462219238281250e+02 1.614779968261718750e+02 2.201791191101074219e+01 -9.742013812065124512e-01 2.230950891971588135e-01 -3.406366705894470215e-02 0.000000000000000000e+00 1.000000000000000000e+00
3.562361450195312500e+02 1.616177062988281250e+02 2.199658012390136719e+01 -9.420827627182006836e-01 3.341783583164215088e-01 2.837122231721878052e-02 0.000000000000000000e+00 1.000000000000000000e+00
3.556452331542968750e+02 1.618273162841796875e+02 2.201437568664550781e+01 -8.995704650878906250e-01 4.272935986518859863e-01 9.051577746868133545e-02 0.000000000000000000e+00 1.000000000000000000e+00
3.550672912597656250e+02 1.621018371582031250e+02 2.207252883911132812e+01 -8.582095503807067871e-01 4.931567311286926270e-01 1.423826813697814941e-01 0.000000000000000000e+00 1.000000000000000000e+00
3.544934082031250000e+02 1.624316101074218750e+02 2.216773986816406250e+01 -8.276010155677795410e-01 5.322225093841552734e-01 1.783696264028549194e-01 0.000000000000000000e+00 1.000000000000000000e+00
3.539147949218750000e+02 1.628037109375000000e+02 2.229244613647460938e+01 -8.106288313865661621e-01 5.512384772300720215e-01 1.975273042917251587e-01 0.000000000000000000e+00 1.000000000000000000e+00
3.533252563476562500e+02 1.632046051025390625e+02 2.243610000610351562e+01 -8.044835925102233887e-01 5.585187673568725586e-01 2.021460831165313721e-01 0.000000000000000000e+00 1.000000000000000000e+00
3.527220764160156250e+02 1.636233673095703125e+02 2.258766365051269531e+01 -8.035997152328491211e-01 5.617556571960449219e-01 1.966164708137512207e-01 0.000000000000000000e+00 1.000000000000000000e+00
3.521058959960937500e+02 1.640541076660156250e+02 2.273842430114746094e+01 -8.021917939186096191e-01 5.673253536224365234e-01 1.860922574996948242e-01 0.000000000000000000e+00 1.000000000000000000e+00
3.514794006347656250e+02 1.644971771240234375e+02 2.288375854492187500e+01 -7.968646883964538574e-01 5.783213376998901367e-01 1.747887134552001953e-01 0.000000000000000000e+00 1.000000000000000000e+00
3.508452453613281250e+02 1.649574127197265625e+02 2.302285766601562500e+01 -7.857440114021301270e-01 5.958161354064941406e-01 1.661610752344131470e-01 0.000000000000000000e+00 1.000000000000000000e+00
3.502069091796875000e+02 1.654414520263671875e+02 2.315784645080566406e+01 -7.699550390243530273e-01 6.173397302627563477e-01 1.614341735839843750e-01 0.000000000000000000e+00 1.000000000000000000e+00
3.495681152343750000e+02 1.659536285400390625e+02 2.329178047180175781e+01 -7.517875432968139648e-01 6.395472884178161621e-01 1.606076359748840332e-01 0.000000000000000000e+00 1.000000000000000000e+00
3.489335327148437500e+02 1.664934692382812500e+02 2.342734909057617188e+01 -7.339951992034912109e-01 6.592881679534912109e-01 1.630645245313644409e-01 0.000000000000000000e+00 1.000000000000000000e+00
3.483082275390625000e+02 1.670551300048828125e+02 2.356626701354980469e+01 -7.178157567977905273e-01 6.756724715232849121e-01 1.679501384496688843e-01 0.000000000000000000e+00 1.000000000000000000e+00
3.476972045898437500e+02 1.676302795410156250e+02 2.370923042297363281e+01 -7.039787769317626953e-01 6.885686516761779785e-01 1.740322113037109375e-01 0.000000000000000000e+00 1.000000000000000000e+00
3.471040039062500000e+02 1.682104949951171875e+02 2.385587692260742188e+01 -6.922509074211120605e-01 6.989223957061767578e-01 1.797111928462982178e-01 0.000000000000000000e+00 1.000000000000000000e+00
3.465308532714843750e+02 1.687891693115234375e+02 2.400466918945312500e+01 -6.821349859237670898e-01 7.078997492790222168e-01 1.832205802202224731e-01 0.000000000000000000e+00 1.000000000000000000e+00
3.459786071777343750e+02 1.693622741699218750e+02 2.415300178527832031e+01 -6.731764078140258789e-01 7.162637114524841309e-01 1.838469654321670532e-01 0.000000000000000000e+00 1.000000000000000000e+00
3.454479370117187500e+02 1.699269104003906250e+02 2.429792976379394531e+01 -6.654493212699890137e-01 7.238290905952453613e-01 1.823417991399765015e-01 0.000000000000000000e+00 1.000000000000000000e+00
3.449400634765625000e+02 1.704793395996093750e+02 2.443709373474121094e+01 -6.583451628684997559e-01 7.307497859001159668e-01 1.805171817541122437e-01 0.000000000000000000e+00 1.000000000000000000e+00
3.444575195312500000e+02 1.710149536132812500e+02 2.456940650939941406e+01 -6.522433757781982422e-01 7.362748980522155762e-01 1.802160888910293579e-01 0.000000000000000000e+00 1.000000000000000000e+00
3.440018920898437500e+02 1.715292816162109375e+02 2.469529724121093750e+01 -6.465620994567871094e-01 7.406037449836730957e-01 1.829300969839096069e-01 0.000000000000000000e+00 1.000000000000000000e+00
3.435737609863281250e+02 1.720196838378906250e+02 2.481642723083496094e+01 -6.407153606414794922e-01 7.442532777786254883e-01 1.886025667190551758e-01 0.000000000000000000e+00 1.000000000000000000e+00
3.431714172363281250e+02 1.724870452880859375e+02 2.493486213684082031e+01 -6.336774230003356934e-01 7.481119036674499512e-01 1.969299763441085815e-01 0.000000000000000000e+00 1.000000000000000000e+00
3.427914428710937500e+02 1.729356384277343750e+02 2.505294799804687500e+01 -6.250311136245727539e-01 7.524702548980712891e-01 2.076645940542221069e-01 0.000000000000000000e+00 1.000000000000000000e+00
3.424292297363281250e+02 1.733717041015625000e+02 2.517329216003417969e+01 -6.139844059944152832e-01 7.576365470886230469e-01 2.213818877935409546e-01 0.000000000000000000e+00 1.000000000000000000e+00
3.420809020996093750e+02 1.738015289306640625e+02 2.529888725280761719e+01 -6.009098887443542480e-01 7.628501057624816895e-01 2.386776953935623169e-01 0.000000000000000000e+00 1.000000000000000000e+00
3.417434997558593750e+02 1.742298583984375000e+02 2.543290138244628906e+01 -5.861625671386718750e-01 7.675886750221252441e-01 2.592702507972717285e-01 0.000000000000000000e+00 1.000000000000000000e+00
3.414157104492187500e+02 1.746591033935546875e+02 2.557788848876953125e+01 -5.720928907394409180e-01 7.705640792846679688e-01 2.809638381004333496e-01 0.000000000000000000e+00 1.000000000000000000e+00
3.410960388183593750e+02 1.750896759033203125e+02 2.573488426208496094e+01 -5.611155033111572266e-01 7.715679407119750977e-01 2.997201681137084961e-01 0.000000000000000000e+00 1.000000000000000000e+00
3.407820434570312500e+02 1.755214385986328125e+02 2.590260505676269531e+01 -5.566434860229492188e-01 7.704367041587829590e-01 3.107657134532928467e-01 0.000000000000000000e+00 1.000000000000000000e+00
3.404689025878906250e+02 1.759548492431640625e+02 2.607742691040039062e+01 -5.609863996505737305e-01 7.674906849861145020e-01 3.102455139160156250e-01 0.000000000000000000e+00 1.000000000000000000e+00
3.401494750976562500e+02 1.763918609619140625e+02 2.625408172607421875e+01 -5.740099549293518066e-01 7.629851102828979492e-01 2.972645461559295654e-01 0.000000000000000000e+00 1.000000000000000000e+00
3.398156738281250000e+02 1.768355560302734375e+02 2.642694854736328125e+01 -5.926018953323364258e-01 7.572956085205078125e-01 2.744566202163696289e-01 0.000000000000000000e+00 1.000000000000000000e+00
3.394606628417968750e+02 1.772892303466796875e+02 2.659136772155761719e+01 -6.129379272460937500e-01 7.504096627235412598e-01 2.473710030317306519e-01 0.000000000000000000e+00 1.000000000000000000e+00
3.390806274414062500e+02 1.777545013427734375e+02 2.674474334716796875e+01 -6.313068270683288574e-01 7.430853843688964844e-01 2.219814211130142212e-01 0.000000000000000000e+00 1.000000000000000000e+00
3.386763610839843750e+02 1.782303466796875000e+02 2.688689231872558594e+01 -6.460000276565551758e-01 7.357648611068725586e-01 2.033077329397201538e-01 0.000000000000000000e+00 1.000000000000000000e+00
3.382523803710937500e+02 1.787132415771484375e+02 2.702032661437988281e+01 -6.572593450546264648e-01 7.282067537307739258e-01 1.942293047904968262e-01 0.000000000000000000e+00 1.000000000000000000e+00
3.378144531250000000e+02 1.791984405517578125e+02 2.714974021911621094e+01 -6.654138565063476562e-01 7.204029560089111328e-01 1.955607533454895020e-01 0.000000000000000000e+00 1.000000000000000000e+00
3.373676147460937500e+02 1.796822052001953125e+02 2.728106307983398438e+01 -6.709732413291931152e-01 7.125391364097595215e-01 2.051413357257843018e-01 0.000000000000000000e+00 1.000000000000000000e+00
3.369143981933593750e+02 1.801634979248046875e+02 2.741962814331054688e+01 -6.740033626556396484e-01 7.053242325782775879e-01 2.196296751499176025e-01 0.000000000000000000e+00 1.000000000000000000e+00
3.364553527832031250e+02 1.806438751220703125e+02 2.756921195983886719e+01 -6.743036508560180664e-01 7.004257440567016602e-01 2.339198291301727295e-01 0.000000000000000000e+00 1.000000000000000000e+00
3.359905700683593750e+02 1.811266632080078125e+02 2.773044776916503906e+01 -6.719440221786499023e-01 6.996778249740600586e-01 2.427799105644226074e-01 0.000000000000000000e+00 1.000000000000000000e+00
3.355210571289062500e+02 1.816155548095703125e+02 2.790008735656738281e+01 -6.664895415306091309e-01 7.046295404434204102e-01 2.434932738542556763e-01 0.000000000000000000e+00 1.000000000000000000e+00
3.350498962402343750e+02 1.821136779785156250e+02 2.807221984863281250e+01 -6.583688259124755859e-01 7.149015069007873535e-01 2.355126440525054932e-01 0.000000000000000000e+00 1.000000000000000000e+00
3.345812988281250000e+02 1.826225128173828125e+02 2.823984718322753906e+01 -6.481963992118835449e-01 7.287923693656921387e-01 2.206879705190658569e-01 0.000000000000000000e+00 1.000000000000000000e+00
3.341197509765625000e+02 1.831414489746093750e+02 2.839698791503906250e+01 -6.375591754913330078e-01 7.434023022651672363e-01 2.021662592887878418e-01 0.000000000000000000e+00 1.000000000000000000e+00
3.336684570312500000e+02 1.836676635742187500e+02 2.854009056091308594e+01 -6.293436884880065918e-01 7.552386522293090820e-01 1.831422001123428345e-01 0.000000000000000000e+00 1.000000000000000000e+00
3.332283325195312500e+02 1.841958312988281250e+02 2.866816902160644531e+01 -6.264524459838867188e-01 7.615944743156433105e-01 1.659253835678100586e-01 0.000000000000000000e+00 1.000000000000000000e+00
3.327984924316406250e+02 1.847183990478515625e+02 2.878201866149902344e+01 -6.311531066894531250e-01 7.608480453491210938e-01 1.508505195379257202e-01 0.000000000000000000e+00 1.000000000000000000e+00
3.323764953613281250e+02 1.852271118164062500e+02 2.888287925720214844e+01 -6.438129544258117676e-01 7.528563737869262695e-01 1.367926001548767090e-01 0.000000000000000000e+00 1.000000000000000000e+00
3.319590148925781250e+02 1.857153015136718750e+02 2.897158241271972656e+01 -6.626937389373779297e-01 7.388182282447814941e-01 1.224114969372749329e-01 0.000000000000000000e+00 1.000000000000000000e+00
3.315428466796875000e+02 1.861792755126953125e+02 2.904845619201660156e+01 -6.839855313301086426e-01 7.215374708175659180e-01 1.074587106704711914e-01 0.000000000000000000e+00 1.000000000000000000e+00
3.311253967285156250e+02 1.866196441650390625e+02 2.911404037475585938e+01 -7.038920521736145020e-01 7.041727900505065918e-01 9.314829856157302856e-02 0.000000000000000000e+00 1.000000000000000000e+00
3.307045593261718750e+02 1.870406494140625000e+02 2.916973114013671875e+01 -7.196665406227111816e-01 6.894593834877014160e-01 8.201058954000473022e-02 0.000000000000000000e+00 1.000000000000000000e+00
3.302781372070312500e+02 1.874491729736328125e+02 2.921832466125488281e+01 -7.305391430854797363e-01 6.786618828773498535e-01 7.570035010576248169e-02 0.000000000000000000e+00 1.000000000000000000e+00
3.298434448242187500e+02 1.878529968261718750e+02 2.926336860656738281e+01 -7.383229136466979980e-01 6.702890396118164062e-01 7.477811723947525024e-02 0.000000000000000000e+00 1.000000000000000000e+00
3.293961791992187500e+02 1.882590484619140625e+02 2.930866813659667969e+01 -7.455900907516479492e-01 6.618186831474304199e-01 7.804724574089050293e-02 0.000000000000000000e+00 1.000000000000000000e+00
3.289303588867187500e+02 1.886725311279296875e+02 2.935742950439453125e+01 -7.553035616874694824e-01 6.501074433326721191e-01 8.292688429355621338e-02 0.000000000000000000e+00 1.000000000000000000e+00
3.284384460449218750e+02 1.890959320068359375e+02 2.941143798828125000e+01 -7.687914967536926270e-01 6.337407827377319336e-01 8.562865853309631348e-02 0.000000000000000000e+00 1.000000000000000000e+00
3.279128417968750000e+02 1.895292053222656250e+02 2.946998023986816406e+01 -7.862916588783264160e-01 6.121276021003723145e-01 8.393524587154388428e-02 0.000000000000000000e+00 1.000000000000000000e+00
3.273466491699218750e+02 1.899699859619140625e+02 2.953042030334472656e+01 -8.063672184944152832e-01 5.863281488418579102e-01 7.740215957164764404e-02 0.000000000000000000e+00 1.000000000000000000e+00
3.267353515625000000e+02 1.904144744873046875e+02 2.958909797668457031e+01 -8.273330926895141602e-01 5.576922893524169922e-01 6.707698106765747070e-02 0.000000000000000000e+00 1.000000000000000000e+00
3.260770874023437500e+02 1.908582000732421875e+02 2.964246749877929688e+01 -8.474142551422119141e-01 5.279672145843505859e-01 5.603269860148429871e-02 0.000000000000000000e+00 1.000000000000000000e+00
3.253730163574218750e+02 1.912968597412109375e+02 2.968902206420898438e+01 -8.657203912734985352e-01 4.982476830482482910e-01 4.772188887000083923e-02 0.000000000000000000e+00 1.000000000000000000e+00
3.246267395019531250e+02 1.917263641357421875e+02 2.973015975952148438e+01 -8.820534944534301758e-01 4.690259993076324463e-01 4.468019306659698486e-02 0.000000000000000000e+00 1.000000000000000000e+00
3.238436889648437500e+02 1.921427459716796875e+02 2.976982498168945312e+01 -8.964560627937316895e-01 4.405742287635803223e-01 4.754832386970520020e-02 0.000000000000000000e+00 1.000000000000000000e+00
3.230305175781250000e+02 1.925423889160156250e+02 2.981295585632324219e+01 -9.091056585311889648e-01 4.129040241241455078e-01 5.511001124978065491e-02 0.000000000000000000e+00 1.000000000000000000e+00
3.221945190429687500e+02 1.929220886230468750e+02 2.986363410949707031e+01 -9.091056585311889648e-01 4.129040241241455078e-01 5.511001124978065491e-02 0.000000000000000000e+00 1.000000000000000000e+00
