3.222171020507812500e+02 3.336981201171875000e+02 2.058305816650390625e+02 -9.755539298057556152e-01 8.585054427385330200e-02 2.022975683212280273e-01 0.000000000000000000e+00 1.000000000000000000e+00
3.226131286621093750e+02 3.336632690429687500e+02 2.057484588623046875e+02 -9.709936976432800293e-01 9.578706324100494385e-02 2.190799415111541748e-01 0.000000000000000000e+00 1.000000000000000000e+00
3.231189270019531250e+02 3.336133728027343750e+02 2.056343383789062500e+02 -9.643992781639099121e-01 1.074445247650146484e-01 2.416397333145141602e-01 0.000000000000000000e+00 1.000000000000000000e+00
3.237185363769531250e+02 3.335465698242187500e+02 2.054841003417968750e+02 -9.549486637115478516e-01 1.198555752635002136e-01 2.714917063713073730e-01 0.000000000000000000e+00 1.000000000000000000e+00
3.243842773437500000e+02 3.334630126953125000e+02 2.052948303222656250e+02 -9.419984221458435059e-01 1.304166465997695923e-01 3.092415034770965576e-01 0.000000000000000000e+00 1.000000000000000000e+00
3.250841369628906250e+02 3.333661193847656250e+02 2.050650787353515625e+02 -9.253867268562316895e-01 1.346431523561477661e-01 3.543030321598052979e-01 0.000000000000000000e+00 1.000000000000000000e+00
3.257903442382812500e+02 3.332633666992187500e+02 2.047946929931640625e+02 -9.057081937789916992e-01 1.276234239339828491e-01 4.042337536811828613e-01 0.000000000000000000e+00 1.000000000000000000e+00
3.264844665527343750e+02 3.331655578613281250e+02 2.044848937988281250e+02 -8.843616843223571777e-01 1.061041951179504395e-01 4.545836746692657471e-01 0.000000000000000000e+00 1.000000000000000000e+00
3.271590270996093750e+02 3.330846252441406250e+02 2.041381530761718750e+02 -8.634634017944335938e-01 7.081717252731323242e-02 4.994157254695892334e-01 0.000000000000000000e+00 1.000000000000000000e+00
3.278150329589843750e+02 3.330308227539062500e+02 2.037587280273437500e+02 -8.449254035949707031e-01 2.731906808912754059e-02 5.341860651969909668e-01 0.000000000000000000e+00 1.000000000000000000e+00
3.284577941894531250e+02 3.330100402832031250e+02 2.033523559570312500e+02 -8.303683996200561523e-01 -1.655153185129165649e-02 5.569689869880676270e-01 0.000000000000000000e+00 1.000000000000000000e+00
3.290931701660156250e+02 3.330227050781250000e+02 2.029261779785156250e+02 -8.203406333923339844e-01 -5.448845028877258301e-02 5.692734122276306152e-01 0.000000000000000000e+00 1.000000000000000000e+00
3.297244567871093750e+02 3.330646362304687500e+02 2.024880981445312500e+02 -8.148160576820373535e-01 -8.355464786291122437e-02 5.736667513847351074e-01 0.000000000000000000e+00 1.000000000000000000e+00
3.303529968261718750e+02 3.331290893554687500e+02 2.020455780029296875e+02 -8.124041557312011719e-01 -1.046214923262596130e-01 5.736321806907653809e-01 0.000000000000000000e+00 1.000000000000000000e+00
3.309776611328125000e+02 3.332095336914062500e+02 2.016045074462890625e+02 -8.113847970962524414e-01 -1.202481687068939209e-01 5.720096826553344727e-01 0.000000000000000000e+00 1.000000000000000000e+00
3.315960388183593750e+02 3.333011779785156250e+02 2.011685638427734375e+02 -8.104000687599182129e-01 -1.332958787679672241e-01 5.705120563507080078e-01 0.000000000000000000e+00 1.000000000000000000e+00
3.322059020996093750e+02 3.334014892578125000e+02 2.007392272949218750e+02 -8.084133863449096680e-01 -1.459224075078964233e-01 5.702407360076904297e-01 0.000000000000000000e+00 1.000000000000000000e+00
3.328057556152343750e+02 3.335097656250000000e+02 2.003161010742187500e+02 -8.052658438682556152e-01 -1.586338281631469727e-01 5.712986588478088379e-01 0.000000000000000000e+00 1.000000000000000000e+00
3.333948974609375000e+02 3.336258239746093750e+02 1.998981323242187500e+02 -8.009671568870544434e-01 -1.721732765436172485e-01 5.734177827835083008e-01 0.000000000000000000e+00 1.000000000000000000e+00
3.339731445312500000e+02 3.337501220703125000e+02 1.994841613769531250e+02 -7.963241338729858398e-01 -1.851637661457061768e-01 5.758318901062011719e-01 0.000000000000000000e+00 1.000000000000000000e+00
3.345406494140625000e+02 3.338820800781250000e+02 1.990737915039062500e+02 -7.913013100624084473e-01 -1.980640739202499390e-01 5.784573554992675781e-01 0.000000000000000000e+00 1.000000000000000000e+00
3.350969848632812500e+02 3.340213317871093750e+02 1.986670989990234375e+02 -7.861747741699218750e-01 -2.106682360172271729e-01 5.809890031814575195e-01 0.000000000000000000e+00 1.000000000000000000e+00
3.356418151855468750e+02 3.341673278808593750e+02 1.982644653320312500e+02 -7.805504202842712402e-01 -2.232698798179626465e-01 5.838592648506164551e-01 0.000000000000000000e+00 1.000000000000000000e+00
3.361746215820312500e+02 3.343197326660156250e+02 1.978659210205078125e+02 -7.738987803459167480e-01 -2.367299944162368774e-01 5.874007344245910645e-01 0.000000000000000000e+00 1.000000000000000000e+00
3.366950988769531250e+02 3.344789428710937500e+02 1.974708709716796875e+02 -7.652225494384765625e-01 -2.514250278472900391e-01 5.926381349563598633e-01 0.000000000000000000e+00 1.000000000000000000e+00
3.372027893066406250e+02 3.346457519531250000e+02 1.970776824951171875e+02 -7.536758184432983398e-01 -2.682961225509643555e-01 5.999916195869445801e-01 0.000000000000000000e+00 1.000000000000000000e+00
3.376972656250000000e+02 3.348217773437500000e+02 1.966840362548828125e+02 -7.380166053771972656e-01 -2.874311208724975586e-01 6.105039119720458984e-01 0.000000000000000000e+00 1.000000000000000000e+00
3.381775207519531250e+02 3.350088195800781250e+02 1.962867584228515625e+02 -7.176624536514282227e-01 -3.089359700679779053e-01 6.241147518157958984e-01 0.000000000000000000e+00 1.000000000000000000e+00
3.386423645019531250e+02 3.352089233398437500e+02 1.958825073242187500e+02 -6.917147636413574219e-01 -3.333098888397216797e-01 6.406521797180175781e-01 0.000000000000000000e+00 1.000000000000000000e+00
3.390898742675781250e+02 3.354245605468750000e+02 1.954680328369140625e+02 -6.602496504783630371e-01 -3.599565327167510986e-01 6.591674685478210449e-01 0.000000000000000000e+00 1.000000000000000000e+00
3.395180969238281250e+02 3.356580200195312500e+02 1.950405120849609375e+02 -6.232082247734069824e-01 -3.887037038803100586e-01 6.786169409751892090e-01 0.000000000000000000e+00 1.000000000000000000e+00
3.399244995117187500e+02 3.359114990234375000e+02 1.945979766845703125e+02 -5.820943117141723633e-01 -4.181698858737945557e-01 6.973522305488586426e-01 0.000000000000000000e+00 1.000000000000000000e+00
3.403070373535156250e+02 3.361863098144531250e+02 1.941396942138671875e+02 -5.382282733917236328e-01 -4.470507502555847168e-01 7.144619226455688477e-01 0.000000000000000000e+00 1.000000000000000000e+00
3.406639099121093750e+02 3.364827270507812500e+02 1.936659698486328125e+02 -4.927977025508880615e-01 -4.747940897941589355e-01 7.291920185089111328e-01 0.000000000000000000e+00 1.000000000000000000e+00
3.409938659667968750e+02 3.368006286621093750e+02 1.931777343750000000e+02 -4.469712078571319580e-01 -5.006980299949645996e-01 7.412949800491333008e-01 0.000000000000000000e+00 1.000000000000000000e+00
3.412959899902343750e+02 3.371390686035156250e+02 1.926766662597656250e+02 -4.019196331501007080e-01 -5.245505571365356445e-01 7.505380511283874512e-01 0.000000000000000000e+00 1.000000000000000000e+00
3.415699462890625000e+02 3.374966125488281250e+02 1.921650848388671875e+02 -3.575513660907745361e-01 -5.469165444374084473e-01 7.569935917854309082e-01 0.000000000000000000e+00 1.000000000000000000e+00
3.418151855468750000e+02 3.378717346191406250e+02 1.916458740234375000e+02 -3.145472407341003418e-01 -5.679682493209838867e-01 7.605735659599304199e-01 0.000000000000000000e+00 1.000000000000000000e+00
3.420315856933593750e+02 3.382624816894531250e+02 1.911226196289062500e+02 -2.727458775043487549e-01 -5.879682302474975586e-01 7.615135908126831055e-01 0.000000000000000000e+00 1.000000000000000000e+00
3.422191162109375000e+02 3.386667480468750000e+02 1.905990295410156250e+02 -2.323320358991622925e-01 -6.065679788589477539e-01 7.603269815444946289e-01 0.000000000000000000e+00 1.000000000000000000e+00
3.423782043457031250e+02 3.390820922851562500e+02 1.900783996582031250e+02 -1.942039430141448975e-01 -6.228244304656982422e-01 7.578750848770141602e-01 0.000000000000000000e+00 1.000000000000000000e+00
3.425104064941406250e+02 3.395060729980468750e+02 1.895624847412109375e+02 -1.605723500251770020e-01 -6.352981925010681152e-01 7.553891539573669434e-01 0.000000000000000000e+00 1.000000000000000000e+00
3.426190490722656250e+02 3.399359130859375000e+02 1.890513916015625000e+02 -1.336861103773117065e-01 -6.431091427803039551e-01 7.540150284767150879e-01 0.000000000000000000e+00 1.000000000000000000e+00
3.427089538574218750e+02 3.403684082031250000e+02 1.885443115234375000e+02 -1.165550202131271362e-01 -6.456023454666137695e-01 7.547268867492675781e-01 0.000000000000000000e+00 1.000000000000000000e+00
3.427867431640625000e+02 3.407992858886718750e+02 1.880406036376953125e+02 -1.134467422962188721e-01 -6.426489353179931641e-01 7.577150464057922363e-01 0.000000000000000000e+00 1.000000000000000000e+00
3.428615722656250000e+02 3.412231750488281250e+02 1.875408172607421875e+02 -1.280447244644165039e-01 -6.339625716209411621e-01 7.626898884773254395e-01 0.000000000000000000e+00 1.000000000000000000e+00
3.429445800781250000e+02 3.416341552734375000e+02 1.870463867187500000e+02 -1.647788584232330322e-01 -6.187624335289001465e-01 7.681022882461547852e-01 0.000000000000000000e+00 1.000000000000000000e+00
3.430491333007812500e+02 3.420267639160156250e+02 1.865590209960937500e+02 -2.256487905979156494e-01 -5.952222943305969238e-01 7.712283134460449219e-01 0.000000000000000000e+00 1.000000000000000000e+00
3.431895141601562500e+02 3.423970642089843750e+02 1.860792236328125000e+02 -3.074106872081756592e-01 -5.616709589958190918e-01 7.681304812431335449e-01 0.000000000000000000e+00 1.000000000000000000e+00
3.433789062500000000e+02 3.427431030273437500e+02 1.856059875488281250e+02 -4.005354642868041992e-01 -5.178998112678527832e-01 7.558777332305908203e-01 0.000000000000000000e+00 1.000000000000000000e+00
3.436271972656250000e+02 3.430641479492187500e+02 1.851374206542968750e+02 -4.918453097343444824e-01 -4.687562286853790283e-01 7.337273955345153809e-01 0.000000000000000000e+00 1.000000000000000000e+00
3.439392395019531250e+02 3.433615417480468750e+02 1.846719207763671875e+02 -5.715668201446533203e-01 -4.197356700897216797e-01 7.050767540931701660e-01 0.000000000000000000e+00 1.000000000000000000e+00
3.443138732910156250e+02 3.436366577148437500e+02 1.842097778320312500e+02 -6.362221240997314453e-01 -3.756135106086730957e-01 6.738961338996887207e-01 0.000000000000000000e+00 1.000000000000000000e+00
3.447447204589843750e+02 3.438910217285156250e+02 1.837534179687500000e+02 -6.876909136772155762e-01 -3.373594880104064941e-01 6.428606510162353516e-01 0.000000000000000000e+00 1.000000000000000000e+00
3.452219848632812500e+02 3.441251525878906250e+02 1.833072662353515625e+02 -7.290489673614501953e-01 -3.032381534576416016e-01 6.136238574981689453e-01 0.000000000000000000e+00 1.000000000000000000e+00
3.457340393066406250e+02 3.443381347656250000e+02 1.828762817382812500e+02 -7.640418410301208496e-01 -2.690134644508361816e-01 5.864058136940002441e-01 0.000000000000000000e+00 1.000000000000000000e+00
3.462692565917968750e+02 3.445265808105468750e+02 1.824654998779296875e+02 -7.962797284126281738e-01 -2.279585897922515869e-01 5.603334903717041016e-01 0.000000000000000000e+00 1.000000000000000000e+00
3.468168640136718750e+02 3.446833496093750000e+02 1.820801544189453125e+02 -8.283015489578247070e-01 -1.741641908884048462e-01 5.325254797935485840e-01 0.000000000000000000e+00 1.000000000000000000e+00
3.473673706054687500e+02 3.447991027832031250e+02 1.817262268066406250e+02 -8.619987368583679199e-01 -9.992235153913497925e-02 4.969644844532012939e-01 0.000000000000000000e+00 1.000000000000000000e+00
3.479139099121093750e+02 3.448624572753906250e+02 1.814111328125000000e+02 -8.949443697929382324e-01 -1.372770057059824467e-03 4.461756646633148193e-01 0.000000000000000000e+00 1.000000000000000000e+00
3.484510803222656250e+02 3.448632812500000000e+02 1.811433258056640625e+02 -9.195479154586791992e-01 1.212525889277458191e-01 3.738040924072265625e-01 0.000000000000000000e+00 1.000000000000000000e+00
3.489748229980468750e+02 3.447942199707031250e+02 1.809304199218750000e+02 -9.247560501098632812e-01 2.578956782817840576e-01 2.798501551151275635e-01 0.000000000000000000e+00 1.000000000000000000e+00
3.494825744628906250e+02 3.446526184082031250e+02 1.807767639160156250e+02 -9.035546779632568359e-01 3.907567560672760010e-01 1.757786720991134644e-01 0.000000000000000000e+00 1.000000000000000000e+00
3.499728698730468750e+02 3.444405822753906250e+02 1.806813812255859375e+02 -8.614551424980163574e-01 5.013418197631835938e-01 8.094059675931930542e-02 0.000000000000000000e+00 1.000000000000000000e+00
3.504451293945312500e+02 3.441657409667968750e+02 1.806370086669921875e+02 -8.130085468292236328e-01 5.821751356124877930e-01 9.447889402508735657e-03 0.000000000000000000e+00 1.000000000000000000e+00
3.509007568359375000e+02 3.438394775390625000e+02 1.806317138671875000e+02 -7.716369032859802246e-01 6.351960301399230957e-01 -3.320415690541267395e-02 0.000000000000000000e+00 1.000000000000000000e+00
3.513425903320312500e+02 3.434757690429687500e+02 1.806507263183593750e+02 -7.462128400802612305e-01 6.639200448989868164e-01 -4.874955862760543823e-02 0.000000000000000000e+00 1.000000000000000000e+00
3.517753906250000000e+02 3.430906982421875000e+02 1.806790008544921875e+02 -7.403759360313415527e-01 6.710034608840942383e-01 -3.997198864817619324e-02 0.000000000000000000e+00 1.000000000000000000e+00
3.522049865722656250e+02 3.427013549804687500e+02 1.807021942138671875e+02 -7.550134062767028809e-01 6.556583642959594727e-01 -8.173099718987941742e-03 0.000000000000000000e+00 1.000000000000000000e+00
3.526377258300781250e+02 3.423255615234375000e+02 1.807068786621093750e+02 -7.864444851875305176e-01 6.159302592277526855e-01 4.620701447129249573e-02 0.000000000000000000e+00 1.000000000000000000e+00
3.530787048339843750e+02 3.419801940917968750e+02 1.806809692382812500e+02 -8.279254436492919922e-01 5.471914410591125488e-01 1.229675039649009705e-01 0.000000000000000000e+00 1.000000000000000000e+00
3.535317687988281250e+02 3.416807556152343750e+02 1.806136779785156250e+02 -8.666264414787292480e-01 4.492799341678619385e-01 2.170394659042358398e-01 0.000000000000000000e+00 1.000000000000000000e+00
3.539980468750000000e+02 3.414390258789062500e+02 1.804969024658203125e+02 -8.895295262336730957e-01 3.282045423984527588e-01 3.178348243236541748e-01 0.000000000000000000e+00 1.000000000000000000e+00
3.544771118164062500e+02 3.412622680664062500e+02 1.803257293701171875e+02 -8.897305130958557129e-01 2.012531906366348267e-01 4.097275733947753906e-01 0.000000000000000000e+00 1.000000000000000000e+00
3.549678039550781250e+02 3.411512756347656250e+02 1.800997619628906250e+02 -8.714652061462402344e-01 8.687569200992584229e-02 4.827017486095428467e-01 0.000000000000000000e+00 1.000000000000000000e+00
3.554686279296875000e+02 3.411013488769531250e+02 1.798223571777343750e+02 -8.452290296554565430e-01 -3.334436099976301193e-03 5.343939065933227539e-01 0.000000000000000000e+00 1.000000000000000000e+00
3.559791870117187500e+02 3.411033630371093750e+02 1.794995574951171875e+02 -8.199673891067504883e-01 -6.595505028963088989e-02 5.685979127883911133e-01 0.000000000000000000e+00 1.000000000000000000e+00
3.564997253417968750e+02 3.411452331542968750e+02 1.791385955810546875e+02 -8.004084825515747070e-01 -1.031136140227317810e-01 5.905200242996215820e-01 0.000000000000000000e+00 1.000000000000000000e+00
3.570301208496093750e+02 3.412135620117187500e+02 1.787472839355468750e+02 -7.869065403938293457e-01 -1.188944578170776367e-01 6.055099368095397949e-01 0.000000000000000000e+00 1.000000000000000000e+00
3.575686035156250000e+02 3.412949218750000000e+02 1.783329315185546875e+02 -7.779065966606140137e-01 -1.177161708474159241e-01 6.172553300857543945e-01 0.000000000000000000e+00 1.000000000000000000e+00
3.581112976074218750e+02 3.413770446777343750e+02 1.779023132324218750e+02 -7.711376547813415527e-01 -1.031546667218208313e-01 6.282562613487243652e-01 0.000000000000000000e+00 1.000000000000000000e+00
3.586524353027343750e+02 3.414494323730468750e+02 1.774614410400390625e+02 -7.643204927444458008e-01 -7.923235744237899780e-02 6.399502754211425781e-01 0.000000000000000000e+00 1.000000000000000000e+00
3.591846923828125000e+02 3.415046081542968750e+02 1.770157928466796875e+02 -7.566748261451721191e-01 -4.859748110175132751e-02 6.519827246665954590e-01 0.000000000000000000e+00 1.000000000000000000e+00
3.597021484375000000e+02 3.415378417968750000e+02 1.765699310302734375e+02 -7.478104233741760254e-01 -1.658349111676216125e-02 6.637051701545715332e-01 0.000000000000000000e+00 1.000000000000000000e+00
3.602016906738281250e+02 3.415489196777343750e+02 1.761265716552734375e+02 -7.389292120933532715e-01 1.224305666983127594e-02 6.736718416213989258e-01 0.000000000000000000e+00 1.000000000000000000e+00
3.606842651367187500e+02 3.415409240722656250e+02 1.756866149902343750e+02 -7.322653532028198242e-01 3.364115580916404724e-02 6.801880598068237305e-01 0.000000000000000000e+00 1.000000000000000000e+00
3.611545715332031250e+02 3.415193176269531250e+02 1.752497558593750000e+02 -7.295972108840942383e-01 4.499781876802444458e-02 6.823950409889221191e-01 0.000000000000000000e+00 1.000000000000000000e+00
3.616192016601562500e+02 3.414906616210937500e+02 1.748151855468750000e+02 -7.316357493400573730e-01 4.746705293655395508e-02 6.800411343574523926e-01 0.000000000000000000e+00 1.000000000000000000e+00
3.620844116210937500e+02 3.414604797363281250e+02 1.743827819824218750e+02 -7.381732463836669922e-01 4.524024948477745056e-02 6.730924844741821289e-01 0.000000000000000000e+00 1.000000000000000000e+00
3.625544738769531250e+02 3.414316711425781250e+02 1.739541625976562500e+02 -7.484189867973327637e-01 4.609341174364089966e-02 6.616225242614746094e-01 0.000000000000000000e+00 1.000000000000000000e+00
3.630311584472656250e+02 3.414023132324218750e+02 1.735327606201171875e+02 -7.616685628890991211e-01 5.730301141738891602e-02 6.454280614852905273e-01 0.000000000000000000e+00 1.000000000000000000e+00
3.635146789550781250e+02 3.413659362792968750e+02 1.731230316162109375e+02 -7.768235802650451660e-01 8.419777452945709229e-02 6.240640282630920410e-01 0.000000000000000000e+00 1.000000000000000000e+00
3.640051574707031250e+02 3.413127746582031250e+02 1.727290039062500000e+02 -7.916918992996215820e-01 1.271747499704360962e-01 5.975371599197387695e-01 0.000000000000000000e+00 1.000000000000000000e+00
3.645036621093750000e+02 3.412326965332031250e+02 1.723527526855468750e+02 -8.029577732086181641e-01 1.802144795656204224e-01 5.681387186050415039e-01 0.000000000000000000e+00 1.000000000000000000e+00
3.650116577148437500e+02 3.411186828613281250e+02 1.719933166503906250e+02 -8.087710142135620117e-01 2.324169576168060303e-01 5.402516126632690430e-01 0.000000000000000000e+00 1.000000000000000000e+00
3.655302124023437500e+02 3.409696655273437500e+02 1.716469268798828125e+02 -8.095152974128723145e-01 2.730326056480407715e-01 5.197482705116271973e-01 0.000000000000000000e+00 1.000000000000000000e+00
3.660587158203125000e+02 3.407914123535156250e+02 1.713076019287109375e+02 -8.072361350059509277e-01 2.970379292964935303e-01 5.100375413894653320e-01 0.000000000000000000e+00 1.000000000000000000e+00
3.665953063964843750e+02 3.405939636230468750e+02 1.709685668945312500e+02 -8.035957217216491699e-01 3.043422400951385498e-01 5.114778876304626465e-01 0.000000000000000000e+00 1.000000000000000000e+00
3.671369628906250000e+02 3.403888244628906250e+02 1.706238098144531250e+02 -7.993900179862976074e-01 2.994627356529235840e-01 5.208622813224792480e-01 0.000000000000000000e+00 1.000000000000000000e+00
3.676805725097656250e+02 3.401851806640625000e+02 1.702696075439453125e+02 -7.950361967086791992e-01 2.885276675224304199e-01 5.335440039634704590e-01 0.000000000000000000e+00 1.000000000000000000e+00
3.682239685058593750e+02 3.399879760742187500e+02 1.699049377441406250e+02 -7.910608649253845215e-01 2.765710651874542236e-01 5.456474423408508301e-01 0.000000000000000000e+00 1.000000000000000000e+00
3.687667236328125000e+02 3.397982177734375000e+02 1.695305633544921875e+02 -7.878643870353698730e-01 2.673926353454589844e-01 5.547710061073303223e-01 0.000000000000000000e+00 1.000000000000000000e+00
3.693092956542968750e+02 3.396140747070312500e+02 1.691485137939453125e+02 -7.855943441390991211e-01 2.624817788600921631e-01 5.603078007698059082e-01 0.000000000000000000e+00 1.000000000000000000e+00
3.698533020019531250e+02 3.394323120117187500e+02 1.687605133056640625e+02 -7.842109799385070801e-01 2.614910602569580078e-01 5.627039074897766113e-01 0.000000000000000000e+00 1.000000000000000000e+00
3.704009704589843750e+02 3.392496948242187500e+02 1.683675384521484375e+02 -7.833001017570495605e-01 2.630424201488494873e-01 5.632492303848266602e-01 0.000000000000000000e+00 1.000000000000000000e+00
3.709547729492187500e+02 3.390637207031250000e+02 1.679693145751953125e+02 -7.824022769927978516e-01 2.667039036750793457e-01 5.627750158309936523e-01 0.000000000000000000e+00 1.000000000000000000e+00
3.715169982910156250e+02 3.388720703125000000e+02 1.675649108886718750e+02 -7.811507582664489746e-01 2.715686857700347900e-01 5.621867775917053223e-01 0.000000000000000000e+00 1.000000000000000000e+00
3.720888977050781250e+02 3.386732482910156250e+02 1.671533203125000000e+02 -7.792041897773742676e-01 2.778839766979217529e-01 5.618017911911010742e-01 0.000000000000000000e+00 1.000000000000000000e+00
3.726701965332031250e+02 3.384659423828125000e+02 1.667342071533203125e+02 -7.766476273536682129e-01 2.844798266887664795e-01 5.620407462120056152e-01 0.000000000000000000e+00 1.000000000000000000e+00
3.732593994140625000e+02 3.382501220703125000e+02 1.663078155517578125e+02 -7.732623815536499023e-01 2.914980053901672363e-01 5.631112456321716309e-01 0.000000000000000000e+00 1.000000000000000000e+00
3.738533630371093750e+02 3.380262145996093750e+02 1.658752746582031250e+02 -7.694966197013854980e-01 2.979663908481597900e-01 5.648814439773559570e-01 0.000000000000000000e+00 1.000000000000000000e+00
3.744485473632812500e+02 3.377957458496093750e+02 1.654383544921875000e+02 -7.657135128974914551e-01 3.033788204193115234e-01 5.671368241310119629e-01 0.000000000000000000e+00 1.000000000000000000e+00
3.750418701171875000e+02 3.375606689453125000e+02 1.649989013671875000e+02 -7.619932293891906738e-01 3.069622218608856201e-01 5.702109932899475098e-01 0.000000000000000000e+00 1.000000000000000000e+00
3.756304931640625000e+02 3.373235473632812500e+02 1.645584259033203125e+02 -7.585083246231079102e-01 3.085976541042327881e-01 5.739622116088867188e-01 0.000000000000000000e+00 1.000000000000000000e+00
3.762124938964843750e+02 3.370867614746093750e+02 1.641180267333984375e+02 -7.553418874740600586e-01 3.077868521213531494e-01 5.785550475120544434e-01 0.000000000000000000e+00 1.000000000000000000e+00
3.767869262695312500e+02 3.368526916503906250e+02 1.636780395507812500e+02 -7.523643970489501953e-01 3.038324415683746338e-01 5.844943523406982422e-01 0.000000000000000000e+00 1.000000000000000000e+00
3.773532409667968750e+02 3.366239929199218750e+02 1.632380828857421875e+02 -7.498813271522521973e-01 2.956101298332214355e-01 5.918552279472351074e-01 0.000000000000000000e+00 1.000000000000000000e+00
3.779118652343750000e+02 3.364037780761718750e+02 1.627971801757812500e+02 -7.479804158210754395e-01 2.815726697444915771e-01 6.010342836380004883e-01 0.000000000000000000e+00 1.000000000000000000e+00
3.784640197753906250e+02 3.361959228515625000e+02 1.623535003662109375e+02 -7.467506527900695801e-01 2.601827383041381836e-01 6.121016144752502441e-01 0.000000000000000000e+00 1.000000000000000000e+00
3.790115356445312500e+02 3.360051574707031250e+02 1.619047088623046875e+02 -7.456710338592529297e-01 2.303532660007476807e-01 6.252296566963195801e-01 0.000000000000000000e+00 1.000000000000000000e+00
3.795561523437500000e+02 3.358369140625000000e+02 1.614480590820312500e+02 -7.430909872055053711e-01 1.936370432376861572e-01 6.405625343322753906e-01 0.000000000000000000e+00 1.000000000000000000e+00
3.800982666015625000e+02 3.356956481933593750e+02 1.609807434082031250e+02 -7.370648980140686035e-01 1.523331552743911743e-01 6.584298610687255859e-01 0.000000000000000000e+00 1.000000000000000000e+00
3.806358947753906250e+02 3.355845336914062500e+02 1.605004730224609375e+02 -7.252904176712036133e-01 1.097884029150009155e-01 6.796325445175170898e-01 0.000000000000000000e+00 1.000000000000000000e+00
3.811643066406250000e+02 3.355045471191406250e+02 1.600053253173828125e+02 -7.059764266014099121e-01 6.839764863252639771e-02 7.049248218536376953e-01 0.000000000000000000e+00 1.000000000000000000e+00
3.816764831542968750e+02 3.354549255371093750e+02 1.594939117431640625e+02 -6.780354976654052734e-01 2.836115844547748566e-02 7.344818115234375000e-01 0.000000000000000000e+00 1.000000000000000000e+00
3.821638488769531250e+02 3.354345397949218750e+02 1.589659729003906250e+02 -6.411727070808410645e-01 -1.124033238738775253e-02 7.673141956329345703e-01 0.000000000000000000e+00 1.000000000000000000e+00
3.826181945800781250e+02 3.354425048828125000e+02 1.584222412109375000e+02 -5.956503748893737793e-01 -5.405024439096450806e-02 8.014233112335205078e-01 0.000000000000000000e+00 1.000000000000000000e+00
3.830321960449218750e+02 3.354800720214843750e+02 1.578652191162109375e+02 -5.419526100158691406e-01 -1.022789478302001953e-01 8.341621160507202148e-01 0.000000000000000000e+00 1.000000000000000000e+00
3.834002380371093750e+02 3.355495300292968750e+02 1.572987365722656250e+02 -4.800971150398254395e-01 -1.574360877275466919e-01 8.629719018936157227e-01 0.000000000000000000e+00 1.000000000000000000e+00
3.837181396484375000e+02 3.356537780761718750e+02 1.567273101806640625e+02 -4.114320874214172363e-01 -2.173425555229187012e-01 8.851473331451416016e-01 0.000000000000000000e+00 1.000000000000000000e+00
3.839843444824218750e+02 3.357944030761718750e+02 1.561546020507812500e+02 -3.380131721496582031e-01 -2.772284150123596191e-01 8.993839621543884277e-01 0.000000000000000000e+00 1.000000000000000000e+00
3.841991882324218750e+02 3.359706115722656250e+02 1.555829467773437500e+02 -2.653923630714416504e-01 -3.304922580718994141e-01 9.057272076606750488e-01 0.000000000000000000e+00 1.000000000000000000e+00
3.843662719726562500e+02 3.361786804199218750e+02 1.550127258300781250e+02 -2.020817697048187256e-01 -3.704670369625091553e-01 9.065964221954345703e-01 0.000000000000000000e+00 1.000000000000000000e+00
3.844931030273437500e+02 3.364111938476562500e+02 1.544437255859375000e+02 -1.580424457788467407e-01 -3.928622901439666748e-01 9.059149026870727539e-01 0.000000000000000000e+00 1.000000000000000000e+00
3.845919799804687500e+02 3.366569824218750000e+02 1.538769531250000000e+02 -1.415710747241973877e-01 -3.956692218780517578e-01 9.074158668518066406e-01 0.000000000000000000e+00 1.000000000000000000e+00
3.846795959472656250e+02 3.369018554687500000e+02 1.533153686523437500e+02 -1.591482609510421753e-01 -3.762972056865692139e-01 9.127278923988342285e-01 0.000000000000000000e+00 1.000000000000000000e+00
3.847757263183593750e+02 3.371291503906250000e+02 1.527640533447265625e+02 -2.153191715478897095e-01 -3.315023779869079590e-01 9.185552597045898438e-01 0.000000000000000000e+00 1.000000000000000000e+00
3.849010009765625000e+02 3.373220214843750000e+02 1.522296295166015625e+02 -3.086974620819091797e-01 -2.569014728069305420e-01 9.158097505569458008e-01 0.000000000000000000e+00 1.000000000000000000e+00
3.850732421875000000e+02 3.374653625488281250e+02 1.517186431884765625e+02 -4.285968244075775146e-01 -1.527599096298217773e-01 8.904881477355957031e-01 0.000000000000000000e+00 1.000000000000000000e+00
3.853050231933593750e+02 3.375479736328125000e+02 1.512370758056640625e+02 -5.518937706947326660e-01 -2.973528951406478882e-02 8.333840370178222656e-01 0.000000000000000000e+00 1.000000000000000000e+00
3.856012573242187500e+02 3.375639343261718750e+02 1.507897491455078125e+02 -6.557244062423706055e-01 9.324496239423751831e-02 7.492201924324035645e-01 0.000000000000000000e+00 1.000000000000000000e+00
3.859602966308593750e+02 3.375128784179687500e+02 1.503795166015625000e+02 -7.293266057968139648e-01 2.011695057153701782e-01 6.539216041564941406e-01 0.000000000000000000e+00 1.000000000000000000e+00
3.863753051757812500e+02 3.373984069824218750e+02 1.500074157714843750e+02 -7.745182514190673828e-01 2.867142856121063232e-01 5.638406872749328613e-01 0.000000000000000000e+00 1.000000000000000000e+00
3.868363037109375000e+02 3.372277526855468750e+02 1.496718139648437500e+02 -7.987135052680969238e-01 3.503750860691070557e-01 4.891769587993621826e-01 0.000000000000000000e+00 1.000000000000000000e+00
3.873316955566406250e+02 3.370104370117187500e+02 1.493684082031250000e+02 -8.093357682228088379e-01 3.962964117527008057e-01 4.335028827190399170e-01 0.000000000000000000e+00 1.000000000000000000e+00
3.878494873046875000e+02 3.367568969726562500e+02 1.490910644531250000e+02 -8.114541172981262207e-01 4.293311238288879395e-01 3.965059816837310791e-01 0.000000000000000000e+00 1.000000000000000000e+00
3.883771972656250000e+02 3.364776916503906250e+02 1.488332061767578125e+02 -8.081124424934387207e-01 4.541442692279815674e-01 3.751096725463867188e-01 0.000000000000000000e+00 1.000000000000000000e+00
3.889032897949218750e+02 3.361820373535156250e+02 1.485890045166015625e+02 -8.008514046669006348e-01 4.745293557643890381e-01 3.653202056884765625e-01 0.000000000000000000e+00 1.000000000000000000e+00
3.894181213378906250e+02 3.358769836425781250e+02 1.483541564941406250e+02 -7.908511757850646973e-01 4.927028119564056396e-01 3.630403280258178711e-01 0.000000000000000000e+00 1.000000000000000000e+00
3.899148254394531250e+02 3.355675354003906250e+02 1.481261444091796875e+02 -7.790766954421997070e-01 5.104261040687561035e-01 3.640120327472686768e-01 0.000000000000000000e+00 1.000000000000000000e+00
3.903907775878906250e+02 3.352557067871093750e+02 1.479037628173828125e+02 -7.670220136642456055e-01 5.276960134506225586e-01 3.649850189685821533e-01 0.000000000000000000e+00 1.000000000000000000e+00
3.908475341796875000e+02 3.349414672851562500e+02 1.476864166259765625e+02 -7.562269568443298340e-01 5.434728860855102539e-01 3.643596172332763672e-01 0.000000000000000000e+00 1.000000000000000000e+00
3.912896728515625000e+02 3.346237182617187500e+02 1.474733886718750000e+02 -7.486526966094970703e-01 5.556874275207519531e-01 3.615670204162597656e-01 0.000000000000000000e+00 1.000000000000000000e+00
3.917247924804687500e+02 3.343007507324218750e+02 1.472632446289062500e+02 -7.455685734748840332e-01 5.623925924301147461e-01 3.575500249862670898e-01 0.000000000000000000e+00 1.000000000000000000e+00
3.921616516113281250e+02 3.339712219238281250e+02 1.470537414550781250e+02 -7.467509508132934570e-01 5.626387596130371094e-01 3.546837568283081055e-01 0.000000000000000000e+00 1.000000000000000000e+00
3.926084899902343750e+02 3.336345520019531250e+02 1.468415069580078125e+02 -7.510250210762023926e-01 5.561202764511108398e-01 3.559377789497375488e-01 0.000000000000000000e+00 1.000000000000000000e+00
3.930709838867187500e+02 3.332920837402343750e+02 1.466223144531250000e+02 -7.559971809387207031e-01 5.446798801422119141e-01 3.630316853523254395e-01 0.000000000000000000e+00 1.000000000000000000e+00
3.935503845214843750e+02 3.329466857910156250e+02 1.463921051025390625e+02 -7.593613266944885254e-01 5.303543210029602051e-01 3.769543766975402832e-01 0.000000000000000000e+00 1.000000000000000000e+00
3.940433959960937500e+02 3.326023559570312500e+02 1.461473693847656250e+02 -7.591343522071838379e-01 5.158648490905761719e-01 3.969866037368774414e-01 0.000000000000000000e+00 1.000000000000000000e+00
3.945434570312500000e+02 3.322625427246093750e+02 1.458858642578125000e+02 -7.546476125717163086e-01 5.021751523017883301e-01 4.222878217697143555e-01 0.000000000000000000e+00 1.000000000000000000e+00
3.950423278808593750e+02 3.319305725097656250e+02 1.456067047119140625e+02 -7.465365529060363770e-01 4.898146986961364746e-01 4.502941071987152100e-01 0.000000000000000000e+00 1.000000000000000000e+00
3.955340576171875000e+02 3.316079406738281250e+02 1.453101043701171875e+02 -7.360801696777343750e-01 4.787183105945587158e-01 4.785548746585845947e-01 0.000000000000000000e+00 1.000000000000000000e+00
3.960150756835937500e+02 3.312951049804687500e+02 1.449973754882812500e+02 -7.256810069084167480e-01 4.663746654987335205e-01 5.058476328849792480e-01 0.000000000000000000e+00 1.000000000000000000e+00
3.964852294921875000e+02 3.309929504394531250e+02 1.446696472167968750e+02 -7.165669798851013184e-01 4.510664343833923340e-01 5.320441126823425293e-01 0.000000000000000000e+00 1.000000000000000000e+00
3.969464721679687500e+02 3.307026062011718750e+02 1.443271789550781250e+02 -7.088455557823181152e-01 4.305439293384552002e-01 5.587216615676879883e-01 0.000000000000000000e+00 1.000000000000000000e+00
3.974008789062500000e+02 3.304266052246093750e+02 1.439690093994140625e+02 -7.016873359680175781e-01 4.041188657283782959e-01 5.867903232574462891e-01 0.000000000000000000e+00 1.000000000000000000e+00
3.978498535156250000e+02 3.301680297851562500e+02 1.435935516357421875e+02 -6.929312944412231445e-01 3.734623491764068604e-01 6.167432665824890137e-01 0.000000000000000000e+00 1.000000000000000000e+00
3.982924194335937500e+02 3.299295043945312500e+02 1.431996459960937500e+02 -6.812606453895568848e-01 3.422849178314208984e-01 6.470897197723388672e-01 0.000000000000000000e+00 1.000000000000000000e+00
3.987259216308593750e+02 3.297117004394531250e+02 1.427878875732421875e+02 -6.658268570899963379e-01 3.158856034278869629e-01 6.759371161460876465e-01 0.000000000000000000e+00 1.000000000000000000e+00
3.991459655761718750e+02 3.295124206542968750e+02 1.423614654541015625e+02 -6.472879052162170410e-01 2.981816232204437256e-01 7.015027403831481934e-01 0.000000000000000000e+00 1.000000000000000000e+00
3.995482177734375000e+02 3.293271179199218750e+02 1.419255218505859375e+02 -6.269386410713195801e-01 2.913028001785278320e-01 7.225584387779235840e-01 0.000000000000000000e+00 1.000000000000000000e+00
3.999292907714843750e+02 3.291500549316406250e+02 1.414863281250000000e+02 -6.070900559425354004e-01 2.944263219833374023e-01 7.380750179290771484e-01 0.000000000000000000e+00 1.000000000000000000e+00
4.002889099121093750e+02 3.289756469726562500e+02 1.410491180419921875e+02 -5.902209281921386719e-01 3.050681054592132568e-01 7.473772168159484863e-01 0.000000000000000000e+00 1.000000000000000000e+00
4.006298828125000000e+02 3.287994079589843750e+02 1.406173553466796875e+02 -5.802082419395446777e-01 3.201446533203125000e-01 7.489097714424133301e-01 0.000000000000000000e+00 1.000000000000000000e+00
4.009581909179687500e+02 3.286182556152343750e+02 1.401935882568359375e+02 -5.796582698822021484e-01 3.385449647903442383e-01 7.412041425704956055e-01 0.000000000000000000e+00 1.000000000000000000e+00
4.012810058593750000e+02 3.284297180175781250e+02 1.397808074951171875e+02 -5.902471542358398438e-01 3.610120117664337158e-01 7.219962477684020996e-01 0.000000000000000000e+00 1.000000000000000000e+00
4.016053771972656250e+02 3.282313232421875000e+02 1.393840332031250000e+02 -6.105763912200927734e-01 3.896289765834808350e-01 6.894822120666503906e-01 0.000000000000000000e+00 1.000000000000000000e+00
4.019362182617187500e+02 3.280202026367187500e+02 1.390104370117187500e+02 -6.382347345352172852e-01 4.250310957431793213e-01 6.418760418891906738e-01 0.000000000000000000e+00 1.000000000000000000e+00
4.022758789062500000e+02 3.277940063476562500e+02 1.386688385009765625e+02 -6.683533787727355957e-01 4.663884341716766357e-01 5.794700384140014648e-01 0.000000000000000000e+00 1.000000000000000000e+00
4.026239929199218750e+02 3.275510864257812500e+02 1.383670196533203125e+02 -6.962737441062927246e-01 5.091014504432678223e-01 5.059828758239746094e-01 0.000000000000000000e+00 1.000000000000000000e+00
4.029783020019531250e+02 3.272920227050781250e+02 1.381095428466796875e+02 -7.180731892585754395e-01 5.481095910072326660e-01 4.288901090621948242e-01 0.000000000000000000e+00 1.000000000000000000e+00
4.033360900878906250e+02 3.270189208984375000e+02 1.378958435058593750e+02 -7.322790026664733887e-01 5.798817873001098633e-01 3.570778667926788330e-01 0.000000000000000000e+00 1.000000000000000000e+00
4.036949157714843750e+02 3.267347717285156250e+02 1.377208709716796875e+02 -7.399712800979614258e-01 6.028065085411071777e-01 2.984406054019927979e-01 0.000000000000000000e+00 1.000000000000000000e+00
4.040531616210937500e+02 3.264429321289062500e+02 1.375763854980468750e+02 -7.436315417289733887e-01 6.174995899200439453e-01 2.563325762748718262e-01 0.000000000000000000e+00 1.000000000000000000e+00
4.044101257324218750e+02 3.261465148925781250e+02 1.374533386230468750e+02 -7.450672984123229980e-01 6.262245178222656250e-01 2.296028882265090942e-01 0.000000000000000000e+00 1.000000000000000000e+00
4.047659912109375000e+02 3.258474121093750000e+02 1.373436737060546875e+02 -7.456488609313964844e-01 6.307758688926696777e-01 2.147779017686843872e-01 0.000000000000000000e+00 1.000000000000000000e+00
4.051209716796875000e+02 3.255471191406250000e+02 1.372414245605468750e+02 -7.459808588027954102e-01 6.330954432487487793e-01 2.066464573144912720e-01 0.000000000000000000e+00 1.000000000000000000e+00
4.054757080078125000e+02 3.252460632324218750e+02 1.371431579589843750e+02 -7.461320161819458008e-01 6.345201134681701660e-01 2.016711682081222534e-01 0.000000000000000000e+00 1.000000000000000000e+00
4.058306884765625000e+02 3.249441833496093750e+02 1.370472106933593750e+02 -7.466560602188110352e-01 6.355404257774353027e-01 1.964513957500457764e-01 0.000000000000000000e+00 1.000000000000000000e+00
4.061868896484375000e+02 3.246409912109375000e+02 1.369534912109375000e+02 -7.475119829177856445e-01 6.367671489715576172e-01 1.890859007835388184e-01 0.000000000000000000e+00 1.000000000000000000e+00
4.065459289550781250e+02 3.243351440429687500e+02 1.368626708984375000e+02 -7.485839128494262695e-01 6.393409371376037598e-01 1.756854951381683350e-01 0.000000000000000000e+00 1.000000000000000000e+00
4.069102172851562500e+02 3.240240173339843750e+02 1.367771759033203125e+02 -7.501942515373229980e-01 6.428397297859191895e-01 1.548088043928146362e-01 0.000000000000000000e+00 1.000000000000000000e+00
4.072836303710937500e+02 3.237040405273437500e+02 1.367001190185546875e+02 -7.514746189117431641e-01 6.476002335548400879e-01 1.260950863361358643e-01 0.000000000000000000e+00 1.000000000000000000e+00
4.076706542968750000e+02 3.233705139160156250e+02 1.366351776123046875e+02 -7.523372769355773926e-01 6.523764133453369141e-01 9.161668270826339722e-02 0.000000000000000000e+00 1.000000000000000000e+00
4.080765075683593750e+02 3.230185852050781250e+02 1.365857543945312500e+02 -7.521219253540039062e-01 6.566898822784423828e-01 5.541472882032394409e-02 0.000000000000000000e+00 1.000000000000000000e+00
4.085058288574218750e+02 3.226437377929687500e+02 1.365541229248046875e+02 -7.508488297462463379e-01 6.601310968399047852e-01 2.128319069743156433e-02 0.000000000000000000e+00 1.000000000000000000e+00
4.089612426757812500e+02 3.222433471679687500e+02 1.365412139892578125e+02 -7.497491240501403809e-01 6.616688966751098633e-01 -8.395368233323097229e-03 0.000000000000000000e+00 1.000000000000000000e+00
4.094436340332031250e+02 3.218176269531250000e+02 1.365466156005859375e+02 -7.495276927947998047e-01 6.610937118530273438e-01 -3.410832956433296204e-02 0.000000000000000000e+00 1.000000000000000000e+00
4.099516296386718750e+02 3.213695678710937500e+02 1.365697326660156250e+02 -7.509616017341613770e-01 6.578629016876220703e-01 -5.721016228199005127e-02 0.000000000000000000e+00 1.000000000000000000e+00
4.104826049804687500e+02 3.209044189453125000e+02 1.366101837158203125e+02 -7.537102699279785156e-01 6.523570418357849121e-01 -7.969442754983901978e-02 0.000000000000000000e+00 1.000000000000000000e+00
4.110327148437500000e+02 3.204282836914062500e+02 1.366683502197265625e+02 -7.572949528694152832e-01 6.451001167297363281e-01 -1.017353385686874390e-01 0.000000000000000000e+00 1.000000000000000000e+00
4.115983581542968750e+02 3.199464416503906250e+02 1.367443389892578125e+02 -7.608841061592102051e-01 6.372630000114440918e-01 -1.222756206989288330e-01 0.000000000000000000e+00 1.000000000000000000e+00
4.121765136718750000e+02 3.194622192382812500e+02 1.368372497558593750e+02 -7.631714940071105957e-01 6.311092972755432129e-01 -1.388178914785385132e-01 0.000000000000000000e+00 1.000000000000000000e+00
4.127643127441406250e+02 3.189761352539062500e+02 1.369441680908203125e+02 -7.630487680435180664e-01 6.290445923805236816e-01 -1.485238820314407349e-01 0.000000000000000000e+00 1.000000000000000000e+00
4.133593139648437500e+02 3.184856262207031250e+02 1.370599822998046875e+02 -7.594661116600036621e-01 6.330945491790771484e-01 -1.496749520301818848e-01 0.000000000000000000e+00 1.000000000000000000e+00
4.139590454101562500e+02 3.179856872558593750e+02 1.371781768798828125e+02 -7.522118091583251953e-01 6.434624195098876953e-01 -1.418925970792770386e-01 0.000000000000000000e+00 1.000000000000000000e+00
4.145612792968750000e+02 3.174705200195312500e+02 1.372917785644531250e+02 -7.418643236160278320e-01 6.584294438362121582e-01 -1.269171088933944702e-01 0.000000000000000000e+00 1.000000000000000000e+00
4.151642150878906250e+02 3.169353942871093750e+02 1.373949279785156250e+02 -7.303879857063293457e-01 6.745798587799072266e-01 -1.071228384971618652e-01 0.000000000000000000e+00 1.000000000000000000e+00
4.157669067382812500e+02 3.163787536621093750e+02 1.374833221435546875e+02 7.213261723518371582e-01 -6.873943209648132324e-01 8.472025394439697266e-02 0.000000000000000000e+00 1.000000000000000000e+00
4.163702392578125000e+02 3.158038024902343750e+02 1.375541839599609375e+02 7.180250883102416992e-01 -6.932967305183410645e-01 6.147734820842742920e-02 0.000000000000000000e+00 1.000000000000000000e+00
4.169763488769531250e+02 3.152185668945312500e+02 1.376060791015625000e+02 7.223354578018188477e-01 -6.904703974723815918e-01 3.849764540791511536e-02 0.000000000000000000e+00 1.000000000000000000e+00
4.175878906250000000e+02 3.146340026855468750e+02 1.376386718750000000e+02 7.338224649429321289e-01 -6.791341304779052734e-01 1.677566953003406525e-02 0.000000000000000000e+00 1.000000000000000000e+00
4.182066345214843750e+02 3.140613708496093750e+02 1.376528167724609375e+02 7.496031522750854492e-01 -6.618836522102355957e-01 -2.267977688461542130e-03 0.000000000000000000e+00 1.000000000000000000e+00
4.188320007324218750e+02 3.135091857910156250e+02 1.376509246826171875e+02 7.660513520240783691e-01 -6.425533890724182129e-01 -1.704316586256027222e-02 0.000000000000000000e+00 1.000000000000000000e+00
4.194616088867187500e+02 3.129810791015625000e+02 1.376369171142578125e+02 7.797713279724121094e-01 -6.255246400833129883e-01 -2.599111944437026978e-02 0.000000000000000000e+00 1.000000000000000000e+00
4.200915222167968750e+02 3.124757690429687500e+02 1.376159210205078125e+02 7.889506816864013672e-01 -6.137861013412475586e-01 -2.869504876434803009e-02 0.000000000000000000e+00 1.000000000000000000e+00
4.207187194824218750e+02 3.119878234863281250e+02 1.375931091308593750e+02 7.932767271995544434e-01 -6.083043813705444336e-01 -2.603357844054698944e-02 0.000000000000000000e+00 1.000000000000000000e+00
4.213422241210937500e+02 3.115097045898437500e+02 1.375726470947265625e+02 7.935158014297485352e-01 -6.082114577293395996e-01 -2.028410695493221283e-02 0.000000000000000000e+00 1.000000000000000000e+00
4.219636230468750000e+02 3.110334167480468750e+02 1.375567626953125000e+02 7.914955019950866699e-01 -6.110238432884216309e-01 -1.359638385474681854e-02 0.000000000000000000e+00 1.000000000000000000e+00
4.225871887207031250e+02 3.105520324707031250e+02 1.375460510253906250e+02 7.889263033866882324e-01 -6.144360899925231934e-01 -7.974733598530292511e-03 0.000000000000000000e+00 1.000000000000000000e+00
4.232181701660156250e+02 3.100606079101562500e+02 1.375396728515625000e+02 7.864586114883422852e-01 -6.176275014877319336e-01 -4.372120834887027740e-03 0.000000000000000000e+00 1.000000000000000000e+00
4.238604431152343750e+02 3.095562133789062500e+02 1.375361022949218750e+02 7.839966416358947754e-01 -6.207569241523742676e-01 -3.179994877427816391e-03 0.000000000000000000e+00 1.000000000000000000e+00
4.245150146484375000e+02 3.090379333496093750e+02 1.375334472656250000e+02 7.804345488548278809e-01 -6.252230405807495117e-01 -4.251631908118724823e-03 0.000000000000000000e+00 1.000000000000000000e+00
4.251788330078125000e+02 3.085061340332031250e+02 1.375298309326171875e+02 7.746106982231140137e-01 -6.323953270912170410e-01 -7.378595881164073944e-03 0.000000000000000000e+00 1.000000000000000000e+00
4.258452148437500000e+02 3.079620971679687500e+02 1.375234832763671875e+02 7.653325200080871582e-01 -6.435244679450988770e-01 -1.193676795810461044e-02 0.000000000000000000e+00 1.000000000000000000e+00
4.265055847167968750e+02 3.074068298339843750e+02 1.375131835937500000e+02 7.531254887580871582e-01 -6.576553583145141602e-01 -1.707364246249198914e-02 0.000000000000000000e+00 1.000000000000000000e+00
4.271517333984375000e+02 3.068425903320312500e+02 1.374985351562500000e+02 7.397263050079345703e-01 -6.726061105728149414e-01 -2.014685608446598053e-02 0.000000000000000000e+00 1.000000000000000000e+00
4.277786560058593750e+02 3.062725524902343750e+02 1.374814605712890625e+02 7.280027270317077637e-01 -6.853364706039428711e-01 -1.805253326892852783e-02 0.000000000000000000e+00 1.000000000000000000e+00
4.283847656250000000e+02 3.057019653320312500e+02 1.374664306640625000e+02 7.209588885307312012e-01 -6.929382681846618652e-01 -7.408396806567907333e-03 0.000000000000000000e+00 1.000000000000000000e+00
4.289713134765625000e+02 3.051382141113281250e+02 1.374604034423828125e+02 7.198476195335388184e-01 -6.939815878868103027e-01 1.445794943720102310e-02 0.000000000000000000e+00 1.000000000000000000e+00
4.295403442382812500e+02 3.045896301269531250e+02 1.374718322753906250e+02 7.237149477005004883e-01 -6.884176731109619141e-01 4.814361408352851868e-02 0.000000000000000000e+00 1.000000000000000000e+00
4.300922241210937500e+02 3.040646667480468750e+02 1.375085449218750000e+02 7.300312519073486328e-01 -6.772508621215820312e-01 9.157230705022811890e-02 0.000000000000000000e+00 1.000000000000000000e+00
4.306257629394531250e+02 3.035697021484375000e+02 1.375754699707031250e+02 7.360202670097351074e-01 -6.624051332473754883e-01 1.396194547414779663e-01 0.000000000000000000e+00 1.000000000000000000e+00
4.311392822265625000e+02 3.031075439453125000e+02 1.376728820800781250e+02 7.404973506927490234e-01 -6.460134387016296387e-01 1.852844804525375366e-01 0.000000000000000000e+00 1.000000000000000000e+00
4.316331787109375000e+02 3.026766662597656250e+02 1.377964630126953125e+02 7.432233691215515137e-01 -6.313198804855346680e-01 2.214816063642501831e-01 0.000000000000000000e+00 1.000000000000000000e+00
4.321111145019531250e+02 3.022706909179687500e+02 1.379388885498046875e+02 7.451834678649902344e-01 -6.207116842269897461e-01 2.437592893838882446e-01 0.000000000000000000e+00 1.000000000000000000e+00
4.325804748535156250e+02 3.018797302246093750e+02 1.380924224853515625e+02 7.466287612915039062e-01 -6.154039502143859863e-01 2.526331543922424316e-01 0.000000000000000000e+00 1.000000000000000000e+00
4.330505065917968750e+02 3.014923095703125000e+02 1.382514648437500000e+02 7.467274069786071777e-01 -6.155378222465515137e-01 2.520145475864410400e-01 0.000000000000000000e+00 1.000000000000000000e+00
4.335287170410156250e+02 3.010981140136718750e+02 1.384128570556640625e+02 7.444885373115539551e-01 -6.199205517768859863e-01 2.478616237640380859e-01 0.000000000000000000e+00 1.000000000000000000e+00
4.340189819335937500e+02 3.006898803710937500e+02 1.385760803222656250e+02 7.396467924118041992e-01 -6.272110939025878906e-01 2.439853996038436890e-01 0.000000000000000000e+00 1.000000000000000000e+00
4.345208740234375000e+02 3.002642822265625000e+02 1.387416381835937500e+02 7.328848838806152344e-01 -6.358828544616699219e-01 2.419352978467941284e-01 0.000000000000000000e+00 1.000000000000000000e+00
4.350311279296875000e+02 2.998215637207031250e+02 1.389100799560546875e+02 7.251230478286743164e-01 -6.450599431991577148e-01 2.410272359848022461e-01 0.000000000000000000e+00 1.000000000000000000e+00
4.355460510253906250e+02 2.993634948730468750e+02 1.390812377929687500e+02 7.176768779754638672e-01 -6.536341309547424316e-01 2.402132898569107056e-01 0.000000000000000000e+00 1.000000000000000000e+00
4.360634765625000000e+02 2.988922424316406250e+02 1.392544250488281250e+02 7.112631201744079590e-01 -6.612811088562011719e-01 2.383532375097274780e-01 0.000000000000000000e+00 1.000000000000000000e+00
4.365837402343750000e+02 2.984085388183593750e+02 1.394287719726562500e+02 7.065711021423339844e-01 -6.675360798835754395e-01 2.348464429378509521e-01 0.000000000000000000e+00 1.000000000000000000e+00
4.371090698242187500e+02 2.979122314453125000e+02 1.396033782958984375e+02 7.033005952835083008e-01 -6.728168129920959473e-01 2.295341193675994873e-01 0.000000000000000000e+00 1.000000000000000000e+00
4.376420593261718750e+02 2.974023437500000000e+02 1.397773284912109375e+02 7.012394070625305176e-01 -6.773196458816528320e-01 2.224893271923065186e-01 0.000000000000000000e+00 1.000000000000000000e+00
4.381851196289062500e+02 2.968778076171875000e+02 1.399496307373046875e+02 6.994818449020385742e-01 -6.818811893463134766e-01 2.139231413602828979e-01 0.000000000000000000e+00 1.000000000000000000e+00
4.387393798828125000e+02 2.963374938964843750e+02 1.401191406250000000e+02 6.978894472122192383e-01 -6.864843964576721191e-01 2.041799873113632202e-01 0.000000000000000000e+00 1.000000000000000000e+00
4.393052062988281250e+02 2.957809143066406250e+02 1.402846832275390625e+02 6.962499022483825684e-01 -6.911699175834655762e-01 1.937013268470764160e-01 0.000000000000000000e+00 1.000000000000000000e+00
4.398824157714843750e+02 2.952079162597656250e+02 1.404452667236328125e+02 6.947275400161743164e-01 -6.956642866134643555e-01 1.827699393033981323e-01 0.000000000000000000e+00 1.000000000000000000e+00
4.404708862304687500e+02 2.946186523437500000e+02 1.406000823974609375e+02 6.936464309692382812e-01 -6.996133327484130859e-01 1.714520603418350220e-01 0.000000000000000000e+00 1.000000000000000000e+00
4.410704345703125000e+02 2.940139465332031250e+02 1.407482757568359375e+02 6.929550170898437500e-01 -7.031480669975280762e-01 1.593619734048843384e-01 0.000000000000000000e+00 1.000000000000000000e+00
4.416803894042968750e+02 2.933950195312500000e+02 1.408885498046875000e+02 6.930003762245178223e-01 -7.061074376106262207e-01 1.454744488000869751e-01 0.000000000000000000e+00 1.000000000000000000e+00
4.422999877929687500e+02 2.927637023925781250e+02 1.410186157226562500e+02 6.933304071426391602e-01 -7.090166211128234863e-01 1.287955790758132935e-01 0.000000000000000000e+00 1.000000000000000000e+00
4.429272155761718750e+02 2.921222839355468750e+02 1.411351318359375000e+02 6.936001777648925781e-01 -7.121632099151611328e-01 1.083624586462974548e-01 0.000000000000000000e+00 1.000000000000000000e+00
4.435589294433593750e+02 2.914736633300781250e+02 1.412338256835937500e+02 6.933594346046447754e-01 -7.156880497932434082e-01 8.392487466335296631e-02 0.000000000000000000e+00 1.000000000000000000e+00
4.441910095214843750e+02 2.908212280273437500e+02 1.413103332519531250e+02 6.925835609436035156e-01 -7.192058563232421875e-01 5.541543662548065186e-02 0.000000000000000000e+00 1.000000000000000000e+00
4.448190002441406250e+02 2.901690979003906250e+02 1.413605804443359375e+02 6.908318996429443359e-01 -7.226389050483703613e-01 2.332741208374500275e-02 0.000000000000000000e+00 1.000000000000000000e+00
4.454380798339843750e+02 2.895215148925781250e+02 1.413814849853515625e+02 6.884274482727050781e-01 -7.252078056335449219e-01 -1.189035736024379730e-02 0.000000000000000000e+00 1.000000000000000000e+00
4.460441284179687500e+02 2.888830871582031250e+02 1.413710174560546875e+02 6.851356029510498047e-01 -7.267482280731201172e-01 -4.925753548741340637e-02 0.000000000000000000e+00 1.000000000000000000e+00
4.466335144042968750e+02 2.882579040527343750e+02 1.413286437988281250e+02 6.807348132133483887e-01 -7.272686362266540527e-01 -8.763809502124786377e-02 0.000000000000000000e+00 1.000000000000000000e+00
4.472036132812500000e+02 2.876488342285156250e+02 1.412552490234375000e+02 6.751953959465026855e-01 -7.269373536109924316e-01 -1.251931041479110718e-01 0.000000000000000000e+00 1.000000000000000000e+00
4.477531738281250000e+02 2.870571594238281250e+02 1.411533508300781250e+02 6.686087846755981445e-01 -7.262860536575317383e-01 -1.595955491065979004e-01 0.000000000000000000e+00 1.000000000000000000e+00
4.482824096679687500e+02 2.864822692871093750e+02 1.410270233154296875e+02 6.615415215492248535e-01 -7.259837985038757324e-01 -1.879105269908905029e-01 0.000000000000000000e+00 1.000000000000000000e+00
4.487930603027343750e+02 2.859218750000000000e+02 1.408819732666015625e+02 6.544949412345886230e-01 -7.268311381340026855e-01 -2.082135528326034546e-01 0.000000000000000000e+00 1.000000000000000000e+00
4.492881469726562500e+02 2.853720703125000000e+02 1.407244720458984375e+02 6.481923460960388184e-01 -7.289347052574157715e-01 -2.202288955450057983e-01 0.000000000000000000e+00 1.000000000000000000e+00
4.497710266113281250e+02 2.848290405273437500e+02 1.405604095458984375e+02 6.428870558738708496e-01 -7.326844930648803711e-01 -2.233153879642486572e-01 0.000000000000000000e+00 1.000000000000000000e+00
4.502455749511718750e+02 2.842882080078125000e+02 1.403955688476562500e+02 6.380914449691772461e-01 -7.383599877357482910e-01 -2.183206528425216675e-01 0.000000000000000000e+00 1.000000000000000000e+00
4.507147827148437500e+02 2.837452697753906250e+02 1.402350311279296875e+02 6.332129836082458496e-01 -7.459416985511779785e-01 -2.064274996519088745e-01 0.000000000000000000e+00 1.000000000000000000e+00
4.511808776855468750e+02 2.831961975097656250e+02 1.400830841064453125e+02 6.284950375556945801e-01 -7.541610598564147949e-01 -1.903549283742904663e-01 0.000000000000000000e+00 1.000000000000000000e+00
4.516459350585937500e+02 2.826381530761718750e+02 1.399422302246093750e+02 6.245242953300476074e-01 -7.611939311027526855e-01 -1.747948080301284790e-01 0.000000000000000000e+00 1.000000000000000000e+00
4.521118469238281250e+02 2.820702819824218750e+02 1.398118286132812500e+02 6.225274801254272461e-01 -7.650185823440551758e-01 -1.649428308010101318e-01 0.000000000000000000e+00 1.000000000000000000e+00
4.525806274414062500e+02 2.814942016601562500e+02 1.396876220703125000e+02 6.229419708251953125e-01 -7.647551298141479492e-01 -1.645988076925277710e-01 0.000000000000000000e+00 1.000000000000000000e+00
4.530541076660156250e+02 2.809129333496093750e+02 1.395625152587890625e+02 6.246790885925292969e-01 -7.613313794136047363e-01 -1.736390739679336548e-01 0.000000000000000000e+00 1.000000000000000000e+00
4.535334472656250000e+02 2.803287353515625000e+02 1.394292755126953125e+02 6.249617934226989746e-01 -7.575663924217224121e-01 -1.884568035602569580e-01 0.000000000000000000e+00 1.000000000000000000e+00
4.540180053710937500e+02 2.797413635253906250e+02 1.392831573486328125e+02 6.211034655570983887e-01 -7.569406628608703613e-01 -2.031532377004623413e-01 0.000000000000000000e+00 1.000000000000000000e+00
4.545055541992187500e+02 2.791471862792968750e+02 1.391236877441406250e+02 6.116436123847961426e-01 -7.616795301437377930e-01 -2.138606011867523193e-01 0.000000000000000000e+00 1.000000000000000000e+00
4.549924926757812500e+02 2.785408020019531250e+02 1.389534301757812500e+02 5.973426103591918945e-01 -7.712008357048034668e-01 -2.200706005096435547e-01 0.000000000000000000e+00 1.000000000000000000e+00
4.554751281738281250e+02 2.779176940917968750e+02 1.387756195068359375e+02 5.813736915588378906e-01 -7.820505499839782715e-01 -2.245030254125595093e-01 0.000000000000000000e+00 1.000000000000000000e+00
4.559509582519531250e+02 2.772776184082031250e+02 1.385918731689453125e+02 5.672824382781982422e-01 -7.906543016433715820e-01 -2.303395122289657593e-01 0.000000000000000000e+00 1.000000000000000000e+00
4.564193115234375000e+02 2.766248474121093750e+02 1.384017028808593750e+02 5.580046176910400391e-01 -7.946085929870605469e-01 -2.392238974571228027e-01 0.000000000000000000e+00 1.000000000000000000e+00
4.568807983398437500e+02 2.759676818847656250e+02 1.382038574218750000e+02 5.548158288002014160e-01 -7.934063673019409180e-01 -2.503713965415954590e-01 0.000000000000000000e+00 1.000000000000000000e+00
4.573363952636718750e+02 2.753161621093750000e+02 1.379982604980468750e+02 5.571148991584777832e-01 -7.879957556724548340e-01 -2.620794475078582764e-01 0.000000000000000000e+00 1.000000000000000000e+00
4.577862548828125000e+02 2.746798706054687500e+02 1.377866363525390625e+02 5.627781748771667480e-01 -7.804726362228393555e-01 -2.722926139831542969e-01 0.000000000000000000e+00 1.000000000000000000e+00
4.582290039062500000e+02 2.740658569335937500e+02 1.375724182128906250e+02 5.692724585533142090e-01 -7.727533578872680664e-01 -2.806798815727233887e-01 0.000000000000000000e+00 1.000000000000000000e+00
4.586615295410156250e+02 2.734787292480468750e+02 1.373591613769531250e+02 5.745918154716491699e-01 -7.659968137741088867e-01 -2.882587909698486328e-01 0.000000000000000000e+00 1.000000000000000000e+00
4.590803833007812500e+02 2.729203491210937500e+02 1.371490325927734375e+02 5.774607062339782715e-01 -7.610150575637817383e-01 -2.956267595291137695e-01 0.000000000000000000e+00 1.000000000000000000e+00
4.594828491210937500e+02 2.723899536132812500e+02 1.369429931640625000e+02 5.773877501487731934e-01 -7.581018209457397461e-01 -3.031583428382873535e-01 0.000000000000000000e+00 1.000000000000000000e+00
4.598677978515625000e+02 2.718845214843750000e+02 1.367408752441406250e+02 5.748114585876464844e-01 -7.572686076164245605e-01 -3.100580573081970215e-01 0.000000000000000000e+00 1.000000000000000000e+00
4.602360229492187500e+02 2.713994140625000000e+02 1.365422515869140625e+02 5.713087916374206543e-01 -7.577763199806213379e-01 -3.152481317520141602e-01 0.000000000000000000e+00 1.000000000000000000e+00
4.605903930664062500e+02 2.709293823242187500e+02 1.363467102050781250e+02 5.678066015243530273e-01 -7.589564323425292969e-01 -3.187173604965209961e-01 0.000000000000000000e+00 1.000000000000000000e+00
4.609343261718750000e+02 2.704696655273437500e+02 1.361536560058593750e+02 5.647938251495361328e-01 -7.603249549865722656e-01 -3.208020627498626709e-01 0.000000000000000000e+00 1.000000000000000000e+00
4.612711486816406250e+02 2.700162353515625000e+02 1.359623413085937500e+02 5.628893971443176270e-01 -7.613466382026672363e-01 -3.217248618602752686e-01 0.000000000000000000e+00 1.000000000000000000e+00
4.616037902832031250e+02 2.695663146972656250e+02 1.357722167968750000e+02 5.617211461067199707e-01 -7.620022892951965332e-01 -3.222139477729797363e-01 0.000000000000000000e+00 1.000000000000000000e+00
4.619341735839843750e+02 2.691181335449218750e+02 1.355827026367187500e+02 5.611641407012939453e-01 -7.622743844985961914e-01 -3.225407004356384277e-01 0.000000000000000000e+00 1.000000000000000000e+00
4.622635498046875000e+02 2.686707153320312500e+02 1.353933868408203125e+02 5.607603192329406738e-01 -7.623697519302368164e-01 -3.230172991752624512e-01 0.000000000000000000e+00 1.000000000000000000e+00
4.625924682617187500e+02 2.682235412597656250e+02 1.352039184570312500e+02 5.605599880218505859e-01 -7.620559334754943848e-01 -3.241038024425506592e-01 0.000000000000000000e+00 1.000000000000000000e+00
4.629215393066406250e+02 2.677761840820312500e+02 1.350136566162109375e+02 5.603536367416381836e-01 -7.613319754600524902e-01 -3.261554837226867676e-01 0.000000000000000000e+00 1.000000000000000000e+00
4.632512512207031250e+02 2.673282165527343750e+02 1.348217468261718750e+02 5.607585310935974121e-01 -7.594626545906066895e-01 -3.297972381114959717e-01 0.000000000000000000e+00 1.000000000000000000e+00
4.635828247070312500e+02 2.668791503906250000e+02 1.346267395019531250e+02 5.615636706352233887e-01 -7.563564181327819824e-01 -3.355161547660827637e-01 0.000000000000000000e+00 1.000000000000000000e+00
4.639178466796875000e+02 2.664279174804687500e+02 1.344265747070312500e+02 5.634946227073669434e-01 -7.514606714248657227e-01 -3.431919515132904053e-01 0.000000000000000000e+00 1.000000000000000000e+00
4.642587280273437500e+02 2.659733276367187500e+02 1.342189636230468750e+02 5.672454237937927246e-01 -7.446579337120056152e-01 -3.517346680164337158e-01 0.000000000000000000e+00 1.000000000000000000e+00
4.646088256835937500e+02 2.655137329101562500e+02 1.340018768310546875e+02 5.728461146354675293e-01 -7.367367744445800781e-01 -3.592579960823059082e-01 0.000000000000000000e+00 1.000000000000000000e+00
4.649714965820312500e+02 2.650473022460937500e+02 1.337744293212890625e+02 5.798032283782958984e-01 -7.290399670600891113e-01 -3.637705445289611816e-01 0.000000000000000000e+00 1.000000000000000000e+00
4.653492431640625000e+02 2.645723266601562500e+02 1.335374298095703125e+02 5.866220593452453613e-01 -7.234200239181518555e-01 -3.640576004981994629e-01 0.000000000000000000e+00 1.000000000000000000e+00
4.657419738769531250e+02 2.640880126953125000e+02 1.332937011718750000e+02 5.916878581047058105e-01 -7.212451100349426270e-01 -3.601539731025695801e-01 0.000000000000000000e+00 1.000000000000000000e+00
4.661465759277343750e+02 2.635948181152343750e+02 1.330474243164062500e+02 5.927811264991760254e-01 -7.237746715545654297e-01 -3.532147705554962158e-01 0.000000000000000000e+00 1.000000000000000000e+00
4.665564575195312500e+02 2.630943603515625000e+02 1.328031921386718750e+02 5.891903042793273926e-01 -7.307991981506347656e-01 -3.446553349494934082e-01 0.000000000000000000e+00 1.000000000000000000e+00
4.669634094238281250e+02 2.625895996093750000e+02 1.325651397705078125e+02 5.804251432418823242e-01 -7.418507337570190430e-01 -3.358036577701568604e-01 0.000000000000000000e+00 1.000000000000000000e+00
4.673593139648437500e+02 2.620835876464843750e+02 1.323360900878906250e+02 5.678650140762329102e-01 -7.553891539573669434e-01 -3.269809484481811523e-01 0.000000000000000000e+00 1.000000000000000000e+00
4.677391357421875000e+02 2.615783386230468750e+02 1.321173858642578125e+02 5.541770458221435547e-01 -7.689660787582397461e-01 -3.187146782875061035e-01 0.000000000000000000e+00 1.000000000000000000e+00
4.681023559570312500e+02 2.610743408203125000e+02 1.319084930419921875e+02 5.415794849395751953e-01 -7.807172536849975586e-01 -3.117247223854064941e-01 0.000000000000000000e+00 1.000000000000000000e+00
4.684522094726562500e+02 2.605700073242187500e+02 1.317071228027343750e+02 5.322889685630798340e-01 -7.885604500770568848e-01 -3.079624474048614502e-01 0.000000000000000000e+00 1.000000000000000000e+00
4.687944335937500000e+02 2.600630187988281250e+02 1.315091247558593750e+02 5.271606445312500000e-01 -7.913781404495239258e-01 -3.095517158508300781e-01 0.000000000000000000e+00 1.000000000000000000e+00
4.691352844238281250e+02 2.595513305664062500e+02 1.313089752197265625e+02 5.248327851295471191e-01 -7.895088195800781250e-01 -3.181609511375427246e-01 0.000000000000000000e+00 1.000000000000000000e+00
4.694790649414062500e+02 2.590341796875000000e+02 1.311005706787109375e+02 5.241912603378295898e-01 -7.832390666007995605e-01 -3.343054354190826416e-01 0.000000000000000000e+00 1.000000000000000000e+00
4.698280944824218750e+02 2.585126647949218750e+02 1.308779754638671875e+02 5.239955782890319824e-01 -7.735751867294311523e-01 -3.563845753669738770e-01 0.000000000000000000e+00 1.000000000000000000e+00
4.701828613281250000e+02 2.579889221191406250e+02 1.306366882324218750e+02 5.235144495964050293e-01 -7.614271640777587891e-01 -3.823105990886688232e-01 0.000000000000000000e+00 1.000000000000000000e+00
4.705429992675781250e+02 2.574651184082031250e+02 1.303736877441406250e+02 5.226042866706848145e-01 -7.479189634323120117e-01 -4.092699885368347168e-01 0.000000000000000000e+00 1.000000000000000000e+00
4.709081726074218750e+02 2.569425048828125000e+02 1.300877075195312500e+02 5.213438868522644043e-01 -7.338243126869201660e-01 -4.355484843254089355e-01 0.000000000000000000e+00 1.000000000000000000e+00
4.712785949707031250e+02 2.564211120605468750e+02 1.297782440185546875e+02 5.196386575698852539e-01 -7.196311354637145996e-01 -4.605504274368286133e-01 0.000000000000000000e+00 1.000000000000000000e+00
4.716543273925781250e+02 2.559007720947265625e+02 1.294452362060546875e+02 5.175641179084777832e-01 -7.048872113227844238e-01 -4.850375354290008545e-01 0.000000000000000000e+00 1.000000000000000000e+00
4.720352783203125000e+02 2.553819427490234375e+02 1.290882263183593750e+02 5.152255892753601074e-01 -6.888961791992187500e-01 -5.098671317100524902e-01 0.000000000000000000e+00 1.000000000000000000e+00
4.724211425781250000e+02 2.548660125732421875e+02 1.287063751220703125e+02 5.122380256652832031e-01 -6.711192727088928223e-01 -5.359207987785339355e-01 0.000000000000000000e+00 1.000000000000000000e+00
4.728109130859375000e+02 2.543553466796875000e+02 1.282985839843750000e+02 5.088492035865783691e-01 -6.513491272926330566e-01 -5.628647804260253906e-01 0.000000000000000000e+00 1.000000000000000000e+00
4.732037658691406250e+02 2.538524780273437500e+02 1.278640289306640625e+02 5.051220655441284180e-01 -6.302123665809631348e-01 -5.896472930908203125e-01 0.000000000000000000e+00 1.000000000000000000e+00
4.735987854003906250e+02 2.533596343994140625e+02 1.274029083251953125e+02 5.010480284690856934e-01 -6.094619035720825195e-01 -6.144160628318786621e-01 0.000000000000000000e+00 1.000000000000000000e+00
4.739953918457031250e+02 2.528772125244140625e+02 1.269165649414062500e+02 4.965976774692535400e-01 -5.906872749328613281e-01 -6.359868645668029785e-01 0.000000000000000000e+00 1.000000000000000000e+00
4.743926696777343750e+02 2.524046630859375000e+02 1.264077758789062500e+02 4.915647506713867188e-01 -5.748298168182373047e-01 -6.541672945022583008e-01 0.000000000000000000e+00 1.000000000000000000e+00
4.747889404296875000e+02 2.519412689208984375e+02 1.258804244995117188e+02 4.850870072841644287e-01 -5.622144937515258789e-01 -6.697801351547241211e-01 0.000000000000000000e+00 1.000000000000000000e+00
4.751815490722656250e+02 2.514862365722656250e+02 1.253383331298828125e+02 4.759703278541564941e-01 -5.522998571395874023e-01 -6.844100952148437500e-01 0.000000000000000000e+00 1.000000000000000000e+00
4.755666198730468750e+02 2.510394134521484375e+02 1.247846298217773438e+02 4.629568755626678467e-01 -5.444353222846984863e-01 -6.994720101356506348e-01 0.000000000000000000e+00 1.000000000000000000e+00
4.759389953613281250e+02 2.506015014648437500e+02 1.242220153808593750e+02 4.452589750289916992e-01 -5.382723808288574219e-01 -7.155467867851257324e-01 0.000000000000000000e+00 1.000000000000000000e+00
4.762929687500000000e+02 2.501735839843750000e+02 1.236531677246093750e+02 4.234490394592285156e-01 -5.339174270629882812e-01 -7.318627238273620605e-01 0.000000000000000000e+00 1.000000000000000000e+00
4.766233215332031250e+02 2.497570495605468750e+02 1.230822067260742188e+02 3.987202644348144531e-01 -5.319082736968994141e-01 -7.470580935478210449e-01 0.000000000000000000e+00 1.000000000000000000e+00
4.769261779785156250e+02 2.493530273437500000e+02 1.225147628784179688e+02 3.738438487052917480e-01 -5.325609445571899414e-01 -7.593547105789184570e-01 0.000000000000000000e+00 1.000000000000000000e+00
4.772002258300781250e+02 2.489626312255859375e+02 1.219581146240234375e+02 3.508692383766174316e-01 -5.358884334564208984e-01 -7.679285407066345215e-01 0.000000000000000000e+00 1.000000000000000000e+00
4.774465637207031250e+02 2.485863952636718750e+02 1.214189682006835938e+02 3.306806385517120361e-01 -5.413910746574401855e-01 -7.730109691619873047e-01 0.000000000000000000e+00 1.000000000000000000e+00
4.776682128906250000e+02 2.482235107421875000e+02 1.209008331298828125e+02 3.134154975414276123e-01 -5.478483438491821289e-01 -7.756499648094177246e-01 0.000000000000000000e+00 1.000000000000000000e+00
4.778697814941406250e+02 2.478711700439453125e+02 1.204019851684570312e+02 2.975713014602661133e-01 -5.540705323219299316e-01 -7.774683833122253418e-01 0.000000000000000000e+00 1.000000000000000000e+00
4.780560607910156250e+02 2.475243225097656250e+02 1.199152908325195312e+02 2.824276387691497803e-01 -5.591429471969604492e-01 -7.794830799102783203e-01 0.000000000000000000e+00 1.000000000000000000e+00
4.782318420410156250e+02 2.471763153076171875e+02 1.194301452636718750e+02 2.687450945377349854e-01 -5.627574324607849121e-01 -7.817161679267883301e-01 0.000000000000000000e+00 1.000000000000000000e+00
4.784017639160156250e+02 2.468204956054687500e+02 1.189358825683593750e+02 2.560410499572753906e-01 -5.663597583770751953e-01 -7.833769917488098145e-01 0.000000000000000000e+00 1.000000000000000000e+00
4.785687561035156250e+02 2.464511108398437500e+02 1.184249572753906250e+02 2.449058890342712402e-01 -5.713042020797729492e-01 -7.833469510078430176e-01 0.000000000000000000e+00 1.000000000000000000e+00
4.787344360351562500e+02 2.460646209716796875e+02 1.178950195312500000e+02 2.331701964139938354e-01 -5.800462961196899414e-01 -7.804985046386718750e-01 0.000000000000000000e+00 1.000000000000000000e+00
4.788975524902343750e+02 2.456588439941406250e+02 1.173490142822265625e+02 2.177542746067047119e-01 -5.942000150680541992e-01 -7.742799520492553711e-01 0.000000000000000000e+00 1.000000000000000000e+00
4.790538330078125000e+02 2.452323913574218750e+02 1.167933197021484375e+02 1.961532086133956909e-01 -6.146746277809143066e-01 -7.640019655227661133e-01 0.000000000000000000e+00 1.000000000000000000e+00
4.791972351074218750e+02 2.447830200195312500e+02 1.162347793579101562e+02 1.671540290117263794e-01 -6.408530473709106445e-01 -7.492442131042480469e-01 0.000000000000000000e+00 1.000000000000000000e+00
4.793213500976562500e+02 2.443071746826171875e+02 1.156784515380859375e+02 1.321956515312194824e-01 -6.700283288955688477e-01 -7.304698824882507324e-01 0.000000000000000000e+00 1.000000000000000000e+00
4.794212036132812500e+02 2.438010711669921875e+02 1.151266937255859375e+02 9.603831917047500610e-02 -6.985394954681396484e-01 -7.090974450111389160e-01 0.000000000000000000e+00 1.000000000000000000e+00
4.794953918457031250e+02 2.432614593505859375e+02 1.145789260864257812e+02 6.321651488542556763e-02 -7.229715585708618164e-01 -6.879794597625732422e-01 0.000000000000000000e+00 1.000000000000000000e+00
4.795455627441406250e+02 2.426876831054687500e+02 1.140329208374023438e+02 3.811241313815116882e-02 -7.418095469474792480e-01 -6.695267558097839355e-01 0.000000000000000000e+00 1.000000000000000000e+00
4.795766906738281250e+02 2.420818176269531250e+02 1.134860916137695312e+02 2.185967750847339630e-02 -7.548875212669372559e-01 -6.554897427558898926e-01 0.000000000000000000e+00 1.000000000000000000e+00
4.795950012207031250e+02 2.414494934082031250e+02 1.129370269775390625e+02 1.410415023565292358e-02 -7.633066177368164062e-01 -6.458823680877685547e-01 0.000000000000000000e+00 1.000000000000000000e+00
4.796070251464843750e+02 2.407987670898437500e+02 1.123864059448242188e+02 1.389553584158420563e-02 -7.680393457412719727e-01 -6.402519345283508301e-01 0.000000000000000000e+00 1.000000000000000000e+00
4.796189575195312500e+02 2.401392364501953125e+02 1.118366088867187500e+02 2.024061232805252075e-02 -7.703034281730651855e-01 -6.373561620712280273e-01 0.000000000000000000e+00 1.000000000000000000e+00
4.796362609863281250e+02 2.394807128906250000e+02 1.112917404174804688e+02 3.212393075227737427e-02 -7.708109617233276367e-01 -6.362534165382385254e-01 0.000000000000000000e+00 1.000000000000000000e+00
4.796632690429687500e+02 2.388326568603515625e+02 1.107568130493164062e+02 4.807502776384353638e-02 -7.701693773269653320e-01 -6.360251307487487793e-01 0.000000000000000000e+00 1.000000000000000000e+00
4.797026367187500000e+02 2.382019805908203125e+02 1.102359848022460938e+02 6.531802564859390259e-02 -7.686216235160827637e-01 -6.363602876663208008e-01 0.000000000000000000e+00 1.000000000000000000e+00
4.797544555664062500e+02 2.375922088623046875e+02 1.097311401367187500e+02 7.941954582929611206e-02 -7.661802172660827637e-01 -6.376992464065551758e-01 0.000000000000000000e+00 1.000000000000000000e+00
4.798154907226562500e+02 2.370033874511718750e+02 1.092410583496093750e+02 8.667341619729995728e-02 -7.627464532852172852e-01 -6.408632397651672363e-01 0.000000000000000000e+00 1.000000000000000000e+00
4.798803405761718750e+02 2.364326934814453125e+02 1.087615585327148438e+02 8.397269994020462036e-02 -7.580013871192932129e-01 -6.468248963356018066e-01 0.000000000000000000e+00 1.000000000000000000e+00
4.799419250488281250e+02 2.358767852783203125e+02 1.082871856689453125e+02 7.322876900434494019e-02 -7.514495849609375000e-01 -6.557140350341796875e-01 0.000000000000000000e+00 1.000000000000000000e+00
4.799948730468750000e+02 2.353334503173828125e+02 1.078130722045898438e+02 5.867430195212364197e-02 -7.429372072219848633e-01 -6.667845249176025391e-01 0.000000000000000000e+00 1.000000000000000000e+00
4.800367736816406250e+02 2.348029022216796875e+02 1.073369064331054688e+02 4.648936539888381958e-02 -7.330098152160644531e-01 -6.786276698112487793e-01 0.000000000000000000e+00 1.000000000000000000e+00
4.800694885253906250e+02 2.342870788574218750e+02 1.068593521118164062e+02 4.120370373129844666e-02 -7.227447628974914551e-01 -6.898857355117797852e-01 0.000000000000000000e+00 1.000000000000000000e+00
4.800979309082031250e+02 2.337881774902343750e+02 1.063831329345703125e+02 4.597981274127960205e-02 -7.133878469467163086e-01 -6.992593407630920410e-01 0.000000000000000000e+00 1.000000000000000000e+00
4.801289672851562500e+02 2.333066406250000000e+02 1.059111328125000000e+02 6.070326641201972961e-02 -7.055366635322570801e-01 -7.060687541961669922e-01 0.000000000000000000e+00 1.000000000000000000e+00
4.801690063476562500e+02 2.328412780761718750e+02 1.054454193115234375e+02 8.352615684270858765e-02 -6.989708542823791504e-01 -7.102556228637695312e-01 0.000000000000000000e+00 1.000000000000000000e+00
4.802229919433593750e+02 2.323895111083984375e+02 1.049863586425781250e+02 1.099469512701034546e-01 -6.924884915351867676e-01 -7.130016684532165527e-01 0.000000000000000000e+00 1.000000000000000000e+00
4.802929992675781250e+02 2.319485778808593750e+02 1.045323638916015625e+02 1.371039748191833496e-01 -6.840217709541320801e-01 -7.164613008499145508e-01 0.000000000000000000e+00 1.000000000000000000e+00
4.803795776367187500e+02 2.315166320800781250e+02 1.040799331665039062e+02 1.611428111791610718e-01 -6.723470091819763184e-01 -7.224835753440856934e-01 0.000000000000000000e+00 1.000000000000000000e+00
4.804812927246093750e+02 2.310922393798828125e+02 1.036238937377929688e+02 1.793702542781829834e-01 -6.570274829864501953e-01 -7.322167158126831055e-01 0.000000000000000000e+00 1.000000000000000000e+00
4.805954284667968750e+02 2.306741638183593750e+02 1.031579742431640625e+02 1.904201954603195190e-01 -6.394161581993103027e-01 -7.449074387550354004e-01 0.000000000000000000e+00 1.000000000000000000e+00
4.807185058593750000e+02 2.302608795166015625e+02 1.026765060424804688e+02 1.933410912752151489e-01 -6.219955682754516602e-01 -7.587758302688598633e-01 0.000000000000000000e+00 1.000000000000000000e+00
4.808460083007812500e+02 2.298506927490234375e+02 1.021761169433593750e+02 1.884055882692337036e-01 -6.074526309967041016e-01 -7.716894149780273438e-01 0.000000000000000000e+00 1.000000000000000000e+00
4.809727478027343750e+02 2.294420623779296875e+02 1.016570053100585938e+02 1.771314144134521484e-01 -5.974830389022827148e-01 -7.820731997489929199e-01 0.000000000000000000e+00 1.000000000000000000e+00
4.810935974121093750e+02 2.290344238281250000e+02 1.011234283447265625e+02 1.608298271894454956e-01 -5.928598046302795410e-01 -7.890824079513549805e-01 0.000000000000000000e+00 1.000000000000000000e+00
4.812039489746093750e+02 2.286276397705078125e+02 1.005820083618164062e+02 1.413893699645996094e-01 -5.927785634994506836e-01 -7.928572297096252441e-01 0.000000000000000000e+00 1.000000000000000000e+00
4.813007202148437500e+02 2.282219238281250000e+02 1.000393524169921875e+02 1.204883754253387451e-01 -5.961500406265258789e-01 -7.937806248664855957e-01 0.000000000000000000e+00 1.000000000000000000e+00
4.813825378417968750e+02 2.278171081542968750e+02 9.950033569335937500e+01 9.940887987613677979e-02 -6.012626290321350098e-01 -7.928436398506164551e-01 0.000000000000000000e+00 1.000000000000000000e+00
4.814494018554687500e+02 2.274126892089843750e+02 9.896705627441406250e+01 7.737230509519577026e-02 -6.075759530067443848e-01 -7.904840111732482910e-01 0.000000000000000000e+00 1.000000000000000000e+00
4.815010681152343750e+02 2.270069732666015625e+02 9.843920135498046875e+01 5.388676747679710388e-02 -6.143320798873901367e-01 -7.872053980827331543e-01 0.000000000000000000e+00 1.000000000000000000e+00
4.815369262695312500e+02 2.265981750488281250e+02 9.791536712646484375e+01 2.710468135774135590e-02 -6.217594146728515625e-01 -7.827392220497131348e-01 0.000000000000000000e+00 1.000000000000000000e+00
4.815549926757812500e+02 2.261837463378906250e+02 9.739363861083984375e+01 -3.730432596057653427e-03 -6.297152042388916016e-01 -7.768170833587646484e-01 0.000000000000000000e+00 1.000000000000000000e+00
4.815524902343750000e+02 2.257613220214843750e+02 9.687253570556640625e+01 -3.807009756565093994e-02 -6.382035017013549805e-01 -7.689258456230163574e-01 0.000000000000000000e+00 1.000000000000000000e+00
4.815267028808593750e+02 2.253290252685546875e+02 9.635169219970703125e+01 -7.325370609760284424e-02 -6.464874148368835449e-01 -7.593997716903686523e-01 0.000000000000000000e+00 1.000000000000000000e+00
4.814765625000000000e+02 2.248865203857421875e+02 9.583190155029296875e+01 -1.072448715567588806e-01 -6.534542441368103027e-01 -7.493304014205932617e-01 0.000000000000000000e+00 1.000000000000000000e+00
4.814026489257812500e+02 2.244361572265625000e+02 9.531546020507812500e+01 -1.378302425146102905e-01 -6.583253741264343262e-01 -7.400071024894714355e-01 0.000000000000000000e+00 1.000000000000000000e+00
4.813076782226562500e+02 2.239825439453125000e+02 9.480556488037109375e+01 -1.631874889135360718e-01 -6.604503989219665527e-01 -7.329222559928894043e-01 0.000000000000000000e+00 1.000000000000000000e+00
4.811964416503906250e+02 2.235323486328125000e+02 9.430596923828125000e+01 -1.819386333227157593e-01 -6.602073907852172852e-01 -7.287142872810363770e-01 0.000000000000000000e+00 1.000000000000000000e+00
4.810749511718750000e+02 2.230914916992187500e+02 9.381936645507812500e+01 -1.917430758476257324e-01 -6.593776345252990723e-01 -7.269496321678161621e-01 0.000000000000000000e+00 1.000000000000000000e+00
4.809501647949218750e+02 2.226623687744140625e+02 9.334626770019531250e+01 -1.896430850028991699e-01 -6.617369055747985840e-01 -7.253548502922058105e-01 0.000000000000000000e+00 1.000000000000000000e+00
4.808294677734375000e+02 2.222412109375000000e+02 9.288462066650390625e+01 -1.725753992795944214e-01 -6.716990470886230469e-01 -7.204430103302001953e-01 0.000000000000000000e+00 1.000000000000000000e+00
4.807206115722656250e+02 2.218175201416015625e+02 9.243018341064453125e+01 -1.409299820661544800e-01 -6.911163926124572754e-01 -7.088701128959655762e-01 0.000000000000000000e+00 1.000000000000000000e+00
4.806306762695312500e+02 2.213764801025390625e+02 9.197781372070312500e+01 -9.919932484626770020e-02 -7.172731757164001465e-01 -6.896946430206298828e-01 0.000000000000000000e+00 1.000000000000000000e+00
4.805653076171875000e+02 2.209038238525390625e+02 9.152333068847656250e+01 -5.475907400250434875e-02 -7.442538142204284668e-01 -6.656484007835388184e-01 0.000000000000000000e+00 1.000000000000000000e+00
4.805275878906250000e+02 2.203911590576171875e+02 9.106481170654296875e+01 -1.510773785412311554e-02 -7.668449878692626953e-01 -6.416544914245605469e-01 0.000000000000000000e+00 1.000000000000000000e+00
4.805167236328125000e+02 2.198397064208984375e+02 9.060338592529296875e+01 1.471969205886125565e-02 -7.824938893318176270e-01 -6.224842071533203125e-01 0.000000000000000000e+00 1.000000000000000000e+00
4.805276184082031250e+02 2.192605438232421875e+02 9.014265441894531250e+01 3.362034633755683899e-02 -7.911838293075561523e-01 -6.106535792350769043e-01 0.000000000000000000e+00 1.000000000000000000e+00
4.805526733398437500e+02 2.186709289550781250e+02 8.968757629394531250e+01 4.183684289455413818e-02 -7.937760353088378906e-01 -6.067695021629333496e-01 0.000000000000000000e+00 1.000000000000000000e+00
4.805833435058593750e+02 2.180890197753906250e+02 8.924275970458984375e+01 4.087676107883453369e-02 -7.918634414672851562e-01 -6.093286275863647461e-01 0.000000000000000000e+00 1.000000000000000000e+00
4.806123046875000000e+02 2.175279846191406250e+02 8.881105041503906250e+01 3.441221266984939575e-02 -7.868700623512268066e-01 -6.161585450172424316e-01 0.000000000000000000e+00 1.000000000000000000e+00
4.806356506347656250e+02 2.169941558837890625e+02 8.839303588867187500e+01 2.728935517370700836e-02 -7.807761430740356445e-01 -6.242146492004394531e-01 0.000000000000000000e+00 1.000000000000000000e+00
4.806533813476562500e+02 2.164868621826171875e+02 8.798746490478515625e+01 2.439069375395774841e-02 -7.751469612121582031e-01 -6.313100457191467285e-01 0.000000000000000000e+00 1.000000000000000000e+00
4.806686706542968750e+02 2.160009613037109375e+02 8.759172821044921875e+01 2.968868613243103027e-02 -7.707582116127014160e-01 -6.364356279373168945e-01 0.000000000000000000e+00 1.000000000000000000e+00
4.806868286132812500e+02 2.155295562744140625e+02 8.720247650146484375e+01 4.478054121136665344e-02 -7.673158049583435059e-01 -6.397039294242858887e-01 0.000000000000000000e+00 1.000000000000000000e+00
4.807138366699218750e+02 2.150667724609375000e+02 8.681665802001953125e+01 6.817521899938583374e-02 -7.632218003273010254e-01 -6.425298452377319336e-01 0.000000000000000000e+00 1.000000000000000000e+00
4.807547607421875000e+02 2.146086273193359375e+02 8.643096160888671875e+01 9.602510929107666016e-02 -7.571113109588623047e-01 -6.461901068687438965e-01 0.000000000000000000e+00 1.000000000000000000e+00
4.808125000000000000e+02 2.141533813476562500e+02 8.604241180419921875e+01 1.230560541152954102e-01 -7.484980821609497070e-01 -6.516193151473999023e-01 0.000000000000000000e+00 1.000000000000000000e+00
4.808865966796875000e+02 2.137026824951171875e+02 8.565004730224609375e+01 1.461665183305740356e-01 -7.379390001296997070e-01 -6.588485240936279297e-01 0.000000000000000000e+00 1.000000000000000000e+00
4.809738464355468750e+02 2.132621917724609375e+02 8.525676727294921875e+01 1.624951213598251343e-01 -7.266908288002014160e-01 -6.674697995185852051e-01 0.000000000000000000e+00 1.000000000000000000e+00
4.810678405761718750e+02 2.128418426513671875e+02 8.487067413330078125e+01 1.725334078073501587e-01 -7.160362601280212402e-01 -6.764055490493774414e-01 0.000000000000000000e+00 1.000000000000000000e+00
4.811610412597656250e+02 2.124550476074218750e+02 8.450528717041015625e+01 1.776024997234344482e-01 -7.067205309867858887e-01 -6.848382949829101562e-01 0.000000000000000000e+00 1.000000000000000000e+00
4.812462463378906250e+02 2.121159973144531250e+02 8.417673492431640625e+01 1.794935166835784912e-01 -6.991943120956420898e-01 -6.920328140258789062e-01 0.000000000000000000e+00 1.000000000000000000e+00
4.813181457519531250e+02 2.118359222412109375e+02 8.389952850341796875e+01 1.794935166835784912e-01 -6.991943120956420898e-01 -6.920328140258789062e-01 0.000000000000000000e+00 1.000000000000000000e+00
