4.984986267089843750e+02 2.061335754394531250e+02 1.110793609619140625e+02 3.502135165035724640e-03 -9.978840351104736328e-01 6.492419540882110596e-02 0.000000000000000000e+00 1.000000000000000000e+00
4.984974365234375000e+02 2.064727020263671875e+02 1.110572967529296875e+02 4.143305122852325439e-03 -9.999903440475463867e-01 1.453791279345750809e-03 0.000000000000000000e+00 1.000000000000000000e+00
4.984956970214843750e+02 2.068925323486328125e+02 1.110566864013671875e+02 6.110567133873701096e-03 -9.972823262214660645e-01 -7.342129945755004883e-02 0.000000000000000000e+00 1.000000000000000000e+00
4.984927368164062500e+02 2.073756561279296875e+02 1.110922546386718750e+02 9.110321290791034698e-03 -9.875184893608093262e-01 -1.572395265102386475e-01 0.000000000000000000e+00 1.000000000000000000e+00
4.984879150390625000e+02 2.078983154296875000e+02 1.111754760742187500e+02 1.421098317950963974e-02 -9.695292711257934570e-01 -2.445633411407470703e-01 0.000000000000000000e+00 1.000000000000000000e+00
4.984800109863281250e+02 2.084375610351562500e+02 1.113115005493164062e+02 2.320955321192741394e-02 -9.443988204002380371e-01 -3.279820084571838379e-01 0.000000000000000000e+00 1.000000000000000000e+00
4.984667663574218750e+02 2.089764862060546875e+02 1.114986648559570312e+02 3.921114280819892883e-02 -9.149706363677978516e-01 -4.016107618808746338e-01 0.000000000000000000e+00 1.000000000000000000e+00
4.984440917968750000e+02 2.095055847167968750e+02 1.117309036254882812e+02 6.415081769227981567e-02 -8.837859630584716797e-01 -4.634726643562316895e-01 0.000000000000000000e+00 1.000000000000000000e+00
4.984066467285156250e+02 2.100214538574218750e+02 1.120014343261718750e+02 9.998309612274169922e-02 -8.507610559463500977e-01 -5.159546732902526855e-01 0.000000000000000000e+00 1.000000000000000000e+00
4.983476257324218750e+02 2.105236663818359375e+02 1.123060073852539062e+02 1.455251872539520264e-01 -8.136042356491088867e-01 -5.629125833511352539e-01 0.000000000000000000e+00 1.000000000000000000e+00
4.982602539062500000e+02 2.110121459960937500e+02 1.126439743041992188e+02 1.974027007818222046e-01 -7.702080011367797852e-01 -6.064749360084533691e-01 0.000000000000000000e+00 1.000000000000000000e+00
4.981388549804687500e+02 2.114858093261718750e+02 1.130169448852539062e+02 2.507992088794708252e-01 -7.201506495475769043e-01 -6.469025015830993652e-01 0.000000000000000000e+00 1.000000000000000000e+00
4.979799499511718750e+02 2.119420928955078125e+02 1.134268188476562500e+02 3.011582493782043457e-01 -6.680156588554382324e-01 -6.804842948913574219e-01 0.000000000000000000e+00 1.000000000000000000e+00
4.977827758789062500e+02 2.123794555664062500e+02 1.138723449707031250e+02 3.459644317626953125e-01 -6.208232641220092773e-01 -7.034820914268493652e-01 0.000000000000000000e+00 1.000000000000000000e+00
4.975492858886718750e+02 2.127984466552734375e+02 1.143471221923828125e+02 3.842229545116424561e-01 -5.861942768096923828e-01 -7.132663726806640625e-01 0.000000000000000000e+00 1.000000000000000000e+00
4.972840881347656250e+02 2.132030487060546875e+02 1.148394317626953125e+02 4.161632061004638672e-01 -5.721588134765625000e-01 -7.067124247550964355e-01 0.000000000000000000e+00 1.000000000000000000e+00
4.969935607910156250e+02 2.136024780273437500e+02 1.153327941894531250e+02 4.423233270645141602e-01 -5.835056900978088379e-01 -6.810808777809143066e-01 0.000000000000000000e+00 1.000000000000000000e+00
4.966847839355468750e+02 2.140098114013671875e+02 1.158082427978515625e+02 4.614032208919525146e-01 -6.208639144897460938e-01 -6.337467432022094727e-01 0.000000000000000000e+00 1.000000000000000000e+00
4.963650817871093750e+02 2.144400024414062500e+02 1.162473602294921875e+02 4.718176126480102539e-01 -6.777940392494201660e-01 -5.639001727104187012e-01 0.000000000000000000e+00 1.000000000000000000e+00
4.960406188964843750e+02 2.149061126708984375e+02 1.166351470947265625e+02 4.727489352226257324e-01 -7.420511841773986816e-01 -4.752562344074249268e-01 0.000000000000000000e+00 1.000000000000000000e+00
4.957155151367187500e+02 2.154164123535156250e+02 1.169619750976562500e+02 4.653420746326446533e-01 -8.007447123527526855e-01 -3.771798610687255859e-01 0.000000000000000000e+00 1.000000000000000000e+00
4.953919067382812500e+02 2.159732666015625000e+02 1.172242736816406250e+02 4.527654051780700684e-01 -8.461930155754089355e-01 -2.809997498989105225e-01 0.000000000000000000e+00 1.000000000000000000e+00
4.950706787109375000e+02 2.165736236572265625e+02 1.174236373901367188e+02 4.392805695533752441e-01 -8.769024610519409180e-01 -1.951273232698440552e-01 0.000000000000000000e+00 1.000000000000000000e+00
4.947514343261718750e+02 2.172109069824218750e+02 1.175654449462890625e+02 4.276256859302520752e-01 -8.955361247062683105e-01 -1.230900660157203674e-01 0.000000000000000000e+00 1.000000000000000000e+00
4.944333190917968750e+02 2.178771057128906250e+02 1.176570129394531250e+02 4.188578426837921143e-01 -9.057217240333557129e-01 -6.500905007123947144e-02 0.000000000000000000e+00 1.000000000000000000e+00
4.941155700683593750e+02 2.185641937255859375e+02 1.177063293457031250e+02 4.135228693485260010e-01 -9.103015065193176270e-01 -1.870726980268955231e-02 0.000000000000000000e+00 1.000000000000000000e+00
4.937973327636718750e+02 2.192647399902343750e+02 1.177207260131835938e+02 4.109553694725036621e-01 -9.114633202552795410e-01 1.871819980442523956e-02 0.000000000000000000e+00 1.000000000000000000e+00
4.934782409667968750e+02 2.199724578857421875e+02 1.177061920166015625e+02 4.105058312416076660e-01 -9.104734063148498535e-01 5.023166537284851074e-02 0.000000000000000000e+00 1.000000000000000000e+00
4.931582641601562500e+02 2.206821441650390625e+02 1.176670379638671875e+02 4.108333289623260498e-01 -9.083350896835327148e-01 7.837932556867599487e-02 0.000000000000000000e+00 1.000000000000000000e+00
4.928379821777343750e+02 2.213902740478515625e+02 1.176059341430664062e+02 4.106572866439819336e-01 -9.057727456092834473e-01 1.045771315693855286e-01 0.000000000000000000e+00 1.000000000000000000e+00
4.925185852050781250e+02 2.220947570800781250e+02 1.175245971679687500e+02 4.094044566154479980e-01 -9.030945897102355957e-01 1.296460628509521484e-01 0.000000000000000000e+00 1.000000000000000000e+00
4.922011413574218750e+02 2.227949981689453125e+02 1.174240722656250000e+02 4.072048366069793701e-01 -9.004133343696594238e-01 1.531014442443847656e-01 0.000000000000000000e+00 1.000000000000000000e+00
4.918862915039062500e+02 2.234911956787109375e+02 1.173056945800781250e+02 4.044995605945587158e-01 -8.978814482688903809e-01 1.737496852874755859e-01 0.000000000000000000e+00 1.000000000000000000e+00
4.915742187500000000e+02 2.241839141845703125e+02 1.171716461181640625e+02 4.023100435733795166e-01 -8.954885601997375488e-01 1.903859376907348633e-01 0.000000000000000000e+00 1.000000000000000000e+00
4.912644042968750000e+02 2.248735198974609375e+02 1.170250320434570312e+02 4.014010131359100342e-01 -8.932661414146423340e-01 2.023680359125137329e-01 0.000000000000000000e+00 1.000000000000000000e+00
4.909558715820312500e+02 2.255601196289062500e+02 1.168694839477539062e+02 4.021732509136199951e-01 -8.912571668624877930e-01 2.095647454261779785e-01 0.000000000000000000e+00 1.000000000000000000e+00
4.906475219726562500e+02 2.262434539794921875e+02 1.167088088989257812e+02 4.049820303916931152e-01 -8.893386125564575195e-01 2.122880071401596069e-01 0.000000000000000000e+00 1.000000000000000000e+00
4.903381347656250000e+02 2.269228668212890625e+02 1.165466308593750000e+02 -4.100424647331237793e-01 8.872214555740356445e-01 -2.114319056272506714e-01 0.000000000000000000e+00 1.000000000000000000e+00
4.900263061523437500e+02 2.275975799560546875e+02 1.163858413696289062e+02 -4.170567989349365234e-01 8.848132491111755371e-01 -2.077718377113342285e-01 0.000000000000000000e+00 1.000000000000000000e+00
4.897108764648437500e+02 2.282667846679687500e+02 1.162286987304687500e+02 -4.259242713451385498e-01 8.819063901901245117e-01 -2.020633816719055176e-01 0.000000000000000000e+00 1.000000000000000000e+00
4.893906555175781250e+02 2.289298248291015625e+02 1.160767822265625000e+02 -4.359951019287109375e-01 8.786066770553588867e-01 -1.948295682668685913e-01 0.000000000000000000e+00 1.000000000000000000e+00
4.890648803710937500e+02 2.295863189697265625e+02 1.159312057495117188e+02 -4.467745423316955566e-01 8.749625682830810547e-01 -1.866357922554016113e-01 0.000000000000000000e+00 1.000000000000000000e+00
4.887333068847656250e+02 2.302356719970703125e+02 1.157926940917968750e+02 -4.577013552188873291e-01 8.710996508598327637e-01 -1.780306547880172729e-01 0.000000000000000000e+00 1.000000000000000000e+00
4.883962707519531250e+02 2.308771209716796875e+02 1.156615982055664062e+02 -4.679929614067077637e-01 8.672496080398559570e-01 -1.698844134807586670e-01 0.000000000000000000e+00 1.000000000000000000e+00
4.880549926757812500e+02 2.315095520019531250e+02 1.155377120971679688e+02 -4.775501191616058350e-01 8.633533120155334473e-01 -1.629938036203384399e-01 0.000000000000000000e+00 1.000000000000000000e+00
4.877110900878906250e+02 2.321312866210937500e+02 1.154203338623046875e+02 -4.858543872833251953e-01 8.596447706222534180e-01 -1.579758077859878540e-01 0.000000000000000000e+00 1.000000000000000000e+00
4.873664245605468750e+02 2.327411193847656250e+02 1.153082656860351562e+02 -4.936151802539825439e-01 8.556943535804748535e-01 -1.553423106670379639e-01 0.000000000000000000e+00 1.000000000000000000e+00
4.870218811035156250e+02 2.333383941650390625e+02 1.151998367309570312e+02 -5.011376142501831055e-01 8.513833880424499512e-01 -1.549432873725891113e-01 0.000000000000000000e+00 1.000000000000000000e+00
4.866774291992187500e+02 2.339235839843750000e+02 1.150933380126953125e+02 -5.095661282539367676e-01 8.460155725479125977e-01 -1.568440645933151245e-01 0.000000000000000000e+00 1.000000000000000000e+00
4.863317260742187500e+02 2.344975433349609375e+02 1.149869308471679688e+02 -5.202357172966003418e-01 8.387557268142700195e-01 -1.607592403888702393e-01 0.000000000000000000e+00 1.000000000000000000e+00
4.859822692871093750e+02 2.350609588623046875e+02 1.148789443969726562e+02 -5.341608524322509766e-01 8.287163972854614258e-01 -1.670368909835815430e-01 0.000000000000000000e+00 1.000000000000000000e+00
4.856262817382812500e+02 2.356132507324218750e+02 1.147676239013671875e+02 -5.526252985000610352e-01 8.146876692771911621e-01 -1.757535785436630249e-01 0.000000000000000000e+00 1.000000000000000000e+00
4.852605895996093750e+02 2.361523590087890625e+02 1.146513214111328125e+02 -5.754167437553405762e-01 7.961022853851318359e-01 -1.873946636915206909e-01 0.000000000000000000e+00 1.000000000000000000e+00
4.848823852539062500e+02 2.366756134033203125e+02 1.145281524658203125e+02 -6.016746759414672852e-01 7.729474902153015137e-01 -2.013448774814605713e-01 0.000000000000000000e+00 1.000000000000000000e+00
4.844894714355468750e+02 2.371803741455078125e+02 1.143966674804687500e+02 -6.289159655570983887e-01 7.465795278549194336e-01 -2.169877290725708008e-01 0.000000000000000000e+00 1.000000000000000000e+00
4.840805358886718750e+02 2.376658172607421875e+02 1.142555770874023438e+02 -6.542487144470214844e-01 7.196078300476074219e-01 -2.326436936855316162e-01 0.000000000000000000e+00 1.000000000000000000e+00
4.836554565429687500e+02 2.381333618164062500e+02 1.141044235229492188e+02 -6.744631528854370117e-01 6.959616541862487793e-01 -2.464483678340911865e-01 0.000000000000000000e+00 1.000000000000000000e+00
4.832160034179687500e+02 2.385868225097656250e+02 1.139438476562500000e+02 -6.872577071189880371e-01 6.796411871910095215e-01 -2.564463913440704346e-01 0.000000000000000000e+00 1.000000000000000000e+00
4.827657775878906250e+02 2.390320587158203125e+02 1.137758483886718750e+02 -6.912983655929565430e-01 6.737971305847167969e-01 -2.609673440456390381e-01 0.000000000000000000e+00 1.000000000000000000e+00
4.823101196289062500e+02 2.394761810302734375e+02 1.136038360595703125e+02 -6.865404844284057617e-01 6.793554425239562988e-01 -2.591107785701751709e-01 0.000000000000000000e+00 1.000000000000000000e+00
4.818552246093750000e+02 2.399263153076171875e+02 1.134321517944335938e+02 -6.734712719917297363e-01 6.952856779098510742e-01 -2.510263025760650635e-01 0.000000000000000000e+00 1.000000000000000000e+00
4.814072265625000000e+02 2.403888244628906250e+02 1.132651672363281250e+02 -6.527506113052368164e-01 7.189640402793884277e-01 -2.387620806694030762e-01 0.000000000000000000e+00 1.000000000000000000e+00
4.809720458984375000e+02 2.408681488037109375e+02 1.131059875488281250e+02 -6.255583167076110840e-01 7.467896938323974609e-01 -2.257919609546661377e-01 0.000000000000000000e+00 1.000000000000000000e+00
4.805543518066406250e+02 2.413667907714843750e+02 1.129552230834960938e+02 -5.934012532234191895e-01 7.752073407173156738e-01 -2.166302204132080078e-01 0.000000000000000000e+00 1.000000000000000000e+00
4.801573181152343750e+02 2.418854675292968750e+02 1.128102798461914062e+02 -5.586153864860534668e-01 8.011062741279602051e-01 -2.148896604776382446e-01 0.000000000000000000e+00 1.000000000000000000e+00
4.797822570800781250e+02 2.424233398437500000e+02 1.126660003662109375e+02 -5.236676335334777832e-01 8.224058747291564941e-01 -2.223078906536102295e-01 0.000000000000000000e+00 1.000000000000000000e+00
4.794286804199218750e+02 2.429786224365234375e+02 1.125158996582031250e+02 -4.914395213127136230e-01 8.377993702888488770e-01 -2.378642708063125610e-01 0.000000000000000000e+00 1.000000000000000000e+00
4.790945739746093750e+02 2.435482025146484375e+02 1.123541870117187500e+02 -4.640366733074188232e-01 8.472414612770080566e-01 -2.585573196411132812e-01 0.000000000000000000e+00 1.000000000000000000e+00
4.787769470214843750e+02 2.441281280517578125e+02 1.121772079467773438e+02 -4.425952732563018799e-01 8.514299392700195312e-01 -2.813831865787506104e-01 0.000000000000000000e+00 1.000000000000000000e+00
4.784726867675781250e+02 2.447134399414062500e+02 1.119837722778320312e+02 -4.274660050868988037e-01 8.514907360076904297e-01 -3.037042319774627686e-01 0.000000000000000000e+00 1.000000000000000000e+00
4.781788940429687500e+02 2.452986602783203125e+02 1.117750396728515625e+02 -4.176111519336700439e-01 8.487570881843566895e-01 -3.243644833564758301e-01 0.000000000000000000e+00 1.000000000000000000e+00
4.778935852050781250e+02 2.458785247802734375e+02 1.115534362792968750e+02 -4.126147925853729248e-01 8.438244462013244629e-01 -3.430878520011901855e-01 0.000000000000000000e+00 1.000000000000000000e+00
4.776152648925781250e+02 2.464477081298828125e+02 1.113220138549804688e+02 -4.122686088085174561e-01 8.369107842445373535e-01 -3.600207269191741943e-01 0.000000000000000000e+00 1.000000000000000000e+00
4.773422546386718750e+02 2.470019226074218750e+02 1.110836029052734375e+02 -4.159476459026336670e-01 8.284510970115661621e-01 -3.750417232513427734e-01 0.000000000000000000e+00 1.000000000000000000e+00
4.770732116699218750e+02 2.475377807617187500e+02 1.108410186767578125e+02 -4.159476459026336670e-01 8.284510970115661621e-01 -3.750417232513427734e-01 0.000000000000000000e+00 1.000000000000000000e+00
