2.830461730957031250e+02 2.510937652587890625e+02 2.356241149902343750e+02 7.722926735877990723e-01 -6.278813481330871582e-01 9.658640623092651367e-02 0.000000000000000000e+00 1.000000000000000000e+00
2.824548034667968750e+02 2.515745544433593750e+02 2.355501556396484375e+02 7.711386680603027344e-01 -6.257458329200744629e-01 1.174191609025001526e-01 0.000000000000000000e+00 1.000000000000000000e+00
2.818861083984375000e+02 2.520360260009765625e+02 2.354635620117187500e+02 7.662320733070373535e-01 -6.248527169227600098e-01 1.498250365257263184e-01 0.000000000000000000e+00 1.000000000000000000e+00
2.813434448242187500e+02 2.524785614013671875e+02 2.353574523925781250e+02 7.579578757286071777e-01 -6.252121329307556152e-01 1.860368698835372925e-01 0.000000000000000000e+00 1.000000000000000000e+00
2.808275756835937500e+02 2.529040832519531250e+02 2.352308349609375000e+02 7.492045760154724121e-01 -6.257157325744628906e-01 2.171917259693145752e-01 0.000000000000000000e+00 1.000000000000000000e+00
2.803355407714843750e+02 2.533150177001953125e+02 2.350881958007812500e+02 7.442949414253234863e-01 -6.246889233589172363e-01 2.361967414617538452e-01 0.000000000000000000e+00 1.000000000000000000e+00
2.798609619140625000e+02 2.537133331298828125e+02 2.349375915527343750e+02 7.464160919189453125e-01 -6.207239627838134766e-01 2.399264425039291382e-01 0.000000000000000000e+00 1.000000000000000000e+00
2.793957519531250000e+02 2.541002044677734375e+02 2.347880554199218750e+02 7.566207051277160645e-01 -6.125994324684143066e-01 2.285759598016738892e-01 0.000000000000000000e+00 1.000000000000000000e+00
2.789309692382812500e+02 2.544765167236328125e+02 2.346476440429687500e+02 7.725579738616943359e-01 -6.008951067924499512e-01 2.051319479942321777e-01 0.000000000000000000e+00 1.000000000000000000e+00
2.784586486816406250e+02 2.548438873291015625e+02 2.345222320556640625e+02 7.901372909545898438e-01 -5.877071022987365723e-01 1.740215867757797241e-01 0.000000000000000000e+00 1.000000000000000000e+00
2.779722900390625000e+02 2.552056427001953125e+02 2.344151153564453125e+02 8.053913712501525879e-01 -5.759049057960510254e-01 1.402795463800430298e-01 0.000000000000000000e+00 1.000000000000000000e+00
2.774669799804687500e+02 2.555669708251953125e+02 2.343271026611328125e+02 8.157480955123901367e-01 -5.682200789451599121e-01 1.080792993307113647e-01 0.000000000000000000e+00 1.000000000000000000e+00
2.769404296875000000e+02 2.559337463378906250e+02 2.342573394775390625e+02 8.208398818969726562e-01 -5.655081272125244141e-01 8.013995736837387085e-02 0.000000000000000000e+00 1.000000000000000000e+00
2.763927917480468750e+02 2.563110351562500000e+02 2.342038726806640625e+02 8.220785856246948242e-01 -5.664084553718566895e-01 5.803637579083442688e-02 0.000000000000000000e+00 1.000000000000000000e+00
2.758265075683593750e+02 2.567012023925781250e+02 2.341638946533203125e+02 8.215795159339904785e-01 -5.686264634132385254e-01 4.087825492024421692e-02 0.000000000000000000e+00 1.000000000000000000e+00
2.752456665039062500e+02 2.571032104492187500e+02 2.341349945068359375e+02 8.212437033653259277e-01 -5.699135065078735352e-01 2.752037718892097473e-02 0.000000000000000000e+00 1.000000000000000000e+00
2.746546325683593750e+02 2.575133666992187500e+02 2.341151885986328125e+02 8.228678703308105469e-01 -5.679991841316223145e-01 1.629316993057727814e-02 0.000000000000000000e+00 1.000000000000000000e+00
2.740550842285156250e+02 2.579272155761718750e+02 2.341033172607421875e+02 8.273778557777404785e-01 -5.616155862808227539e-01 5.823393817991018295e-03 0.000000000000000000e+00 1.000000000000000000e+00
2.734458923339843750e+02 2.583407287597656250e+02 2.340990295410156250e+02 8.350194096565246582e-01 -5.501983165740966797e-01 -4.953053779900074005e-03 0.000000000000000000e+00 1.000000000000000000e+00
2.728233642578125000e+02 2.587509155273437500e+02 2.341027221679687500e+02 8.450319170951843262e-01 -5.344473719596862793e-01 -1.694097369909286499e-02 0.000000000000000000e+00 1.000000000000000000e+00
2.721840209960937500e+02 2.591552734375000000e+02 2.341155395507812500e+02 8.562783598899841309e-01 -5.156208872795104980e-01 -3.037393279373645782e-02 0.000000000000000000e+00 1.000000000000000000e+00
2.715271606445312500e+02 2.595508117675781250e+02 2.341388397216796875e+02 8.676681518554687500e-01 -4.950264394283294678e-01 -4.583504796028137207e-02 0.000000000000000000e+00 1.000000000000000000e+00
2.708564453125000000e+02 2.599334716796875000e+02 2.341742706298828125e+02 8.784785866737365723e-01 -4.736004173755645752e-01 -6.307137757539749146e-02 0.000000000000000000e+00 1.000000000000000000e+00
2.701803894042968750e+02 2.602979431152343750e+02 2.342228088378906250e+02 8.880963325500488281e-01 -4.522061944007873535e-01 -8.242858201265335083e-02 0.000000000000000000e+00 1.000000000000000000e+00
2.695093078613281250e+02 2.606396484375000000e+02 2.342850952148437500e+02 8.961073756217956543e-01 -4.315760731697082520e-01 -1.036031916737556458e-01 0.000000000000000000e+00 1.000000000000000000e+00
2.688512573242187500e+02 2.609565734863281250e+02 2.343611755371093750e+02 9.023296236991882324e-01 -4.123145639896392822e-01 -1.256894469261169434e-01 0.000000000000000000e+00 1.000000000000000000e+00
2.682094421386718750e+02 2.612498474121093750e+02 2.344505767822265625e+02 9.068204164505004883e-01 -3.951633274555206299e-01 -1.467064172029495239e-01 0.000000000000000000e+00 1.000000000000000000e+00
2.675806274414062500e+02 2.615238647460937500e+02 2.345523071289062500e+02 9.105391502380371094e-01 -3.797361552715301514e-01 -1.634591966867446899e-01 0.000000000000000000e+00 1.000000000000000000e+00
2.669561462402343750e+02 2.617843017578125000e+02 2.346644134521484375e+02 9.144803285598754883e-01 -3.655178844928741455e-01 -1.735579520463943481e-01 0.000000000000000000e+00 1.000000000000000000e+00
2.663252563476562500e+02 2.620364685058593750e+02 2.347841491699218750e+02 9.194606542587280273e-01 -3.516899049282073975e-01 -1.758015751838684082e-01 0.000000000000000000e+00 1.000000000000000000e+00
2.656784362792968750e+02 2.622838745117187500e+02 2.349078216552734375e+02 9.255260229110717773e-01 -3.374273777008056641e-01 -1.718846112489700317e-01 0.000000000000000000e+00 1.000000000000000000e+00
2.650103759765625000e+02 2.625274353027343750e+02 2.350318908691406250e+02 -9.319485425949096680e-01 3.232903778553009033e-01 1.641802340745925903e-01 0.000000000000000000e+00 1.000000000000000000e+00
2.643204040527343750e+02 2.627667846679687500e+02 2.351534423828125000e+02 -9.378619790077209473e-01 3.101148307323455811e-01 1.557040810585021973e-01 0.000000000000000000e+00 1.000000000000000000e+00
2.636122436523437500e+02 2.630009460449218750e+02 2.352710113525390625e+02 -9.423086643218994141e-01 2.995169758796691895e-01 1.494790166616439819e-01 0.000000000000000000e+00 1.000000000000000000e+00
2.628919677734375000e+02 2.632298889160156250e+02 2.353852691650390625e+02 -9.447385668754577637e-01 2.925769984722137451e-01 1.478773057460784912e-01 0.000000000000000000e+00 1.000000000000000000e+00
2.621661071777343750e+02 2.634546813964843750e+02 2.354988861083984375e+02 -9.449433088302612305e-01 2.899411618709564209e-01 1.517110764980316162e-01 0.000000000000000000e+00 1.000000000000000000e+00
2.614409484863281250e+02 2.636771850585937500e+02 2.356153106689453125e+02 -9.431304335594177246e-01 2.915195822715759277e-01 1.597540080547332764e-01 0.000000000000000000e+00 1.000000000000000000e+00
2.607210998535156250e+02 2.638996887207031250e+02 2.357372436523437500e+02 -9.401238560676574707e-01 2.956850826740264893e-01 1.695212870836257935e-01 0.000000000000000000e+00 1.000000000000000000e+00
2.600090942382812500e+02 2.641236267089843750e+02 2.358656311035156250e+02 -9.373561739921569824e-01 3.004987835884094238e-01 1.762497872114181519e-01 0.000000000000000000e+00 1.000000000000000000e+00
2.593055114746093750e+02 2.643491821289062500e+02 2.359979248046875000e+02 -9.364050030708312988e-01 3.035192787647247314e-01 1.761298030614852905e-01 0.000000000000000000e+00 1.000000000000000000e+00
2.586089782714843750e+02 2.645749511718750000e+02 2.361289367675781250e+02 -9.383199214935302734e-01 3.022578358650207520e-01 1.679164171218872070e-01 0.000000000000000000e+00 1.000000000000000000e+00
2.579172973632812500e+02 2.647977600097656250e+02 2.362527160644531250e+02 -9.427159428596496582e-01 2.956959605216979980e-01 1.544366031885147095e-01 0.000000000000000000e+00 1.000000000000000000e+00
2.572273864746093750e+02 2.650141601562500000e+02 2.363657379150390625e+02 -9.481681585311889648e-01 2.846390306949615479e-01 1.412718147039413452e-01 0.000000000000000000e+00 1.000000000000000000e+00
2.565369262695312500e+02 2.652214355468750000e+02 2.364686126708984375e+02 -9.528884887695312500e-01 2.719000875949859619e-01 1.344390213489532471e-01 0.000000000000000000e+00 1.000000000000000000e+00
2.558441009521484375e+02 2.654191284179687500e+02 2.365663604736328125e+02 -9.555025100708007812e-01 2.613852024078369141e-01 1.367216706275939941e-01 0.000000000000000000e+00 1.000000000000000000e+00
2.551476440429687500e+02 2.656096496582031250e+02 2.366660156250000000e+02 -9.556477665901184082e-01 2.554747462272644043e-01 1.465265601873397827e-01 0.000000000000000000e+00 1.000000000000000000e+00
2.544468383789062500e+02 2.657969970703125000e+02 2.367734680175781250e+02 -9.540724754333496094e-01 2.547878623008728027e-01 1.575715988874435425e-01 0.000000000000000000e+00 1.000000000000000000e+00
2.537410736083984375e+02 2.659854736328125000e+02 2.368900299072265625e+02 -9.523219466209411621e-01 2.576858997344970703e-01 1.633427888154983521e-01 0.000000000000000000e+00 1.000000000000000000e+00
2.530300903320312500e+02 2.661778564453125000e+02 2.370119781494140625e+02 -9.521253108978271484e-01 2.602611184120178223e-01 1.603793203830718994e-01 0.000000000000000000e+00 1.000000000000000000e+00
2.523144531250000000e+02 2.663734741210937500e+02 2.371325225830078125e+02 -9.544289112091064453e-01 2.584949731826782227e-01 1.491504162549972534e-01 0.000000000000000000e+00 1.000000000000000000e+00
2.515959014892578125e+02 2.665680847167968750e+02 2.372448120117187500e+02 -9.590777158737182617e-01 2.488477379083633423e-01 1.350730359554290771e-01 0.000000000000000000e+00 1.000000000000000000e+00
2.508785552978515625e+02 2.667542114257812500e+02 2.373458404541015625e+02 -9.651649594306945801e-01 2.300193458795547485e-01 1.246905475854873657e-01 0.000000000000000000e+00 1.000000000000000000e+00
2.501681213378906250e+02 2.669235229492187500e+02 2.374376220703125000e+02 -9.711816310882568359e-01 2.037137597799301147e-01 1.237213313579559326e-01 0.000000000000000000e+00 1.000000000000000000e+00
2.494713745117187500e+02 2.670696716308593750e+02 2.375263824462890625e+02 -9.752314090728759766e-01 1.750635355710983276e-01 1.351903975009918213e-01 0.000000000000000000e+00 1.000000000000000000e+00
2.487947540283203125e+02 2.671911315917968750e+02 2.376201782226562500e+02 -9.758237600326538086e-01 1.517217308282852173e-01 1.573165208101272583e-01 0.000000000000000000e+00 1.000000000000000000e+00
2.481427154541015625e+02 2.672925109863281250e+02 2.377252960205078125e+02 -9.725090265274047852e-01 1.423010379076004028e-01 1.843272894620895386e-01 0.000000000000000000e+00 1.000000000000000000e+00
2.475170288085937500e+02 2.673840637207031250e+02 2.378438873291015625e+02 -9.663348793983459473e-01 1.522462815046310425e-01 2.074079811573028564e-01 0.000000000000000000e+00 1.000000000000000000e+00
2.469155883789062500e+02 2.674788208007812500e+02 2.379729766845703125e+02 -9.589526057243347168e-01 1.801366955041885376e-01 2.189995646476745605e-01 0.000000000000000000e+00 1.000000000000000000e+00
2.463334960937500000e+02 2.675881652832031250e+02 2.381059112548828125e+02 -9.522572755813598633e-01 2.172105312347412109e-01 2.145361453294754028e-01 0.000000000000000000e+00 1.000000000000000000e+00
2.457630157470703125e+02 2.677182922363281250e+02 2.382344360351562500e+02 -9.486395120620727539e-01 2.500715851783752441e-01 1.937711536884307861e-01 0.000000000000000000e+00 1.000000000000000000e+00
2.451937866210937500e+02 2.678683471679687500e+02 2.383507080078125000e+02 -9.502217769622802734e-01 2.669459283351898193e-01 1.606812924146652222e-01 0.000000000000000000e+00 1.000000000000000000e+00
2.446123962402343750e+02 2.680316772460937500e+02 2.384490203857421875e+02 -9.502217769622802734e-01 2.669459283351898193e-01 1.606812924146652222e-01 0.000000000000000000e+00 1.000000000000000000e+00
