4.178191528320312500e+02 2.610646972656250000e+02 1.943153076171875000e+02 7.571018934249877930e-01 -2.585864365100860596e-01 -5.999414920806884766e-01 0.000000000000000000e+00 1.000000000000000000e+00
4.173337097167968750e+02 2.612304992675781250e+02 1.946999816894531250e+02 7.584604620933532715e-01 -2.595506310462951660e-01 -5.978054404258728027e-01 0.000000000000000000e+00 1.000000000000000000e+00
4.168453674316406250e+02 2.613976135253906250e+02 1.950848846435546875e+02 7.624843716621398926e-01 -2.613658607006072998e-01 -5.918660163879394531e-01 0.000000000000000000e+00 1.000000000000000000e+00
4.163468933105468750e+02 2.615684814453125000e+02 1.954718170166015625e+02 7.692366838455200195e-01 -2.612098157405853271e-01 -5.831332206726074219e-01 0.000000000000000000e+00 1.000000000000000000e+00
4.158314819335937500e+02 2.617434997558593750e+02 1.958625335693359375e+02 7.781197428703308105e-01 -2.558650076389312744e-01 -5.736399888992309570e-01 0.000000000000000000e+00 1.000000000000000000e+00
4.152944946289062500e+02 2.619200744628906250e+02 1.962584075927734375e+02 7.880327105522155762e-01 -2.423724830150604248e-01 -5.659152269363403320e-01 0.000000000000000000e+00 1.000000000000000000e+00
4.147346801757812500e+02 2.620922546386718750e+02 1.966604309082031250e+02 7.977828979492187500e-01 -2.190904915332794189e-01 -5.617312192916870117e-01 0.000000000000000000e+00 1.000000000000000000e+00
4.141540527343750000e+02 2.622517089843750000e+02 1.970692596435546875e+02 8.054451346397399902e-01 -1.863164454698562622e-01 -5.626228451728820801e-01 0.000000000000000000e+00 1.000000000000000000e+00
4.135585327148437500e+02 2.623894653320312500e+02 1.974852447509765625e+02 8.090585470199584961e-01 -1.465730220079421997e-01 -5.691577792167663574e-01 0.000000000000000000e+00 1.000000000000000000e+00
4.129554748535156250e+02 2.624987182617187500e+02 1.979094848632812500e+02 8.073049783706665039e-01 -1.043999195098876953e-01 -5.808265209197998047e-01 0.000000000000000000e+00 1.000000000000000000e+00
4.123513488769531250e+02 2.625768432617187500e+02 1.983441314697265625e+02 8.003262877464294434e-01 -6.577578932046890259e-02 -5.959457159042358398e-01 0.000000000000000000e+00 1.000000000000000000e+00
4.117505493164062500e+02 2.626262207031250000e+02 1.987915039062500000e+02 7.897807359695434570e-01 -3.588073700666427612e-02 -6.123389601707458496e-01 0.000000000000000000e+00 1.000000000000000000e+00
4.111547241210937500e+02 2.626532897949218750e+02 1.992534637451171875e+02 7.783945202827453613e-01 -1.719232462346553802e-02 -6.275399327278137207e-01 0.000000000000000000e+00 1.000000000000000000e+00
4.105633544921875000e+02 2.626663513183593750e+02 1.997302246093750000e+02 7.678448557853698730e-01 -8.296713232994079590e-03 -6.405820846557617188e-01 0.000000000000000000e+00 1.000000000000000000e+00
4.099758911132812500e+02 2.626726989746093750e+02 2.002203216552734375e+02 7.593839764595031738e-01 -5.433235783129930496e-03 -6.506201028823852539e-01 0.000000000000000000e+00 1.000000000000000000e+00
4.093915405273437500e+02 2.626768798828125000e+02 2.007209777832031250e+02 7.525448203086853027e-01 -3.634909400716423988e-03 -6.585310101509094238e-01 0.000000000000000000e+00 1.000000000000000000e+00
4.088102722167968750e+02 2.626796875000000000e+02 2.012296295166015625e+02 7.470178008079528809e-01 -6.302950205281376839e-04 -6.648036837577819824e-01 0.000000000000000000e+00 1.000000000000000000e+00
4.082315673828125000e+02 2.626801757812500000e+02 2.017446441650390625e+02 7.429338097572326660e-01 3.765264758840203285e-03 -6.693542599678039551e-01 0.000000000000000000e+00 1.000000000000000000e+00
4.076535034179687500e+02 2.626772460937500000e+02 2.022654571533203125e+02 7.410563230514526367e-01 7.163726259022951126e-03 -6.714046597480773926e-01 0.000000000000000000e+00 1.000000000000000000e+00
4.070726318359375000e+02 2.626716308593750000e+02 2.027917327880859375e+02 7.423257231712341309e-01 6.509602069854736328e-03 -6.700075268745422363e-01 0.000000000000000000e+00 1.000000000000000000e+00
4.064844970703125000e+02 2.626664733886718750e+02 2.033225708007812500e+02 7.473253607749938965e-01 4.181372642051428556e-04 -6.644581556320190430e-01 0.000000000000000000e+00 1.000000000000000000e+00
4.058845214843750000e+02 2.626661376953125000e+02 2.038560180664062500e+02 7.555289864540100098e-01 -9.585935622453689575e-03 -6.550451517105102539e-01 0.000000000000000000e+00 1.000000000000000000e+00
4.052687683105468750e+02 2.626739501953125000e+02 2.043898773193359375e+02 7.656024694442749023e-01 -1.935760490596294403e-02 -6.430227160453796387e-01 0.000000000000000000e+00 1.000000000000000000e+00
4.046351013183593750e+02 2.626899719238281250e+02 2.049220886230468750e+02 7.759827375411987305e-01 -2.417901344597339630e-02 -6.302905082702636719e-01 0.000000000000000000e+00 1.000000000000000000e+00
4.039837951660156250e+02 2.627102661132812500e+02 2.054511108398437500e+02 7.850422859191894531e-01 -2.047248184680938721e-02 -6.191036701202392578e-01 0.000000000000000000e+00 1.000000000000000000e+00
4.033179321289062500e+02 2.627276306152343750e+02 2.059762268066406250e+02 7.918717861175537109e-01 -7.731864694505929947e-03 -6.106383204460144043e-01 0.000000000000000000e+00 1.000000000000000000e+00
4.026428222656250000e+02 2.627342224121093750e+02 2.064968261718750000e+02 7.959116697311401367e-01 1.131950505077838898e-02 -6.053069829940795898e-01 0.000000000000000000e+00 1.000000000000000000e+00
4.019647521972656250e+02 2.627245788574218750e+02 2.070125122070312500e+02 7.973894476890563965e-01 3.268788009881973267e-02 -6.025790572166442871e-01 0.000000000000000000e+00 1.000000000000000000e+00
4.012902832031250000e+02 2.626969299316406250e+02 2.075222015380859375e+02 7.976899147033691406e-01 5.100421980023384094e-02 -6.009071469306945801e-01 0.000000000000000000e+00 1.000000000000000000e+00
4.006239929199218750e+02 2.626543273925781250e+02 2.080241241455078125e+02 7.983497977256774902e-01 6.190571561455726624e-02 -5.990037322044372559e-01 0.000000000000000000e+00 1.000000000000000000e+00
3.999679260253906250e+02 2.626034545898437500e+02 2.085163726806640625e+02 8.007791638374328613e-01 6.328116357326507568e-02 -5.956074595451354980e-01 0.000000000000000000e+00 1.000000000000000000e+00
3.993222351074218750e+02 2.625524291992187500e+02 2.089966278076171875e+02 8.052672743797302246e-01 5.487386882305145264e-02 -5.903671383857727051e-01 0.000000000000000000e+00 1.000000000000000000e+00
3.986858520507812500e+02 2.625090637207031250e+02 2.094631805419921875e+02 8.108868002891540527e-01 3.850854933261871338e-02 -5.839346647262573242e-01 0.000000000000000000e+00 1.000000000000000000e+00
3.980580139160156250e+02 2.624792480468750000e+02 2.099152984619140625e+02 8.157584667205810547e-01 1.757562719285488129e-02 -5.781255364418029785e-01 0.000000000000000000e+00 1.000000000000000000e+00
3.974390258789062500e+02 2.624659118652343750e+02 2.103539733886718750e+02 8.183331489562988281e-01 -4.638192709535360336e-03 -5.747254490852355957e-01 0.000000000000000000e+00 1.000000000000000000e+00
3.968305969238281250e+02 2.624693603515625000e+02 2.107812805175781250e+02 8.181942105293273926e-01 -2.388460002839565277e-02 -5.744455456733703613e-01 0.000000000000000000e+00 1.000000000000000000e+00
3.962347106933593750e+02 2.624867553710937500e+02 2.111996459960937500e+02 8.160798549652099609e-01 -3.608283400535583496e-02 -5.768117308616638184e-01 0.000000000000000000e+00 1.000000000000000000e+00
3.956528625488281250e+02 2.625124816894531250e+02 2.116109008789062500e+02 8.139513731002807617e-01 -3.796806558966636658e-02 -5.796910524368286133e-01 0.000000000000000000e+00 1.000000000000000000e+00
3.950849914550781250e+02 2.625389709472656250e+02 2.120153350830078125e+02 8.140652775764465332e-01 -2.867496572434902191e-02 -5.800650715827941895e-01 0.000000000000000000e+00 1.000000000000000000e+00
3.945287780761718750e+02 2.625585632324218750e+02 2.124116668701171875e+02 8.174365162849426270e-01 -1.146576926112174988e-02 -5.759046673774719238e-01 0.000000000000000000e+00 1.000000000000000000e+00
3.939804992675781250e+02 2.625662536621093750e+02 2.127979431152343750e+02 8.242253065109252930e-01 6.235732696950435638e-03 -5.662276148796081543e-01 0.000000000000000000e+00 1.000000000000000000e+00
3.934359436035156250e+02 2.625621337890625000e+02 2.131720428466796875e+02 8.330391645431518555e-01 1.464427169412374496e-02 -5.530201196670532227e-01 0.000000000000000000e+00 1.000000000000000000e+00
3.928925781250000000e+02 2.625525817871093750e+02 2.135327606201171875e+02 8.416192531585693359e-01 5.642722826451063156e-03 -5.400417447090148926e-01 0.000000000000000000e+00 1.000000000000000000e+00
3.923509216308593750e+02 2.625489501953125000e+02 2.138803253173828125e+02 8.469671607017517090e-01 -2.387385256588459015e-02 -5.311087965965270996e-01 0.000000000000000000e+00 1.000000000000000000e+00
3.918150024414062500e+02 2.625640563964843750e+02 2.142163848876953125e+02 8.459175825119018555e-01 -7.033328711986541748e-02 -5.286554694175720215e-01 0.000000000000000000e+00 1.000000000000000000e+00
3.912901306152343750e+02 2.626076965332031250e+02 2.145444030761718750e+02 8.365581035614013672e-01 -1.249079927802085876e-01 -5.334497094154357910e-01 0.000000000000000000e+00 1.000000000000000000e+00
3.907801818847656250e+02 2.626838378906250000e+02 2.148695831298828125e+02 8.207561373710632324e-01 -1.750509142875671387e-01 -5.437982678413391113e-01 0.000000000000000000e+00 1.000000000000000000e+00
3.902838134765625000e+02 2.627897033691406250e+02 2.151984558105468750e+02 8.033490180969238281e-01 -2.091710567474365234e-01 -5.575642585754394531e-01 0.000000000000000000e+00 1.000000000000000000e+00
3.897940063476562500e+02 2.629172363281250000e+02 2.155384063720703125e+02 7.904936671257019043e-01 -2.208273410797119141e-01 -5.712749958038330078e-01 0.000000000000000000e+00 1.000000000000000000e+00
3.892991333007812500e+02 2.630554809570312500e+02 2.158960418701171875e+02 7.847921848297119141e-01 -2.110994607210159302e-01 -5.826991200447082520e-01 0.000000000000000000e+00 1.000000000000000000e+00
3.887872314453125000e+02 2.631931762695312500e+02 2.162761230468750000e+02 7.854195237159729004e-01 -1.866285949945449829e-01 -5.901576876640319824e-01 0.000000000000000000e+00 1.000000000000000000e+00
3.882500000000000000e+02 2.633208312988281250e+02 2.166797943115234375e+02 7.889817953109741211e-01 -1.563543975353240967e-01 -5.941894054412841797e-01 0.000000000000000000e+00 1.000000000000000000e+00
3.876856079101562500e+02 2.634326782226562500e+02 2.171048431396484375e+02 7.929129004478454590e-01 -1.276354193687438965e-01 -5.958173274993896484e-01 0.000000000000000000e+00 1.000000000000000000e+00
3.870980834960937500e+02 2.635272521972656250e+02 2.175463256835937500e+02 7.962371110916137695e-01 -1.066611707210540771e-01 -5.955080986022949219e-01 0.000000000000000000e+00 1.000000000000000000e+00
3.864941406250000000e+02 2.636081542968750000e+02 2.179980163574218750e+02 7.989404201507568359e-01 -9.641493856906890869e-02 -5.936314463615417480e-01 0.000000000000000000e+00 1.000000000000000000e+00
3.858806457519531250e+02 2.636821899414062500e+02 2.184538574218750000e+02 8.016863465309143066e-01 -9.739080816507339478e-02 -5.897576808929443359e-01 0.000000000000000000e+00 1.000000000000000000e+00
3.852614135742187500e+02 2.637574157714843750e+02 2.189093933105468750e+02 8.048554658889770508e-01 -1.061910092830657959e-01 -5.838931202888488770e-01 0.000000000000000000e+00 1.000000000000000000e+00
3.846373596191406250e+02 2.638397521972656250e+02 2.193621215820312500e+02 8.082586526870727539e-01 -1.173013299703598022e-01 -5.770253539085388184e-01 0.000000000000000000e+00 1.000000000000000000e+00
3.840077819824218750e+02 2.639311218261718750e+02 2.198115844726562500e+02 8.116244673728942871e-01 -1.244277879595756531e-01 -5.707744956016540527e-01 0.000000000000000000e+00 1.000000000000000000e+00
3.833719787597656250e+02 2.640285949707031250e+02 2.202587127685546875e+02 8.144723176956176758e-01 -1.240787059068679810e-01 -5.667797327041625977e-01 0.000000000000000000e+00 1.000000000000000000e+00
3.827303466796875000e+02 2.641263427734375000e+02 2.207052154541015625e+02 8.163697719573974609e-01 -1.154048815369606018e-01 -5.658817291259765625e-01 0.000000000000000000e+00 1.000000000000000000e+00
3.820852966308593750e+02 2.642175292968750000e+02 2.211523437500000000e+02 8.172663450241088867e-01 -1.014388352632522583e-01 -5.672616958618164062e-01 0.000000000000000000e+00 1.000000000000000000e+00
3.814396362304687500e+02 2.642976684570312500e+02 2.216004943847656250e+02 8.175691962242126465e-01 -8.655611425638198853e-02 -5.692878365516662598e-01 0.000000000000000000e+00 1.000000000000000000e+00
3.807965393066406250e+02 2.643657531738281250e+02 2.220482940673828125e+02 8.180304169654846191e-01 -7.532587647438049316e-02 -5.702211856842041016e-01 0.000000000000000000e+00 1.000000000000000000e+00
3.801578979492187500e+02 2.644245605468750000e+02 2.224934692382812500e+02 8.194395899772644043e-01 -7.107544690370559692e-02 -5.687417387962341309e-01 0.000000000000000000e+00 1.000000000000000000e+00
3.795242309570312500e+02 2.644795227050781250e+02 2.229332733154296875e+02 8.221162557601928711e-01 -7.482839375734329224e-02 -5.643806457519531250e-01 0.000000000000000000e+00 1.000000000000000000e+00
3.788945617675781250e+02 2.645368347167968750e+02 2.233655395507812500e+02 8.257560729980468750e-01 -8.533307909965515137e-02 -5.575348734855651855e-01 0.000000000000000000e+00 1.000000000000000000e+00
3.782667236328125000e+02 2.646017150878906250e+02 2.237894439697265625e+02 8.295527100563049316e-01 -9.928853809833526611e-02 -5.495308041572570801e-01 0.000000000000000000e+00 1.000000000000000000e+00
3.776382141113281250e+02 2.646769409179687500e+02 2.242057952880859375e+02 8.331682682037353516e-01 -1.128717809915542603e-01 -5.413784384727478027e-01 0.000000000000000000e+00 1.000000000000000000e+00
3.770058898925781250e+02 2.647626037597656250e+02 2.246166687011718750e+02 8.363180160522460938e-01 -1.215060502290725708e-01 -5.346106290817260742e-01 0.000000000000000000e+00 1.000000000000000000e+00
3.763671264648437500e+02 2.648554077148437500e+02 2.250249938964843750e+02 8.391340374946594238e-01 -1.221464201807975769e-01 -5.300324559211730957e-01 0.000000000000000000e+00 1.000000000000000000e+00
3.757192993164062500e+02 2.649497070312500000e+02 2.254341888427734375e+02 8.417836427688598633e-01 -1.132495030760765076e-01 -5.278019905090332031e-01 0.000000000000000000e+00 1.000000000000000000e+00
3.750607910156250000e+02 2.650382995605468750e+02 2.258470764160156250e+02 8.441971540451049805e-01 -9.543164819478988647e-02 -5.274693965911865234e-01 0.000000000000000000e+00 1.000000000000000000e+00
3.743907470703125000e+02 2.651140441894531250e+02 2.262657318115234375e+02 8.460720181465148926e-01 -7.122902572154998779e-02 -5.282882452011108398e-01 0.000000000000000000e+00 1.000000000000000000e+00
3.737092590332031250e+02 2.651714172363281250e+02 2.266912536621093750e+02 8.475184440612792969e-01 -4.506011679768562317e-02 -5.288497209548950195e-01 0.000000000000000000e+00 1.000000000000000000e+00
3.730164489746093750e+02 2.652082519531250000e+02 2.271235656738281250e+02 8.485917448997497559e-01 -2.187471091747283936e-02 -5.285959839820861816e-01 0.000000000000000000e+00 1.000000000000000000e+00
3.723120422363281250e+02 2.652264099121093750e+02 2.275623474121093750e+02 8.495117425918579102e-01 -5.533454008400440216e-03 -5.275406837463378906e-01 0.000000000000000000e+00 1.000000000000000000e+00
3.715952148437500000e+02 2.652310791015625000e+02 2.280074920654296875e+02 8.506886959075927734e-01 8.536765817552804947e-04 -5.256691575050354004e-01 0.000000000000000000e+00 1.000000000000000000e+00
3.708653564453125000e+02 2.652303466796875000e+02 2.284584960937500000e+02 8.519160747528076172e-01 -2.559886313974857330e-03 -5.236720442771911621e-01 0.000000000000000000e+00 1.000000000000000000e+00
3.701239624023437500e+02 2.652325744628906250e+02 2.289142303466796875e+02 8.528358936309814453e-01 -1.475928258150815964e-02 -5.219703912734985352e-01 0.000000000000000000e+00 1.000000000000000000e+00
3.693762817382812500e+02 2.652455139160156250e+02 2.293718414306640625e+02 8.530442714691162109e-01 -3.308756649494171143e-02 -5.207884907722473145e-01 0.000000000000000000e+00 1.000000000000000000e+00
3.686311950683593750e+02 2.652744140625000000e+02 2.298267211914062500e+02 8.519881963729858398e-01 -5.502549558877944946e-02 -5.206614136695861816e-01 0.000000000000000000e+00 1.000000000000000000e+00
3.679002075195312500e+02 2.653216247558593750e+02 2.302734375000000000e+02 8.494764566421508789e-01 -7.705168426036834717e-02 -5.219700932502746582e-01 0.000000000000000000e+00 1.000000000000000000e+00
3.671936645507812500e+02 2.653857116699218750e+02 2.307075805664062500e+02 8.455619812011718750e-01 -9.537187963724136353e-02 -5.252895355224609375e-01 0.000000000000000000e+00 1.000000000000000000e+00
3.665175170898437500e+02 2.654619750976562500e+02 2.311276245117187500e+02 8.407528400421142578e-01 -1.058487445116043091e-01 -5.309714674949645996e-01 0.000000000000000000e+00 1.000000000000000000e+00
3.658715209960937500e+02 2.655433044433593750e+02 2.315355987548828125e+02 8.362975120544433594e-01 -1.048704236745834351e-01 -5.381529927253723145e-01 0.000000000000000000e+00 1.000000000000000000e+00
3.652492370605468750e+02 2.656213378906250000e+02 2.319360351562500000e+02 8.333556652069091797e-01 -9.269714355468750000e-02 -5.449088811874389648e-01 0.000000000000000000e+00 1.000000000000000000e+00
3.646401672363281250e+02 2.656890869140625000e+02 2.323342895507812500e+02 8.328118920326232910e-01 -7.232379913330078125e-02 -5.488111972808837891e-01 0.000000000000000000e+00 1.000000000000000000e+00
3.640329284667968750e+02 2.657418212890625000e+02 2.327344512939453125e+02 8.350335359573364258e-01 -4.898565262556076050e-02 -5.480140447616577148e-01 0.000000000000000000e+00 1.000000000000000000e+00
3.634175109863281250e+02 2.657779235839843750e+02 2.331383361816406250e+02 8.394009470939636230e-01 -2.711941860616207123e-02 -5.428356528282165527e-01 0.000000000000000000e+00 1.000000000000000000e+00
3.627874755859375000e+02 2.657982788085937500e+02 2.335457763671875000e+02 8.449113965034484863e-01 -8.994770236313343048e-03 -5.348306298255920410e-01 0.000000000000000000e+00 1.000000000000000000e+00
3.621396179199218750e+02 2.658051757812500000e+02 2.339558715820312500e+02 8.503867387771606445e-01 5.966941826045513153e-03 -5.261243581771850586e-01 0.000000000000000000e+00 1.000000000000000000e+00
3.614741821289062500e+02 2.658005065917968750e+02 2.343675689697265625e+02 8.547179698944091797e-01 1.856414973735809326e-02 -5.187605619430541992e-01 0.000000000000000000e+00 1.000000000000000000e+00
3.607941284179687500e+02 2.657857360839843750e+02 2.347803192138671875e+02 8.575485944747924805e-01 2.972228638827800751e-02 -5.135434865951538086e-01 0.000000000000000000e+00 1.000000000000000000e+00
3.601038208007812500e+02 2.657618103027343750e+02 2.351937103271484375e+02 8.590150475502014160e-01 3.856925666332244873e-02 -5.104954242706298828e-01 0.000000000000000000e+00 1.000000000000000000e+00
3.594091796875000000e+02 2.657306213378906250e+02 2.356065216064453125e+02 8.600748777389526367e-01 4.245646670460700989e-02 -5.083982348442077637e-01 0.000000000000000000e+00 1.000000000000000000e+00
3.587161560058593750e+02 2.656964111328125000e+02 2.360161743164062500e+02 8.617324829101562500e-01 3.744163736701011658e-02 -5.059794187545776367e-01 0.000000000000000000e+00 1.000000000000000000e+00
3.580299377441406250e+02 2.656665954589843750e+02 2.364190979003906250e+02 -8.645781874656677246e-01 -2.070237882435321808e-02 5.020717382431030273e-01 0.000000000000000000e+00 1.000000000000000000e+00
3.573544616699218750e+02 2.656504211425781250e+02 2.368113555908203125e+02 -8.682341575622558594e-01 8.794268593192100525e-03 4.960767030715942383e-01 0.000000000000000000e+00 1.000000000000000000e+00
3.566916198730468750e+02 2.656571350097656250e+02 2.371900787353515625e+02 -8.713552951812744141e-01 4.828380793333053589e-02 4.882710278034210205e-01 0.000000000000000000e+00 1.000000000000000000e+00
3.560406494140625000e+02 2.656932067871093750e+02 2.375548553466796875e+02 -8.725815415382385254e-01 9.129158407449722290e-02 4.798617660999298096e-01 0.000000000000000000e+00 1.000000000000000000e+00
3.553989257812500000e+02 2.657603454589843750e+02 2.379077606201171875e+02 -8.714499473571777344e-01 1.298570781946182251e-01 4.729821383953094482e-01 0.000000000000000000e+00 1.000000000000000000e+00
3.547622070312500000e+02 2.658552246093750000e+02 2.382533416748046875e+02 -8.688936829566955566e-01 1.574622690677642822e-01 4.692858457565307617e-01 0.000000000000000000e+00 1.000000000000000000e+00
3.541251525878906250e+02 2.659706726074218750e+02 2.385974121093750000e+02 -8.664474487304687500e-01 1.710866987705230713e-01 4.690397381782531738e-01 0.000000000000000000e+00 1.000000000000000000e+00
3.534817504882812500e+02 2.660977172851562500e+02 2.389457092285156250e+02 -8.651985526084899902e-01 1.719841957092285156e-01 4.710126817226409912e-01 0.000000000000000000e+00 1.000000000000000000e+00
3.528263549804687500e+02 2.662279968261718750e+02 2.393025054931640625e+02 -8.651881814002990723e-01 1.642657816410064697e-01 4.737785458564758301e-01 0.000000000000000000e+00 1.000000000000000000e+00
3.521551208496093750e+02 2.663554382324218750e+02 2.396700744628906250e+02 -8.660804629325866699e-01 1.535472869873046875e-01 4.757392108440399170e-01 0.000000000000000000e+00 1.000000000000000000e+00
3.514671020507812500e+02 2.664774169921875000e+02 2.400480041503906250e+02 -8.669607043266296387e-01 1.451411247253417969e-01 4.767736792564392090e-01 0.000000000000000000e+00 1.000000000000000000e+00
3.507658386230468750e+02 2.665948181152343750e+02 2.404336547851562500e+02 -8.671663999557495117e-01 1.417156159877777100e-01 4.774297177791595459e-01 0.000000000000000000e+00 1.000000000000000000e+00
3.500584716796875000e+02 2.667104187011718750e+02 2.408231048583984375e+02 -8.663970232009887695e-01 1.434802412986755371e-01 4.782987236976623535e-01 0.000000000000000000e+00 1.000000000000000000e+00
3.493537902832031250e+02 2.668271179199218750e+02 2.412121276855468750e+02 -8.646623492240905762e-01 1.475186645984649658e-01 4.802053868770599365e-01 0.000000000000000000e+00 1.000000000000000000e+00
3.486595764160156250e+02 2.669455566406250000e+02 2.415976715087890625e+02 -8.629397749900817871e-01 1.486171931028366089e-01 4.829574823379516602e-01 0.000000000000000000e+00 1.000000000000000000e+00
3.479793090820312500e+02 2.670627136230468750e+02 2.419783935546875000e+02 -8.622632026672363281e-01 1.419558078050613403e-01 4.861592054367065430e-01 0.000000000000000000e+00 1.000000000000000000e+00
3.473119812011718750e+02 2.671725769042968750e+02 2.423546447753906250e+02 -8.633940219879150391e-01 1.252888441085815430e-01 4.887264072895050049e-01 0.000000000000000000e+00 1.000000000000000000e+00
3.466526794433593750e+02 2.672682495117187500e+02 2.427278442382812500e+02 -8.660041689872741699e-01 1.006841436028480530e-01 4.897951781749725342e-01 0.000000000000000000e+00 1.000000000000000000e+00
3.459951477050781250e+02 2.673446960449218750e+02 2.430997314453125000e+02 -8.690593242645263672e-01 7.330381870269775391e-02 4.892468750476837158e-01 0.000000000000000000e+00 1.000000000000000000e+00
3.453337707519531250e+02 2.674004821777343750e+02 2.434720611572265625e+02 -8.716621994972229004e-01 4.890723899006843567e-02 4.876608550548553467e-01 0.000000000000000000e+00 1.000000000000000000e+00
3.446647644042968750e+02 2.674380187988281250e+02 2.438463439941406250e+02 -8.732280731201171875e-01 3.125552088022232056e-02 4.863083660602569580e-01 0.000000000000000000e+00 1.000000000000000000e+00
3.439869384765625000e+02 2.674622802734375000e+02 2.442238311767578125e+02 -8.739059567451477051e-01 2.119054831564426422e-02 4.856329262256622314e-01 0.000000000000000000e+00 1.000000000000000000e+00
3.433010253906250000e+02 2.674789123535156250e+02 2.446049957275390625e+02 -8.742870688438415527e-01 1.718140766024589539e-02 4.851050972938537598e-01 0.000000000000000000e+00 1.000000000000000000e+00
3.426084289550781250e+02 2.674925231933593750e+02 2.449892883300781250e+02 -8.749747872352600098e-01 1.702955551445484161e-02 4.838690161705017090e-01 0.000000000000000000e+00 1.000000000000000000e+00
3.419106750488281250e+02 2.675061035156250000e+02 2.453751525878906250e+02 -8.763672113418579102e-01 1.907966472208499908e-02 4.812654852867126465e-01 0.000000000000000000e+00 1.000000000000000000e+00
3.412098083496093750e+02 2.675213623046875000e+02 2.457600402832031250e+02 -8.784427642822265625e-01 2.143752761185169220e-02 4.773664474487304688e-01 0.000000000000000000e+00 1.000000000000000000e+00
3.405070190429687500e+02 2.675385131835937500e+02 2.461419525146484375e+02 -8.805198073387145996e-01 2.325195446610450745e-02 4.734387993812561035e-01 0.000000000000000000e+00 1.000000000000000000e+00
3.398032226562500000e+02 2.675570983886718750e+02 2.465203704833984375e+02 -8.818530440330505371e-01 2.359345369040966034e-02 4.709337353706359863e-01 0.000000000000000000e+00 1.000000000000000000e+00
3.390982971191406250e+02 2.675759582519531250e+02 2.468968200683593750e+02 -8.818047046661376953e-01 2.188714966177940369e-02 4.711066186428070068e-01 0.000000000000000000e+00 1.000000000000000000e+00
3.383913269042968750e+02 2.675935058593750000e+02 2.472745208740234375e+02 -8.803595304489135742e-01 1.866513304412364960e-02 4.739394783973693848e-01 0.000000000000000000e+00 1.000000000000000000e+00
3.376802673339843750e+02 2.676085815429687500e+02 2.476573181152343750e+02 -8.780385255813598633e-01 1.444916054606437683e-02 4.783717691898345947e-01 0.000000000000000000e+00 1.000000000000000000e+00
3.369625854492187500e+02 2.676203918457031250e+02 2.480483245849609375e+02 -8.755924105644226074e-01 1.043991092592477798e-02 4.829377830028533936e-01 0.000000000000000000e+00 1.000000000000000000e+00
3.362356872558593750e+02 2.676290588378906250e+02 2.484492492675781250e+02 -8.736479878425598145e-01 7.517427671700716019e-03 4.865004420280456543e-01 0.000000000000000000e+00 1.000000000000000000e+00
3.354979858398437500e+02 2.676354064941406250e+02 2.488600463867187500e+02 -8.722650408744812012e-01 5.725950933992862701e-03 4.889997839927673340e-01 0.000000000000000000e+00 1.000000000000000000e+00
3.347495117187500000e+02 2.676403198242187500e+02 2.492796478271484375e+02 -8.712207674980163574e-01 4.491009749472141266e-03 4.908708631992340088e-01 0.000000000000000000e+00 1.000000000000000000e+00
3.339917297363281250e+02 2.676442260742187500e+02 2.497066040039062500e+02 -8.701018095016479492e-01 3.162490203976631165e-03 4.928619265556335449e-01 0.000000000000000000e+00 1.000000000000000000e+00
3.332276611328125000e+02 2.676470031738281250e+02 2.501394042968750000e+02 -8.681973814964294434e-01 3.110332181677222252e-04 4.962189495563507080e-01 0.000000000000000000e+00 1.000000000000000000e+00
3.324609985351562500e+02 2.676472778320312500e+02 2.505775909423828125e+02 -8.652778267860412598e-01 -4.453610628843307495e-03 5.012728571891784668e-01 0.000000000000000000e+00 1.000000000000000000e+00
3.316961364746093750e+02 2.676433410644531250e+02 2.510206909179687500e+02 -8.611560463905334473e-01 -1.181707065552473068e-02 5.082033872604370117e-01 0.000000000000000000e+00 1.000000000000000000e+00
3.309377746582031250e+02 2.676329345703125000e+02 2.514682312011718750e+02 -8.558955192565917969e-01 -2.291671372950077057e-02 5.166406631469726562e-01 0.000000000000000000e+00 1.000000000000000000e+00
3.301912231445312500e+02 2.676129455566406250e+02 2.519188690185546875e+02 -8.497939109802246094e-01 -3.775517642498016357e-02 5.257613062858581543e-01 0.000000000000000000e+00 1.000000000000000000e+00
3.294624328613281250e+02 2.675805664062500000e+02 2.523697662353515625e+02 -8.431359529495239258e-01 -5.680819600820541382e-02 5.346911549568176270e-01 0.000000000000000000e+00 1.000000000000000000e+00
3.287581176757812500e+02 2.675331115722656250e+02 2.528164215087890625e+02 -8.366715908050537109e-01 -7.944115996360778809e-02 5.419130325317382812e-01 0.000000000000000000e+00 1.000000000000000000e+00
3.280844421386718750e+02 2.674691467285156250e+02 2.532527618408203125e+02 -8.310302495956420898e-01 -1.041717901825904846e-01 5.463854074478149414e-01 0.000000000000000000e+00 1.000000000000000000e+00
3.274461059570312500e+02 2.673891296386718750e+02 2.536724548339843750e+02 -8.270995020866394043e-01 -1.291424334049224854e-01 5.470179319381713867e-01 0.000000000000000000e+00 1.000000000000000000e+00
3.268450927734375000e+02 2.672952880859375000e+02 2.540699462890625000e+02 -8.254954814910888672e-01 -1.521517187356948853e-01 5.435135960578918457e-01 0.000000000000000000e+00 1.000000000000000000e+00
3.262796630859375000e+02 2.671910705566406250e+02 2.544422302246093750e+02 -8.265460729598999023e-01 -1.715642064809799194e-01 5.360850691795349121e-01 0.000000000000000000e+00 1.000000000000000000e+00
3.257449340820312500e+02 2.670800781250000000e+02 2.547890472412109375e+02 -8.295438885688781738e-01 -1.878839135169982910e-01 5.258865952491760254e-01 0.000000000000000000e+00 1.000000000000000000e+00
3.252341308593750000e+02 2.669643859863281250e+02 2.551128692626953125e+02 -8.331769704818725586e-01 -2.031010240316390991e-01 5.143597722053527832e-01 0.000000000000000000e+00 1.000000000000000000e+00
3.247396240234375000e+02 2.668438415527343750e+02 2.554181518554687500e+02 -8.360040187835693359e-01 -2.209938317537307739e-01 5.022539496421813965e-01 0.000000000000000000e+00 1.000000000000000000e+00
3.242540588378906250e+02 2.667154846191406250e+02 2.557098693847656250e+02 -8.373342752456665039e-01 -2.431652545928955078e-01 4.896343946456909180e-01 0.000000000000000000e+00 1.000000000000000000e+00
3.237706604003906250e+02 2.665751037597656250e+02 2.559925384521484375e+02 -8.373191356658935547e-01 -2.694265842437744141e-01 4.757161438465118408e-01 0.000000000000000000e+00 1.000000000000000000e+00
3.232831726074218750e+02 2.664182434082031250e+02 2.562695007324218750e+02 -8.369349241256713867e-01 -2.971543073654174805e-01 4.596075713634490967e-01 0.000000000000000000e+00 1.000000000000000000e+00
3.227861938476562500e+02 2.662417907714843750e+02 2.565424194335937500e+02 -8.374499082565307617e-01 -3.227697610855102539e-01 4.410185813903808594e-01 0.000000000000000000e+00 1.000000000000000000e+00
3.222754821777343750e+02 2.660449523925781250e+02 2.568113708496093750e+02 -8.394805192947387695e-01 -3.437001705169677734e-01 4.208831787109375000e-01 0.000000000000000000e+00 1.000000000000000000e+00
3.217487182617187500e+02 2.658292846679687500e+02 2.570754699707031250e+02 -8.433491587638854980e-01 -3.594369888305664062e-01 3.994587063789367676e-01 0.000000000000000000e+00 1.000000000000000000e+00
3.212059631347656250e+02 2.655979614257812500e+02 2.573325500488281250e+02 -8.482528924942016602e-01 -3.705562353134155273e-01 3.783583939075469971e-01 0.000000000000000000e+00 1.000000000000000000e+00
3.206485595703125000e+02 2.653544616699218750e+02 2.575811767578125000e+02 -8.538793325424194336e-01 -3.784513175487518311e-01 3.573018908500671387e-01 0.000000000000000000e+00 1.000000000000000000e+00
3.200780944824218750e+02 2.651016235351562500e+02 2.578198852539062500e+02 -8.593902587890625000e-01 -3.844225704669952393e-01 3.371464312076568604e-01 0.000000000000000000e+00 1.000000000000000000e+00
3.194956054687500000e+02 2.648410644531250000e+02 2.580484008789062500e+02 -8.644571304321289062e-01 -3.896400928497314453e-01 3.176389634609222412e-01 0.000000000000000000e+00 1.000000000000000000e+00
3.189009399414062500e+02 2.645730285644531250e+02 2.582669067382812500e+02 -8.686481118202209473e-01 -3.948202431201934814e-01 2.992781102657318115e-01 0.000000000000000000e+00 1.000000000000000000e+00
3.182933044433593750e+02 2.642968444824218750e+02 2.584762573242187500e+02 -8.721571564674377441e-01 -4.001062512397766113e-01 2.815261185169219971e-01 0.000000000000000000e+00 1.000000000000000000e+00
3.176717834472656250e+02 2.640117187500000000e+02 2.586768798828125000e+02 -8.748739361763000488e-01 -4.056771993637084961e-01 2.646158933639526367e-01 0.000000000000000000e+00 1.000000000000000000e+00
3.170358276367187500e+02 2.637168273925781250e+02 2.588692321777343750e+02 -8.771722912788391113e-01 -4.109868705272674561e-01 2.483114153146743774e-01 0.000000000000000000e+00 1.000000000000000000e+00
3.163850097656250000e+02 2.634118957519531250e+02 2.590534667968750000e+02 -8.792381286621093750e-01 -4.157240986824035645e-01 2.326233685016632080e-01 0.000000000000000000e+00 1.000000000000000000e+00
3.157191162109375000e+02 2.630970458984375000e+02 2.592296447753906250e+02 -8.810966014862060547e-01 -4.198365509510040283e-01 2.177295684814453125e-01 0.000000000000000000e+00 1.000000000000000000e+00
3.150375366210937500e+02 2.627722778320312500e+02 2.593980712890625000e+02 -8.828275799751281738e-01 -4.232724308967590332e-01 2.036077082157135010e-01 0.000000000000000000e+00 1.000000000000000000e+00
3.143395385742187500e+02 2.624376220703125000e+02 2.595590515136718750e+02 -8.844146728515625000e-01 -4.262921810150146484e-01 1.899624317884445190e-01 0.000000000000000000e+00 1.000000000000000000e+00
3.136247253417968750e+02 2.620930786132812500e+02 2.597125854492187500e+02 -8.858664631843566895e-01 -4.292735457420349121e-01 1.759681403636932373e-01 0.000000000000000000e+00 1.000000000000000000e+00
3.128934326171875000e+02 2.617387084960937500e+02 2.598578491210937500e+02 -8.871001601219177246e-01 -4.327592253684997559e-01 1.605391204357147217e-01 0.000000000000000000e+00 1.000000000000000000e+00
3.121470642089843750e+02 2.613746032714843750e+02 2.599929199218750000e+02 -8.879742026329040527e-01 -4.371318221092224121e-01 1.428899317979812622e-01 0.000000000000000000e+00 1.000000000000000000e+00
3.113880920410156250e+02 2.610009765625000000e+02 2.601150512695312500e+02 -8.885000944137573242e-01 -4.421680271625518799e-01 1.226989775896072388e-01 0.000000000000000000e+00 1.000000000000000000e+00
3.106197204589843750e+02 2.606185913085937500e+02 2.602211608886718750e+02 -8.883539438247680664e-01 -4.480640590190887451e-01 1.003285273909568787e-01 0.000000000000000000e+00 1.000000000000000000e+00
3.098455505371093750e+02 2.602281188964843750e+02 2.603085937500000000e+02 -8.874998688697814941e-01 -4.542464911937713623e-01 7.748623937368392944e-02 0.000000000000000000e+00 1.000000000000000000e+00
3.090688781738281250e+02 2.598305969238281250e+02 2.603764038085937500e+02 -8.860394358634948730e-01 -4.602237045764923096e-01 5.593032762408256531e-02 0.000000000000000000e+00 1.000000000000000000e+00
3.082924499511718750e+02 2.594273071289062500e+02 2.604254150390625000e+02 -8.843831419944763184e-01 -4.652519822120666504e-01 3.751020133495330811e-02 0.000000000000000000e+00 1.000000000000000000e+00
3.075182495117187500e+02 2.590200195312500000e+02 2.604582519531250000e+02 -8.831269145011901855e-01 -4.685615897178649902e-01 2.317120321094989777e-02 0.000000000000000000e+00 1.000000000000000000e+00
3.067471008300781250e+02 2.586108703613281250e+02 2.604784851074218750e+02 -8.830561637878417969e-01 -4.690841436386108398e-01 1.311191823333501816e-02 0.000000000000000000e+00 1.000000000000000000e+00
3.059784240722656250e+02 2.582025451660156250e+02 2.604898986816406250e+02 -8.850052952766418457e-01 -4.655315577983856201e-01 6.780438590794801712e-03 0.000000000000000000e+00 1.000000000000000000e+00
3.052096557617187500e+02 2.577981567382812500e+02 2.604957885742187500e+02 -8.895408511161804199e-01 -4.568453133106231689e-01 3.088927129283547401e-03 0.000000000000000000e+00 1.000000000000000000e+00
3.044362792968750000e+02 2.574009704589843750e+02 2.604984741210937500e+02 -8.968278765678405762e-01 -4.423778653144836426e-01 1.256061485037207603e-03 0.000000000000000000e+00 1.000000000000000000e+00
3.036518554687500000e+02 2.570140380859375000e+02 2.604995727539062500e+02 -9.065031409263610840e-01 -4.221989214420318604e-01 4.133463953621685505e-04 0.000000000000000000e+00 1.000000000000000000e+00
3.028487243652343750e+02 2.566399841308593750e+02 2.604999389648437500e+02 -9.177676439285278320e-01 -3.971178233623504639e-01 6.748539453838020563e-05 0.000000000000000000e+00 1.000000000000000000e+00
3.020186767578125000e+02 2.562808227539062500e+02 2.605000000000000000e+02 -9.296395778656005859e-01 -3.684701323509216309e-01 0.000000000000000000e+00 0.000000000000000000e+00 1.000000000000000000e+00
3.011547546386718750e+02 2.559384002685546875e+02 2.605000000000000000e+02 -9.412552714347839355e-01 -3.376958370208740234e-01 0.000000000000000000e+00 0.000000000000000000e+00 1.000000000000000000e+00
3.002528076171875000e+02 2.556148071289062500e+02 2.605000000000000000e+02 -9.518927931785583496e-01 -3.064312338829040527e-01 0.000000000000000000e+00 0.000000000000000000e+00 1.000000000000000000e+00
2.993126831054687500e+02 2.553121643066406250e+02 2.605000000000000000e+02 -9.611398577690124512e-01 -2.760618329048156738e-01 0.000000000000000000e+00 0.000000000000000000e+00 1.000000000000000000e+00
2.983391113281250000e+02 2.550325317382812500e+02 2.605000000000000000e+02 -9.687451720237731934e-01 -2.480578869581222534e-01 0.000000000000000000e+00 0.000000000000000000e+00 1.000000000000000000e+00
2.973409118652343750e+02 2.547769317626953125e+02 2.605000000000000000e+02 -9.747251272201538086e-01 -2.234076112508773804e-01 0.000000000000000000e+00 0.000000000000000000e+00 1.000000000000000000e+00
2.963299865722656250e+02 2.545452270507812500e+02 2.605000000000000000e+02 -9.791888594627380371e-01 -2.029510438442230225e-01 0.000000000000000000e+00 0.000000000000000000e+00 1.000000000000000000e+00
2.953188171386718750e+02 2.543356475830078125e+02 2.605000000000000000e+02 -9.823727011680603027e-01 -1.869328618049621582e-01 0.000000000000000000e+00 0.000000000000000000e+00 1.000000000000000000e+00
2.943196716308593750e+02 2.541455230712890625e+02 2.605000000000000000e+02 -9.845799207687377930e-01 -1.749353110790252686e-01 0.000000000000000000e+00 0.000000000000000000e+00 1.000000000000000000e+00
2.933457031250000000e+02 2.539724731445312500e+02 2.605000000000000000e+02 -9.860914945602416992e-01 -1.662033498287200928e-01 0.000000000000000000e+00 0.000000000000000000e+00 1.000000000000000000e+00
2.924127807617187500e+02 2.538152313232421875e+02 2.605000000000000000e+02 -9.871728420257568359e-01 -1.596551686525344849e-01 0.000000000000000000e+00 0.000000000000000000e+00 1.000000000000000000e+00
2.915411987304687500e+02 2.536742706298828125e+02 2.605000000000000000e+02 -9.879457950592041016e-01 -1.548004150390625000e-01 0.000000000000000000e+00 0.000000000000000000e+00 1.000000000000000000e+00
2.907551269531250000e+02 2.535511016845703125e+02 2.605000000000000000e+02 -9.885631203651428223e-01 -1.508075892925262451e-01 0.000000000000000000e+00 0.000000000000000000e+00 1.000000000000000000e+00
2.900783691406250000e+02 2.534478607177734375e+02 2.605000000000000000e+02 -9.885631203651428223e-01 -1.508075892925262451e-01 0.000000000000000000e+00 0.000000000000000000e+00 1.000000000000000000e+00
