2.115536804199218750e+02 2.770977172851562500e+02 4.402071380615234375e+01 1.620445996522903442e-01 -9.401930570602416992e-01 -2.996307909488677979e-01 0.000000000000000000e+00 1.000000000000000000e+00
2.115137481689453125e+02 2.773294067382812500e+02 4.409455108642578125e+01 1.620050072669982910e-01 -9.401974678039550781e-01 -2.996382117271423340e-01 0.000000000000000000e+00 1.000000000000000000e+00
2.114615631103515625e+02 2.776322631835937500e+02 4.419107055664062500e+01 1.620068997144699097e-01 -9.401826858520507812e-01 -2.996837198734283447e-01 0.000000000000000000e+00 1.000000000000000000e+00
2.113977813720703125e+02 2.780024108886718750e+02 4.430905532836914062e+01 1.619619727134704590e-01 -9.402055144309997559e-01 -2.996363639831542969e-01 0.000000000000000000e+00 1.000000000000000000e+00
2.113241882324218750e+02 2.784296264648437500e+02 4.444520568847656250e+01 1.620063036680221558e-01 -9.401977062225341797e-01 -2.996369302272796631e-01 0.000000000000000000e+00 1.000000000000000000e+00
2.112431335449218750e+02 2.789000244140625000e+02 4.459511947631835938e+01 1.619537621736526489e-01 -9.401932954788208008e-01 -2.996790707111358643e-01 0.000000000000000000e+00 1.000000000000000000e+00
2.111570739746093750e+02 2.793996276855468750e+02 4.475436401367187500e+01 1.620133668184280396e-01 -9.401932358741760254e-01 -2.996470928192138672e-01 0.000000000000000000e+00 1.000000000000000000e+00
2.110679168701171875e+02 2.799170227050781250e+02 4.491926193237304688e+01 1.619544476270675659e-01 -9.402067661285400391e-01 -2.996361255645751953e-01 0.000000000000000000e+00 1.000000000000000000e+00
2.109771270751953125e+02 2.804440917968750000e+02 4.508723449707031250e+01 1.619473248720169067e-01 -9.402226805686950684e-01 -2.995904088020324707e-01 0.000000000000000000e+00 1.000000000000000000e+00
2.108855438232421875e+02 2.809757995605468750e+02 4.525665664672851562e+01 1.618459522724151611e-01 -9.403400421142578125e-01 -2.992766499519348145e-01 0.000000000000000000e+00 1.000000000000000000e+00
2.107936248779296875e+02 2.815098571777343750e+02 4.542662811279296875e+01 1.615778952836990356e-01 -9.405624270439147949e-01 -2.987220287322998047e-01 0.000000000000000000e+00 1.000000000000000000e+00
2.107016754150390625e+02 2.820451049804687500e+02 4.559662246704101562e+01 1.610420197248458862e-01 -9.410231709480285645e-01 -2.975581288337707520e-01 0.000000000000000000e+00 1.000000000000000000e+00
2.106099243164062500e+02 2.825812377929687500e+02 4.576615142822265625e+01 1.600473970174789429e-01 -9.419047236442565918e-01 -2.952969372272491455e-01 0.000000000000000000e+00 1.000000000000000000e+00
2.105185089111328125e+02 2.831192321777343750e+02 4.593481826782226562e+01 1.584658473730087280e-01 -9.432896375656127930e-01 -2.917073071002960205e-01 0.000000000000000000e+00 1.000000000000000000e+00
2.104276580810546875e+02 2.836600341796875000e+02 4.610205841064453125e+01 1.561187058687210083e-01 -9.452869296073913574e-01 -2.864602208137512207e-01 0.000000000000000000e+00 1.000000000000000000e+00
2.103376464843750000e+02 2.842050476074218750e+02 4.626721954345703125e+01 1.530153006315231323e-01 -9.478753805160522461e-01 -2.794971764087677002e-01 0.000000000000000000e+00 1.000000000000000000e+00
2.102487487792968750e+02 2.847557373046875000e+02 4.642959976196289062e+01 1.493174880743026733e-01 -9.506893754005432129e-01 -2.718345820903778076e-01 0.000000000000000000e+00 1.000000000000000000e+00
2.101611633300781250e+02 2.853133850097656250e+02 4.658905029296875000e+01 1.451199203729629517e-01 -9.534247517585754395e-01 -2.644265890121459961e-01 0.000000000000000000e+00 1.000000000000000000e+00
2.100750579833984375e+02 2.858790893554687500e+02 4.674594497680664062e+01 1.404503732919692993e-01 -9.556406736373901367e-01 -2.588911950588226318e-01 0.000000000000000000e+00 1.000000000000000000e+00
2.099905395507812500e+02 2.864541625976562500e+02 4.690173721313476562e+01 1.351029872894287109e-01 -9.569026827812194824e-01 -2.570692300796508789e-01 0.000000000000000000e+00 1.000000000000000000e+00
2.099077606201171875e+02 2.870404663085937500e+02 4.705924606323242188e+01 1.285562664270401001e-01 -9.567870497703552246e-01 -2.608292996883392334e-01 0.000000000000000000e+00 1.000000000000000000e+00
2.098270111083984375e+02 2.876414489746093750e+02 4.722307968139648438e+01 1.199867203831672668e-01 -9.550164341926574707e-01 -2.711953222751617432e-01 0.000000000000000000e+00 1.000000000000000000e+00
2.097489318847656250e+02 2.882629089355468750e+02 4.739955520629882812e+01 1.090289577841758728e-01 -9.513263106346130371e-01 -2.882549464702606201e-01 0.000000000000000000e+00 1.000000000000000000e+00
2.096745147705078125e+02 2.889122314453125000e+02 4.759630203247070312e+01 9.620390087366104126e-02 -9.458225369453430176e-01 -3.101038634777069092e-01 0.000000000000000000e+00 1.000000000000000000e+00
2.096048126220703125e+02 2.895975036621093750e+02 4.782098007202148438e+01 8.297327905893325806e-02 -9.389185309410095215e-01 -3.339871466159820557e-01 0.000000000000000000e+00 1.000000000000000000e+00
2.095405731201171875e+02 2.903244323730468750e+02 4.807955932617187500e+01 7.119876891374588013e-02 -9.314526319503784180e-01 -3.568289279937744141e-01 0.000000000000000000e+00 1.000000000000000000e+00
2.094817047119140625e+02 2.910945739746093750e+02 4.837459182739257812e+01 6.259666383266448975e-02 -9.242551922798156738e-01 -3.766084611415863037e-01 0.000000000000000000e+00 1.000000000000000000e+00
2.094269104003906250e+02 2.919036254882812500e+02 4.870425796508789062e+01 5.811890587210655212e-02 -9.180482625961303711e-01 -3.921857476234436035e-01 0.000000000000000000e+00 1.000000000000000000e+00
2.093737945556640625e+02 2.927426452636718750e+02 4.906268310546875000e+01 5.770550295710563660e-02 -9.131745696067810059e-01 -4.034629166126251221e-01 0.000000000000000000e+00 1.000000000000000000e+00
2.093196411132812500e+02 2.935996093750000000e+02 4.944131088256835938e+01 6.076618283987045288e-02 -9.098529815673828125e-01 -4.104570746421813965e-01 0.000000000000000000e+00 1.000000000000000000e+00
2.092619628906250000e+02 2.944632263183593750e+02 4.983090972900390625e+01 6.603114306926727295e-02 -9.081292152404785156e-01 -4.134504795074462891e-01 0.000000000000000000e+00 1.000000000000000000e+00
2.091993103027343750e+02 2.953248901367187500e+02 5.022320556640625000e+01 7.187365740537643433e-02 -9.080994129180908203e-01 -4.125405251979827881e-01 0.000000000000000000e+00 1.000000000000000000e+00
2.091316070556640625e+02 2.961802978515625000e+02 5.061180877685546875e+01 7.684280723333358765e-02 -9.097101688385009766e-01 -4.080719351768493652e-01 0.000000000000000000e+00 1.000000000000000000e+00
2.090599517822265625e+02 2.970285949707031250e+02 5.099233245849609375e+01 7.998043298721313477e-02 -9.129530191421508789e-01 -4.001499414443969727e-01 0.000000000000000000e+00 1.000000000000000000e+00
2.089860687255859375e+02 2.978719482421875000e+02 5.136197662353515625e+01 8.075962960720062256e-02 -9.176051020622253418e-01 -3.892026841640472412e-01 0.000000000000000000e+00 1.000000000000000000e+00
2.089120025634765625e+02 2.987135009765625000e+02 5.171892166137695312e+01 7.926213741302490234e-02 -9.233654737472534180e-01 -3.756510615348815918e-01 0.000000000000000000e+00 1.000000000000000000e+00
2.088396453857421875e+02 2.995564270019531250e+02 5.206184768676757812e+01 7.595501840114593506e-02 -9.297242760658264160e-01 -3.603381216526031494e-01 0.000000000000000000e+00 1.000000000000000000e+00
2.087704772949218750e+02 3.004030761718750000e+02 5.238998794555664062e+01 7.094488292932510376e-02 -9.363852143287658691e-01 -3.437288701534271240e-01 0.000000000000000000e+00 1.000000000000000000e+00
2.087059173583984375e+02 3.012551879882812500e+02 5.270278167724609375e+01 6.467814743518829346e-02 -9.430134296417236328e-01 -3.264083862304687500e-01 0.000000000000000000e+00 1.000000000000000000e+00
2.086470489501953125e+02 3.021134948730468750e+02 5.299987030029296875e+01 5.711724236607551575e-02 -9.494861960411071777e-01 -3.085671067237854004e-01 0.000000000000000000e+00 1.000000000000000000e+00
2.085950164794921875e+02 3.029784545898437500e+02 5.328096771240234375e+01 4.832537472248077393e-02 -9.556309580802917480e-01 -2.905755639076232910e-01 0.000000000000000000e+00 1.000000000000000000e+00
2.085509490966796875e+02 3.038498840332031250e+02 5.354594039916992188e+01 3.822411969304084778e-02 -9.614502191543579102e-01 -2.723092734813690186e-01 0.000000000000000000e+00 1.000000000000000000e+00
2.085160369873046875e+02 3.047280273437500000e+02 5.379465484619140625e+01 2.666655182838439941e-02 -9.668334722518920898e-01 -2.540118396282196045e-01 0.000000000000000000e+00 1.000000000000000000e+00
2.084916381835937500e+02 3.056126403808593750e+02 5.402706527709960938e+01 1.360263675451278687e-02 -9.717310667037963867e-01 -2.356985509395599365e-01 0.000000000000000000e+00 1.000000000000000000e+00
2.084791717529296875e+02 3.065032043457031250e+02 5.424307632446289062e+01 -1.180251943878829479e-03 -9.761847257614135742e-01 -2.169377803802490234e-01 0.000000000000000000e+00 1.000000000000000000e+00
2.084802551269531250e+02 3.073992614746093750e+02 5.444220733642578125e+01 -1.810330525040626526e-02 -9.802358150482177734e-01 -1.970021575689315796e-01 0.000000000000000000e+00 1.000000000000000000e+00
2.084968872070312500e+02 3.082998352050781250e+02 5.462319946289062500e+01 -3.787982836365699768e-02 -9.838791489601135254e-01 -1.747769564390182495e-01 0.000000000000000000e+00 1.000000000000000000e+00
2.085316925048828125e+02 3.092038574218750000e+02 5.478379058837890625e+01 -6.105534732341766357e-02 -9.868897199630737305e-01 -1.494019627571105957e-01 0.000000000000000000e+00 1.000000000000000000e+00
2.085877532958984375e+02 3.101100158691406250e+02 5.492097091674804688e+01 -8.793587982654571533e-02 -9.887708425521850586e-01 -1.208285912871360779e-01 0.000000000000000000e+00 1.000000000000000000e+00
2.086683502197265625e+02 3.110162658691406250e+02 5.503171539306640625e+01 -1.173418909311294556e-01 -9.889910817146301270e-01 -9.015189856290817261e-02 0.000000000000000000e+00 1.000000000000000000e+00
2.087755889892578125e+02 3.119201049804687500e+02 5.511410522460937500e+01 -1.475289911031723022e-01 -9.872551560401916504e-01 -5.968592315912246704e-02 0.000000000000000000e+00 1.000000000000000000e+00
2.089096221923828125e+02 3.128170471191406250e+02 5.516833114624023438e+01 -1.762676835060119629e-01 -9.838243722915649414e-01 -3.192707523703575134e-02 0.000000000000000000e+00 1.000000000000000000e+00
2.090679779052734375e+02 3.137008972167968750e+02 5.519701385498046875e+01 -2.019937336444854736e-01 -9.793456792831420898e-01 -8.967780508100986481e-03 0.000000000000000000e+00 1.000000000000000000e+00
2.092459259033203125e+02 3.145636596679687500e+02 5.520491409301757812e+01 -2.239721119403839111e-01 -9.745615720748901367e-01 8.134137839078903198e-03 0.000000000000000000e+00 1.000000000000000000e+00
2.094374084472656250e+02 3.153968505859375000e+02 5.519795989990234375e+01 -2.425780594348907471e-01 -9.699409008026123047e-01 1.924788020551204681e-02 0.000000000000000000e+00 1.000000000000000000e+00
2.096367797851562500e+02 3.161940307617187500e+02 5.518214035034179688e+01 -2.592735886573791504e-01 -9.654902219772338867e-01 2.461390383541584015e-02 0.000000000000000000e+00 1.000000000000000000e+00
2.098405456542968750e+02 3.169528198242187500e+02 5.516279602050781250e+01 -2.754085063934326172e-01 -9.610136747360229492e-01 2.455388382077217102e-02 0.000000000000000000e+00 1.000000000000000000e+00
2.100480651855468750e+02 3.176769409179687500e+02 5.514429473876953125e+01 -2.909460365772247314e-01 -9.565411806106567383e-01 1.947469823062419891e-02 0.000000000000000000e+00 1.000000000000000000e+00
2.102606964111328125e+02 3.183760070800781250e+02 5.513006210327148438e+01 -3.054267764091491699e-01 -9.521619081497192383e-01 1.010688859969377518e-02 0.000000000000000000e+00 1.000000000000000000e+00
2.104811096191406250e+02 3.190631408691406250e+02 5.512276840209960938e+01 -3.169454634189605713e-01 -9.484397768974304199e-01 -2.743524964898824692e-03 0.000000000000000000e+00 1.000000000000000000e+00
2.107111511230468750e+02 3.197515258789062500e+02 5.512475967407226562e+01 -3.242241442203521729e-01 -9.458016753196716309e-01 -1.838336512446403503e-02 0.000000000000000000e+00 1.000000000000000000e+00
2.109508666992187500e+02 3.204508056640625000e+02 5.513835144042968750e+01 -3.265383243560791016e-01 -9.444815516471862793e-01 -3.643066808581352234e-02 0.000000000000000000e+00 1.000000000000000000e+00
2.111976318359375000e+02 3.211645507812500000e+02 5.516588211059570312e+01 -3.230726420879364014e-01 -9.446257352828979492e-01 -5.750085413455963135e-02 0.000000000000000000e+00 1.000000000000000000e+00
2.114459991455078125e+02 3.218907470703125000e+02 5.521008682250976562e+01 -3.120585680007934570e-01 -9.464897513389587402e-01 -8.232035487890243530e-02 0.000000000000000000e+00 1.000000000000000000e+00
2.116879119873046875e+02 3.226244812011718750e+02 5.527390289306640625e+01 -2.914550006389617920e-01 -9.501200318336486816e-01 -1.110220327973365784e-01 0.000000000000000000e+00 1.000000000000000000e+00
2.119136352539062500e+02 3.233603210449218750e+02 5.535988616943359375e+01 -2.588940858840942383e-01 -9.553886651992797852e-01 -1.421487331390380859e-01 0.000000000000000000e+00 1.000000000000000000e+00
2.121127624511718750e+02 3.240951538085937500e+02 5.546921920776367188e+01 -2.142062634229660034e-01 -9.614281058311462402e-01 -1.725450456142425537e-01 0.000000000000000000e+00 1.000000000000000000e+00
2.122761840820312500e+02 3.248286437988281250e+02 5.560085678100585938e+01 -1.608076840639114380e-01 -9.668984413146972656e-01 -1.981121748685836792e-01 0.000000000000000000e+00 1.000000000000000000e+00
2.123981323242187500e+02 3.255618896484375000e+02 5.575109481811523438e+01 -1.049399599432945251e-01 -9.709315299987792969e-01 -2.151269167661666870e-01 0.000000000000000000e+00 1.000000000000000000e+00
2.124775543212890625e+02 3.262967224121093750e+02 5.591390991210937500e+01 -5.377341434359550476e-02 -9.734779596328735352e-01 -2.223714888095855713e-01 0.000000000000000000e+00 1.000000000000000000e+00
2.125183105468750000e+02 3.270345458984375000e+02 5.608245086669921875e+01 1.274373102933168411e-02 9.751864075660705566e-01 2.210184335708618164e-01 0.000000000000000000e+00 1.000000000000000000e+00
2.125279998779296875e+02 3.277760009765625000e+02 5.625049591064453125e+01 -1.564345881342887878e-02 9.766472578048706055e-01 2.142784148454666138e-01 0.000000000000000000e+00 1.000000000000000000e+00
2.125160522460937500e+02 3.285219116210937500e+02 5.641415023803710938e+01 -3.170737996697425842e-02 9.779515862464904785e-01 2.064102888107299805e-01 0.000000000000000000e+00 1.000000000000000000e+00
2.124916534423828125e+02 3.292744445800781250e+02 5.657298278808593750e+01 -3.759599849581718445e-02 9.787504673004150391e-01 2.015786468982696533e-01 0.000000000000000000e+00 1.000000000000000000e+00
2.124623870849609375e+02 3.300363464355468750e+02 5.672990036010742188e+01 -3.595456480979919434e-02 9.785961508750915527e-01 2.026249617338180542e-01 0.000000000000000000e+00 1.000000000000000000e+00
2.124339141845703125e+02 3.308113098144531250e+02 5.689036178588867188e+01 -2.886189892888069153e-02 9.771249890327453613e-01 2.106984555721282959e-01 0.000000000000000000e+00 1.000000000000000000e+00
2.124105224609375000e+02 3.316032409667968750e+02 5.706112670898437500e+01 -1.780876517295837402e-02 9.742291569709777832e-01 2.248562574386596680e-01 0.000000000000000000e+00 1.000000000000000000e+00
2.123956756591796875e+02 3.324154357910156250e+02 5.724858474731445312e+01 -3.763725049793720245e-03 9.701178669929504395e-01 2.426049262285232544e-01 0.000000000000000000e+00 1.000000000000000000e+00
2.123924407958984375e+02 3.332492370605468750e+02 5.745709991455078125e+01 1.318653114140033722e-02 9.652057290077209473e-01 2.611589133739471436e-01 0.000000000000000000e+00 1.000000000000000000e+00
2.124040985107421875e+02 3.341025390625000000e+02 5.768798065185546875e+01 3.322405368089675903e-02 9.598998427391052246e-01 2.783675789833068848e-01 0.000000000000000000e+00 1.000000000000000000e+00
2.124341125488281250e+02 3.349696960449218750e+02 5.793945312500000000e+01 5.714379996061325073e-02 9.542897939682006836e-01 2.933693528175354004e-01 0.000000000000000000e+00 1.000000000000000000e+00
2.124863128662109375e+02 3.358414306640625000e+02 5.820744323730468750e+01 8.606792986392974854e-02 9.479858279228210449e-01 3.064558804035186768e-01 0.000000000000000000e+00 1.000000000000000000e+00
2.125647735595703125e+02 3.367056274414062500e+02 5.848681259155273438e+01 1.204103976488113403e-01 9.402363300323486328e-01 3.185232579708099365e-01 0.000000000000000000e+00 1.000000000000000000e+00
2.126730346679687500e+02 3.375509948730468750e+02 5.877319717407226562e+01 1.587648093700408936e-01 9.304033517837524414e-01 3.303685784339904785e-01 0.000000000000000000e+00 1.000000000000000000e+00
2.128128051757812500e+02 3.383700866699218750e+02 5.906404113769531250e+01 1.974599957466125488e-01 9.185026288032531738e-01 3.425821065902709961e-01 0.000000000000000000e+00 1.000000000000000000e+00
2.129828186035156250e+02 3.391609191894531250e+02 5.935900497436523438e+01 2.308046817779541016e-01 9.056311845779418945e-01 3.557546734809875488e-01 0.000000000000000000e+00 1.000000000000000000e+00
2.131778564453125000e+02 3.399262084960937500e+02 5.965962982177734375e+01 2.534468770027160645e-01 8.938020467758178711e-01 3.699764907360076904e-01 0.000000000000000000e+00 1.000000000000000000e+00
2.133893585205078125e+02 3.406720886230468750e+02 5.996837615966796875e+01 2.629320323467254639e-01 8.841965794563293457e-01 3.860869407653808594e-01 0.000000000000000000e+00 1.000000000000000000e+00
2.136069488525390625e+02 3.414038085937500000e+02 6.028788375854492188e+01 2.597047090530395508e-01 8.769332170486450195e-01 4.044027626514434814e-01 0.000000000000000000e+00 1.000000000000000000e+00
2.138201599121093750e+02 3.421237487792968750e+02 6.061988830566406250e+01 2.459554970264434814e-01 8.706651926040649414e-01 4.259670376777648926e-01 0.000000000000000000e+00 1.000000000000000000e+00
2.140200195312500000e+02 3.428312377929687500e+02 6.096602249145507812e+01 2.241243124008178711e-01 8.640909790992736816e-01 4.506829082965850830e-01 0.000000000000000000e+00 1.000000000000000000e+00
2.141998443603515625e+02 3.435245361328125000e+02 6.132762527465820312e+01 1.960678845643997192e-01 8.562421798706054688e-01 4.779191017150878906e-01 0.000000000000000000e+00 1.000000000000000000e+00
2.143549804687500000e+02 3.442020263671875000e+02 6.170577239990234375e+01 1.640009731054306030e-01 8.472114205360412598e-01 5.053083896636962891e-01 0.000000000000000000e+00 1.000000000000000000e+00
2.144831085205078125e+02 3.448639221191406250e+02 6.210055160522460938e+01 1.305155754089355469e-01 8.381347060203552246e-01 5.296186208724975586e-01 0.000000000000000000e+00 1.000000000000000000e+00
2.145839843750000000e+02 3.455117187500000000e+02 6.250989532470703125e+01 9.968056529760360718e-02 8.302847146987915039e-01 5.483531355857849121e-01 0.000000000000000000e+00 1.000000000000000000e+00
2.146600341796875000e+02 3.461451721191406250e+02 6.292825317382812500e+01 7.544854283332824707e-02 8.250972628593444824e-01 5.599304437637329102e-01 0.000000000000000000e+00 1.000000000000000000e+00
2.147164459228515625e+02 3.467620849609375000e+02 6.334690475463867188e+01 6.144921109080314636e-02 8.233393430709838867e-01 5.642130970954895020e-01 0.000000000000000000e+00 1.000000000000000000e+00
2.147609558105468750e+02 3.473584594726562500e+02 6.375558471679687500e+01 6.051265448331832886e-02 8.249201774597167969e-01 5.620008111000061035e-01 0.000000000000000000e+00 1.000000000000000000e+00
2.148028564453125000e+02 3.479296569824218750e+02 6.414472961425781250e+01 7.538059353828430176e-02 8.291400074958801270e-01 5.539356470108032227e-01 0.000000000000000000e+00 1.000000000000000000e+00
2.148522644042968750e+02 3.484731140136718750e+02 6.450780487060546875e+01 1.075978353619575500e-01 8.346341848373413086e-01 5.401928424835205078e-01 0.000000000000000000e+00 1.000000000000000000e+00
2.149189453125000000e+02 3.489903564453125000e+02 6.484257507324218750e+01 1.571692079305648804e-01 8.398334383964538574e-01 5.195938348770141602e-01 0.000000000000000000e+00 1.000000000000000000e+00
2.150120086669921875e+02 3.494876403808593750e+02 6.515023803710937500e+01 2.211690843105316162e-01 8.426922559738159180e-01 4.908707439899444580e-01 0.000000000000000000e+00 1.000000000000000000e+00
2.151398162841796875e+02 3.499746093750000000e+02 6.543389892578125000e+01 2.927634119987487793e-01 8.418294787406921387e-01 4.534454941749572754e-01 0.000000000000000000e+00 1.000000000000000000e+00
2.153097534179687500e+02 3.504632568359375000e+02 6.569710540771484375e+01 3.627282679080963135e-01 8.372572064399719238e-01 4.091803133487701416e-01 0.000000000000000000e+00 1.000000000000000000e+00
2.155270843505859375e+02 3.509649047851562500e+02 6.594226837158203125e+01 4.249702394008636475e-01 8.292812108993530273e-01 3.628953993320465088e-01 0.000000000000000000e+00 1.000000000000000000e+00
2.157945098876953125e+02 3.514867553710937500e+02 6.617063140869140625e+01 4.767071604728698730e-01 8.189855813980102539e-01 3.193947076797485352e-01 0.000000000000000000e+00 1.000000000000000000e+00
2.161109466552734375e+02 3.520303955078125000e+02 6.638264465332031250e+01 5.194621682167053223e-01 8.067318797111511230e-01 2.816786468029022217e-01 0.000000000000000000e+00 1.000000000000000000e+00
2.164724578857421875e+02 3.525918273925781250e+02 6.657867431640625000e+01 5.552595257759094238e-01 7.927690148353576660e-01 2.514041960239410400e-01 0.000000000000000000e+00 1.000000000000000000e+00
2.168733825683593750e+02 3.531642456054687500e+02 6.676020050048828125e+01 5.862551331520080566e-01 7.772178649902343750e-01 2.285547703504562378e-01 0.000000000000000000e+00 1.000000000000000000e+00
2.173083801269531250e+02 3.537409362792968750e+02 6.692978668212890625e+01 6.132937669754028320e-01 7.605887651443481445e-01 2.130150943994522095e-01 0.000000000000000000e+00 1.000000000000000000e+00
2.177740783691406250e+02 3.543184814453125000e+02 6.709153747558593750e+01 6.356205344200134277e-01 7.443917989730834961e-01 2.046155482530593872e-01 0.000000000000000000e+00 1.000000000000000000e+00
2.182685089111328125e+02 3.548975219726562500e+02 6.725070190429687500e+01 6.526365876197814941e-01 7.299896478652954102e-01 2.029299288988113403e-01 0.000000000000000000e+00 1.000000000000000000e+00
2.187895202636718750e+02 3.554802856445312500e+02 6.741270446777343750e+01 6.638168692588806152e-01 7.186565399169921875e-01 2.070746272802352905e-01 0.000000000000000000e+00 1.000000000000000000e+00
2.193329162597656250e+02 3.560685729980468750e+02 6.758221435546875000e+01 6.688740253448486328e-01 7.113564014434814453e-01 2.158227413892745972e-01 0.000000000000000000e+00 1.000000000000000000e+00
2.198910064697265625e+02 3.566621093750000000e+02 6.776229095458984375e+01 6.684756278991699219e-01 7.079662084579467773e-01 2.278688102960586548e-01 0.000000000000000000e+00 1.000000000000000000e+00
2.204535675048828125e+02 3.572579040527343750e+02 6.795405578613281250e+01 6.629443168640136719e-01 7.085289955139160156e-01 2.418501526117324829e-01 0.000000000000000000e+00 1.000000000000000000e+00
2.210092315673828125e+02 3.578517761230468750e+02 6.815676879882812500e+01 6.531759500503540039e-01 7.122899293899536133e-01 2.569126784801483154e-01 0.000000000000000000e+00 1.000000000000000000e+00
2.215480804443359375e+02 3.584393920898437500e+02 6.836871337890625000e+01 6.400216817855834961e-01 7.183831334114074707e-01 2.725765407085418701e-01 0.000000000000000000e+00 1.000000000000000000e+00
2.220627899169921875e+02 3.590171203613281250e+02 6.858792114257812500e+01 6.244868040084838867e-01 7.255139350891113281e-01 2.892158925533294678e-01 0.000000000000000000e+00 1.000000000000000000e+00
2.225490112304687500e+02 3.595820007324218750e+02 6.881310272216796875e+01 6.068334579467773438e-01 7.329372167587280273e-01 3.074996769428253174e-01 0.000000000000000000e+00 1.000000000000000000e+00
2.230048522949218750e+02 3.601325683593750000e+02 6.904409027099609375e+01 5.875700712203979492e-01 7.396703958511352539e-01 3.280993402004241943e-01 0.000000000000000000e+00 1.000000000000000000e+00
2.234300842285156250e+02 3.606678771972656250e+02 6.928153991699218750e+01 5.666748285293579102e-01 7.455994486808776855e-01 3.506582081317901611e-01 0.000000000000000000e+00 1.000000000000000000e+00
2.238256835937500000e+02 3.611883850097656250e+02 6.952633666992187500e+01 5.450282692909240723e-01 7.503138780593872070e-01 3.741299510002136230e-01 0.000000000000000000e+00 1.000000000000000000e+00
2.241941375732421875e+02 3.616956176757812500e+02 6.977925872802734375e+01 5.234318971633911133e-01 7.542036175727844238e-01 3.964796066284179688e-01 0.000000000000000000e+00 1.000000000000000000e+00
2.245387115478515625e+02 3.621921081542968750e+02 7.004026031494140625e+01 5.036888122558593750e-01 7.571535706520080566e-01 4.159519076347351074e-01 0.000000000000000000e+00 1.000000000000000000e+00
2.248636169433593750e+02 3.626805114746093750e+02 7.030857086181640625e+01 4.870935976505279541e-01 7.592590451240539551e-01 4.315848946571350098e-01 0.000000000000000000e+00 1.000000000000000000e+00
2.251731872558593750e+02 3.631630554199218750e+02 7.058286285400390625e+01 4.743533730506896973e-01 7.609044909477233887e-01 4.427338540554046631e-01 0.000000000000000000e+00 1.000000000000000000e+00
2.254718017578125000e+02 3.636420593261718750e+02 7.086157226562500000e+01 4.654476642608642578e-01 7.620406746864318848e-01 4.501692950725555420e-01 0.000000000000000000e+00 1.000000000000000000e+00
2.257630310058593750e+02 3.641188659667968750e+02 7.114324188232421875e+01 4.598187506198883057e-01 7.628816962242126465e-01 4.545087218284606934e-01 0.000000000000000000e+00 1.000000000000000000e+00
2.260497589111328125e+02 3.645945739746093750e+02 7.142665863037109375e+01 4.565016627311706543e-01 7.635002732276916504e-01 4.568081200122833252e-01 0.000000000000000000e+00 1.000000000000000000e+00
2.263338775634765625e+02 3.650697631835937500e+02 7.171096801757812500e+01 4.548359811305999756e-01 7.638751268386840820e-01 4.578417241573333740e-01 0.000000000000000000e+00 1.000000000000000000e+00
2.266167297363281250e+02 3.655447998046875000e+02 7.199568939208984375e+01 4.541449844837188721e-01 7.640670537948608398e-01 4.582070708274841309e-01 0.000000000000000000e+00 1.000000000000000000e+00
2.268990631103515625e+02 3.660198059082031250e+02 7.228054809570312500e+01 4.538373053073883057e-01 7.641766667366027832e-01 4.583292901515960693e-01 0.000000000000000000e+00 1.000000000000000000e+00
2.271811828613281250e+02 3.664948425292968750e+02 7.256546020507812500e+01 4.538230895996093750e-01 7.641785740852355957e-01 4.583402276039123535e-01 0.000000000000000000e+00 1.000000000000000000e+00
2.274632568359375000e+02 3.669698181152343750e+02 7.285034179687500000e+01 4.542362093925476074e-01 7.639806866645812988e-01 4.582607746124267578e-01 0.000000000000000000e+00 1.000000000000000000e+00
2.277456970214843750e+02 3.674448547363281250e+02 7.313528442382812500e+01 4.551956057548522949e-01 7.633355855941772461e-01 4.583839476108551025e-01 0.000000000000000000e+00 1.000000000000000000e+00
2.280289001464843750e+02 3.679197692871093750e+02 7.342047119140625000e+01 4.569314122200012207e-01 7.619851231575012207e-01 4.589033722877502441e-01 0.000000000000000000e+00 1.000000000000000000e+00
2.283135223388671875e+02 3.683944091796875000e+02 7.370632171630859375e+01 4.603248536586761475e-01 7.591167688369750977e-01 4.602637588977813721e-01 0.000000000000000000e+00 1.000000000000000000e+00
2.286008605957031250e+02 3.688682556152343750e+02 7.399362182617187500e+01 4.657348394393920898e-01 7.542302012443542480e-01 4.628474414348602295e-01 0.000000000000000000e+00 1.000000000000000000e+00
2.288925170898437500e+02 3.693405761718750000e+02 7.428347015380859375e+01 4.738667905330657959e-01 7.466271519660949707e-01 4.669027924537658691e-01 0.000000000000000000e+00 1.000000000000000000e+00
2.291905059814453125e+02 3.698100891113281250e+02 7.457707977294921875e+01 4.738667905330657959e-01 7.466271519660949707e-01 4.669027924537658691e-01 0.000000000000000000e+00 1.000000000000000000e+00
