1.942672882080078125e+02 2.720664978027343750e+02 2.085706787109375000e+02 -8.849366903305053711e-01 1.282620280981063843e-01 4.477007389068603516e-01 0.000000000000000000e+00 1.000000000000000000e+00
1.949111633300781250e+02 2.719731750488281250e+02 2.082449340820312500e+02 -9.035207033157348633e-01 1.063035503029823303e-01 4.151504039764404297e-01 0.000000000000000000e+00 1.000000000000000000e+00
1.956070861816406250e+02 2.718912963867187500e+02 2.079251708984375000e+02 -9.216639995574951172e-01 8.821972459554672241e-02 3.778262734413146973e-01 0.000000000000000000e+00 1.000000000000000000e+00
1.963461303710937500e+02 2.718205566406250000e+02 2.076222076416015625e+02 -9.395316243171691895e-01 7.289675623178482056e-02 3.346138000488281250e-01 0.000000000000000000e+00 1.000000000000000000e+00
1.971241302490234375e+02 2.717601928710937500e+02 2.073451232910156250e+02 -9.564553499221801758e-01 5.966995656490325928e-02 2.857142090797424316e-01 0.000000000000000000e+00 1.000000000000000000e+00
1.979395751953125000e+02 2.717093200683593750e+02 2.071015319824218750e+02 -9.712328910827636719e-01 4.693205654621124268e-02 2.334609180688858032e-01 0.000000000000000000e+00 1.000000000000000000e+00
1.987921600341796875e+02 2.716681213378906250e+02 2.068965911865234375e+02 -9.828399419784545898e-01 3.441391885280609131e-02 1.812218725681304932e-01 0.000000000000000000e+00 1.000000000000000000e+00
1.996802825927734375e+02 2.716370239257812500e+02 2.067328338623046875e+02 -9.908570051193237305e-01 2.189484983682632446e-02 1.331279128789901733e-01 0.000000000000000000e+00 1.000000000000000000e+00
2.006000823974609375e+02 2.716166992187500000e+02 2.066092529296875000e+02 -9.957327246665954590e-01 1.026877015829086304e-02 9.171074628829956055e-02 0.000000000000000000e+00 1.000000000000000000e+00
2.015440673828125000e+02 2.716069641113281250e+02 2.065223083496093750e+02 -9.983550310134887695e-01 3.179879568051546812e-04 5.733323097229003906e-02 0.000000000000000000e+00 1.000000000000000000e+00
2.025021972656250000e+02 2.716066589355468750e+02 2.064672851562500000e+02 -9.995625615119934082e-01 -6.486433092504739761e-03 2.885508909821510315e-02 0.000000000000000000e+00 1.000000000000000000e+00
2.034615631103515625e+02 2.716128845214843750e+02 2.064395904541015625e+02 -9.999578595161437988e-01 -8.350176736712455750e-03 3.804327687248587608e-03 0.000000000000000000e+00 1.000000000000000000e+00
2.044080963134765625e+02 2.716207885742187500e+02 2.064359893798828125e+02 -9.997873902320861816e-01 -2.881565596908330917e-03 -2.041937038302421570e-02 0.000000000000000000e+00 1.000000000000000000e+00
2.053292846679687500e+02 2.716234436035156250e+02 2.064548034667968750e+02 -9.989094734191894531e-01 1.093094330281019211e-02 -4.539091512560844421e-02 0.000000000000000000e+00 1.000000000000000000e+00
2.062161254882812500e+02 2.716137390136718750e+02 2.064951019287109375e+02 -9.968789815902709961e-01 3.399529680609703064e-02 -7.125041633844375610e-02 0.000000000000000000e+00 1.000000000000000000e+00
2.070653839111328125e+02 2.715847778320312500e+02 2.065558013916015625e+02 -9.932754039764404297e-01 6.468341499567031860e-02 -9.602084010839462280e-02 0.000000000000000000e+00 1.000000000000000000e+00
2.078803253173828125e+02 2.715317077636718750e+02 2.066345825195312500e+02 -9.882448911666870117e-01 9.965911507606506348e-02 -1.159315556287765503e-01 0.000000000000000000e+00 1.000000000000000000e+00
2.086698608398437500e+02 2.714520874023437500e+02 2.067272033691406250e+02 -9.828079938888549805e-01 1.341324746608734131e-01 -1.268737167119979858e-01 0.000000000000000000e+00 1.000000000000000000e+00
2.094466705322265625e+02 2.713460693359375000e+02 2.068274841308593750e+02 -9.784914255142211914e-01 1.634143590927124023e-01 -1.258981078863143921e-01 0.000000000000000000e+00 1.000000000000000000e+00
2.102251129150390625e+02 2.712160644531250000e+02 2.069276428222656250e+02 -9.763603806495666504e-01 1.844073534011840820e-01 -1.127580404281616211e-01 0.000000000000000000e+00 1.000000000000000000e+00
2.110187835693359375e+02 2.710661621093750000e+02 2.070193023681640625e+02 -9.761660695075988770e-01 1.975466012954711914e-01 -8.986169099807739258e-02 0.000000000000000000e+00 1.000000000000000000e+00
2.118377838134765625e+02 2.709004211425781250e+02 2.070946960449218750e+02 -9.766479730606079102e-01 2.059187889099121094e-01 -6.128744781017303467e-02 0.000000000000000000e+00 1.000000000000000000e+00
2.126864013671875000e+02 2.707214965820312500e+02 2.071479492187500000e+02 -9.762877225875854492e-01 2.141946852207183838e-01 -3.135219961404800415e-02 0.000000000000000000e+00 1.000000000000000000e+00
2.135625762939453125e+02 2.705292663574218750e+02 2.071760864257812500e+02 -9.739360213279724121e-01 2.267951965332031250e-01 -3.548338543623685837e-03 0.000000000000000000e+00 1.000000000000000000e+00
2.144588470458984375e+02 2.703205566406250000e+02 2.071793518066406250e+02 -9.689395427703857422e-01 2.465055286884307861e-01 1.977727562189102173e-02 0.000000000000000000e+00 1.000000000000000000e+00
2.153641510009765625e+02 2.700902404785156250e+02 2.071608734130859375e+02 -9.612869620323181152e-01 2.730432450771331787e-01 3.707814216613769531e-02 0.000000000000000000e+00 1.000000000000000000e+00
2.162673034667968750e+02 2.698337097167968750e+02 2.071260375976562500e+02 -9.515644311904907227e-01 3.037586212158203125e-01 4.749686270952224731e-02 0.000000000000000000e+00 1.000000000000000000e+00
2.171596374511718750e+02 2.695488586425781250e+02 2.070814971923828125e+02 -9.411133527755737305e-01 3.343129158020019531e-01 5.040420219302177429e-02 0.000000000000000000e+00 1.000000000000000000e+00
2.180359954833984375e+02 2.692375488281250000e+02 2.070345611572265625e+02 -9.313795566558837891e-01 3.611907660961151123e-01 4.553367197513580322e-02 0.000000000000000000e+00 1.000000000000000000e+00
2.188946228027343750e+02 2.689045715332031250e+02 2.069925842285156250e+02 -9.233705997467041016e-01 3.824792206287384033e-01 3.311204165220260620e-02 0.000000000000000000e+00 1.000000000000000000e+00
2.197362823486328125e+02 2.685559387207031250e+02 2.069624023437500000e+02 9.169282913208007812e-01 -3.988146185874938965e-01 -1.376331970095634460e-02 0.000000000000000000e+00 1.000000000000000000e+00
2.205627441406250000e+02 2.681964721679687500e+02 2.069499969482421875e+02 9.110209941864013672e-01 -4.122087657451629639e-01 1.116526965051889420e-02 0.000000000000000000e+00 1.000000000000000000e+00
2.213757476806640625e+02 2.678286132812500000e+02 2.069599609375000000e+02 9.042772650718688965e-01 -4.250518083572387695e-01 4.016942903399467468e-02 0.000000000000000000e+00 1.000000000000000000e+00
2.221767883300781250e+02 2.674520874023437500e+02 2.069955444335937500e+02 8.957639932632446289e-01 -4.387846589088439941e-01 7.123801857233047485e-02 0.000000000000000000e+00 1.000000000000000000e+00
2.229663238525390625e+02 2.670653381347656250e+02 2.070583343505859375e+02 8.852914571762084961e-01 -4.534318149089813232e-01 1.032405868172645569e-01 0.000000000000000000e+00 1.000000000000000000e+00
2.237440643310546875e+02 2.666669921875000000e+02 2.071490325927734375e+02 8.732265830039978027e-01 -4.681376218795776367e-01 1.353604793548583984e-01 0.000000000000000000e+00 1.000000000000000000e+00
2.245093078613281250e+02 2.662567443847656250e+02 2.072676544189453125e+02 8.603259325027465820e-01 -4.814458191394805908e-01 1.674791574478149414e-01 0.000000000000000000e+00 1.000000000000000000e+00
2.252610015869140625e+02 2.658360900878906250e+02 2.074139862060546875e+02 8.472165465354919434e-01 -4.924278557300567627e-01 1.993460953235626221e-01 0.000000000000000000e+00 1.000000000000000000e+00
2.259980163574218750e+02 2.654077148437500000e+02 2.075874023437500000e+02 8.341060876846313477e-01 -5.010600090026855469e-01 2.306640297174453735e-01 0.000000000000000000e+00 1.000000000000000000e+00
2.267194061279296875e+02 2.649743652343750000e+02 2.077868957519531250e+02 8.211157917976379395e-01 -5.080796480178833008e-01 2.600460648536682129e-01 0.000000000000000000e+00 1.000000000000000000e+00
2.274244842529296875e+02 2.645380859375000000e+02 2.080101928710937500e+02 8.079600930213928223e-01 -5.152193903923034668e-01 2.859186530113220215e-01 0.000000000000000000e+00 1.000000000000000000e+00
2.281130065917968750e+02 2.640990295410156250e+02 2.082538452148437500e+02 7.943581938743591309e-01 -5.243746042251586914e-01 3.066371381282806396e-01 0.000000000000000000e+00 1.000000000000000000e+00
2.287846374511718750e+02 2.636556701660156250e+02 2.085131072998046875e+02 7.801205515861511230e-01 -5.371262431144714355e-01 3.207917809486389160e-01 0.000000000000000000e+00 1.000000000000000000e+00
2.294392089843750000e+02 2.632049865722656250e+02 2.087822723388671875e+02 7.651540637016296387e-01 -5.543255209922790527e-01 3.275093436241149902e-01 0.000000000000000000e+00 1.000000000000000000e+00
2.300760040283203125e+02 2.627436523437500000e+02 2.090548400878906250e+02 7.494433522224426270e-01 -5.760672688484191895e-01 3.263145983219146729e-01 0.000000000000000000e+00 1.000000000000000000e+00
2.306931762695312500e+02 2.622692565917968750e+02 2.093235626220703125e+02 7.332996726036071777e-01 -6.017203927040100098e-01 3.165503740310668945e-01 0.000000000000000000e+00 1.000000000000000000e+00
2.312879333496093750e+02 2.617812194824218750e+02 2.095803070068359375e+02 7.169189453125000000e-01 -6.303945779800415039e-01 2.977077066898345947e-01 0.000000000000000000e+00 1.000000000000000000e+00
2.318564910888671875e+02 2.612812805175781250e+02 2.098164062500000000e+02 7.006139159202575684e-01 -6.607590317726135254e-01 2.693281173706054688e-01 0.000000000000000000e+00 1.000000000000000000e+00
2.323956451416015625e+02 2.607727966308593750e+02 2.100236663818359375e+02 6.848424077033996582e-01 -6.909469366073608398e-01 2.314803898334503174e-01 0.000000000000000000e+00 1.000000000000000000e+00
2.329040527343750000e+02 2.602598571777343750e+02 2.101955108642578125e+02 6.706060171127319336e-01 -7.180389761924743652e-01 1.862995922565460205e-01 0.000000000000000000e+00 1.000000000000000000e+00
2.333840484619140625e+02 2.597459106445312500e+02 2.103288574218750000e+02 6.607388257980346680e-01 -7.378853559494018555e-01 1.376566588878631592e-01 0.000000000000000000e+00 1.000000000000000000e+00
2.338434143066406250e+02 2.592329101562500000e+02 2.104245605468750000e+02 6.582141518592834473e-01 -7.471801042556762695e-01 9.206525236368179321e-02 0.000000000000000000e+00 1.000000000000000000e+00
2.342938537597656250e+02 2.587215881347656250e+02 2.104875640869140625e+02 6.665918827056884766e-01 -7.433571815490722656e-01 5.545645207166671753e-02 0.000000000000000000e+00 1.000000000000000000e+00
2.347501831054687500e+02 2.582127075195312500e+02 2.105255279541015625e+02 6.862556934356689453e-01 -7.267116904258728027e-01 3.071046620607376099e-02 0.000000000000000000e+00 1.000000000000000000e+00
2.352261810302734375e+02 2.577086486816406250e+02 2.105468292236328125e+02 7.138243317604064941e-01 -7.000985741615295410e-01 1.779581420123577118e-02 0.000000000000000000e+00 1.000000000000000000e+00
2.357292938232421875e+02 2.572152099609375000e+02 2.105593719482421875e+02 7.444000244140625000e-01 -6.675951480865478516e-01 1.361208315938711166e-02 0.000000000000000000e+00 1.000000000000000000e+00
2.362566680908203125e+02 2.567422485351562500e+02 2.105690155029296875e+02 7.734478712081909180e-01 -6.336845159530639648e-01 1.490867231041193008e-02 0.000000000000000000e+00 1.000000000000000000e+00
2.367933807373046875e+02 2.563025207519531250e+02 2.105793609619140625e+02 7.984246611595153809e-01 -6.018055081367492676e-01 1.865882426500320435e-02 0.000000000000000000e+00 1.000000000000000000e+00
2.373144226074218750e+02 2.559097900390625000e+02 2.105915374755859375e+02 8.183696866035461426e-01 -5.742199420928955078e-01 2.328982017934322357e-02 0.000000000000000000e+00 1.000000000000000000e+00
2.377905426025390625e+02 2.555757141113281250e+02 2.106050872802734375e+02 8.336408734321594238e-01 -5.516197085380554199e-01 2.754333987832069397e-02 0.000000000000000000e+00 1.000000000000000000e+00
2.381960296630859375e+02 2.553074035644531250e+02 2.106184844970703125e+02 8.336408734321594238e-01 -5.516197085380554199e-01 2.754333987832069397e-02 0.000000000000000000e+00 1.000000000000000000e+00
